52.540149 188.787756 0.000000 23.711188 20.196544 194.739711 256.000000 239.951540 66.156738 46.784796 64.000000 20.062651 56.415729 34.631129 256.000000 225.094939 39.827191 111.444409 64.000000 12.524636 38.515060 110.268564 256.000000 233.304147 107.981827 157.480871 0.000000 23.237911 107.476584 152.200029 256.000000 234.689558
115.935044 106.047860 0.000000 10.119527 114.212253 112.037613 256.000000 241.513355 29.239680 149.739835 64.000000 12.821510 33.341464 150.186856 256.000000 257.191738 59.327098 68.003565 64.000000 12.189039 62.064053 63.624916 256.000000 251.129487 15.931602 131.644269 64.000000 11.513544 13.473002 131.712433 256.000000 231.738030
77.641980 124.732633 64.000000 16.078517 79.887307 126.562555 256.000000 207.441699 156.125245 116.726785 64.000000 34.015723 153.466513 115.334644 256.000000 231.531509 75.065669 73.987202 64.000000 13.148501 76.383904 71.513509 256.000000 254.618831 44.140782 44.708616 64.000000 11.216670 46.614640 40.100553 256.000000 260.500376
62.919975 95.139313 0.000000 11.629712 66.446815 94.249202 256.000000 234.272214 77.558213 67.133800 64.000000 16.039795 75.250956 67.667193 256.000000 241.956515 13.024358 80.982916 64.000000 24.498549 12.151293 77.039136 256.000000 222.053057 94.576822 59.458844 0.000000 20.518718 95.000007 66.685713 256.000000 245.316783
42.057367 86.834884 0.000000 11.539359 45.510091 90.364731 256.000000 232.684584 50.140871 30.609815 0.000000 17.360668 53.412189 31.141480 256.000000 240.119339 12.311309 72.558504 0.000000 11.621107 13.992785 72.649478 256.000000 226.562098 18.961227 190.167156 0.000000 14.632871 33.268118 197.655020 256.000000 218.103344
63.304462 2.971869 0.000000 18.573979 63.876173 5.497211 256.000000 237.546432 105.860751 90.166991 64.000000 20.574651 103.199769 85.817289 256.000000 230.012719 81.962985 53.185318 0.000000 18.371760 81.113389 50.663324 256.000000 258.555637 81.804113 37.236589 0.000000 32.083892 72.668318 25.988891 256.000000 230.757055
41.393347 160.618440 0.000000 29.984262 44.174309 155.624511 256.000000 227.018165 84.101858 151.321804 0.000000 12.477308 84.344827 150.229436 256.000000 241.543473 30.256831 25.515425 0.000000 15.321274 25.947367 28.371718 256.000000 241.642431 18.289625 162.241207 64.000000 29.958447 49.035282 156.739616 256.000000 216.373731
138.388160 88.469353 64.000000 21.869709 137.630013 89.454436 256.000000 235.205861 8.644393 99.333869 64.000000 10.653040 10.688598 101.302244 256.000000 239.658969 84.477769 86.978847 64.000000 18.776197 85.290113 82.619273 256.000000 243.230061 21.980498 26.896685 64.000000 29.463657 20.862264 37.833138 256.000000 210.707312
31.811362 222.804000 0.000000 16.013979 34.245715 222.999044 256.000000 253.435638 53.672684 91.742720 0.000000 45.580897 48.315011 93.181129 256.000000 215.031345 45.653664 45.724671 64.000000 29.097943 48.362493 47.529960 256.000000 223.034032 1.639402 42.378987 0.000000 30.844766 17.879560 26.650825 256.000000 230.481694
87.388289 135.514242 64.000000 22.046112 84.256416 133.996405 256.000000 220.736486 166.705898 36.838571 64.000000 36.915622 166.252258 34.583029 256.000000 225.322972 152.094071 105.263680 64.000000 18.100702 151.206073 105.905960 256.000000 231.096954 93.795107 199.928233 64.000000 25.109507 83.412109 202.157756 256.000000 32.187152
155.348516 72.619209 0.000000 68.302505 155.328738 72.865965 256.000000 184.169369 184.485104 22.577491 0.000000 8.729813 246.110587 47.141845 256.000000 250.858429 19.205027 211.750049 64.000000 44.802141 15.435109 203.913884 256.000000 199.271214 148.236722 4.904602 0.000000 27.863120 142.849525 8.796605 256.000000 224.139779
27.831724 197.234445 64.000000 19.421575 29.818404 197.280695 256.000000 242.606195 187.516047 113.130964 0.000000 16.706685 188.188105 119.355173 256.000000 248.664143 109.575876 19.426349 64.000000 11.522149 108.179529 16.076033 256.000000 253.508781 79.500758 214.649080 0.000000 34.540631 78.767962 213.942140 256.000000 211.223614
65.419469 153.279822 64.000000 21.822381 68.252616 152.761847 256.000000 219.940520 173.573109 77.450638 0.000000 11.281207 186.941595 88.078853 256.000000 282.305547 49.363851 83.144456 0.000000 14.572635 57.778165 84.433376 256.000000 229.939576 138.967133 136.604111 64.000000 99.358094 145.510653 151.285293 256.000000 169.024498
100.441116 150.600907 64.000000 13.983190 99.909655 151.824033 256.000000 242.842834 103.123578 77.453435 64.000000 14.383324 101.734740 79.157969 256.000000 245.777152 115.061696 9.655413 64.000000 40.680327 128.975260 26.716680 256.000000 234.229189 74.888240 21.312807 0.000000 14.929744 71.293665 21.112869 256.000000 224.991678
96.176180 211.030749 64.000000 22.037507 95.305153 209.990640 256.000000 241.100313 73.907073 85.199971 64.000000 9.676367 83.206198 82.148160 256.000000 250.832613 0.527938 131.834005 64.000000 13.423862 15.571369 178.060720 256.000000 233.170769 156.884247 27.547645 0.000000 13.965980 158.255411 18.071980 256.000000 241.861859
162.018649 173.535336 64.000000 38.227890 159.539758 173.632935 256.000000 219.914705 94.506133 105.529787 0.000000 21.710516 94.159422 103.381629 256.000000 249.038463 99.847335 60.545264 0.000000 13.884232 99.207118 57.788867 256.000000 254.674764 63.032120 138.717289 0.000000 18.935391 54.930244 147.083993 256.000000 244.809085
74.729205 121.672260 0.000000 9.977544 84.987644 139.594825 256.000000 247.136749 19.252420 134.098738 64.000000 15.545005 8.807758 139.724531 256.000000 241.534868 169.481160 114.341538 64.000000 41.743049 162.836040 107.508276 256.000000 228.278804 55.518949 97.631336 0.000000 21.060835 16.074195 163.566962 256.000000 227.147241
103.818156 211.669955 0.000000 14.774854 107.793322 210.984502 256.000000 234.995037 68.676755 97.329518 0.000000 10.893981 80.071449 97.603189 256.000000 262.789317 120.329938 150.496065 64.000000 35.267756 110.424460 153.579725 256.000000 220.598805 84.281791 49.582184 64.000000 47.723552 73.992580 63.011451 256.000000 206.908187
149.856107 180.420089 0.000000 20.479995 147.349976 180.802047 256.000000 229.793291 98.865836 79.969220 0.000000 20.419760 102.049502 72.049715 256.000000 222.384351 174.820789 25.125349 64.000000 26.099086 172.631455 24.796078 256.000000 208.001027 64.947909 193.769133 64.000000 9.185880 64.647456 193.718556 320.000000 254.102529
167.699796 156.043395 0.000000 38.778613 165.708720 156.841102 256.000000 209.864018 86.382451 168.375585 0.000000 21.030718 87.688062 168.014135 256.000000 240.799137 31.460062 39.047487 64.000000 32.337740 31.038407 48.263547 256.000000 226.433023 111.637507 186.110545 0.000000 25.488128 114.299111 183.536233 256.000000 244.649892
22.716860 50.697636 0.000000 11.504938 25.135127 49.011104 256.000000 234.272214 84.919511 59.400660 0.000000 10.747695 93.667787 60.232098 256.000000 225.344485 47.497091 64.022865 64.000000 15.966652 49.005596 59.416231 256.000000 238.665087 81.712804 55.989925 64.000000 14.594148 86.219473 59.345944 256.000000 237.589457
79.498115 93.164222 64.000000 20.277777 80.716235 87.634195 256.000000 246.869993 70.732104 98.828684 0.000000 24.287725 62.098518 71.977811 256.000000 230.442971 44.533098 208.825487 0.000000 8.794351 47.987598 211.600984 256.000000 263.103401 180.808287 125.784229 64.000000 9.732300 182.452813 125.332305 256.000000 253.624949
78.666462 203.862282 0.000000 18.294315 73.664729 207.155945 256.000000 217.664487 142.760336 74.112133 64.000000 34.665404 80.735189 211.378449 256.000000 251.241353 72.748458 213.993187 64.000000 43.765233 68.714138 216.091451 256.000000 212.424017 70.304011 111.025769 64.000000 33.013236 42.623371 115.488373 256.000000 240.932515
66.403798 222.730384 0.000000 38.167655 54.441831 219.630693 256.000000 222.070267 73.062711 138.290604 0.000000 31.214783 73.222695 132.999991 256.000000 244.417556 159.272715 149.674216 0.000000 40.034949 136.460920 146.499356 256.000000 211.559211 44.464851 172.984720 0.000000 30.414514 48.782596 175.995935 256.000000 261.507166
65.030362 102.853178 0.000000 16.680870 65.243916 99.707951 256.000000 234.091508 3.177293 18.759402 64.000000 23.465944 9.577495 21.976011 256.000000 224.268855 27.623780 135.372816 0.000000 14.594148 31.704938 135.985402 256.000000 226.970838 185.595218 68.547236 0.000000 25.526851 182.730076 67.714244 256.000000 194.689030
197.784171 80.955765 64.000000 23.689675 196.749293 77.894807 256.000000 244.275573 88.618120 25.502664 64.000000 24.119927 85.280796 23.907898 256.000000 221.825024 38.980758 157.954495 64.000000 39.449806 39.166742 153.083765 256.000000 215.771378 93.725875 97.012562 0.000000 35.121471 49.353600 102.354915 256.000000 225.873695
53.759091 104.932195 0.000000 21.960062 44.897562 106.000480 256.000000 220.172856 94.653415 35.642247 0.000000 9.082620 123.034724 23.979405 256.000000 244.073355 47.192353 84.051324 64.000000 22.743121 42.675522 79.665087 256.000000 240.050498 136.441284 23.169393 0.000000 91.080046 130.696847 27.582215 256.000000 168.232835
58.824155 47.389135 0.000000 45.163552 48.995587 59.289236 256.000000 208.616287 66.836358 42.210073 0.000000 29.003287 70.883471 56.940798 256.000000 219.781327 42.630113 108.694565 64.000000 8.785746 40.814005 110.288055 256.000000 241.556380 37.787542 79.687278 0.000000 11.104804 40.687669 77.216804 256.000000 242.627708
76.954364 118.284642 64.000000 21.899827 71.157331 122.704824 256.000000 233.063206 137.633602 107.090860 0.000000 19.073071 137.457584 104.971020 256.000000 224.699107 118.441589 48.513993 0.000000 11.388770 118.479262 43.487067 256.000000 239.392213 115.195935 46.579553 0.000000 20.368130 115.966793 58.107180 256.000000 229.582467
101.694889 61.367400 64.000000 29.287254 96.478349 57.961256 256.000000 231.643374 101.719409 23.537553 64.000000 15.557912 100.411595 21.564780 256.000000 260.199200 44.036709 154.400795 64.000000 14.095056 42.259165 154.117025 256.000000 232.860987 48.137982 105.288596 0.000000 18.027559 44.245367 101.207942 256.000000 225.464956
90.699891 157.629104 0.000000 37.109235 86.250660 144.016720 256.000000 207.174943 71.300125 71.052638 0.000000 25.255792 67.694853 49.083547 256.000000 251.602765 51.684540 110.577536 64.000000 14.572635 54.024842 110.175095 256.000000 230.529022 26.652920 118.370676 64.000000 9.775325 22.983507 116.779675 256.000000 233.884987
13.893111 20.264813 0.000000 25.354750 5.259384 26.044336 256.000000 236.298701 21.330265 88.056145 64.000000 25.556969 28.146900 85.063984 256.000000 219.548991 48.765582 93.008555 0.000000 19.886247 85.212809 75.825755 256.000000 242.008145 141.041827 75.185195 64.000000 15.097543 140.389524 76.721962 256.000000 253.741117
