30.713104 21.143996 64.000000 24.950313 31.315673 24.876609 256.000000 239.383608 72.706282 91.703349 0.000000 21.060835 71.305342 90.104680 256.000000 236.935474 98.865836 79.969220 0.000000 20.419760 102.049502 72.049715 256.000000 222.384351 82.854584 159.863300 0.000000 37.604025 78.893164 153.371364 256.000000 224.570031
86.544967 118.230467 0.000000 21.942852 84.877275 117.538678 256.000000 246.194497 5.524511 18.213415 64.000000 10.011964 7.779247 12.352327 256.000000 268.989248 68.676755 97.329518 0.000000 10.893981 80.071449 97.603189 256.000000 262.789317 48.137982 105.288596 0.000000 18.027559 44.245367 101.207942 256.000000 225.464956
90.562525 96.541593 0.000000 33.150917 97.201045 96.559796 256.000000 229.887946 72.956655 12.436527 64.000000 23.900499 66.317969 16.953136 256.000000 241.573590 8.380000 40.071644 64.000000 10.123830 3.380902 40.818485 256.000000 248.715774 47.737896 179.992589 64.000000 26.288397 52.527415 178.588125 256.000000 236.926869
33.716545 44.753367 0.000000 8.815863 33.372135 46.024209 256.000000 247.752009 45.831289 226.182782 0.000000 49.263854 43.465255 196.948031 256.000000 205.174271 33.884593 99.436165 0.000000 9.667762 35.840022 97.529395 256.000000 248.874967 77.693225 143.632307 0.000000 8.901914 77.130242 142.372467 256.000000 256.335537
74.982891 190.637149 64.000000 64.025800 76.842840 192.736682 256.000000 186.415284 172.896900 89.484569 64.000000 13.570148 175.293160 83.119973 320.000000 234.771306 34.438675 212.674455 64.000000 10.029174 35.939467 213.739004 256.000000 239.331978 76.739367 192.612287 0.000000 29.054918 74.088898 196.664945 256.000000 231.359408
139.988422 153.281815 0.000000 10.786418 144.404969 151.643400 256.000000 244.817691 84.997438 7.137920 0.000000 37.363084 88.223882 13.056756 256.000000 220.159948 22.338982 52.499553 0.000000 16.736803 30.623811 55.126027 256.000000 224.501191 91.618011 96.077042 64.000000 41.368730 63.049875 83.136140 256.000000 195.975483
69.241518 79.585076 0.000000 17.997441 72.583980 90.443456 256.000000 229.040350 15.537536 151.938358 0.000000 12.223459 12.329438 151.787907 256.000000 233.403105 69.380018 139.367293 0.000000 18.354550 72.203704 137.328740 256.000000 248.896479 34.621905 144.374791 64.000000 12.318115 64.273525 194.261818 256.000000 267.900710
94.548553 102.447311 0.000000 9.413914 98.741955 98.423227 256.000000 251.275773 124.456796 20.712153 64.000000 13.944467 126.527349 10.190551 256.000000 243.402161 34.799767 138.618947 0.000000 22.639860 52.441535 132.254211 256.000000 232.994366 142.665589 81.746907 64.000000 14.921139 140.675096 82.010513 256.000000 233.992550
78.804971 81.486353 0.000000 13.944467 76.353407 86.730913 256.000000 236.526734 69.534375 51.584762 0.000000 70.819479 90.166595 51.595124 256.000000 171.403792 43.383265 120.411653 0.000000 11.410283 47.831362 132.017058 256.000000 261.425418 11.048927 40.141433 0.000000 14.792064 11.507427 43.371684 256.000000 241.474632
124.957071 87.539965 64.000000 42.728326 120.507084 89.963536 256.000000 221.205461 73.062711 138.290604 0.000000 31.214783 73.222695 132.999991 256.000000 244.417556 98.719675 17.192345 0.000000 9.207393 104.946087 19.220536 256.000000 243.354834 16.064929 98.631024 0.000000 26.834817 17.581584 95.331318 256.000000 216.687815
11.372622 198.468335 0.000000 15.622450 8.677087 197.582853 256.000000 236.453592 46.155164 184.400431 64.000000 9.035292 48.500418 187.267662 256.000000 249.103000 41.000551 62.106598 0.000000 40.245772 8.264296 70.235424 256.000000 202.467986 171.728115 68.792098 0.000000 28.650481 169.037522 70.539840 256.000000 214.717261
109.555258 68.136449 64.000000 15.334181 107.701353 64.161651 256.000000 236.647205 85.885245 103.005378 64.000000 15.540702 88.346680 99.598531 256.000000 245.704010 58.135338 124.021133 0.000000 21.331894 58.102900 122.507627 256.000000 230.434366 69.874396 15.963285 0.000000 18.139424 63.353415 14.466315 256.000000 231.935946
44.816851 94.994595 64.000000 33.030446 40.199949 81.098571 256.000000 218.529293 48.174678 8.846322 64.000000 63.526708 49.060993 7.247215 256.000000 181.617974 123.226035 80.912871 64.000000 20.191726 112.594496 97.330516 256.000000 253.285050 151.941876 50.780047 64.000000 21.882617 150.941267 53.180915 256.000000 243.815203
75.785991 39.740342 0.000000 47.542846 71.951884 41.619989 256.000000 202.308793 152.579013 60.908165 64.000000 35.164496 146.175858 63.428571 256.000000 220.474032 97.167262 37.518827 0.000000 27.759859 96.986453 40.940113 256.000000 227.491442 183.280155 91.539553 0.000000 48.093569 177.879705 94.317160 256.000000 208.272086
42.632949 164.737391 64.000000 46.437098 39.801280 154.872471 256.000000 220.116923 64.947909 193.769133 64.000000 9.185880 64.647456 193.718556 320.000000 254.102529 114.548991 102.580769 64.000000 33.727454 143.441762 109.170031 256.000000 192.460325 41.298895 70.664705 0.000000 12.683829 39.700147 65.054145 256.000000 259.076242
21.094405 74.985827 0.000000 14.379022 14.072387 77.396633 256.000000 233.545088 49.734855 31.232984 0.000000 24.378078 47.512440 38.642784 256.000000 216.838403 32.214858 144.679020 0.000000 9.577410 26.408335 148.205773 256.000000 240.386095 87.583602 49.363693 64.000000 15.622450 89.041685 53.979516 256.000000 236.952684
63.289105 16.359409 64.000000 26.675624 74.311955 20.541496 256.000000 222.707040 54.665365 199.867115 0.000000 23.130348 66.437465 206.156253 256.000000 227.190266 72.044024 126.393365 64.000000 16.797038 70.978047 123.051473 256.000000 238.209020 65.995273 17.603931 64.000000 34.626681 53.849513 26.514911 256.000000 201.310608
74.490836 168.381029 0.000000 12.176132 96.983411 164.893136 256.000000 207.695548 76.523345 26.221851 0.000000 26.697137 73.309115 32.687840 256.000000 227.216081 44.901253 173.872824 0.000000 28.284766 28.675076 168.090245 256.000000 235.171441 105.897573 56.397411 64.000000 11.165039 108.012365 53.540315 256.000000 240.945423
114.496018 120.833876 64.000000 16.018282 113.048436 126.113102 256.000000 232.835172 158.824398 44.124885 0.000000 29.751926 158.506927 46.618871 256.000000 233.299844 18.837535 24.747693 64.000000 10.214182 14.520191 22.318515 256.000000 241.268112 176.384225 55.683924 0.000000 13.656198 179.662362 48.764924 256.000000 238.174600
36.183893 111.894235 64.000000 25.367658 31.793655 109.080153 256.000000 226.867577 85.959205 190.306304 0.000000 9.968939 85.481605 191.337811 256.000000 238.858700 163.367113 58.669175 64.000000 29.162481 160.824184 58.805540 256.000000 214.958202 168.529113 91.601300 64.000000 13.053846 168.218013 90.800018 256.000000 251.903941
38.824896 37.357022 64.000000 9.947426 42.073756 36.990547 256.000000 246.241825 106.775605 171.766160 0.000000 48.941165 106.698498 118.872313 256.000000 206.073498 38.483122 82.871542 0.000000 14.017610 43.642791 77.601478 256.000000 230.692517 91.606991 187.165151 64.000000 33.856530 77.316733 181.319904 256.000000 233.992550
14.700300 100.951720 64.000000 14.994282 19.043924 109.312164 256.000000 243.892649 10.972191 26.816889 64.000000 22.459154 13.603804 27.367676 256.000000 222.384351 6.523698 77.110531 0.000000 23.655255 10.385933 75.120715 256.000000 239.964448 107.477842 197.815785 64.000000 44.247116 105.497600 190.272575 256.000000 203.659784
15.954905 124.190318 64.000000 17.063794 19.191171 123.168720 256.000000 243.135405 21.361878 76.456105 64.000000 12.709644 18.311453 80.054353 256.000000 257.350931 116.242722 64.678438 0.000000 27.678111 109.275975 65.386627 256.000000 218.469058 126.987675 119.396747 64.000000 17.463929 126.028576 118.636569 256.000000 248.100513
103.516240 165.912778 0.000000 9.091225 124.590447 171.270542 256.000000 247.442228 135.399129 23.478411 64.000000 44.797838 119.473100 32.817096 256.000000 221.906772 24.438327 108.965918 0.000000 10.962821 18.804429 115.202533 256.000000 249.124513 45.281204 180.934733 0.000000 30.453237 90.591564 179.525515 256.000000 210.767547
128.975316 9.342176 64.000000 32.918581 129.588589 10.907895 256.000000 236.875239 64.038195 109.951524 64.000000 18.539559 62.943036 108.487753 256.000000 249.735471 38.980758 157.954495 64.000000 39.449806 39.166742 153.083765 256.000000 215.771378 38.738609 10.988891 64.000000 14.331694 40.498031 11.968520 256.000000 229.814803
53.672684 91.742720 0.000000 45.580897 48.315011 93.181129 256.000000 215.031345 188.475942 75.457798 0.000000 16.676568 195.724895 67.573100 256.000000 249.021253 150.379762 136.279678 64.000000 35.125773 145.195724 136.252169 256.000000 224.122569 42.799125 150.224695 0.000000 16.887391 46.191645 148.552109 256.000000 234.255004
87.242880 76.875638 64.000000 19.632399 89.007936 69.747860 256.000000 215.676723 30.214258 168.062596 64.000000 19.425878 33.672060 165.910695 256.000000 231.596047 16.732105 103.885873 64.000000 12.787089 10.233678 105.868785 256.000000 257.893049 86.667785 87.552242 64.000000 15.811761 85.409189 85.295095 256.000000 241.487540
99.180745 15.923224 0.000000 15.846181 92.159591 17.977493 256.000000 242.064078 40.658213 76.527298 64.000000 8.893309 39.447316 75.319222 256.000000 257.677923 152.094071 105.263680 64.000000 18.100702 151.206073 105.905960 256.000000 231.096954 16.937427 128.392409 0.000000 12.782787 21.097769 130.025502 256.000000 251.034832
43.004689 108.808224 64.000000 28.813976 40.599342 107.416838 256.000000 225.671477 107.868685 160.927658 64.000000 40.904058 102.078180 158.922391 256.000000 225.030401 154.655360 156.803089 64.000000 28.370817 150.622560 159.133275 256.000000 200.006945 17.764127 158.310864 64.000000 76.886032 22.311607 161.081811 256.000000 177.220799
94.272764 47.003129 64.000000 12.804300 86.475536 38.093967 256.000000 253.254932 76.912062 24.338924 0.000000 14.512400 72.432998 20.887469 256.000000 238.553221 114.220584 108.074269 0.000000 10.016267 117.968395 112.939251 256.000000 234.538970 16.284620 71.552735 64.000000 30.289741 19.257740 70.593173 256.000000 225.400418
22.851545 50.075529 0.000000 43.735116 13.478780 44.748844 256.000000 185.296629 42.400482 22.586820 0.000000 11.513544 54.436205 10.226076 256.000000 225.976955 121.867304 35.997375 0.000000 20.957575 122.641545 37.634295 256.000000 251.645790 83.252893 77.560065 64.000000 30.625337 81.332967 78.212635 256.000000 210.638472
95.033109 55.801145 0.000000 25.703254 93.563573 54.023420 256.000000 235.786701 134.209729 79.948745 64.000000 10.704670 133.984449 78.910356 256.000000 237.404449 7.667649 30.992782 64.000000 26.008733 24.016235 29.354564 256.000000 234.418500 9.711218 130.777976 0.000000 27.979288 7.369576 130.193920 256.000000 234.319542
