145.623549 57.938465 64.000000 9.039595 145.500780 57.546065 256.000000 251.675907 50.023753 84.927885 0.000000 23.754213 44.734071 89.999855 256.000000 230.679610 134.209729 79.948745 64.000000 10.704670 133.984449 78.910356 256.000000 237.404449 69.412076 71.001931 0.000000 9.048200 68.706918 71.620505 256.000000 256.456007
69.407207 148.833780 0.000000 19.425878 60.431453 153.939020 256.000000 238.733927 152.263036 119.037633 0.000000 11.698552 158.868607 134.156949 256.000000 241.242296 48.888276 3.035969 0.000000 9.082620 57.285416 1.677244 256.000000 245.665287 78.647229 104.157975 0.000000 24.012364 75.583829 101.986873 256.000000 236.784886
5.911460 199.200055 64.000000 20.118584 9.231800 199.166485 256.000000 228.825224 38.081918 160.600520 0.000000 14.249946 39.261840 159.307067 256.000000 243.002027 78.187447 83.806511 64.000000 10.575594 76.698942 83.350284 256.000000 264.815803 93.438420 50.090544 64.000000 14.817879 93.646816 43.526962 256.000000 245.699707
47.657336 37.843978 0.000000 11.612501 45.787087 38.885891 256.000000 247.149656 34.540180 128.199375 64.000000 36.283151 31.110851 117.643209 256.000000 228.334736 60.095809 41.766633 64.000000 24.145742 63.897578 56.916495 256.000000 237.550734 83.247120 133.500016 0.000000 23.668163 80.855547 133.305169 256.000000 217.673092
84.697391 224.212200 64.000000 16.706685 88.005298 224.987984 256.000000 230.864618 82.556413 223.352818 0.000000 19.838920 80.291540 223.642069 256.000000 230.993694 103.123578 77.453435 64.000000 14.383324 101.734740 79.157969 256.000000 245.777152 132.299351 112.659469 64.000000 10.394888 132.538487 111.445355 256.000000 223.550334
32.287727 37.178633 64.000000 10.618619 31.692405 30.165527 256.000000 241.823137 16.037755 41.911029 64.000000 26.852027 19.964680 46.211531 256.000000 219.019781 96.336289 155.169251 0.000000 16.065610 97.191987 153.944267 256.000000 248.186564 34.786049 72.602835 0.000000 20.036836 39.927136 63.342615 256.000000 236.255676
42.632949 164.737391 64.000000 46.437098 39.801280 154.872471 256.000000 220.116923 87.388289 135.514242 64.000000 22.046112 84.256416 133.996405 256.000000 220.736486 39.566238 99.110196 64.000000 28.848397 50.694376 89.868204 256.000000 227.934602 115.723735 117.316853 64.000000 26.094784 112.916596 118.088855 256.000000 238.819978
59.327098 68.003565 64.000000 12.189039 62.064053 63.624916 256.000000 251.129487 131.133447 30.647740 64.000000 12.240669 133.877187 34.384493 256.000000 242.455607 82.114258 189.108198 64.000000 14.611358 82.421942 188.768529 320.000000 237.456079 58.093862 120.111551 64.000000 16.616332 57.811069 118.066047 256.000000 243.062262
17.934540 60.642004 0.000000 17.128332 19.568229 55.065742 256.000000 254.300445 37.273273 105.354007 0.000000 40.637301 32.429335 98.061404 256.000000 220.065293 33.434273 104.462471 64.000000 14.546820 13.259400 112.166098 256.000000 233.394500 78.329767 199.098889 64.000000 29.222716 71.789960 196.888847 256.000000 236.827911
19.657180 125.890749 64.000000 28.228834 20.797471 121.354067 256.000000 226.927812 122.295560 143.283089 64.000000 13.105476 121.604047 144.447544 256.000000 236.608482 74.914142 150.424442 64.000000 32.475421 82.964829 136.717625 256.000000 218.430335 48.235713 18.860096 64.000000 21.689003 48.195111 21.396524 256.000000 250.195841
53.178049 90.813253 0.000000 17.674752 32.722609 192.048045 256.000000 231.738030 185.862455 76.177904 64.000000 18.135122 184.838684 75.613564 256.000000 225.817762 24.195180 91.397847 0.000000 17.068097 27.868476 107.730669 256.000000 214.618303 68.321127 94.754893 0.000000 10.386283 65.276951 96.803535 256.000000 238.006801
36.623047 220.726891 0.000000 10.373376 38.544073 219.966227 256.000000 229.380249 12.881842 105.930407 64.000000 11.608199 8.669916 114.052153 256.000000 220.951612 130.329238 148.849509 0.000000 15.261038 130.940582 141.934791 256.000000 232.314567 54.009875 119.562365 64.000000 18.135122 37.436749 213.492235 256.000000 242.743876
165.641675 15.897291 64.000000 10.412098 166.636422 10.206518 256.000000 224.613057 124.957071 87.539965 64.000000 42.728326 120.507084 89.963536 256.000000 221.205461 68.408193 128.905455 0.000000 12.309510 78.928942 113.861480 256.000000 245.996581 45.119973 83.292022 0.000000 10.472334 45.390269 81.160973 256.000000 272.840003
58.616905 144.653511 0.000000 31.412699 33.791391 110.735169 256.000000 211.593631 136.782882 30.098458 0.000000 9.925914 137.427907 26.600540 256.000000 243.901254 130.749885 73.917576 0.000000 12.417073 137.001333 86.876558 256.000000 234.134533 55.833224 50.972642 64.000000 9.499964 58.986071 50.294145 256.000000 260.027099
95.560338 131.982384 64.000000 36.795151 96.245467 129.986865 256.000000 220.344957 99.247616 86.645089 0.000000 36.390714 83.799253 91.418087 256.000000 210.866505 101.686853 195.261138 64.000000 33.542446 100.233896 194.658505 256.000000 231.763845 41.000551 62.106598 0.000000 40.245772 8.264296 70.235424 256.000000 202.467986
118.433591 133.047058 0.000000 10.024872 120.791416 130.985516 256.000000 232.951340 156.488882 52.032149 64.000000 8.884704 157.298800 52.601982 256.000000 245.226430 134.867638 175.733113 64.000000 29.756228 131.278053 170.870835 256.000000 212.294942 110.039216 123.293453 64.000000 27.518918 108.338700 120.161318 256.000000 225.021796
59.684571 142.837867 64.000000 20.819894 68.654338 146.831145 256.000000 232.318870 86.217084 191.566978 0.000000 27.045641 84.526295 190.508815 256.000000 223.692317 78.277104 69.011047 64.000000 24.494246 75.784653 68.152935 256.000000 244.770363 129.561271 81.551875 0.000000 12.989308 130.515015 85.484807 256.000000 236.552550
66.957269 196.973951 64.000000 16.977744 76.775687 197.127349 256.000000 243.535540 31.110691 148.347162 0.000000 22.213911 28.545585 146.514947 256.000000 216.137092 155.503529 103.224636 0.000000 12.253577 155.578818 103.241340 256.000000 245.949253 3.858224 27.327184 64.000000 14.779156 8.382967 23.625860 256.000000 234.625021
25.561853 129.749089 64.000000 17.377878 31.072649 127.752660 256.000000 225.082031 174.797795 102.959762 64.000000 39.578881 171.058205 100.350580 256.000000 205.505565 103.973642 50.783127 0.000000 12.993610 94.235671 34.254273 256.000000 236.681625 125.398836 164.350667 0.000000 16.693778 121.587555 167.779255 256.000000 227.745291
88.109875 36.412302 0.000000 52.877971 89.813898 26.285031 256.000000 204.799952 32.139251 144.616222 0.000000 19.877642 39.568909 145.952455 256.000000 253.775537 10.305145 158.306155 64.000000 9.302048 13.138709 162.752987 256.000000 251.559739 110.724709 50.019300 64.000000 24.756700 107.803685 50.929584 256.000000 227.676451
34.925542 6.227609 64.000000 33.039051 37.302764 7.656760 256.000000 222.276788 2.808724 151.635740 0.000000 23.009877 3.930593 148.924642 256.000000 253.031201 65.462491 119.861738 64.000000 13.002215 68.523924 117.247624 256.000000 240.179574 41.894729 128.676638 0.000000 26.770279 55.655640 115.037045 256.000000 214.334336
91.340982 46.994002 64.000000 37.264126 87.788562 45.146371 256.000000 245.729825 133.065567 43.853702 64.000000 36.102445 128.945265 44.125162 256.000000 207.544960 74.284711 169.308493 0.000000 23.431524 71.546975 167.965365 256.000000 234.668046 109.010311 96.435138 64.000000 32.694849 116.407407 90.731064 256.000000 223.382536
58.448844 58.321016 0.000000 12.189039 53.860471 58.270782 256.000000 229.397459 2.768664 166.534965 0.000000 13.010820 2.371824 165.215427 256.000000 248.332849 133.393718 165.741291 0.000000 42.930545 129.989842 160.935971 256.000000 232.026299 115.061696 9.655413 64.000000 40.680327 128.975260 26.716680 256.000000 234.229189
54.435540 127.818967 64.000000 13.484098 57.695185 126.590025 256.000000 239.159877 7.629267 101.391305 0.000000 21.486785 9.283584 97.280656 256.000000 238.669389 47.404124 56.782093 0.000000 27.867422 47.423016 61.003991 256.000000 215.668118 160.157011 5.276680 64.000000 20.970482 159.556962 3.579529 256.000000 238.923238
74.030536 197.001118 0.000000 30.526379 69.192676 199.010471 256.000000 238.286465 78.265722 62.911685 0.000000 27.269372 72.669253 66.207731 256.000000 227.211779 41.282485 96.886015 64.000000 10.855258 42.372475 95.191016 256.000000 241.379977 44.840044 62.719467 0.000000 14.860904 36.394969 51.736760 256.000000 229.444787
128.975316 9.342176 64.000000 32.918581 129.588589 10.907895 256.000000 236.875239 107.327693 20.001711 0.000000 10.859560 106.929507 22.111682 256.000000 223.339511 175.033747 134.367053 64.000000 82.634199 175.373647 134.322947 256.000000 190.786644 60.143769 149.743200 64.000000 25.010549 59.805822 147.700695 256.000000 227.805526
146.594469 184.003395 0.000000 25.776397 144.065484 184.331687 256.000000 233.403105 111.300944 53.693395 64.000000 12.692434 114.141347 59.735355 256.000000 240.304347 32.866305 33.283258 64.000000 18.909575 31.789291 34.250825 256.000000 233.187979 93.060740 84.295367 64.000000 10.011964 93.294835 89.459287 256.000000 250.682025
93.893076 64.336336 64.000000 29.618548 91.993124 59.600613 256.000000 256.172041 17.695435 158.722247 0.000000 12.619291 20.932733 161.241327 256.000000 228.941392 52.169651 12.179229 0.000000 20.338012 55.766925 12.636495 256.000000 248.203774 9.062067 88.602840 0.000000 13.768064 7.720695 91.371493 256.000000 212.531580
54.605349 30.149304 64.000000 16.577610 53.006735 30.230107 256.000000 243.057960 107.981827 157.480871 0.000000 23.237911 107.476584 152.200029 256.000000 234.689558 111.932389 111.608315 64.000000 63.918237 108.807040 113.132864 256.000000 203.578036 64.471196 29.882858 64.000000 20.075558 62.858795 33.901947 256.000000 233.471945
110.403438 120.472965 64.000000 18.070584 109.402216 125.930116 256.000000 220.667646 125.017922 11.136875 64.000000 21.787961 125.068467 11.186591 256.000000 241.616616 63.482067 111.594022 0.000000 15.648265 67.518925 109.929460 256.000000 237.912146 108.173004 161.623525 64.000000 10.067897 112.719587 161.493844 256.000000 225.064821
34.327855 164.249140 64.000000 23.642347 36.126685 161.737185 256.000000 242.317926 54.516300 54.771025 0.000000 13.643291 60.864553 56.003304 256.000000 260.973653 60.770935 166.243429 0.000000 15.523492 51.212524 175.573658 256.000000 259.484981 108.583824 189.215696 64.000000 22.893709 106.953207 188.123215 256.000000 215.736958
121.399242 60.704349 0.000000 16.491559 124.812651 66.438678 256.000000 237.916448 100.265447 155.312098 0.000000 21.697608 42.005862 177.207344 256.000000 246.848480 75.267622 42.625889 64.000000 11.952401 73.296162 39.557118 256.000000 233.024483 92.168947 143.467780 0.000000 9.121342 92.208745 144.087784 256.000000 235.180046
