64.134102 44.910782 0.000000 9.164368 70.862358 39.742631 256.000000 241.887674 65.642622 131.641896 64.000000 10.205577 67.518142 130.515493 256.000000 234.999340 50.267040 9.643025 0.000000 20.699424 63.765180 8.912740 256.000000 240.222599 33.682318 171.988120 64.000000 72.880386 35.508538 169.716615 256.000000 178.941807
45.930360 179.535455 0.000000 9.508569 43.202429 180.051138 256.000000 264.170425 81.972538 36.510020 0.000000 22.958247 73.752098 23.289231 256.000000 247.786429 70.186109 181.051036 64.000000 12.834417 68.506467 181.893551 256.000000 255.810629 83.095093 53.948709 64.000000 16.685173 84.520042 45.816391 256.000000 217.242840
68.211758 90.391825 0.000000 20.763962 63.515220 114.711944 256.000000 246.568816 109.291585 121.746875 64.000000 21.753541 105.462065 125.780195 256.000000 23.422919 115.216925 89.329218 64.000000 9.104132 120.745680 85.800013 256.000000 252.880613 18.316640 171.098609 0.000000 27.187624 19.114044 169.402533 256.000000 233.730096
6.771182 73.503311 0.000000 11.044569 3.621171 68.483876 256.000000 238.488684 61.004900 88.603551 64.000000 18.806315 62.210115 83.504678 256.000000 232.607139 85.461275 127.703453 0.000000 35.241941 78.345653 127.214587 256.000000 195.028929 78.331831 218.536478 0.000000 22.644163 75.434613 220.440415 256.000000 228.072283
20.958000 70.497027 64.000000 23.534784 14.896584 68.157991 256.000000 218.899310 58.373785 77.497036 0.000000 20.828499 53.697153 80.490620 256.000000 244.538027 140.562364 84.719956 0.000000 10.721880 145.847924 92.889665 256.000000 239.572919 40.827058 48.406571 64.000000 14.125173 42.325915 43.132398 256.000000 239.904213
40.807118 137.074545 0.000000 29.158178 38.125115 131.977849 256.000000 230.477391 22.998995 59.695896 0.000000 17.416601 27.872796 59.257025 256.000000 247.317455 83.216415 152.896895 64.000000 27.566246 80.995709 148.958987 256.000000 235.451104 9.062067 88.602840 0.000000 13.768064 7.720695 91.371493 256.000000 212.531580
15.517616 153.336365 64.000000 17.412298 4.977609 154.664753 256.000000 243.690430 166.705898 36.838571 64.000000 36.915622 166.252258 34.583029 256.000000 225.322972 3.210391 109.571593 64.000000 34.123286 9.343884 110.192595 256.000000 232.417828 74.875122 45.029127 64.000000 27.781372 79.580338 56.677500 256.000000 244.439069
34.540180 128.199375 64.000000 36.283151 31.110851 117.643209 256.000000 228.334736 77.853104 137.700196 0.000000 20.200331 71.287985 146.055700 256.000000 224.901325 177.593676 97.659507 64.000000 32.582984 173.568969 93.219445 256.000000 229.083375 70.799038 75.032696 64.000000 9.930216 69.181987 74.833878 256.000000 245.002699
17.457973 139.377976 64.000000 32.643219 32.364325 142.490380 256.000000 228.541257 176.284393 112.187231 0.000000 9.383796 177.389271 111.464811 256.000000 240.949725 161.316227 38.948985 64.000000 34.523420 161.523695 43.058760 256.000000 217.810772 95.044875 213.140416 64.000000 13.015123 87.753533 222.686820 256.000000 250.182933
120.886653 25.189740 0.000000 24.016667 130.826069 32.251265 256.000000 240.781927 164.493722 110.717818 0.000000 10.283023 165.688162 113.750984 256.000000 225.615544 92.313202 199.718473 64.000000 10.093712 91.044607 201.676736 256.000000 239.753624 7.790649 12.633595 64.000000 14.865207 14.198675 9.394529 256.000000 235.756583
31.570189 68.846085 0.000000 13.329207 31.515015 72.749455 256.000000 255.836444 104.989685 57.777318 0.000000 23.052902 109.966716 71.230445 256.000000 238.213322 95.033109 55.801145 0.000000 25.703254 93.563573 54.023420 256.000000 235.786701 118.789080 103.718982 0.000000 17.485441 117.735893 102.700645 256.000000 216.584554
27.623780 135.372816 0.000000 14.594148 31.704938 135.985402 256.000000 226.970838 102.303084 95.584387 0.000000 10.145342 106.427153 90.700775 256.000000 232.198399 39.568313 77.333111 0.000000 11.070384 39.902313 74.306769 256.000000 250.957387 43.219804 154.735115 64.000000 10.059292 44.747007 154.264742 256.000000 246.874295
23.248864 228.949076 64.000000 27.923355 25.105575 224.136253 256.000000 215.564857 29.262478 204.425760 0.000000 17.631727 32.984402 205.756916 256.000000 253.883100 58.190895 106.960424 0.000000 13.372232 65.077900 105.858507 256.000000 263.615400 180.867067 18.677649 64.000000 45.387283 177.914120 20.326091 256.000000 231.174400
35.778347 169.806564 0.000000 24.851356 43.863322 170.468775 256.000000 226.833157 136.611689 161.142276 0.000000 10.162552 136.830715 161.401247 256.000000 243.212851 67.546869 5.642018 0.000000 19.955088 64.991044 7.361489 256.000000 229.741660 67.382816 48.964689 64.000000 26.671321 65.172365 53.092329 256.000000 231.454063
136.431315 73.021331 64.000000 17.300433 135.691749 71.026082 256.000000 245.355506 135.421536 60.449271 0.000000 15.575122 137.826645 65.887309 256.000000 234.375474 134.451662 190.570024 0.000000 28.788161 134.307729 186.378338 256.000000 230.847408 187.348636 27.720556 64.000000 10.717577 188.270122 25.712145 256.000000 235.369357
28.203442 39.138742 0.000000 20.445575 13.961553 42.309956 256.000000 230.791475 41.088935 22.458271 64.000000 24.292028 38.248191 24.667556 256.000000 231.690702 124.053538 53.369256 0.000000 48.472190 125.107080 52.732958 256.000000 220.525663 132.948542 81.915120 0.000000 31.756900 129.881844 81.158320 256.000000 223.657897
60.684555 58.460573 64.000000 11.642619 61.158209 51.818402 256.000000 226.772922 81.962985 53.185318 0.000000 18.371760 81.113389 50.663324 256.000000 258.555637 85.967036 190.469607 0.000000 23.397104 115.944211 178.732200 256.000000 229.122098 118.763305 108.955202 64.000000 38.443016 104.512107 107.952105 256.000000 203.608154
131.527216 122.963213 64.000000 38.305336 122.757565 103.821824 256.000000 219.738301 136.530042 62.118431 64.000000 15.458954 140.978960 54.573778 256.000000 253.491571 137.380255 155.574627 0.000000 15.626753 141.056645 150.474584 256.000000 235.218768 46.049033 4.126431 64.000000 25.363355 42.629593 5.808533 256.000000 240.928212
8.300127 89.801678 64.000000 19.296802 6.376993 99.236922 256.000000 255.556780 31.998435 92.826351 64.000000 16.388299 18.975876 89.892718 256.000000 242.533052 16.407253 92.508484 64.000000 10.696065 17.107229 99.356711 256.000000 243.483909 1.227538 160.930384 64.000000 27.759859 3.992445 160.228025 256.000000 240.622734
43.389196 15.282133 64.000000 10.343258 41.361282 16.054664 256.000000 238.148785 91.625231 59.369316 0.000000 9.710788 97.144800 63.579778 256.000000 248.083303 27.924545 199.728842 64.000000 12.507426 37.471269 208.744664 256.000000 243.754968 81.390229 137.047847 64.000000 12.055661 79.605222 138.995145 256.000000 236.543945
22.728935 7.438796 64.000000 14.490887 17.331062 7.132329 256.000000 238.256348 40.556811 37.664125 64.000000 23.827356 45.506375 39.457124 256.000000 234.633626 156.493513 129.362487 0.000000 11.797510 157.320113 129.277773 256.000000 257.742461 126.017413 92.612355 64.000000 15.446047 125.274185 93.221876 256.000000 233.618231
172.779940 31.047020 0.000000 38.847453 149.731725 12.036831 256.000000 225.262737 122.039611 64.502769 64.000000 16.547492 123.434231 67.466018 256.000000 240.657154 54.009875 119.562365 64.000000 18.135122 37.436749 213.492235 256.000000 242.743876 38.642693 106.380775 64.000000 43.593133 34.592095 102.946591 256.000000 214.132118
22.851545 50.075529 0.000000 43.735116 13.478780 44.748844 256.000000 185.296629 131.027647 169.788111 64.000000 54.297802 127.859631 168.259569 256.000000 202.661600 33.479500 165.327069 0.000000 56.375920 7.668302 148.384945 256.000000 214.063278 58.448844 58.321016 0.000000 12.189039 53.860471 58.270782 256.000000 229.397459
111.787004 173.242725 0.000000 36.334781 110.296604 171.861860 256.000000 217.277260 163.349582 68.993985 0.000000 23.616532 163.795302 72.958098 256.000000 230.787173 88.481100 11.678998 64.000000 10.653040 90.163145 12.399587 256.000000 234.095811 6.854051 201.030160 0.000000 9.835561 7.654138 200.552518 256.000000 243.694733
49.425802 35.719075 64.000000 17.963021 46.692842 36.595858 256.000000 248.177959 20.351796 189.598518 0.000000 16.203290 17.816153 189.529069 256.000000 258.495402 11.766098 120.078949 64.000000 19.391458 16.382707 123.211927 256.000000 249.800009 107.455458 168.466191 64.000000 10.850955 107.225638 168.654633 256.000000 241.220784
162.430935 5.023344 0.000000 52.378878 160.999302 7.583491 256.000000 201.086877 32.049758 4.973905 64.000000 9.891493 33.376600 4.871907 256.000000 236.944079 24.344376 34.909791 0.000000 10.437914 0.733487 29.365676 256.000000 234.921895 98.829856 81.614907 64.000000 35.560328 97.698396 91.313265 256.000000 236.939776
1.078058 55.351053 64.000000 10.597107 3.034707 56.710411 256.000000 232.189794 149.650309 1.519524 64.000000 13.436770 149.853516 1.891102 256.000000 241.861859 71.587116 37.201785 0.000000 11.917980 66.870815 31.997116 256.000000 231.170097 121.954842 151.493387 64.000000 40.357638 119.416884 144.441493 256.000000 224.139779
157.783367 171.103318 64.000000 38.064394 144.700933 149.692202 256.000000 215.474504 22.302367 13.780002 64.000000 34.093168 21.065949 20.882975 256.000000 238.170297 8.320491 47.894367 64.000000 12.666619 4.747907 49.654144 256.000000 254.696276 84.035451 70.293936 64.000000 17.709172 82.737115 69.356382 256.000000 217.931243
127.029964 41.753204 0.000000 23.379894 118.135356 34.721144 256.000000 217.746235 108.345722 54.498933 0.000000 75.681327 104.814058 54.321002 256.000000 189.698107 116.420562 176.236607 0.000000 46.755485 102.588656 151.522051 256.000000 212.368085 134.747718 55.433624 0.000000 12.219157 137.303113 59.794524 256.000000 257.751066
165.719918 87.681795 0.000000 12.210552 171.576831 98.650355 256.000000 243.191338 72.702096 13.983373 0.000000 15.613845 71.494738 15.870427 256.000000 239.026499 10.934598 140.493740 0.000000 19.804500 10.474267 136.759464 256.000000 240.317255 57.596967 26.205858 64.000000 10.493846 55.812840 22.991004 256.000000 248.956715
120.652931 161.395182 64.000000 46.217670 109.899380 139.272835 256.000000 203.547919 93.146887 127.232491 0.000000 33.056261 85.909820 126.843378 256.000000 228.515442 47.751684 69.775609 64.000000 23.655255 45.642691 72.342200 256.000000 249.434294 49.935911 89.968020 64.000000 18.857945 42.513369 88.536138 256.000000 251.064950
113.907176 201.062155 0.000000 33.314412 110.519889 200.504904 256.000000 229.629795 73.062711 138.290604 0.000000 31.214783 73.222695 132.999991 256.000000 244.417556 26.652920 118.370676 64.000000 9.775325 22.983507 116.779675 256.000000 233.884987 121.939742 116.471256 0.000000 29.097943 117.652780 116.251302 256.000000 222.199343
