41.088935 22.458271 64.000000 24.292028 38.248191 24.667556 256.000000 231.690702 11.139053 140.219680 64.000000 18.023256 14.246484 139.982996 256.000000 248.492043 112.226209 192.366913 64.000000 10.433611 117.396813 197.045798 256.000000 245.329690 101.719409 23.537553 64.000000 15.557912 100.411595 21.564780 256.000000 260.199200
28.361702 143.574813 0.000000 10.042082 32.654680 146.927524 256.000000 251.396244 98.870684 134.597911 0.000000 12.292300 97.568776 136.159311 256.000000 254.752209 94.309195 185.275762 64.000000 15.385812 94.662751 185.015647 256.000000 252.691302 77.918525 134.758082 0.000000 18.780500 111.121629 132.958445 256.000000 221.278604
119.179200 171.379149 64.000000 8.630855 119.548845 180.301878 256.000000 247.295942 48.603187 79.903195 64.000000 13.772367 46.241973 82.862196 256.000000 241.831742 7.938798 104.321625 0.000000 22.622650 13.311209 97.605391 256.000000 218.150672 75.267622 42.625889 64.000000 11.952401 73.296162 39.557118 256.000000 233.024483
8.380000 40.071644 64.000000 10.123830 3.380902 40.818485 256.000000 248.715774 43.428876 76.231756 64.000000 13.634686 42.648049 72.821784 256.000000 252.033017 107.981827 157.480871 0.000000 23.237911 107.476584 152.200029 256.000000 234.689558 34.218727 67.049482 64.000000 22.411827 32.220713 52.927222 256.000000 233.394500
28.491825 29.640015 0.000000 42.676696 24.693718 41.806180 256.000000 220.899982 67.180845 88.996735 0.000000 8.738418 69.785591 85.458329 256.000000 247.928412 176.533204 109.459564 0.000000 12.042753 178.785904 115.100145 256.000000 267.763030 82.122811 103.064245 64.000000 16.633542 89.065105 96.489956 256.000000 223.769763
100.441116 150.600907 64.000000 13.983190 99.909655 151.824033 256.000000 242.842834 171.253438 51.658509 64.000000 17.519861 174.438636 57.400975 256.000000 238.819978 63.649609 45.218336 0.000000 23.427221 61.558869 44.521273 256.000000 241.840347 15.853013 107.877484 64.000000 18.595491 15.802325 105.840076 256.000000 239.254532
90.170676 58.843735 0.000000 35.078446 84.162544 61.515293 256.000000 207.209363 97.134275 46.614773 0.000000 32.957303 87.556209 55.701964 256.000000 208.409766 16.206864 203.503047 64.000000 12.950585 28.679293 233.255189 256.000000 269.686256 138.346880 106.933933 0.000000 9.934519 139.268758 107.970231 256.000000 250.484109
86.631647 30.014638 0.000000 31.851556 83.685418 31.022940 256.000000 237.232348 57.415845 152.323236 0.000000 29.967052 57.303964 145.593122 256.000000 213.594303 59.022624 124.950351 64.000000 25.475221 61.736745 119.810800 256.000000 233.798937 94.258531 41.483262 0.000000 9.439729 197.872493 80.437365 256.000000 251.456479
13.656287 63.185929 0.000000 10.532569 11.295011 66.024895 256.000000 237.714230 90.209698 154.280555 64.000000 32.866950 88.473269 151.284313 256.000000 216.008017 81.390229 137.047847 64.000000 12.055661 79.605222 138.995145 256.000000 236.543945 45.831289 226.182782 0.000000 49.263854 43.465255 196.948031 256.000000 205.174271
64.122562 120.417496 0.000000 10.751997 69.759885 122.276655 256.000000 243.608682 73.839067 175.622813 64.000000 22.433339 74.441098 174.214558 256.000000 230.124585 18.388684 126.678331 0.000000 16.693778 21.662318 125.724860 256.000000 231.892920 188.475942 75.457798 0.000000 16.676568 195.724895 67.573100 256.000000 249.021253
119.845491 67.785267 0.000000 19.821710 140.649409 2.973449 256.000000 225.430535 80.322173 28.327384 64.000000 67.635614 80.861215 30.046551 256.000000 189.543216 26.688709 206.425647 0.000000 36.446647 21.504569 196.305678 256.000000 224.238737 65.462491 119.861738 64.000000 13.002215 68.523924 117.247624 256.000000 240.179574
82.854584 159.863300 0.000000 37.604025 78.893164 153.371364 256.000000 224.570031 17.764127 158.310864 64.000000 76.886032 22.311607 161.081811 256.000000 177.220799 182.054687 100.129787 64.000000 39.781100 116.746145 65.961356 256.000000 220.095411 28.759756 220.549487 0.000000 36.894109 35.434116 216.386576 256.000000 223.077057
111.538225 49.414282 64.000000 11.315628 116.882809 42.972840 256.000000 248.354362 28.401340 125.611015 64.000000 12.748367 32.770231 128.076513 256.000000 252.192210 9.455731 161.047222 0.000000 21.972970 9.767551 155.147082 256.000000 229.982602 35.702207 48.098267 64.000000 24.644835 42.931751 60.875165 256.000000 208.766875
89.461985 209.755156 0.000000 28.499892 86.891244 203.354164 256.000000 247.911202 146.026838 26.506289 64.000000 9.043897 146.104756 25.603136 256.000000 251.443571 66.836358 42.210073 0.000000 29.003287 70.883471 56.940798 256.000000 219.781327 29.986216 175.370064 64.000000 58.195886 30.426882 144.158616 256.000000 206.047683
92.678140 121.839024 0.000000 26.314212 92.213302 116.312642 256.000000 233.351475 98.719675 17.192345 0.000000 9.207393 104.946087 19.220536 256.000000 243.354834 144.199602 176.502027 0.000000 40.848125 141.510327 175.496847 256.000000 212.871480 169.481160 114.341538 64.000000 41.743049 162.836040 107.508276 256.000000 228.278804
84.387898 16.284607 0.000000 28.340699 91.824376 27.616747 256.000000 231.996181 74.875122 45.029127 64.000000 27.781372 79.580338 56.677500 256.000000 244.439069 151.437395 175.897024 0.000000 24.107020 151.524140 171.948742 256.000000 207.032960 102.155133 31.163438 64.000000 10.390586 102.148633 26.658016 256.000000 247.188379
162.245904 114.677978 0.000000 20.583256 164.398287 106.560916 256.000000 199.189466 120.131300 95.922253 64.000000 22.756028 119.344667 94.481144 256.000000 228.369157 48.495924 154.585929 64.000000 37.001672 46.166982 153.873549 256.000000 216.601764 195.208287 94.690565 64.000000 17.248803 194.819473 95.400975 256.000000 242.477120
29.084955 189.013593 0.000000 21.456667 26.828367 188.390431 256.000000 243.402161 88.683056 85.751222 0.000000 25.901170 79.519793 100.146402 256.000000 234.762701 69.412076 71.001931 0.000000 9.048200 68.706918 71.620505 256.000000 256.456007 129.892945 68.038500 64.000000 16.698080 128.010493 64.532669 256.000000 232.348988
65.204805 100.295509 0.000000 9.913006 64.851556 106.718382 256.000000 247.511068 56.939424 48.462965 0.000000 12.266485 67.427185 38.394342 256.000000 245.075842 94.448531 17.315880 64.000000 12.890350 116.428391 12.718378 256.000000 248.539370 110.276427 103.907011 0.000000 59.228490 110.634889 107.782682 256.000000 192.434510
116.734149 86.541982 0.000000 18.888063 115.059240 90.344104 256.000000 237.697020 12.145396 150.095718 64.000000 33.142312 14.587684 148.143509 256.000000 221.816419 142.965671 185.970033 0.000000 23.990852 128.374420 198.523238 256.000000 234.599206 120.317113 97.598700 0.000000 10.076502 132.758327 91.373336 256.000000 251.585554
124.564520 70.362989 64.000000 19.464600 123.012136 70.618020 256.000000 239.951540 141.612211 79.407922 0.000000 11.565174 148.297515 88.217416 256.000000 234.001155 98.408904 82.428738 0.000000 34.368530 96.186482 103.021316 256.000000 213.465227 21.554542 105.589580 0.000000 9.835561 22.240209 114.830704 256.000000 249.494530
16.411013 69.167498 0.000000 32.187152 39.747429 69.893911 256.000000 229.363039 78.329767 199.098889 64.000000 29.222716 71.789960 196.888847 256.000000 236.827911 22.998995 59.695896 0.000000 17.416601 27.872796 59.257025 256.000000 247.317455 88.495811 159.436667 0.000000 12.115896 86.320729 164.451902 256.000000 255.079201
74.443505 151.239495 0.000000 28.327792 85.114005 129.550442 256.000000 242.735271 79.286187 86.091378 0.000000 22.923827 76.262496 91.452329 256.000000 242.055473 18.172682 155.785416 64.000000 15.953744 18.715269 154.982080 256.000000 240.355977 62.236318 165.995322 0.000000 28.839792 53.503720 161.958231 256.000000 212.165866
119.897605 12.175644 0.000000 26.008733 116.501420 14.585964 256.000000 232.620046 71.829467 61.462331 64.000000 16.904601 69.284693 56.986518 256.000000 231.157190 50.134136 3.463867 0.000000 10.958518 51.506767 3.544225 256.000000 254.188579 107.477842 197.815785 64.000000 44.247116 105.497600 190.272575 256.000000 203.659784
67.546869 5.642018 0.000000 19.955088 64.991044 7.361489 256.000000 229.741660 73.237218 38.405280 0.000000 21.284566 63.287504 29.840224 256.000000 240.480750 34.931145 9.648905 64.000000 31.085707 38.173145 16.221518 256.000000 247.407808 138.719820 131.456416 0.000000 19.950785 140.865015 127.971267 256.000000 227.168753
30.633320 147.416102 0.000000 10.227090 36.986136 150.178504 256.000000 231.402433 35.951702 153.881042 0.000000 24.773910 26.162945 148.092684 256.000000 204.894607 31.460062 39.047487 64.000000 32.337740 31.038407 48.263547 256.000000 226.433023 19.475255 101.299287 64.000000 18.061979 23.248405 103.874829 256.000000 233.192281
174.797795 102.959762 64.000000 39.578881 171.058205 100.350580 256.000000 205.505565 9.149860 87.675865 64.000000 20.131491 12.331047 86.876873 256.000000 229.832013 158.953651 47.576444 64.000000 78.921124 155.685420 47.329093 256.000000 183.141066 60.524124 186.992545 64.000000 21.607255 61.289087 185.507338 256.000000 249.417084
59.400756 66.257655 0.000000 17.455324 53.912031 65.897824 256.000000 230.739845 155.531627 134.972767 0.000000 36.825269 148.151100 134.853240 256.000000 215.569160 49.363851 83.144456 0.000000 14.572635 57.778165 84.433376 256.000000 229.939576 29.956080 122.066191 0.000000 12.868837 32.562662 120.896256 256.000000 247.476648
21.484733 35.989364 64.000000 30.853371 26.704800 35.424836 256.000000 217.664487 64.751418 137.416467 0.000000 12.666619 71.910505 137.682371 256.000000 244.383136 163.169622 144.090800 0.000000 10.369073 162.944902 146.250655 256.000000 253.431336 68.490182 196.402231 64.000000 18.711659 69.354405 194.976616 256.000000 239.099641
52.008969 48.048593 64.000000 22.992667 48.742478 41.668767 256.000000 258.435166 21.143962 32.566358 64.000000 26.426078 17.679482 40.231813 256.000000 237.490499 2.795878 91.286278 0.000000 12.369745 2.705380 84.749860 256.000000 236.100785 70.551589 97.984116 0.000000 10.476636 68.978185 100.345242 256.000000 254.644646
44.517056 49.237293 64.000000 14.641476 40.114182 49.017720 256.000000 227.198871 100.316613 197.790725 0.000000 12.059964 99.980967 198.044084 256.000000 254.541386 56.192825 170.607891 64.000000 24.855658 55.774116 169.459795 256.000000 231.772450 50.023753 84.927885 0.000000 23.754213 44.734071 89.999855 256.000000 230.679610
105.388869 114.415595 64.000000 12.744064 104.406769 118.127204 256.000000 247.003371 142.760336 74.112133 64.000000 34.665404 80.735189 211.378449 256.000000 251.241353 64.038195 109.951524 64.000000 18.539559 62.943036 108.487753 256.000000 249.735471 66.513080 33.341609 0.000000 27.157506 60.694647 37.995367 256.000000 245.312480
