83.247120 133.500016 0.000000 23.668163 80.855547 133.305169 256.000000 217.673092 60.996771 102.697642 64.000000 10.308838 64.664429 105.205053 256.000000 248.616816 31.318065 140.058853 0.000000 45.262510 40.614947 143.040667 256.000000 205.660456 94.214467 218.486658 64.000000 10.855258 92.502009 219.813825 256.000000 243.049355
15.517616 153.336365 64.000000 17.412298 4.977609 154.664753 256.000000 243.690430 34.105015 226.791178 0.000000 10.394888 24.707860 234.605787 256.000000 237.309793 14.969855 76.519402 64.000000 20.148701 23.040969 70.603035 256.000000 221.816419 56.216573 55.302718 64.000000 31.012564 49.895987 54.377133 256.000000 210.965463
197.757524 60.892205 0.000000 42.065738 194.354502 59.938664 256.000000 206.869464 177.348696 51.803649 64.000000 33.374648 173.744682 54.154771 256.000000 210.337295 147.366365 28.307665 64.000000 9.323561 134.817844 23.390409 256.000000 241.440212 102.486791 54.476955 0.000000 11.935190 102.379473 50.500020 256.000000 237.907843
25.392820 133.274922 0.000000 9.482754 26.938238 133.834724 256.000000 253.883100 14.850287 95.366520 0.000000 9.319258 15.986207 98.273255 256.000000 249.791404 75.463338 43.785785 0.000000 13.884232 74.352098 45.001156 256.000000 225.490771 118.195075 20.684700 0.000000 22.059020 117.845020 20.696298 256.000000 225.856485
83.680056 4.101269 0.000000 15.015795 90.260413 5.915067 256.000000 240.928212 137.515229 186.284080 0.000000 47.968795 127.094740 183.355207 256.000000 201.293398 137.633602 107.090860 0.000000 19.073071 137.457584 104.971020 256.000000 224.699107 54.832407 188.552382 0.000000 27.592061 58.797882 184.788067 256.000000 228.012047
50.674956 121.829155 64.000000 24.253305 49.497775 118.063909 256.000000 218.210907 97.134275 46.614773 0.000000 32.957303 87.556209 55.701964 256.000000 208.409766 30.423956 11.874464 0.000000 22.876499 30.590880 15.805967 256.000000 260.655267 124.774651 38.559727 64.000000 39.208865 118.427867 35.499958 256.000000 225.654266
35.509058 54.475393 0.000000 10.450821 38.037085 58.809929 256.000000 231.755240 25.288271 88.044671 64.000000 43.300561 32.465227 79.979704 256.000000 206.684456 9.379298 173.432851 0.000000 13.527123 12.155849 177.451769 256.000000 257.023940 151.391944 36.772813 0.000000 16.048400 151.930191 41.185549 256.000000 243.514027
133.756925 68.398456 64.000000 17.339156 133.293251 69.241476 256.000000 240.799137 41.547425 85.556391 64.000000 13.514215 38.849747 87.243618 256.000000 236.853726 92.131244 112.625362 64.000000 19.425878 92.042005 112.283964 256.000000 242.593288 121.494436 120.092693 64.000000 16.504467 120.495371 121.384464 256.000000 264.699635
10.276265 48.949949 0.000000 24.649137 8.105729 56.923951 256.000000 242.989120 42.336000 130.452362 64.000000 33.998513 39.173491 128.995505 256.000000 216.498504 110.796727 82.435969 0.000000 27.518918 106.904756 78.346173 256.000000 233.265424 12.097740 184.303298 0.000000 16.013979 6.638180 185.440040 256.000000 226.596518
62.993362 60.839411 0.000000 9.736603 69.209945 61.415104 256.000000 246.211707 104.970118 135.263640 64.000000 21.069440 149.060313 131.708565 256.000000 222.861931 162.411309 109.305433 64.000000 15.992467 162.289307 110.974229 256.000000 243.810901 3.850358 56.808684 64.000000 13.544333 1.275049 50.796624 256.000000 238.828583
98.665180 24.831395 0.000000 11.836233 103.069560 27.066578 256.000000 251.430664 77.762618 145.790369 64.000000 35.654983 96.157613 103.171665 256.000000 198.604323 48.235713 18.860096 64.000000 21.689003 48.195111 21.396524 256.000000 250.195841 169.906911 35.875727 0.000000 17.756500 169.583738 36.592620 256.000000 236.660113
7.889013 47.134002 64.000000 10.046384 7.561920 48.560191 256.000000 249.464412 73.839067 175.622813 64.000000 22.433339 74.441098 174.214558 256.000000 230.124585 77.565922 8.814140 0.000000 10.076502 73.164125 5.977558 256.000000 244.843506 114.050225 138.351149 64.000000 23.483154 115.022115 135.786033 256.000000 254.993150
97.943598 18.903022 64.000000 19.034348 98.183809 21.661776 256.000000 242.184548 137.357720 82.995456 64.000000 28.826884 134.777480 82.831547 256.000000 230.627980 166.992813 62.228682 64.000000 21.542718 170.942407 87.973335 256.000000 234.874567 38.465531 24.717051 0.000000 11.384468 38.233862 21.852053 256.000000 255.044781
145.722400 107.301498 0.000000 26.490616 146.534785 98.552553 256.000000 249.305219 178.058829 77.974862 64.000000 18.135122 168.864556 77.221022 256.000000 246.986161 167.699796 156.043395 0.000000 38.778613 165.708720 156.841102 256.000000 209.864018 77.263780 164.090958 64.000000 12.524636 70.943175 169.606653 256.000000 236.259978
151.705800 11.905265 0.000000 23.194885 150.335380 15.406575 256.000000 245.222127 75.065669 73.987202 64.000000 13.148501 76.383904 71.513509 256.000000 254.618831 88.437036 23.932658 0.000000 13.832602 89.975596 25.366416 256.000000 241.861859 73.092509 83.654636 64.000000 25.303120 71.742478 85.635738 256.000000 240.936817
115.216925 89.329218 64.000000 9.104132 120.745680 85.800013 256.000000 252.880613 72.270253 191.500533 64.000000 15.080333 71.314385 190.828155 256.000000 232.172584 53.484460 165.016847 0.000000 34.725639 61.722278 153.786036 256.000000 198.440827 103.906342 0.936804 64.000000 52.159450 89.145633 39.366002 256.000000 212.669261
20.740631 54.454364 64.000000 14.895324 23.587220 53.190880 256.000000 253.620646 56.767055 77.793465 0.000000 14.426350 58.895385 82.932227 256.000000 258.611570 180.196642 60.515404 64.000000 18.264197 179.836416 59.963793 256.000000 265.151400 82.590565 68.732560 0.000000 8.936334 82.512684 70.822567 256.000000 247.528278
82.763475 121.662993 64.000000 43.971754 79.117640 119.301962 256.000000 208.229060 99.908520 95.095236 0.000000 15.906416 98.586711 103.165316 256.000000 229.044652 131.086298 85.125702 64.000000 15.321274 136.713996 78.798156 256.000000 235.760886 82.811735 48.119747 0.000000 36.678983 62.570049 64.930675 256.000000 214.291311
168.783373 140.140029 0.000000 50.541702 161.636398 134.392633 256.000000 204.580523 63.578593 142.045444 64.000000 9.018082 62.710493 141.915169 256.000000 245.540514 81.972538 36.510020 0.000000 22.958247 73.752098 23.289231 256.000000 247.786429 83.130796 132.505002 64.000000 47.379350 184.208982 80.882924 256.000000 228.339039
96.176180 211.030749 64.000000 22.037507 95.305153 209.990640 256.000000 241.100313 82.952795 20.976025 64.000000 19.924970 84.307851 23.789213 256.000000 236.982802 129.252107 124.296596 64.000000 38.976529 112.604829 129.469191 256.000000 221.695948 141.484129 59.406167 0.000000 8.669578 149.081049 63.577829 256.000000 252.239538
93.893076 64.336336 64.000000 29.618548 91.993124 59.600613 256.000000 256.172041 69.914229 223.583371 64.000000 29.282951 73.785609 221.487202 256.000000 239.689087 34.438675 212.674455 64.000000 10.029174 35.939467 213.739004 256.000000 239.331978 26.253964 21.813622 0.000000 25.961406 27.902885 25.961371 256.000000 224.032216
114.496018 120.833876 64.000000 16.018282 113.048436 126.113102 256.000000 232.835172 39.181495 122.603773 64.000000 15.403022 43.709013 123.401373 256.000000 252.742932 14.782733 167.770560 64.000000 11.629712 7.310220 172.142651 256.000000 242.382464 148.274682 141.929867 0.000000 30.242413 132.176822 131.090789 256.000000 224.832485
106.164738 20.007655 0.000000 9.624737 202.340300 30.829687 256.000000 241.225086 45.174371 94.850118 0.000000 41.213839 58.268271 91.865520 256.000000 205.793834 131.527216 122.963213 64.000000 38.305336 122.757565 103.821824 256.000000 219.738301 89.105031 155.075776 0.000000 17.459626 84.315796 157.322756 256.000000 225.331577
195.208287 94.690565 64.000000 17.248803 194.819473 95.400975 256.000000 242.477120 130.691471 114.655087 0.000000 18.281407 130.434216 113.352582 256.000000 240.553893 21.330265 88.056145 64.000000 25.556969 28.146900 85.063984 256.000000 219.548991 97.499765 36.890596 0.000000 19.438785 92.297222 32.846067 256.000000 234.069996
80.592340 84.442149 0.000000 14.718921 77.998862 87.980136 256.000000 229.978299 95.499567 190.495865 0.000000 23.913406 93.673945 193.031696 256.000000 240.867977 76.820944 73.232638 64.000000 20.208936 74.242773 75.298740 256.000000 234.194769 154.697218 33.937091 64.000000 42.487385 145.230496 37.444760 256.000000 227.818434
76.686089 94.682004 64.000000 13.376535 74.836489 95.817151 256.000000 233.381592 150.424771 41.788862 64.000000 8.833074 150.526064 40.276320 256.000000 237.322701 68.890420 18.264289 0.000000 20.527323 65.687898 18.653804 256.000000 228.136820 89.785916 43.429000 64.000000 33.034749 88.112218 47.741267 256.000000 212.686471
74.642213 148.151905 0.000000 27.979288 71.921322 146.025013 256.000000 237.679810 34.144845 123.532260 0.000000 19.081676 37.672464 127.908742 256.000000 235.640415 4.875125 86.550467 0.000000 30.423119 12.482235 87.513915 256.000000 220.710671 56.470044 56.806998 64.000000 9.164368 56.512636 58.554900 256.000000 237.722835
31.112453 25.280509 64.000000 13.139896 30.316035 26.897095 256.000000 246.362295 4.763985 131.091376 0.000000 11.337140 8.067956 133.378438 256.000000 252.859100 173.890985 37.565131 64.000000 12.877442 180.354458 20.076735 256.000000 249.485925 151.941876 50.780047 64.000000 21.882617 150.941267 53.180915 256.000000 243.815203
49.885091 119.559242 64.000000 26.340027 47.290105 115.830956 256.000000 230.034232 104.937716 211.947691 64.000000 14.366114 102.734811 212.861200 256.000000 249.176143 100.934615 51.768831 64.000000 17.532769 99.247660 50.494000 256.000000 231.793962 130.924116 96.402669 0.000000 21.465272 129.605998 96.426053 256.000000 249.150328
60.061962 136.356849 64.000000 14.370417 49.133547 148.239076 256.000000 238.449961 49.363851 83.144456 0.000000 14.572635 57.778165 84.433376 256.000000 229.939576 142.348431 126.465167 64.000000 24.094112 141.456529 124.016318 256.000000 242.214666 52.212576 60.657311 64.000000 14.323089 58.825680 59.606633 256.000000 239.960145
21.004871 196.292951 64.000000 20.656399 18.750184 195.534818 256.000000 232.650164 38.894698 8.981445 0.000000 10.416401 20.254798 0.551256 256.000000 237.283978 118.433591 133.047058 0.000000 10.024872 120.791416 130.985516 256.000000 232.951340 170.316742 44.902938 0.000000 33.895253 166.304284 56.071504 256.000000 231.690702
59.368589 211.359625 64.000000 15.269643 56.544825 212.494982 256.000000 248.797522 22.380451 133.679298 64.000000 10.274418 21.531140 132.988784 256.000000 235.601693 120.317113 97.598700 0.000000 10.076502 132.758327 91.373336 256.000000 251.585554 13.656287 63.185929 0.000000 10.532569 11.295011 66.024895 256.000000 237.714230
