33.375735 146.919649 64.000000 21.181306 32.973700 145.102915 256.000000 225.335880 52.008969 48.048593 64.000000 22.992667 48.742478 41.668767 256.000000 258.435166 70.675113 96.419605 0.000000 11.074686 72.369653 104.238335 256.000000 242.270599 55.739924 45.150205 0.000000 9.401006 54.220564 44.331655 256.000000 249.356849
161.566547 118.253775 0.000000 17.730685 161.588829 116.331696 256.000000 240.708784 88.265982 131.198687 0.000000 13.040938 83.687658 135.297049 256.000000 238.888818 142.983975 56.088962 0.000000 38.821638 141.218182 56.652962 256.000000 231.023811 91.709065 69.476822 64.000000 10.863863 90.823562 68.257062 256.000000 248.672748
23.079665 119.896364 64.000000 30.311253 22.858191 113.349829 256.000000 235.347844 42.990698 68.049175 64.000000 15.958047 39.475462 70.606084 256.000000 250.286193 85.150622 13.599844 64.000000 22.063323 82.363233 10.367373 256.000000 254.266024 37.005765 21.943620 64.000000 13.230249 36.310262 23.348309 256.000000 237.770163
55.518949 97.631336 0.000000 21.060835 16.074195 163.566962 256.000000 227.147241 103.983336 202.966805 0.000000 13.079661 100.440244 205.259064 256.000000 245.493186 60.797484 221.975636 0.000000 10.141040 62.128973 221.668316 256.000000 251.968479 137.268584 15.051349 64.000000 21.099558 134.575720 14.226598 256.000000 235.760886
38.135935 144.541271 64.000000 19.770079 31.734284 143.199116 256.000000 219.811444 165.945882 78.191609 64.000000 20.811289 165.316131 79.457242 256.000000 219.604923 97.989898 143.792695 64.000000 43.089738 96.881940 135.548073 256.000000 226.755712 100.227675 25.756709 64.000000 19.154819 97.630991 24.695044 256.000000 250.342126
107.323982 203.313895 0.000000 37.130748 102.943307 196.974353 256.000000 215.401361 62.818565 67.727082 64.000000 24.257608 60.489845 57.779898 256.000000 226.032888 98.870684 134.597911 0.000000 12.292300 97.568776 136.159311 256.000000 254.752209 2.442458 46.940722 64.000000 11.100502 2.412425 48.579965 256.000000 243.625892
110.980307 39.017276 64.000000 29.450749 110.314520 40.880665 256.000000 255.100713 24.344376 34.909791 0.000000 10.437914 0.733487 29.365676 256.000000 234.921895 78.265722 62.911685 0.000000 27.269372 72.669253 66.207731 256.000000 227.211779 39.835785 75.258318 64.000000 8.884704 41.575896 75.208858 256.000000 253.229117
54.616044 0.193547 0.000000 26.383053 46.917902 11.652038 256.000000 215.461597 3.970445 113.541895 0.000000 12.713947 3.927513 112.179229 256.000000 244.576749 153.700075 142.762785 64.000000 23.706885 151.518924 146.614142 256.000000 234.655138 99.186547 201.844549 0.000000 24.352263 99.869831 199.700635 256.000000 243.234363
63.032120 138.717289 0.000000 18.935391 54.930244 147.083993 256.000000 244.809085 26.864447 56.054575 0.000000 21.861104 38.404309 35.697082 256.000000 229.139308 27.809251 37.434085 0.000000 22.170886 32.371575 38.034895 256.000000 224.053729 103.634538 165.620035 64.000000 19.103189 98.331653 169.306302 256.000000 209.136892
38.531262 139.901615 0.000000 9.009477 32.591716 147.580916 256.000000 261.507166 74.490836 168.381029 0.000000 12.176132 96.983411 164.893136 256.000000 207.695548 23.808085 126.217093 0.000000 9.839863 26.788376 127.805269 256.000000 230.344013 151.705800 11.905265 0.000000 23.194885 150.335380 15.406575 256.000000 245.222127
48.939193 121.161293 64.000000 18.784802 66.084849 120.823855 256.000000 232.417828 126.987675 119.396747 64.000000 17.463929 126.028576 118.636569 256.000000 248.100513 118.639684 183.737096 0.000000 19.154819 115.838645 185.498747 256.000000 252.028714 103.123578 77.453435 64.000000 14.383324 101.734740 79.157969 256.000000 245.777152
11.766098 120.078949 64.000000 19.391458 16.382707 123.211927 256.000000 249.800009 9.267062 20.964173 0.000000 39.096999 148.260442 79.160940 256.000000 218.916520 151.416867 19.853464 64.000000 15.936534 152.022404 21.110580 320.000000 256.352747 75.312740 12.966951 64.000000 10.829443 78.306480 12.798785 256.000000 229.715845
77.604131 78.768571 64.000000 22.738818 73.498882 85.034535 256.000000 244.357321 191.315395 89.468302 64.000000 14.658686 196.609640 96.271384 256.000000 248.264009 42.557536 19.329831 64.000000 9.740905 41.343715 19.383675 256.000000 239.241625 15.537536 151.938358 0.000000 12.223459 12.329438 151.787907 256.000000 233.403105
45.930360 179.535455 0.000000 9.508569 43.202429 180.051138 256.000000 264.170425 98.360329 74.379551 0.000000 26.297002 94.694455 76.318693 256.000000 232.594231 62.993362 60.839411 0.000000 9.736603 69.209945 61.415104 256.000000 246.211707 165.348235 20.892671 64.000000 17.119727 164.736238 20.136209 256.000000 244.968279
17.129778 56.386022 64.000000 8.979359 9.179476 50.325176 256.000000 253.108647 179.955591 65.637891 64.000000 36.442344 176.763462 68.254240 256.000000 205.742204 72.869818 92.369965 0.000000 17.846853 72.768142 83.334385 256.000000 238.062734 70.071464 81.608049 0.000000 8.970754 70.774315 79.532845 256.000000 223.933258
80.983925 61.557275 64.000000 23.293843 75.659500 56.919067 256.000000 236.952684 36.688633 231.815058 64.000000 20.600466 32.564958 232.072155 256.000000 246.271942 6.841082 177.779858 0.000000 17.799525 14.722051 187.105925 256.000000 243.488212 17.457973 139.377976 64.000000 32.643219 32.364325 142.490380 256.000000 228.541257
94.667820 102.690209 64.000000 33.671522 95.388856 90.139018 256.000000 227.938905 69.180649 34.423909 64.000000 13.217341 75.598035 36.386091 256.000000 233.097626 91.476133 161.349276 0.000000 35.844294 85.764629 158.032751 256.000000 218.658369 78.419305 105.344575 0.000000 30.405909 77.906555 103.693584 256.000000 231.307778
81.242320 48.158545 64.000000 17.132635 79.009900 47.323480 256.000000 239.878398 108.507429 216.244851 0.000000 10.291628 106.661011 218.322564 256.000000 239.942935 47.962040 33.564035 0.000000 20.759659 39.736256 42.857185 256.000000 230.985089 156.198555 143.840356 0.000000 16.513072 159.704675 138.990362 256.000000 244.671405
41.921765 182.197856 64.000000 51.707685 38.450113 182.291069 256.000000 201.861331 169.166065 43.027625 64.000000 23.745608 166.498491 39.978662 256.000000 220.263209 125.017922 11.136875 64.000000 21.787961 125.068467 11.186591 256.000000 241.616616 101.721022 62.361316 0.000000 36.369202 91.529267 65.450353 256.000000 229.707240
29.381960 81.991144 64.000000 18.961206 39.770824 76.293391 256.000000 217.599949 111.966315 66.729235 64.000000 15.841879 112.118400 69.714047 256.000000 251.525319 40.207080 146.475033 64.000000 21.482482 33.258915 148.172856 256.000000 236.539642 161.774140 76.356115 64.000000 14.525308 160.938340 79.269695 256.000000 245.101657
72.942876 174.510153 64.000000 8.678183 72.935331 175.652227 256.000000 243.307506 121.834673 90.374844 0.000000 14.684501 120.632485 88.024182 256.000000 233.058903 124.456796 20.712153 64.000000 13.944467 126.527349 10.190551 256.000000 243.402161 148.006478 0.278442 0.000000 54.482811 143.214396 9.506500 256.000000 203.289767
99.089029 73.494718 64.000000 39.114209 53.255862 54.557236 256.000000 229.517929 124.382680 104.121811 64.000000 34.846109 120.939525 98.889824 256.000000 207.312624 18.229096 55.342155 64.000000 20.682214 21.285827 57.559944 256.000000 237.335608 98.219449 154.243025 64.000000 234.840147 96.511273 150.019949 256.000000 27.097271
90.623620 190.319689 0.000000 10.795023 88.310375 195.452025 256.000000 231.596047 76.191195 98.129945 0.000000 13.316299 82.417433 92.809682 256.000000 230.189123 65.966607 108.024138 0.000000 92.740819 66.438907 108.865060 256.000000 162.355592 117.976671 81.323738 64.000000 12.270787 115.243102 83.453418 256.000000 236.513827
40.217449 80.783911 64.000000 14.039123 41.231451 96.204969 256.000000 223.812788 137.380255 155.574627 0.000000 15.626753 141.056645 150.474584 256.000000 235.218768 92.757333 191.152113 0.000000 15.033005 95.058691 191.437778 256.000000 236.776281 151.901049 56.908913 0.000000 26.116296 147.997085 62.667525 256.000000 215.039950
110.636747 149.719025 0.000000 27.919052 98.778967 144.314042 256.000000 224.471073 5.676447 16.418711 0.000000 20.944667 16.208029 15.957409 256.000000 230.757055 166.374793 140.078702 64.000000 13.152804 166.457475 140.013105 256.000000 253.599134 12.574342 115.355069 64.000000 14.120871 2.905271 112.718682 256.000000 232.843777
3.605233 89.829051 0.000000 19.606584 1.326402 77.063624 256.000000 229.294198 163.349582 68.993985 0.000000 23.616532 163.795302 72.958098 256.000000 230.787173 169.631831 32.063429 64.000000 56.427550 169.293662 33.547340 256.000000 188.213737 58.760845 98.979018 64.000000 32.255992 45.742220 90.178942 256.000000 231.157190
22.302367 13.780002 64.000000 34.093168 21.065949 20.882975 256.000000 238.170297 162.396082 157.166169 64.000000 35.186009 159.418980 153.910520 256.000000 238.755440 11.139053 140.219680 64.000000 18.023256 14.246484 139.982996 256.000000 248.492043 93.060740 84.295367 64.000000 10.011964 93.294835 89.459287 256.000000 250.682025
66.513080 33.341609 0.000000 27.157506 60.694647 37.995367 256.000000 245.312480 19.256665 20.994462 64.000000 14.047728 23.530936 19.781402 320.000000 243.367741 75.862753 79.106033 64.000000 12.025543 92.114047 40.877536 256.000000 243.453792 41.282485 96.886015 64.000000 10.855258 42.372475 95.191016 256.000000 241.379977
132.299351 112.659469 64.000000 10.394888 132.538487 111.445355 256.000000 223.550334 26.475280 94.457253 0.000000 14.129476 11.066947 93.779413 256.000000 245.944951 35.588591 58.633684 0.000000 19.357037 39.532822 60.909033 256.000000 239.805255 34.491671 142.342140 0.000000 28.512800 22.526360 136.291269 256.000000 225.761829
80.531773 195.532182 64.000000 40.039251 76.005631 198.973893 256.000000 179.242983 170.281976 118.606555 64.000000 40.168327 165.353196 116.893511 256.000000 208.470002 41.312635 159.526489 64.000000 9.465544 43.598678 160.349695 256.000000 243.699035 100.545325 54.909860 0.000000 53.768592 98.397525 57.010196 256.000000 199.697163
60.996771 102.697642 64.000000 10.308838 64.664429 105.205053 256.000000 248.616816 102.213271 18.808924 0.000000 21.099558 99.679078 17.852733 256.000000 255.350259 139.233920 86.963915 0.000000 32.565774 136.470338 90.050258 256.000000 224.578636 21.980498 26.896685 64.000000 29.463657 20.862264 37.833138 256.000000 210.707312
80.469416 185.926373 0.000000 37.513672 78.412244 181.744404 256.000000 225.598334 8.320491 47.894367 64.000000 12.666619 4.747907 49.654144 256.000000 254.696276 41.000551 62.106598 0.000000 40.245772 8.264296 70.235424 256.000000 202.467986 38.234715 101.464567 0.000000 11.771695 33.615055 104.709889 256.000000 249.597790
