58.373785 77.497036 0.000000 20.828499 53.697153 80.490620 256.000000 244.538027 23.079665 119.896364 64.000000 30.311253 22.858191 113.349829 256.000000 235.347844 34.621905 144.374791 64.000000 12.318115 64.273525 194.261818 256.000000 267.900710 165.275338 63.736209 64.000000 30.216598 164.019822 65.284109 256.000000 215.582067
74.630745 143.013249 0.000000 27.609271 90.058278 142.018391 256.000000 232.968550 33.682318 171.988120 64.000000 72.880386 35.508538 169.716615 256.000000 178.941807 54.516300 54.771025 0.000000 13.643291 60.864553 56.003304 256.000000 260.973653 25.086847 44.216236 0.000000 22.127860 22.591904 45.058098 256.000000 241.775809
43.428876 76.231756 64.000000 13.634686 42.648049 72.821784 256.000000 252.033017 134.575671 128.971527 64.000000 26.770279 193.060105 57.957691 256.000000 249.348244 109.356896 214.496005 64.000000 16.822853 117.116356 210.535393 256.000000 250.187235 77.497938 88.985891 0.000000 30.715690 72.875505 99.521111 256.000000 225.099241
89.560045 183.848382 64.000000 10.747695 88.494069 183.940885 256.000000 226.355577 92.678140 121.839024 0.000000 26.314212 92.213302 116.312642 256.000000 233.351475 56.218849 151.250540 0.000000 15.153475 56.268862 150.566485 256.000000 233.928012 21.228198 11.986282 64.000000 36.980159 20.187813 11.556365 256.000000 216.958874
188.082965 59.999178 0.000000 31.941908 185.146349 58.989671 256.000000 212.049698 100.621965 80.913535 0.000000 45.998241 103.110373 80.420998 256.000000 207.544960 103.983336 202.966805 0.000000 13.079661 100.440244 205.259064 256.000000 245.493186 80.628125 184.905969 0.000000 13.690619 74.208142 199.010944 256.000000 247.016278
52.253673 218.870271 0.000000 36.240126 39.232549 210.818764 256.000000 226.837459 20.501624 207.123064 0.000000 13.350720 23.276420 197.984784 256.000000 241.225086 21.791989 75.227451 0.000000 15.566517 26.627236 78.584315 256.000000 245.712615 21.279987 50.342884 64.000000 10.007662 17.944264 50.554445 256.000000 252.045924
60.896091 222.667844 0.000000 10.859560 67.294905 225.239976 256.000000 233.394500 38.052011 117.575047 64.000000 9.388099 37.053775 120.109520 256.000000 260.995166 72.134393 58.652611 64.000000 13.621778 81.874384 53.172458 256.000000 234.952012 65.855938 48.731964 64.000000 8.936334 67.952740 44.267062 256.000000 260.728409
21.004871 196.292951 64.000000 20.656399 18.750184 195.534818 256.000000 232.650164 120.566702 171.174675 0.000000 38.077302 119.743285 169.171515 256.000000 230.214938 50.967238 62.188538 64.000000 8.699695 49.592733 59.912065 256.000000 255.251302 56.140467 37.750471 0.000000 18.358853 44.333902 31.624933 256.000000 236.453592
50.080778 83.394193 64.000000 11.715762 52.459424 81.479516 256.000000 255.242696 34.808618 77.658471 0.000000 21.938549 44.048896 77.742629 256.000000 220.689158 92.764442 30.652949 64.000000 24.610414 90.143807 31.276956 256.000000 227.504350 88.673895 31.046265 64.000000 31.124430 89.829105 38.183251 256.000000 226.101729
156.125245 116.726785 64.000000 34.015723 153.466513 115.334644 256.000000 231.531509 131.869556 115.976300 0.000000 20.445575 134.939680 112.544822 256.000000 236.815003 1.084342 89.236000 0.000000 27.613573 21.978064 82.761682 256.000000 217.952756 58.052636 225.685075 64.000000 49.466072 57.082967 224.507498 256.000000 231.884315
63.304462 2.971869 0.000000 18.573979 63.876173 5.497211 256.000000 237.546432 19.475255 101.299287 64.000000 18.061979 23.248405 103.874829 256.000000 233.192281 131.229369 99.171653 0.000000 31.692362 124.735569 97.548769 256.000000 225.611241 46.155164 184.400431 64.000000 9.035292 48.500418 187.267662 256.000000 249.103000
13.299925 106.700336 0.000000 14.792064 18.575325 98.003398 256.000000 242.885859 114.879025 144.677905 64.000000 16.061307 113.676151 145.417282 256.000000 252.764445 132.442878 41.438422 64.000000 14.822181 134.209129 43.463771 256.000000 261.782527 57.986169 70.435680 0.000000 20.583256 68.104260 59.362458 256.000000 239.013591
16.615855 91.183125 64.000000 9.413914 17.478371 91.528740 256.000000 249.606395 69.914229 223.583371 64.000000 29.282951 73.785609 221.487202 256.000000 239.689087 185.202273 106.348053 0.000000 9.000872 187.147735 105.299016 256.000000 233.076113 157.415973 160.637811 0.000000 8.751326 158.073685 162.645442 256.000000 262.139636
63.034380 44.855225 0.000000 40.379150 63.511016 45.605549 256.000000 214.678538 97.741644 158.649615 64.000000 19.778684 108.306293 157.300122 256.000000 248.698564 24.025065 138.670669 0.000000 13.815392 8.837680 150.414669 256.000000 241.999540 20.710113 58.075004 64.000000 24.730885 29.373673 52.053996 256.000000 219.643646
155.521615 37.703571 0.000000 13.965980 163.280215 46.213355 256.000000 249.038463 113.449831 20.605591 64.000000 13.626081 112.626104 18.324498 256.000000 242.752481 72.449498 129.064207 64.000000 74.566974 68.949367 130.917298 256.000000 198.230004 161.316227 38.948985 64.000000 34.523420 161.523695 43.058760 256.000000 217.810772
34.931145 9.648905 64.000000 31.085707 38.173145 16.221518 256.000000 247.407808 29.239680 149.739835 64.000000 12.821510 33.341464 150.186856 256.000000 257.191738 43.004689 108.808224 64.000000 28.813976 40.599342 107.416838 256.000000 225.671477 143.202071 16.856749 0.000000 28.990380 139.576935 15.368255 256.000000 222.083175
24.392829 105.426544 64.000000 9.091225 19.277140 109.523236 256.000000 245.097354 61.920364 105.716627 0.000000 27.613573 63.386567 103.370213 256.000000 228.653123 7.629267 101.391305 0.000000 21.486785 9.283584 97.280656 256.000000 238.669389 29.986216 175.370064 64.000000 58.195886 30.426882 144.158616 256.000000 206.047683
7.665985 166.410100 64.000000 18.991323 6.955175 165.139015 256.000000 243.918464 157.725207 52.121871 64.000000 24.339356 156.144424 53.131524 256.000000 222.960889 73.071093 179.538155 64.000000 31.696665 77.068580 184.090500 256.000000 231.888618 83.858400 77.567622 64.000000 44.707485 77.469244 83.440865 256.000000 203.590944
64.109078 170.855984 64.000000 31.675152 61.882016 169.720016 256.000000 224.182805 113.474164 117.114655 64.000000 35.564630 106.710496 117.216562 256.000000 228.468115 142.379885 118.598629 0.000000 22.028902 139.141715 119.957005 320.000000 223.206133 46.241369 178.547485 64.000000 15.136265 34.600342 192.275784 256.000000 263.624005
72.654287 146.215085 0.000000 22.386012 56.808718 154.967075 256.000000 229.397459 114.644173 195.086160 0.000000 9.999056 118.646240 195.334407 256.000000 236.173928 103.755598 46.055100 0.000000 34.493303 98.749391 50.232645 256.000000 227.108518 163.169618 162.807631 0.000000 24.511456 154.146571 178.700358 256.000000 211.757127
67.062444 184.588085 64.000000 39.815520 66.708545 178.657651 256.000000 216.317798 48.036545 135.838311 64.000000 46.536056 50.327805 129.741871 256.000000 213.159748 14.045885 184.637504 64.000000 39.183050 12.424127 178.620307 256.000000 222.238066 44.533098 208.825487 0.000000 8.794351 47.987598 211.600984 256.000000 263.103401
166.202660 71.847038 64.000000 16.775525 166.689165 75.093273 256.000000 246.882900 47.124589 10.764462 0.000000 17.364971 56.820447 16.095051 256.000000 232.757727 28.424735 113.891418 0.000000 18.156634 24.725631 112.322067 256.000000 248.139236 57.912213 36.576029 0.000000 30.285438 33.289078 54.111567 256.000000 239.220112
68.045887 55.349971 64.000000 12.442888 71.854453 56.422498 256.000000 253.840075 45.748011 14.723320 64.000000 20.277777 47.710165 14.722842 256.000000 228.975812 14.217020 142.817329 0.000000 11.694249 19.934987 148.222665 256.000000 233.682769 10.918882 72.038024 0.000000 24.928801 19.156651 43.661551 256.000000 225.340182
31.064222 113.639178 0.000000 21.366314 26.660300 112.214151 256.000000 236.776281 40.773527 187.026171 0.000000 29.416329 41.050565 183.031842 256.000000 238.118667 15.403065 129.376216 0.000000 42.564830 19.625831 131.507342 256.000000 205.406607 51.711527 53.298933 64.000000 13.574451 52.733547 57.017896 256.000000 219.256419
49.640147 113.028795 64.000000 11.074686 51.048415 120.879238 256.000000 235.743676 82.854584 159.863300 0.000000 37.604025 78.893164 153.371364 256.000000 224.570031 87.539524 151.322829 0.000000 38.899083 73.146418 137.240216 256.000000 215.711143 118.441589 48.513993 0.000000 11.388770 118.479262 43.487067 256.000000 239.392213
101.137956 31.597565 64.000000 17.390786 100.454415 32.649235 256.000000 242.778296 28.279951 124.210575 0.000000 22.480667 28.494655 121.001169 256.000000 242.735271 121.646745 71.362347 64.000000 14.318787 121.262891 71.133645 256.000000 240.433423 53.398900 83.365705 0.000000 17.808130 45.555049 86.423829 256.000000 240.016078
181.194167 137.123191 0.000000 37.406109 181.992664 130.967693 256.000000 233.213794 171.253438 51.658509 64.000000 17.519861 174.438636 57.400975 256.000000 238.819978 137.978304 82.724676 0.000000 16.211895 147.448305 105.106871 256.000000 233.484853 21.980498 26.896685 64.000000 29.463657 20.862264 37.833138 256.000000 210.707312
27.782458 117.830753 0.000000 25.677439 31.767049 114.080293 256.000000 236.070667 88.109875 36.412302 0.000000 52.877971 89.813898 26.285031 256.000000 204.799952 55.908742 11.989938 64.000000 19.877642 52.715431 11.706631 256.000000 239.065221 72.207015 61.908698 0.000000 9.172973 72.561862 58.157789 256.000000 248.251101
99.186547 201.844549 0.000000 24.352263 99.869831 199.700635 256.000000 243.234363 4.992951 181.424720 0.000000 19.202147 20.148673 187.752198 256.000000 249.240681 82.519460 9.956218 64.000000 12.184737 80.994987 11.113695 256.000000 236.427777 64.906593 33.819460 0.000000 18.246987 59.952438 33.324735 256.000000 251.017622
134.867638 175.733113 64.000000 29.756228 131.278053 170.870835 256.000000 212.294942 111.787004 173.242725 0.000000 36.334781 110.296604 171.861860 256.000000 217.277260 17.149898 17.441598 0.000000 43.593133 15.685915 18.975369 256.000000 209.868321 153.561538 171.973191 0.000000 36.442344 151.285382 168.335444 256.000000 217.135277
64.068427 31.294415 0.000000 27.893237 63.823462 34.800502 256.000000 213.908387 26.652920 118.370676 64.000000 9.775325 22.983507 116.779675 256.000000 233.884987 16.206864 203.503047 64.000000 12.950585 28.679293 233.255189 256.000000 269.686256 92.757333 191.152113 0.000000 15.033005 95.058691 191.437778 256.000000 236.776281
44.628633 157.948949 64.000000 12.821510 41.575627 159.430987 256.000000 230.856013 68.731215 108.770493 0.000000 13.359325 65.598336 113.315849 256.000000 246.289152 28.203442 39.138742 0.000000 20.445575 13.961553 42.309956 256.000000 230.791475 74.813996 90.356696 64.000000 13.376535 73.323875 88.126531 256.000000 248.801824
