92.678140 121.839024 0.000000 26.314212 92.213302 116.312642 256.000000 233.351475 106.783965 58.334618 0.000000 13.458283 111.159164 48.874620 256.000000 246.241825 62.738049 59.141696 64.000000 43.111250 52.687965 61.073667 256.000000 216.614672 124.053538 53.369256 0.000000 48.472190 125.107080 52.732958 256.000000 220.525663
51.077496 152.710075 0.000000 9.091225 59.288522 156.780133 256.000000 246.125657 27.117231 199.187736 0.000000 23.504667 33.596487 198.629398 256.000000 243.471002 137.368495 43.392511 0.000000 22.893709 138.365158 47.399511 256.000000 223.610569 16.412989 82.842938 0.000000 15.037307 11.401558 91.574504 256.000000 224.397931
65.251740 120.387402 0.000000 10.635829 60.711985 124.179115 256.000000 239.331978 22.338982 52.499553 0.000000 16.736803 30.623811 55.126027 256.000000 224.501191 16.718587 59.277605 0.000000 20.905945 6.692265 65.552684 256.000000 228.700451 93.356744 85.838062 64.000000 15.742921 91.269049 87.936707 256.000000 225.503678
69.221236 71.078984 64.000000 25.935591 63.253809 65.758380 256.000000 232.314567 118.789080 103.718982 0.000000 17.485441 117.735893 102.700645 256.000000 216.584554 134.575671 128.971527 64.000000 26.770279 193.060105 57.957691 256.000000 249.348244 16.786573 58.129567 0.000000 19.085979 5.849565 58.308158 256.000000 236.315911
52.271455 39.228616 64.000000 13.845509 54.465058 41.480085 256.000000 249.146026 106.496340 54.105207 0.000000 31.584799 103.714418 54.746687 256.000000 241.375675 36.652802 95.104833 64.000000 9.792536 41.236985 95.820011 256.000000 240.442028 172.744796 113.400751 64.000000 33.421975 170.967255 113.522273 256.000000 240.067708
140.516238 76.090400 0.000000 12.193342 142.077456 72.650993 256.000000 257.428377 179.207438 18.132211 0.000000 34.669706 163.233793 19.172838 256.000000 228.644518 140.305331 57.665624 0.000000 17.975929 141.904100 62.363633 256.000000 250.836916 186.151082 81.333445 64.000000 38.206378 182.692175 82.136567 256.000000 231.776752
150.369575 122.179767 64.000000 10.377678 152.552218 121.064765 256.000000 249.658026 135.751795 60.646900 64.000000 13.518518 135.577196 58.976056 256.000000 261.786829 98.408904 82.428738 0.000000 34.368530 96.186482 103.021316 256.000000 213.465227 165.287056 55.697962 0.000000 13.114081 166.013711 56.938884 256.000000 259.764645
20.063862 26.679491 64.000000 14.417745 21.390322 27.271420 256.000000 242.735271 130.875251 17.905333 64.000000 22.596835 130.069482 18.780515 256.000000 229.862131 114.675327 2.663184 64.000000 21.929944 112.887947 2.878707 256.000000 255.591201 41.000551 62.106598 0.000000 40.245772 8.264296 70.235424 256.000000 202.467986
19.711635 99.622204 0.000000 16.857273 26.087296 102.134556 256.000000 234.194769 125.017922 11.136875 64.000000 21.787961 125.068467 11.186591 256.000000 241.616616 22.434842 105.241729 64.000000 21.848197 16.313800 122.831256 256.000000 240.622734 67.029325 42.250669 0.000000 9.327863 65.479020 42.162305 256.000000 256.912074
86.544967 118.230467 0.000000 21.942852 84.877275 117.538678 256.000000 246.194497 142.965671 185.970033 0.000000 23.990852 128.374420 198.523238 256.000000 234.599206 57.912213 36.576029 0.000000 30.285438 33.289078 54.111567 256.000000 239.220112 93.684138 38.207685 64.000000 15.385812 99.126371 42.825204 256.000000 252.235235
76.775320 121.437031 0.000000 39.329335 66.930407 116.192222 256.000000 227.865762 40.391856 103.092458 0.000000 13.875627 39.582524 100.230753 256.000000 251.955571 12.097740 184.303298 0.000000 16.013979 6.638180 185.440040 256.000000 226.596518 13.023582 118.162276 0.000000 18.061979 17.233620 117.933827 256.000000 227.104216
62.993362 60.839411 0.000000 9.736603 69.209945 61.415104 256.000000 246.211707 105.010367 68.173749 64.000000 14.908232 121.629629 84.296958 256.000000 224.587241 142.202940 85.072442 0.000000 10.214182 141.535887 85.068822 256.000000 251.103672 61.004900 88.603551 64.000000 18.806315 62.210115 83.504678 256.000000 232.607139
149.080335 89.049538 0.000000 21.189911 151.826773 73.488038 256.000000 232.628651 149.990075 73.149047 64.000000 23.311053 151.287745 78.148645 256.000000 247.627236 42.081087 111.896287 64.000000 13.135594 39.210564 114.513091 256.000000 233.248214 8.012373 17.407404 64.000000 24.481339 20.014867 16.045113 256.000000 216.958874
64.670518 69.867222 0.000000 14.060635 62.682458 69.769160 256.000000 247.123841 22.851545 50.075529 0.000000 43.735116 13.478780 44.748844 256.000000 185.296629 25.823909 87.685482 0.000000 12.176132 29.892762 87.371789 256.000000 223.141595 54.922053 118.752878 0.000000 27.084363 51.834118 111.124515 256.000000 214.338639
48.587464 195.872418 64.000000 23.285238 49.182605 193.615165 256.000000 244.365926 36.183893 111.894235 64.000000 25.367658 31.793655 109.080153 256.000000 226.867577 10.295047 160.512218 0.000000 53.970811 9.389993 157.989240 256.000000 200.931987 70.186109 181.051036 64.000000 12.834417 68.506467 181.893551 256.000000 255.810629
39.174573 23.124373 64.000000 26.503523 37.330111 25.536676 256.000000 230.726938 110.342593 176.102935 64.000000 10.691762 110.248924 176.638753 256.000000 245.148985 79.500758 214.649080 0.000000 34.540631 78.767962 213.942140 256.000000 211.223614 45.121409 180.409398 64.000000 9.844166 62.696398 194.160133 256.000000 239.280347
7.629267 101.391305 0.000000 21.486785 9.283584 97.280656 256.000000 238.669389 129.047360 119.633291 64.000000 26.619691 124.054211 118.494016 256.000000 231.957458 65.918182 120.615969 0.000000 13.139896 65.741402 118.790269 256.000000 241.255204 13.555787 59.993227 64.000000 16.655055 17.883084 57.413640 256.000000 232.632954
33.434273 104.462471 64.000000 14.546820 13.259400 112.166098 256.000000 233.394500 122.913582 62.388816 0.000000 16.401206 123.580084 59.200880 256.000000 218.215209 185.809175 80.042507 64.000000 42.513200 179.344753 75.887973 256.000000 229.909459 185.373695 123.401415 64.000000 33.357438 183.118020 122.683873 256.000000 239.375003
80.822089 145.803753 0.000000 16.723895 82.602307 144.003569 256.000000 259.635569 164.969500 56.547204 64.000000 28.327792 161.786822 57.578282 256.000000 226.983745 9.884460 14.019413 0.000000 18.642819 15.113724 13.098302 256.000000 222.814603 28.998175 10.119724 0.000000 9.233208 25.867293 10.235164 256.000000 241.259506
61.327762 97.307067 64.000000 9.577410 62.191680 95.845491 256.000000 239.736414 168.783373 140.140029 0.000000 50.541702 161.636398 134.392633 256.000000 204.580523 69.534375 51.584762 0.000000 70.819479 90.166595 51.595124 256.000000 171.403792 34.621905 144.374791 64.000000 12.318115 64.273525 194.261818 256.000000 267.900710
132.442878 41.438422 64.000000 14.822181 134.209129 43.463771 256.000000 261.782527 1.413891 173.300456 64.000000 23.108835 39.278069 187.473482 256.000000 220.254604 97.304304 12.048496 64.000000 16.065610 91.853062 15.975922 256.000000 237.916448 83.095093 53.948709 64.000000 16.685173 84.520042 45.816391 256.000000 217.242840
38.483122 82.871542 0.000000 14.017610 43.642791 77.601478 256.000000 230.692517 55.710364 21.494082 64.000000 32.974513 59.813431 27.896309 256.000000 247.945623 3.399960 49.322305 64.000000 9.934519 4.468853 46.371215 256.000000 244.744548 35.778347 169.806564 0.000000 24.851356 43.863322 170.468775 256.000000 226.833157
184.279813 124.049638 0.000000 40.443688 180.430545 115.849658 256.000000 204.145969 9.379298 173.432851 0.000000 13.527123 12.155849 177.451769 256.000000 257.023940 19.538933 112.978591 0.000000 8.927729 16.000482 122.827129 256.000000 246.185892 70.432151 84.458938 64.000000 14.370417 71.337058 73.247193 256.000000 246.396715
44.816851 94.994595 64.000000 33.030446 40.199949 81.098571 256.000000 218.529293 131.513282 59.005907 64.000000 9.753813 131.716716 59.707889 256.000000 236.406264 58.220095 174.707680 64.000000 11.384468 221.087651 253.837624 256.000000 209.494001 139.658076 88.439284 64.000000 58.677768 137.926760 90.201202 256.000000 201.366541
61.920364 105.716627 0.000000 27.613573 63.386567 103.370213 256.000000 228.653123 68.073929 116.671867 64.000000 12.098686 74.722451 130.924273 256.000000 242.042565 157.543418 117.825015 64.000000 12.713947 160.341291 115.621169 256.000000 243.569960 48.400620 206.119347 0.000000 9.603225 60.396851 215.309384 256.000000 257.768276
26.070609 150.403436 0.000000 17.644635 22.786273 150.544596 256.000000 234.125928 151.300249 153.870095 0.000000 12.756972 146.854976 152.464176 256.000000 228.687543 19.939627 76.819885 0.000000 12.567661 7.207902 75.780896 256.000000 222.431679 39.304918 95.981740 0.000000 16.861576 30.724207 98.526136 256.000000 236.892449
26.067302 148.799291 0.000000 28.603153 30.220965 146.584818 256.000000 232.959945 95.499567 190.495865 0.000000 23.913406 93.673945 193.031696 256.000000 240.867977 57.986245 112.348387 0.000000 42.999385 68.109024 104.944884 256.000000 211.516186 22.093891 106.327902 0.000000 23.582112 29.680762 106.491115 256.000000 244.353018
41.894729 128.676638 0.000000 26.770279 55.655640 115.037045 256.000000 214.334336 168.240135 11.302418 0.000000 41.906545 157.115229 6.542258 256.000000 206.370372 92.439795 65.796035 64.000000 15.902114 90.910322 62.362502 256.000000 241.281019 49.576649 73.565502 64.000000 17.197172 46.647031 70.089664 256.000000 226.544888
48.252062 199.269482 64.000000 24.369473 36.802178 202.660624 256.000000 221.949797 135.399129 23.478411 64.000000 44.797838 119.473100 32.817096 256.000000 221.906772 30.803400 141.084089 64.000000 24.313541 40.990182 140.551540 256.000000 235.360752 170.316742 44.902938 0.000000 33.895253 166.304284 56.071504 256.000000 231.690702
60.143769 149.743200 64.000000 25.010549 59.805822 147.700695 256.000000 227.805526 100.227675 25.756709 64.000000 19.154819 97.630991 24.695044 256.000000 250.342126 85.808625 134.040855 0.000000 9.000872 86.307085 133.054605 256.000000 259.880813 47.069705 153.587285 64.000000 12.903257 42.083744 158.445293 256.000000 237.391541
121.158158 70.727585 0.000000 24.003759 119.187722 80.728087 256.000000 230.584954 16.590156 27.671845 64.000000 13.243157 9.357991 26.881149 256.000000 249.421387 153.533331 17.327927 0.000000 18.255592 152.310335 15.746818 256.000000 243.251573 48.612869 53.563091 64.000000 40.133907 48.428425 55.623624 256.000000 207.162035
43.874738 162.946385 0.000000 42.891822 37.417649 128.111991 256.000000 247.110934 187.323293 46.449589 0.000000 20.862919 187.892516 49.807495 256.000000 227.801224 69.180649 34.423909 64.000000 13.217341 75.598035 36.386091 256.000000 233.097626 38.824896 37.357022 64.000000 9.947426 42.073756 36.990547 256.000000 246.241825
