43.874738 162.946385 0.000000 42.891822 37.417649 128.111991 256.000000 247.110934 81.390229 137.047847 64.000000 12.055661 79.605222 138.995145 256.000000 236.543945 103.634538 165.620035 64.000000 19.103189 98.331653 169.306302 256.000000 209.136892 150.043907 177.554867 0.000000 13.329207 149.310547 178.797511 256.000000 261.412510
41.548993 31.532424 64.000000 20.763962 56.945818 26.203604 256.000000 233.549391 45.910551 70.757933 64.000000 32.965908 50.223469 38.376344 256.000000 226.760014 75.475818 19.049284 0.000000 13.957375 74.825027 22.295689 256.000000 233.786029 107.606258 91.857258 64.000000 21.951457 109.809005 86.129151 256.000000 237.860516
21.361878 76.456105 64.000000 12.709644 18.311453 80.054353 256.000000 257.350931 39.346242 107.190235 64.000000 18.548164 38.393538 105.990764 256.000000 241.737086 52.271455 39.228616 64.000000 13.845509 54.465058 41.480085 256.000000 249.146026 96.447595 41.145758 0.000000 15.243828 95.498624 39.183069 256.000000 219.019781
158.178264 174.542102 64.000000 14.938349 153.535516 196.122684 256.000000 247.868177 170.281976 118.606555 64.000000 40.168327 165.353196 116.893511 256.000000 208.470002 37.787542 79.687278 0.000000 11.104804 40.687669 77.216804 256.000000 242.627708 161.316671 27.727533 64.000000 11.384468 173.847695 24.261209 256.000000 255.126528
106.151464 67.056064 0.000000 35.706613 28.370449 102.971085 256.000000 226.828854 25.922793 23.339127 64.000000 22.295659 0.955447 22.627789 256.000000 223.649292 11.388811 32.335258 0.000000 17.846853 19.680096 25.890320 256.000000 221.773393 86.550169 102.615980 64.000000 16.775525 101.133958 101.724747 256.000000 239.788045
116.420562 176.236607 0.000000 46.755485 102.588656 151.522051 256.000000 212.368085 153.156918 117.995475 0.000000 20.514415 147.714851 128.639500 256.000000 248.139236 165.719918 87.681795 0.000000 12.210552 171.576831 98.650355 256.000000 243.191338 8.702293 178.268000 0.000000 35.762546 14.497282 171.700444 256.000000 201.616087
137.633602 107.090860 0.000000 19.073071 137.457584 104.971020 256.000000 224.699107 82.114258 189.108198 64.000000 14.611358 82.421942 188.768529 320.000000 237.456079 153.561538 171.973191 0.000000 36.442344 151.285382 168.335444 256.000000 217.135277 105.769933 71.085262 64.000000 20.320802 104.874318 69.742893 256.000000 232.202702
30.601027 64.010555 0.000000 24.128532 25.637467 51.931947 256.000000 234.074298 174.797795 102.959762 64.000000 39.578881 171.058205 100.350580 256.000000 205.505565 153.319971 57.742800 0.000000 24.911591 151.904069 78.449427 256.000000 239.607339 122.023353 179.761607 0.000000 21.099558 122.151736 177.342455 256.000000 227.607611
151.245767 158.374260 64.000000 23.039995 151.359020 157.521287 256.000000 239.529893 97.770882 177.678844 0.000000 24.868566 97.492076 165.598325 256.000000 222.074570 32.105822 101.001431 0.000000 43.524292 36.515749 70.466213 256.000000 223.563242 93.893076 64.336336 64.000000 29.618548 91.993124 59.600613 256.000000 256.172041
55.035293 48.505095 0.000000 21.732029 54.992909 57.312585 256.000000 243.681825 67.748985 111.604560 0.000000 11.195157 60.514551 109.137133 256.000000 226.097426 36.803989 68.999505 64.000000 13.707829 32.946824 71.777545 256.000000 247.472345 20.659878 95.350716 64.000000 12.326720 21.410673 101.232367 256.000000 266.708912
86.217084 191.566978 0.000000 27.045641 84.526295 190.508815 256.000000 223.692317 125.398836 164.350667 0.000000 16.693778 121.587555 167.779255 256.000000 227.745291 97.214907 118.392118 0.000000 28.108363 98.051027 114.005069 256.000000 212.247614 3.210391 109.571593 64.000000 34.123286 9.343884 110.192595 256.000000 232.417828
26.893675 14.432065 64.000000 17.700567 25.493556 17.304205 256.000000 233.687071 104.795047 126.890469 64.000000 41.777469 106.481107 127.444922 256.000000 229.449089 87.539524 151.322829 0.000000 38.899083 73.146418 137.240216 256.000000 215.711143 14.392018 201.673547 64.000000 9.951729 13.891536 202.058235 256.000000 262.664543
62.421984 47.819898 0.000000 40.641604 62.913573 45.673271 256.000000 215.754168 62.347278 42.618509 0.000000 20.148701 65.784175 47.965584 256.000000 225.658569 35.345242 30.536282 64.000000 28.723624 35.489909 35.892005 256.000000 211.369900 94.272764 47.003129 64.000000 12.804300 86.475536 38.093967 256.000000 253.254932
77.391462 12.222647 0.000000 22.885104 75.507789 17.225609 256.000000 225.615544 100.545325 54.909860 0.000000 53.768592 98.397525 57.010196 256.000000 199.697163 160.059382 14.989656 0.000000 9.164368 159.984398 13.662815 256.000000 246.177287 49.014716 74.386191 0.000000 12.429980 42.592236 84.119576 256.000000 246.082631
91.484125 142.779765 64.000000 15.407324 93.714665 141.617098 256.000000 215.840218 34.218727 67.049482 64.000000 22.411827 32.220713 52.927222 256.000000 233.394500 0.114007 130.674262 0.000000 20.144399 0.392925 127.542669 256.000000 236.991407 57.360456 121.384876 64.000000 12.386955 57.758487 120.599833 256.000000 236.677323
168.783373 140.140029 0.000000 50.541702 161.636398 134.392633 256.000000 204.580523 180.565675 49.925264 0.000000 35.599050 175.744987 52.588249 256.000000 218.103344 63.031642 191.715509 64.000000 25.819423 46.462198 196.692745 256.000000 224.574334 48.451271 62.107658 64.000000 22.265541 42.227267 60.676765 256.000000 236.376146
38.081918 160.600520 0.000000 14.249946 39.261840 159.307067 256.000000 243.002027 172.250418 71.563167 0.000000 19.129004 171.455998 69.903000 256.000000 242.683641 3.339758 91.587507 0.000000 30.362884 6.940165 88.311733 256.000000 244.908043 75.577900 192.186353 64.000000 36.197101 78.581713 184.134404 256.000000 210.384623
31.064222 113.639178 0.000000 21.366314 26.660300 112.214151 256.000000 236.776281 66.530349 104.166664 0.000000 11.479123 63.793651 105.098335 256.000000 230.997996 14.030765 16.218598 64.000000 10.997241 12.600456 16.723575 256.000000 261.201687 122.348936 110.995287 0.000000 11.143527 119.890209 113.292418 256.000000 244.447674
2.808724 151.635740 0.000000 23.009877 3.930593 148.924642 256.000000 253.031201 22.040473 100.999555 0.000000 13.595963 10.449438 101.290744 256.000000 241.001355 68.408193 128.905455 0.000000 12.309510 78.928942 113.861480 256.000000 245.996581 92.757333 191.152113 0.000000 15.033005 95.058691 191.437778 256.000000 236.776281
59.812391 80.055664 64.000000 16.069912 56.701885 77.541724 256.000000 249.576278 108.173004 161.623525 64.000000 10.067897 112.719587 161.493844 256.000000 225.064821 96.503227 137.544729 64.000000 32.212967 89.495333 134.836644 256.000000 223.317998 47.737896 179.992589 64.000000 26.288397 52.527415 178.588125 256.000000 236.926869
77.850887 108.959182 64.000000 24.115625 75.704853 106.097731 256.000000 244.090565 74.577342 154.326542 0.000000 8.850284 75.917804 154.666678 256.000000 243.187035 61.638742 65.037853 64.000000 10.717577 60.493549 67.282913 256.000000 245.949253 56.547967 91.962195 0.000000 15.592332 68.678662 90.769460 256.000000 224.428048
188.082965 59.999178 0.000000 31.941908 185.146349 58.989671 256.000000 212.049698 27.623780 135.372816 0.000000 14.594148 31.704938 135.985402 256.000000 226.970838 119.615129 0.871302 64.000000 19.993810 116.690051 -0.000004 256.000000 220.306234 170.450138 52.688422 0.000000 13.574451 170.942491 52.354720 256.000000 247.261522
43.672933 52.850082 0.000000 17.997441 64.132855 53.001762 256.000000 228.739173 138.719820 131.456416 0.000000 19.950785 140.865015 127.971267 256.000000 227.168753 114.050225 138.351149 64.000000 23.483154 115.022115 135.786033 256.000000 254.993150 18.338807 183.024289 0.000000 26.413170 21.886427 181.749320 256.000000 230.696820
86.054456 21.124729 64.000000 39.690747 54.594147 39.677087 256.000000 218.361495 104.775002 99.918696 64.000000 28.973170 100.961689 96.864324 256.000000 231.432551 170.316742 44.902938 0.000000 33.895253 166.304284 56.071504 256.000000 231.690702 5.536011 138.802484 64.000000 32.234480 3.480125 137.725473 256.000000 222.345629
72.130456 52.445524 64.000000 11.767392 68.567898 42.176740 256.000000 246.267640 3.012747 228.442109 0.000000 18.203962 1.309424 227.968338 256.000000 239.370700 0.527938 131.834005 64.000000 13.423862 15.571369 178.060720 256.000000 233.170769 93.654445 193.146858 64.000000 28.998985 95.606309 190.996396 256.000000 234.883172
4.693642 124.230309 0.000000 15.527795 7.162362 124.965491 256.000000 254.235907 116.169195 31.991422 0.000000 23.676768 117.336875 36.883958 256.000000 230.498904 35.951702 153.881042 0.000000 24.773910 26.162945 148.092684 256.000000 204.894607 164.493722 110.717818 0.000000 10.283023 165.688162 113.750984 256.000000 225.615544
49.687262 159.698338 64.000000 10.270115 51.537882 161.015209 256.000000 249.146026 136.441284 23.169393 0.000000 91.080046 130.696847 27.582215 256.000000 168.232835 25.439902 85.267993 64.000000 9.254721 26.206829 87.478611 256.000000 242.261994 11.897767 45.138449 0.000000 16.414114 6.494055 48.661905 256.000000 237.271070
8.852495 220.880264 0.000000 27.140296 7.600442 216.164395 256.000000 216.455479 147.366365 28.307665 64.000000 9.323561 134.817844 23.390409 256.000000 241.440212 146.562520 152.422600 64.000000 37.212495 144.198062 149.418115 256.000000 210.074842 49.139158 156.175842 0.000000 25.797910 53.660927 151.327691 256.000000 237.834701
65.642622 131.641896 64.000000 10.205577 67.518142 130.515493 256.000000 234.999340 124.827124 135.111280 0.000000 15.988164 119.556015 154.168536 256.000000 258.344813 83.881080 179.399960 0.000000 35.874412 84.544349 174.426575 256.000000 213.749194 76.400231 74.012376 64.000000 11.169342 75.350967 73.451044 256.000000 247.330362
95.044875 213.140416 64.000000 13.015123 87.753533 222.686820 256.000000 250.182933 99.089029 73.494718 64.000000 39.114209 53.255862 54.557236 256.000000 229.517929 97.108227 106.781964 64.000000 8.747023 97.141222 105.962004 256.000000 256.210763 125.042436 23.217098 64.000000 15.897811 133.630949 29.161769 256.000000 239.297557
87.798120 159.362447 64.000000 12.214854 88.185938 158.725618 256.000000 256.107503 79.680093 111.185675 64.000000 29.119455 81.814385 103.563220 256.000000 218.830470 17.267704 103.464891 0.000000 34.996698 32.604165 90.571778 256.000000 220.943007 74.582333 137.709380 0.000000 19.924970 79.512129 144.779805 256.000000 240.566801
85.808625 134.040855 0.000000 9.000872 86.307085 133.054605 256.000000 259.880813 18.397005 116.335545 0.000000 40.387755 15.984515 116.203725 256.000000 215.216353 123.165989 128.758367 0.000000 19.942180 119.408358 132.889098 256.000000 222.035847 65.419469 153.279822 64.000000 21.822381 68.252616 152.761847 256.000000 219.940520
