119.648467 40.002355 0.000000 20.157306 117.670491 40.960775 256.000000 242.911674 74.803342 161.609838 64.000000 17.747895 74.118962 160.430584 256.000000 237.296886 65.552865 121.856040 0.000000 35.302177 60.589653 114.774555 256.000000 216.786773 96.336289 155.169251 0.000000 16.065610 97.191987 153.944267 256.000000 248.186564
72.882442 94.234165 64.000000 15.910719 97.727387 91.469945 256.000000 240.876582 122.023353 179.761607 0.000000 21.099558 122.151736 177.342455 256.000000 227.607611 90.427344 94.205740 64.000000 14.675896 90.358964 92.491453 256.000000 234.526063 62.719085 89.034095 0.000000 27.966380 57.275456 82.794547 256.000000 231.746635
119.845491 67.785267 0.000000 19.821710 140.649409 2.973449 256.000000 225.430535 31.956840 86.672991 0.000000 20.445575 45.048389 90.714458 256.000000 221.683040 41.921765 182.197856 64.000000 51.707685 38.450113 182.291069 256.000000 201.861331 170.873224 72.239276 0.000000 30.973841 170.252569 63.873482 256.000000 216.360823
52.986509 59.531504 64.000000 27.338212 44.152635 63.194098 256.000000 224.092452 49.459344 201.804356 64.000000 11.173644 45.796444 203.579418 256.000000 241.246599 25.753415 139.159595 64.000000 14.477980 30.207600 141.713682 256.000000 239.237322 29.710844 229.773376 64.000000 39.720865 29.313622 224.282460 256.000000 217.126672
60.684555 58.460573 64.000000 11.642619 61.158209 51.818402 256.000000 226.772922 123.226035 80.912871 64.000000 20.191726 112.594496 97.330516 256.000000 253.285050 157.725207 52.121871 64.000000 24.339356 156.144424 53.131524 256.000000 222.960889 38.128180 68.294196 0.000000 35.525908 36.802040 68.853938 256.000000 214.519345
98.870684 134.597911 0.000000 12.292300 97.568776 136.159311 256.000000 254.752209 15.403065 129.376216 0.000000 42.564830 19.625831 131.507342 256.000000 205.406607 74.153193 167.339555 0.000000 23.814448 57.889880 170.657751 256.000000 221.420587 15.452033 95.977913 64.000000 9.504267 14.754636 101.175480 256.000000 232.878198
35.597676 70.812565 64.000000 16.328063 31.774456 69.988342 256.000000 242.989120 79.284345 74.961604 0.000000 12.059964 92.453340 65.939716 256.000000 250.324916 143.637673 176.206000 64.000000 16.470047 143.462527 179.996942 256.000000 238.579037 74.929262 29.318124 0.000000 11.268300 73.656978 28.601778 256.000000 236.238466
84.919511 59.400660 0.000000 10.747695 93.667787 60.232098 256.000000 225.344485 39.174573 23.124373 64.000000 26.503523 37.330111 25.536676 256.000000 230.726938 44.134824 213.181225 0.000000 14.185408 37.592673 217.151091 256.000000 256.477520 25.439902 85.267993 64.000000 9.254721 26.206829 87.478611 256.000000 242.261994
164.493722 110.717818 0.000000 10.283023 165.688162 113.750984 256.000000 225.615544 97.108227 106.781964 64.000000 8.747023 97.141222 105.962004 256.000000 256.210763 74.586067 104.770325 64.000000 54.577466 78.019969 104.089387 256.000000 226.656754 135.564816 60.733785 64.000000 50.485770 126.600527 61.435467 256.000000 220.349259
3.896344 97.206602 64.000000 32.178547 6.227873 81.358724 256.000000 224.027914 130.329238 148.849509 0.000000 15.261038 130.940582 141.934791 256.000000 232.314567 38.015253 5.082533 64.000000 16.831458 32.586729 4.569671 256.000000 239.762230 74.875122 45.029127 64.000000 27.781372 79.580338 56.677500 256.000000 244.439069
2.359631 74.636249 64.000000 16.990651 3.269567 73.087115 256.000000 218.477663 17.934540 60.642004 0.000000 17.128332 19.568229 55.065742 256.000000 254.300445 30.803400 141.084089 64.000000 24.313541 40.990182 140.551540 256.000000 235.360752 83.858400 77.567622 64.000000 44.707485 77.469244 83.440865 256.000000 203.590944
23.966789 52.730016 64.000000 45.348561 25.986380 52.428940 256.000000 209.468186 62.236318 165.995322 0.000000 28.839792 53.503720 161.958231 256.000000 212.165866 79.800715 159.033807 0.000000 26.137809 76.794038 157.952244 256.000000 229.169425 61.327762 97.307067 64.000000 9.577410 62.191680 95.845491 256.000000 239.736414
89.529402 214.700113 64.000000 9.512872 87.640271 216.671535 256.000000 249.029858 25.561853 129.749089 64.000000 17.377878 31.072649 127.752660 256.000000 225.082031 55.908742 11.989938 64.000000 19.877642 52.715431 11.706631 256.000000 239.065221 61.004900 88.603551 64.000000 18.806315 62.210115 83.504678 256.000000 232.607139
56.456469 88.981484 64.000000 12.283695 55.094705 94.549540 256.000000 255.139436 48.451271 62.107658 64.000000 22.265541 42.227267 60.676765 256.000000 236.376146 65.558524 67.818427 0.000000 53.041467 76.095796 57.282760 256.000000 205.617431 41.971773 31.529531 0.000000 10.523964 51.826876 20.715309 256.000000 225.030401
90.280398 200.981644 64.000000 18.668634 91.120215 200.948415 256.000000 224.505494 42.548493 75.733609 0.000000 9.650552 46.900813 48.657265 256.000000 240.011776 3.177293 18.759402 64.000000 23.465944 9.577495 21.976011 256.000000 224.268855 19.268498 76.583405 0.000000 12.309510 20.192465 72.181071 256.000000 234.934802
18.530015 42.473191 0.000000 26.933775 15.473658 53.456009 256.000000 213.564185 15.225238 88.469391 0.000000 16.939021 5.100496 85.295575 256.000000 247.390597 142.328973 114.009949 0.000000 9.740905 148.152027 109.648893 256.000000 260.698292 127.641767 161.080665 0.000000 29.704598 127.685655 158.390493 256.000000 245.157590
86.544967 118.230467 0.000000 21.942852 84.877275 117.538678 256.000000 246.194497 4.875125 86.550467 0.000000 30.423119 12.482235 87.513915 256.000000 220.710671 29.696965 61.576584 0.000000 31.808530 35.435462 58.682685 256.000000 230.954971 16.615855 91.183125 64.000000 9.413914 17.478371 91.528740 256.000000 249.606395
153.462440 31.788015 64.000000 18.789105 152.840687 31.011302 256.000000 228.209963 60.758109 75.571449 64.000000 30.367186 22.447298 70.982722 256.000000 224.062334 21.554542 105.589580 0.000000 9.835561 22.240209 114.830704 256.000000 249.494530 72.590818 166.390344 0.000000 12.881745 71.052045 166.887513 256.000000 245.428648
20.501624 207.123064 0.000000 13.350720 23.276420 197.984784 256.000000 241.225086 65.918182 120.615969 0.000000 13.139896 65.741402 118.790269 256.000000 241.255204 136.355593 110.076091 0.000000 9.409611 136.204238 114.196835 256.000000 240.859372 13.621989 86.889236 0.000000 14.774854 13.987833 80.907378 256.000000 238.058432
83.095093 53.948709 64.000000 16.685173 84.520042 45.816391 256.000000 217.242840 52.958107 148.508600 64.000000 35.069841 57.502473 147.311713 256.000000 214.695748 43.871360 15.724200 0.000000 64.172086 45.776309 12.874615 256.000000 181.790075 55.942131 43.230262 64.000000 29.244228 61.755340 54.428833 256.000000 18.117912
180.565675 49.925264 0.000000 35.599050 175.744987 52.588249 256.000000 218.103344 55.833224 50.972642 64.000000 9.499964 58.986071 50.294145 256.000000 260.027099 1.917722 166.973631 0.000000 38.791520 5.371216 165.772051 256.000000 223.137292 2.808724 151.635740 0.000000 23.009877 3.930593 148.924642 256.000000 253.031201
103.983336 202.966805 0.000000 13.079661 100.440244 205.259064 256.000000 245.493186 40.628485 32.672102 64.000000 9.198788 39.844358 32.795158 256.000000 229.350131 57.632387 160.330416 0.000000 19.111794 57.006187 156.714769 256.000000 241.087406 22.040473 100.999555 0.000000 13.595963 10.449438 101.290744 256.000000 241.001355
24.969347 99.398673 0.000000 8.772838 25.026853 98.024476 256.000000 249.709656 141.277691 73.545915 0.000000 17.020769 143.946927 69.409100 256.000000 229.337224 62.809771 192.068735 64.000000 27.708229 62.983555 190.124918 256.000000 224.927141 35.509413 25.335669 0.000000 21.301777 18.160662 21.108951 256.000000 239.314767
146.022342 65.184469 64.000000 32.273203 137.681942 61.783749 256.000000 214.988319 169.166065 43.027625 64.000000 23.745608 166.498491 39.978662 256.000000 220.263209 71.392373 29.217498 0.000000 17.059492 77.115378 37.002013 256.000000 239.340583 117.000398 2.317711 64.000000 16.143055 116.678162 2.524773 256.000000 229.857828
94.266642 125.244471 0.000000 33.925370 66.352280 121.228765 256.000000 218.348587 15.251038 88.282773 0.000000 11.225275 7.638380 99.938511 256.000000 244.159405 24.392829 105.426544 64.000000 9.091225 19.277140 109.523236 256.000000 245.097354 56.567838 196.509396 0.000000 55.760659 55.231724 194.388965 256.000000 199.731583
103.818156 211.669955 0.000000 14.774854 107.793322 210.984502 256.000000 234.995037 45.804642 150.757478 0.000000 47.822510 27.596793 121.606171 256.000000 205.789532 106.775605 171.766160 0.000000 48.941165 106.698498 118.872313 256.000000 206.073498 6.321005 100.111393 0.000000 17.175660 9.165342 96.651213 256.000000 234.810029
119.179200 171.379149 64.000000 8.630855 119.548845 180.301878 256.000000 247.295942 108.938509 133.369435 0.000000 25.879658 97.929782 137.753709 256.000000 215.203445 73.343100 11.098700 64.000000 9.990451 72.430671 11.060415 256.000000 234.332449 28.361702 143.574813 0.000000 10.042082 32.654680 146.927524 256.000000 251.396244
49.014716 74.386191 0.000000 12.429980 42.592236 84.119576 256.000000 246.082631 59.264524 137.895904 64.000000 8.605040 59.049818 137.394698 320.000000 259.390326 104.795047 126.890469 64.000000 41.777469 106.481107 127.444922 256.000000 229.449089 84.697391 224.212200 64.000000 16.706685 88.005298 224.987984 256.000000 230.864618
161.041867 5.844724 64.000000 15.966652 160.556184 4.353704 256.000000 252.080344 76.739367 192.612287 0.000000 29.054918 74.088898 196.664945 256.000000 231.359408 74.025804 59.165813 64.000000 26.675624 71.578065 58.925404 256.000000 212.892992 140.460662 34.401173 64.000000 13.088266 140.896133 34.964665 256.000000 254.283235
10.891887 71.017107 64.000000 14.826484 4.004833 64.198100 256.000000 252.360008 93.836705 125.603573 64.000000 17.786618 103.904971 123.566700 256.000000 241.478935 88.546400 23.517980 64.000000 19.021441 90.561396 25.435018 256.000000 229.221056 7.629267 101.391305 0.000000 21.486785 9.283584 97.280656 256.000000 238.669389
30.601027 64.010555 0.000000 24.128532 25.637467 51.931947 256.000000 234.074298 16.407253 92.508484 64.000000 10.696065 17.107229 99.356711 256.000000 243.483909 3.238300 36.329876 0.000000 12.421375 0.621724 38.460351 256.000000 236.367541 115.061696 9.655413 64.000000 40.680327 128.975260 26.716680 256.000000 234.229189
42.990698 68.049175 64.000000 15.958047 39.475462 70.606084 256.000000 250.286193 23.248864 228.949076 64.000000 27.923355 25.105575 224.136253 256.000000 215.564857 144.215498 19.641382 0.000000 10.063594 139.672693 12.737285 256.000000 230.115980 0.476515 82.515269 64.000000 10.816535 2.513855 87.710658 256.000000 263.976812
