83.776496 77.010225 64.000000 26.791792 82.747036 64.602956 256.000000 256.795906 24.025065 138.670669 0.000000 13.815392 8.837680 150.414669 256.000000 241.999540 104.795047 126.890469 64.000000 41.777469 106.481107 127.444922 256.000000 229.449089 8.012373 17.407404 64.000000 24.481339 20.014867 16.045113 256.000000 216.958874
61.741060 151.034124 0.000000 33.688732 63.958778 142.013827 256.000000 227.418300 3.416065 89.442167 0.000000 36.915622 13.249758 79.175929 256.000000 220.495545 155.531627 134.972767 0.000000 36.825269 148.151100 134.853240 256.000000 215.569160 106.875553 18.551487 0.000000 22.502180 108.435431 23.815624 256.000000 221.080688
29.280545 128.312682 0.000000 28.861304 19.087105 106.726178 256.000000 235.025155 13.893111 20.264813 0.000000 25.354750 5.259384 26.044336 256.000000 236.298701 38.326205 91.274842 0.000000 13.811089 40.443640 88.092249 256.000000 254.683369 78.633282 74.603893 64.000000 13.802484 77.151465 74.256727 256.000000 241.427305
144.597144 107.601131 64.000000 19.520533 144.016987 107.317347 256.000000 239.676179 178.709524 67.317640 64.000000 8.747023 181.062636 70.021960 256.000000 238.574734 151.841298 165.223275 0.000000 11.857745 151.699791 170.095996 256.000000 228.532652 127.845804 204.322056 64.000000 36.162681 125.112480 201.901833 256.000000 218.021596
106.352396 19.300249 0.000000 13.802484 105.529300 19.672107 256.000000 249.571975 163.979844 115.131871 0.000000 39.178747 158.267951 114.744727 256.000000 225.972653 69.932511 41.632251 64.000000 18.298618 73.251469 45.407082 256.000000 240.300045 73.320389 15.663595 64.000000 10.016267 74.424591 16.025498 256.000000 241.096011
26.067302 148.799291 0.000000 28.603153 30.220965 146.584818 256.000000 232.959945 51.649022 124.440407 64.000000 11.999728 39.733211 135.014116 256.000000 238.669389 186.151082 81.333445 64.000000 38.206378 182.692175 82.136567 256.000000 231.776752 131.383833 1.460915 0.000000 67.760387 82.822922 43.402340 256.000000 192.309736
52.999216 60.084933 64.000000 14.568333 56.043005 49.738511 256.000000 272.728138 180.808287 125.784229 64.000000 9.732300 182.452813 125.332305 256.000000 253.624949 34.341385 79.661265 0.000000 12.976400 37.365235 83.138824 256.000000 245.983673 12.881842 105.930407 64.000000 11.608199 8.669916 114.052153 256.000000 220.951612
5.744835 54.428362 64.000000 14.585543 5.269593 56.770425 256.000000 229.866434 22.040473 100.999555 0.000000 13.595963 10.449438 101.290744 256.000000 241.001355 1.917722 166.973631 0.000000 38.791520 5.371216 165.772051 256.000000 223.137292 104.989685 57.777318 0.000000 23.052902 109.966716 71.230445 256.000000 238.213322
187.516047 113.130964 0.000000 16.706685 188.188105 119.355173 256.000000 248.664143 105.702391 107.369560 64.000000 26.671321 105.828729 106.878744 256.000000 227.203174 117.541393 91.898880 0.000000 35.822782 115.092609 90.073316 256.000000 231.970366 79.788011 128.326651 0.000000 19.752869 78.554109 127.227833 256.000000 232.211307
105.158660 101.630282 0.000000 9.517174 103.047302 104.545667 256.000000 247.949925 82.847173 178.615924 64.000000 19.787289 79.850164 178.240405 256.000000 217.488083 188.751613 109.595669 0.000000 23.173373 189.521100 128.740815 256.000000 235.683441 16.333580 59.693760 64.000000 11.066081 18.148891 62.566540 256.000000 234.405592
39.366278 134.066078 0.000000 37.913806 52.126691 122.604282 256.000000 214.700051 40.773527 187.026171 0.000000 29.416329 41.050565 183.031842 256.000000 238.118667 15.325745 54.599267 0.000000 16.607727 16.104395 57.975176 256.000000 229.410366 41.000551 62.106598 0.000000 40.245772 8.264296 70.235424 256.000000 202.467986
131.027647 169.788111 64.000000 54.297802 127.859631 168.259569 256.000000 202.661600 148.656927 72.465880 64.000000 13.858417 150.339022 66.545442 256.000000 252.415941 45.748011 14.723320 64.000000 20.277777 47.710165 14.722842 256.000000 228.975812 99.795938 93.185245 64.000000 10.485241 97.333413 94.111665 256.000000 235.704953
20.583493 70.354220 64.000000 13.299089 17.056438 69.830698 256.000000 251.856613 80.469416 185.926373 0.000000 37.513672 78.412244 181.744404 256.000000 225.598334 95.294035 206.005509 64.000000 21.994482 96.741102 204.844753 256.000000 241.474632 111.450676 38.638220 0.000000 27.140296 103.887784 29.200589 256.000000 225.129359
162.193702 7.106515 0.000000 212.884387 162.422607 6.212891 256.000000 35.495790 10.378567 145.445604 64.000000 13.944467 12.352271 146.608091 256.000000 241.956515 36.697475 76.571371 0.000000 46.772695 33.326629 75.521553 256.000000 216.291983 15.682024 21.540947 0.000000 13.716434 16.942878 23.395729 256.000000 213.293126
22.586236 125.889958 64.000000 12.610686 21.454209 124.750631 256.000000 225.383208 48.292851 12.385653 0.000000 27.161809 77.825796 82.409104 256.000000 229.375946 10.372089 99.610429 0.000000 14.619963 10.666113 93.862015 256.000000 213.667446 141.061316 74.974935 64.000000 14.013308 169.625020 88.290347 256.000000 228.364854
38.081918 160.600520 0.000000 14.249946 39.261840 159.307067 256.000000 243.002027 84.597991 144.566538 0.000000 20.798382 80.620395 146.643769 256.000000 255.999940 134.111089 70.571556 0.000000 41.114881 128.373804 73.512116 256.000000 225.817762 39.568313 77.333111 0.000000 11.070384 39.902313 74.306769 256.000000 250.957387
52.007027 47.781640 64.000000 18.410483 56.414258 28.284340 256.000000 245.385623 81.811805 129.247435 64.000000 12.675224 79.551275 133.135431 256.000000 244.658497 109.952689 33.821436 0.000000 10.674552 108.853456 31.638195 256.000000 238.574734 65.419469 153.279822 64.000000 21.822381 68.252616 152.761847 256.000000 219.940520
111.966315 66.729235 64.000000 15.841879 112.118400 69.714047 256.000000 251.525319 40.658213 76.527298 64.000000 8.893309 39.447316 75.319222 256.000000 257.677923 103.818156 211.669955 0.000000 14.774854 107.793322 210.984502 256.000000 234.995037 23.079665 119.896364 64.000000 30.311253 22.858191 113.349829 256.000000 235.347844
58.780771 46.411242 0.000000 10.459426 62.190153 41.068938 256.000000 243.742061 137.380255 155.574627 0.000000 15.626753 141.056645 150.474584 256.000000 235.218768 195.208287 94.690565 64.000000 17.248803 194.819473 95.400975 256.000000 242.477120 5.524511 18.213415 64.000000 10.011964 7.779247 12.352327 256.000000 268.989248
120.131300 95.922253 64.000000 22.756028 119.344667 94.481144 256.000000 228.369157 71.302495 108.580689 64.000000 23.952129 70.795615 101.881067 256.000000 215.280891 102.303084 95.584387 0.000000 10.145342 106.427153 90.700775 256.000000 232.198399 109.010311 96.435138 64.000000 32.694849 116.407407 90.731064 256.000000 223.382536
46.519009 48.315947 0.000000 27.131691 42.953356 62.271975 256.000000 224.582939 4.875125 86.550467 0.000000 30.423119 12.482235 87.513915 256.000000 220.710671 72.134393 58.652611 64.000000 13.621778 81.874384 53.172458 256.000000 234.952012 77.964065 95.354667 64.000000 31.640732 54.589147 88.954742 256.000000 211.047211
43.585251 143.427771 0.000000 13.669106 53.183687 145.771256 256.000000 254.967335 63.651904 31.388651 64.000000 26.198044 64.316944 33.089840 256.000000 228.377762 92.131244 112.625362 64.000000 19.425878 92.042005 112.283964 256.000000 242.593288 113.917131 164.009985 64.000000 15.540702 115.621775 161.483602 256.000000 229.690030
52.787342 221.776605 64.000000 27.587758 56.796698 219.929216 256.000000 247.790732 14.563887 216.525640 0.000000 22.347289 10.195018 214.958569 256.000000 235.782399 41.894729 128.676638 0.000000 26.770279 55.655640 115.037045 256.000000 214.334336 106.500104 13.520082 64.000000 10.278720 115.499509 4.555662 256.000000 237.886331
3.970445 113.541895 0.000000 12.713947 3.927513 112.179229 256.000000 244.576749 22.302367 13.780002 64.000000 34.093168 21.065949 20.882975 256.000000 238.170297 173.985500 141.017144 0.000000 10.657342 180.057058 136.199664 256.000000 241.861859 44.816851 94.994595 64.000000 33.030446 40.199949 81.098571 256.000000 218.529293
38.128180 68.294196 0.000000 35.525908 36.802040 68.853938 256.000000 214.519345 142.751244 152.214238 64.000000 23.969339 142.147807 150.697493 256.000000 228.941392 22.435744 139.690320 64.000000 21.043625 21.471347 138.413524 256.000000 230.447274 22.483109 64.867433 64.000000 11.543661 23.275484 62.874809 256.000000 260.909115
152.171862 46.451996 0.000000 18.948298 147.548582 43.290236 320.000000 231.849895 143.966589 124.482551 64.000000 32.552866 140.858622 129.037945 256.000000 232.697492 58.444822 107.412560 0.000000 27.290884 72.155915 92.379602 256.000000 231.583139 62.491029 229.078062 64.000000 19.129004 60.651582 229.096087 256.000000 238.105759
10.303135 4.294389 64.000000 28.190111 19.182160 3.171773 256.000000 225.826367 69.874396 15.963285 0.000000 18.139424 63.353415 14.466315 256.000000 231.935946 77.889853 85.567953 64.000000 16.285038 80.469011 80.094949 256.000000 244.641287 19.986335 87.858624 0.000000 25.285910 34.566704 61.353236 256.000000 228.975812
147.993624 116.040238 0.000000 37.926714 140.706900 112.123869 256.000000 239.138364 107.826658 49.240525 0.000000 21.086651 103.235115 53.739053 256.000000 234.005458 5.286307 5.892498 0.000000 13.772367 1.775676 6.862902 256.000000 236.638600 153.533331 17.327927 0.000000 18.255592 152.310335 15.746818 256.000000 243.251573
188.622940 109.204620 0.000000 37.668563 179.767475 107.473880 256.000000 207.992422 29.262478 204.425760 0.000000 17.631727 32.984402 205.756916 256.000000 253.883100 164.611613 152.137153 0.000000 38.584999 159.378476 149.292578 256.000000 222.741460 93.438420 50.090544 64.000000 14.817879 93.646816 43.526962 256.000000 245.699707
115.342533 170.993565 64.000000 19.834617 121.664140 168.214305 256.000000 236.019037 63.649609 45.218336 0.000000 23.427221 61.558869 44.521273 256.000000 241.840347 1.227538 160.930384 64.000000 27.759859 3.992445 160.228025 256.000000 240.622734 100.299384 151.551629 64.000000 17.016467 111.467009 149.942698 256.000000 245.420043
117.919722 159.897760 0.000000 27.359725 138.322982 138.570109 256.000000 226.592216 26.652920 118.370676 64.000000 9.775325 22.983507 116.779675 256.000000 233.884987 53.398900 83.365705 0.000000 17.808130 45.555049 86.423829 256.000000 240.016078 173.826325 86.343700 64.000000 40.293100 164.016867 75.063773 256.000000 206.641431
96.968420 41.387229 64.000000 14.938349 96.176529 41.394533 256.000000 236.617087 102.064362 148.479653 0.000000 10.523964 101.688049 158.656493 256.000000 248.758799 10.322749 26.049905 64.000000 63.780556 8.297311 27.259727 256.000000 204.348187 3.605233 89.829051 0.000000 19.606584 1.326402 77.063624 256.000000 229.294198
