164.055222 41.706422 64.000000 11.449006 164.696631 42.703036 256.000000 246.637656 68.731215 108.770493 0.000000 13.359325 65.598336 113.315849 256.000000 246.289152 66.598675 69.759415 0.000000 28.671993 57.290647 64.069295 256.000000 205.410910 59.684571 142.837867 64.000000 20.819894 68.654338 146.831145 256.000000 232.318870
104.937716 211.947691 64.000000 14.366114 102.734811 212.861200 256.000000 249.176143 147.993624 116.040238 0.000000 37.926714 140.706900 112.123869 256.000000 239.138364 30.594424 117.150195 64.000000 42.267956 30.510105 123.355755 256.000000 208.069867 48.888276 3.035969 0.000000 9.082620 57.285416 1.677244 256.000000 245.665287
108.938509 133.369435 0.000000 25.879658 97.929782 137.753709 256.000000 215.203445 100.316613 197.790725 0.000000 12.059964 99.980967 198.044084 256.000000 254.541386 62.827416 69.142785 0.000000 15.936534 69.344147 63.137593 256.000000 241.754296 138.388160 88.469353 64.000000 21.869709 137.630013 89.454436 256.000000 235.205861
61.681987 19.305855 64.000000 16.457139 65.373782 23.141476 256.000000 245.566329 56.567838 196.509396 0.000000 55.760659 55.231724 194.388965 256.000000 199.731583 48.765582 93.008555 0.000000 19.886247 85.212809 75.825755 256.000000 242.008145 14.370065 126.734165 64.000000 26.864935 23.108011 83.295036 256.000000 240.954028
177.630536 35.698198 64.000000 14.998585 181.986591 40.442238 256.000000 239.942935 181.112800 115.454598 0.000000 31.318043 175.674740 125.469545 256.000000 220.943007 49.139158 156.175842 0.000000 25.797910 53.660927 151.327691 256.000000 237.834701 173.573109 77.450638 0.000000 11.281207 186.941595 88.078853 256.000000 282.305547
14.654011 82.802125 0.000000 17.545677 15.830796 77.265029 256.000000 254.119739 6.651124 103.185187 0.000000 18.070584 3.407520 93.443140 256.000000 240.528078 74.960144 42.872325 64.000000 18.354550 71.614485 35.894024 256.000000 234.242096 47.507925 102.150264 64.000000 17.330551 48.798951 96.072462 256.000000 232.013391
119.615129 0.871302 64.000000 19.993810 116.690051 -0.000004 256.000000 220.306234 147.384633 183.011729 64.000000 41.003016 101.998853 117.513596 256.000000 189.155989 151.442293 107.671864 64.000000 25.552666 150.375382 108.788444 256.000000 232.340383 16.933209 79.529665 0.000000 23.711188 20.921607 63.080289 256.000000 226.002771
133.659033 94.166764 64.000000 56.599651 119.005035 115.297727 256.000000 194.241568 36.392487 32.921362 0.000000 8.695393 39.870353 31.158355 256.000000 268.602021 5.286307 5.892498 0.000000 13.772367 1.775676 6.862902 256.000000 236.638600 47.923200 147.186665 0.000000 20.178819 78.240236 157.326622 256.000000 249.498832
75.342238 149.479293 64.000000 11.165039 76.686276 148.235775 256.000000 234.491643 13.995740 66.305984 64.000000 40.013436 51.781107 24.213858 256.000000 230.382736 69.851945 80.169831 0.000000 17.382181 65.372311 61.783133 256.000000 220.878469 174.838038 113.033160 0.000000 9.431124 175.789980 116.011880 256.000000 242.115708
62.421984 47.819898 0.000000 40.641604 62.913573 45.673271 256.000000 215.754168 44.252789 159.678071 64.000000 34.303992 43.113545 157.416382 256.000000 224.221527 36.195558 138.182978 64.000000 52.873668 30.180204 108.928005 256.000000 213.189866 114.548991 102.580769 64.000000 33.727454 143.441762 109.170031 256.000000 192.460325
42.630113 108.694565 64.000000 8.785746 40.814005 110.288055 256.000000 241.556380 196.550525 79.651982 0.000000 14.391929 197.291256 75.224929 256.000000 219.553293 159.272715 149.674216 0.000000 40.034949 136.460920 146.499356 256.000000 211.559211 136.611689 161.142276 0.000000 10.162552 136.830715 161.401247 256.000000 243.212851
2.768664 166.534965 0.000000 13.010820 2.371824 165.215427 256.000000 248.332849 137.735602 108.646315 0.000000 16.745408 140.418202 104.396458 256.000000 235.472617 168.725611 43.962753 0.000000 31.812833 165.283189 42.737645 256.000000 226.665359 39.859284 42.727444 64.000000 19.765777 54.200749 48.898438 256.000000 214.330034
11.357169 158.736756 64.000000 37.943924 11.785013 142.982613 256.000000 223.262065 165.172747 84.081820 64.000000 44.470847 154.515055 75.733013 256.000000 201.603180 86.209215 166.836916 0.000000 26.417473 83.775091 165.548505 256.000000 218.120554 8.914515 57.462842 0.000000 9.078317 10.021540 59.149860 256.000000 243.169825
74.153193 167.339555 0.000000 23.814448 57.889880 170.657751 256.000000 221.420587 28.601515 115.262644 64.000000 30.255321 34.710469 104.515171 256.000000 210.285665 73.343100 11.098700 64.000000 9.990451 72.430671 11.060415 256.000000 234.332449 114.181805 87.695629 64.000000 9.792536 114.121525 88.979365 256.000000 246.259035
80.322173 28.327384 64.000000 67.635614 80.861215 30.046551 256.000000 189.543216 10.322749 26.049905 64.000000 63.780556 8.297311 27.259727 256.000000 204.348187 53.140138 90.721827 0.000000 11.449006 49.790127 94.767793 256.000000 248.909387 60.288956 46.268758 64.000000 27.579153 96.437015 52.291064 256.000000 227.358064
120.154224 79.102171 0.000000 37.517974 98.228556 81.297158 256.000000 207.041565 42.400482 22.586820 0.000000 11.513544 54.436205 10.226076 256.000000 225.976955 94.148907 87.847555 64.000000 20.097071 93.539762 83.335596 256.000000 251.934059 40.889696 50.948538 0.000000 11.388770 43.166911 53.849415 256.000000 245.183405
29.738524 93.756084 64.000000 24.907288 32.267204 92.387242 256.000000 227.956115 42.057367 86.834884 0.000000 11.539359 45.510091 90.364731 256.000000 232.684584 18.065640 105.683287 64.000000 20.376735 16.410825 102.677824 256.000000 239.766532 158.883605 148.252447 64.000000 24.829843 158.129485 147.413400 256.000000 229.406064
120.163547 187.166982 0.000000 15.282551 129.337400 184.592896 256.000000 234.947710 188.622940 109.204620 0.000000 37.668563 179.767475 107.473880 256.000000 207.992422 38.081918 160.600520 0.000000 14.249946 39.261840 159.307067 256.000000 243.002027 125.762238 30.841602 64.000000 9.753813 130.985618 35.231709 256.000000 245.639472
88.202884 102.429004 64.000000 9.353678 94.212578 103.139895 256.000000 274.522289 20.999393 119.279558 64.000000 17.102517 17.046145 117.726627 256.000000 227.280619 21.330265 88.056145 64.000000 25.556969 28.146900 85.063984 256.000000 219.548991 67.382816 48.964689 64.000000 26.671321 65.172365 53.092329 256.000000 231.454063
126.234200 84.480582 64.000000 20.656399 124.116793 88.775825 256.000000 223.326603 57.927736 67.144704 64.000000 10.141040 59.465233 62.418211 256.000000 248.091908 101.392753 13.857004 0.000000 19.511928 108.434198 21.176429 256.000000 229.363039 158.824398 44.124885 0.000000 29.751926 158.506927 46.618871 256.000000 233.299844
59.478576 86.928327 0.000000 31.959119 48.646847 86.509744 256.000000 229.272686 77.641980 124.732633 64.000000 16.078517 79.887307 126.562555 256.000000 207.441699 103.818156 211.669955 0.000000 14.774854 107.793322 210.984502 256.000000 234.995037 14.933191 12.650040 0.000000 12.752669 7.379285 13.048869 256.000000 241.199271
62.749395 68.768475 64.000000 16.870181 68.445724 69.464407 256.000000 229.268383 44.140782 44.708616 64.000000 11.216670 46.614640 40.100553 256.000000 260.500376 22.488449 93.511569 64.000000 12.649409 25.138624 89.770284 256.000000 244.202430 96.264164 112.989044 64.000000 27.123086 94.972973 113.882147 256.000000 229.500719
12.970364 27.963718 64.000000 8.699695 14.876144 26.065920 256.000000 238.673692 9.149860 87.675865 64.000000 20.131491 12.331047 86.876873 256.000000 229.832013 33.682318 171.988120 64.000000 72.880386 35.508538 169.716615 256.000000 178.941807 107.606258 91.857258 64.000000 21.951457 109.809005 86.129151 256.000000 237.860516
155.521615 37.703571 0.000000 13.965980 163.280215 46.213355 256.000000 249.038463 13.555787 59.993227 64.000000 16.655055 17.883084 57.413640 256.000000 232.632954 65.419469 153.279822 64.000000 21.822381 68.252616 152.761847 256.000000 219.940520 56.234613 87.309071 0.000000 13.152804 51.210769 84.225020 256.000000 238.531709
62.909633 97.187435 64.000000 27.665204 58.158573 84.806785 256.000000 225.667174 18.536084 145.631444 0.000000 24.386683 21.125956 148.255602 256.000000 238.217625 120.566702 171.174675 0.000000 38.077302 119.743285 169.171515 256.000000 230.214938 25.034080 52.760007 0.000000 15.506282 26.401822 56.031124 256.000000 233.325660
115.685365 86.907631 0.000000 17.532769 114.181987 85.446993 256.000000 226.824552 99.229991 206.418760 0.000000 54.616189 84.117907 202.048698 256.000000 180.649907 42.557536 19.329831 64.000000 9.740905 41.343715 19.383675 256.000000 239.241625 105.897573 56.397411 64.000000 11.165039 108.012365 53.540315 256.000000 240.945423
30.601027 64.010555 0.000000 24.128532 25.637467 51.931947 256.000000 234.074298 186.859489 93.003187 0.000000 13.651896 185.430091 95.549695 256.000000 224.776552 3.605233 89.829051 0.000000 19.606584 1.326402 77.063624 256.000000 229.294198 33.755796 37.319493 64.000000 12.877442 34.717216 37.006160 256.000000 255.311537
68.490764 22.267918 0.000000 32.436698 64.191864 25.417991 256.000000 227.766804 130.691471 114.655087 0.000000 18.281407 130.434216 113.352582 256.000000 240.553893 55.833224 50.972642 64.000000 9.499964 58.986071 50.294145 256.000000 260.027099 165.479765 29.813153 0.000000 8.914821 166.030249 26.809551 256.000000 231.716517
44.917489 81.508751 0.000000 11.208065 42.461733 80.206185 256.000000 248.952412 136.782882 30.098458 0.000000 9.925914 137.427907 26.600540 256.000000 243.901254 11.680253 70.392700 0.000000 19.486113 10.211235 63.082120 256.000000 231.389526 32.095465 123.909549 0.000000 19.795895 24.595778 126.808669 256.000000 239.745019
151.941876 50.780047 64.000000 21.882617 150.941267 53.180915 256.000000 243.815203 57.912213 36.576029 0.000000 30.285438 33.289078 54.111567 256.000000 239.220112 11.421742 95.545187 0.000000 12.907560 6.978993 95.032204 256.000000 245.381321 100.625847 18.063720 64.000000 35.048328 96.218631 13.133847 256.000000 224.660384
23.808085 126.217093 0.000000 9.839863 26.788376 127.805269 256.000000 230.344013 11.048927 40.141433 0.000000 14.792064 11.507427 43.371684 256.000000 241.474632 152.761169 36.093205 64.000000 40.241470 145.420842 35.643447 256.000000 212.647748 107.275082 103.733887 64.000000 27.148901 112.043878 95.747878 256.000000 237.481894
27.782458 117.830753 0.000000 25.677439 31.767049 114.080293 256.000000 236.070667 73.907073 85.199971 64.000000 9.676367 83.206198 82.148160 256.000000 250.832613 25.599495 85.417035 64.000000 11.522149 24.066764 82.741711 256.000000 257.402562 91.476133 161.349276 0.000000 35.844294 85.764629 158.032751 256.000000 218.658369
