11.907249 75.571945 0.000000 12.434283 4.979411 76.533891 256.000000 237.283978 107.327693 20.001711 0.000000 10.859560 106.929507 22.111682 256.000000 223.339511 109.098785 162.475649 0.000000 23.999457 113.098633 146.865098 256.000000 246.844177 114.910576 61.105809 0.000000 30.608127 111.520813 63.836645 256.000000 216.365126
64.225620 141.162820 64.000000 22.446247 61.346093 138.701193 256.000000 221.704553 166.202660 71.847038 64.000000 16.775525 166.689165 75.093273 256.000000 246.882900 21.021851 196.182185 0.000000 55.549836 28.367453 161.529993 256.000000 191.625636 35.204924 5.215715 64.000000 24.515759 36.051058 6.800535 256.000000 239.439541
42.037045 109.095725 0.000000 12.877442 47.470951 108.203542 256.000000 227.508653 152.263036 119.037633 0.000000 11.698552 158.868607 134.156949 256.000000 241.242296 16.412989 82.842938 0.000000 15.037307 11.401558 91.574504 256.000000 224.397931 151.442293 107.671864 64.000000 25.552666 150.375382 108.788444 256.000000 232.340383
102.213271 18.808924 0.000000 21.099558 99.679078 17.852733 256.000000 255.350259 41.000551 62.106598 0.000000 40.245772 8.264296 70.235424 256.000000 202.467986 79.387222 110.213298 64.000000 10.072199 89.735778 115.339491 256.000000 243.759271 79.720033 67.062958 64.000000 42.207721 57.651545 81.118605 256.000000 220.951612
176.501855 130.775667 0.000000 9.065410 179.014991 129.714200 256.000000 242.094195 29.068447 54.366605 64.000000 10.906888 30.122345 56.865356 256.000000 238.256348 47.033384 221.138976 64.000000 31.868766 49.608644 218.487205 256.000000 227.310737 114.024345 37.282996 64.000000 15.067425 113.117727 36.661784 256.000000 239.194297
130.133320 150.897453 0.000000 42.582040 128.896280 147.662304 256.000000 218.107646 94.434027 171.674604 0.000000 36.210008 62.868331 154.969798 256.000000 215.960689 77.850887 108.959182 64.000000 24.115625 75.704853 106.097731 256.000000 244.090565 49.935911 89.968020 64.000000 18.857945 42.513369 88.536138 256.000000 251.064950
22.899944 162.850936 64.000000 10.717577 22.832182 162.371427 256.000000 233.786029 121.052676 94.079282 0.000000 10.631527 125.678235 100.523535 256.000000 244.611170 166.265589 153.914276 64.000000 24.244700 161.746900 150.841364 256.000000 219.493058 170.281976 118.606555 64.000000 40.168327 165.353196 116.893511 256.000000 208.470002
23.248864 228.949076 64.000000 27.923355 25.105575 224.136253 256.000000 215.564857 181.112800 115.454598 0.000000 31.318043 175.674740 125.469545 256.000000 220.943007 85.461275 127.703453 0.000000 35.241941 78.345653 127.214587 256.000000 195.028929 77.421467 108.178056 0.000000 28.607455 88.259784 89.769565 256.000000 237.524919
29.050013 77.110142 64.000000 10.235695 32.195473 79.972753 256.000000 269.406592 123.226035 80.912871 64.000000 20.191726 112.594496 97.330516 256.000000 253.285050 98.865836 79.969220 0.000000 20.419760 102.049502 72.049715 256.000000 222.384351 101.455913 38.546889 0.000000 8.768536 101.687258 39.058967 256.000000 246.921623
21.143962 32.566358 64.000000 26.426078 17.679482 40.231813 256.000000 237.490499 34.341385 79.661265 0.000000 12.976400 37.365235 83.138824 256.000000 245.983673 2.507265 170.963735 0.000000 43.825469 4.644995 166.098387 256.000000 207.433094 98.719675 17.192345 0.000000 9.207393 104.946087 19.220536 256.000000 243.354834
99.795938 93.185245 64.000000 10.485241 97.333413 94.111665 256.000000 235.704953 25.546158 87.999747 64.000000 17.360668 28.325422 90.837595 256.000000 261.782527 34.621905 144.374791 64.000000 12.318115 64.273525 194.261818 256.000000 267.900710 32.428169 119.435591 64.000000 26.882145 33.380325 115.003138 256.000000 233.893592
24.769756 43.084249 64.000000 9.435426 28.619367 42.210684 256.000000 239.000683 26.160082 12.604222 0.000000 17.489744 26.953836 12.920315 256.000000 225.374603 63.578593 142.045444 64.000000 9.018082 62.710493 141.915169 256.000000 245.540514 79.047073 40.867598 0.000000 35.814176 23.629425 63.112305 256.000000 206.271414
56.620029 43.182800 0.000000 10.429308 61.308098 45.757582 256.000000 226.239409 47.192353 84.051324 64.000000 22.743121 42.675522 79.665087 256.000000 240.050498 11.826329 76.868311 64.000000 48.541031 7.807198 75.444485 256.000000 218.395915 46.695131 22.464902 0.000000 23.990852 32.772991 29.688725 256.000000 252.093252
83.680056 4.101269 0.000000 15.015795 90.260413 5.915067 256.000000 240.928212 31.460062 39.047487 64.000000 32.337740 31.038407 48.263547 256.000000 226.433023 36.919415 113.141022 64.000000 33.822110 47.836253 85.006742 256.000000 233.372987 49.885091 119.559242 64.000000 26.340027 47.290105 115.830956 256.000000 230.034232
164.055222 41.706422 64.000000 11.449006 164.696631 42.703036 256.000000 246.637656 61.004900 88.603551 64.000000 18.806315 62.210115 83.504678 256.000000 232.607139 42.548493 75.733609 0.000000 9.650552 46.900813 48.657265 256.000000 240.011776 124.822409 151.767805 0.000000 42.603553 118.568738 142.587767 256.000000 211.847480
146.026838 26.506289 64.000000 9.043897 146.104756 25.603136 256.000000 251.443571 114.220584 108.074269 0.000000 10.016267 117.968395 112.939251 256.000000 234.538970 152.649289 119.533784 64.000000 13.682014 157.713905 114.887356 256.000000 239.770835 45.281204 180.934733 0.000000 30.453237 90.591564 179.525515 256.000000 210.767547
41.942809 94.164776 0.000000 18.130819 12.363785 97.294225 256.000000 250.677723 104.775002 99.918696 64.000000 28.973170 100.961689 96.864324 256.000000 231.432551 16.333580 59.693760 64.000000 11.066081 18.148891 62.566540 256.000000 234.405592 181.587629 87.649287 64.000000 32.148429 178.454827 99.727796 256.000000 234.517458
76.733167 40.926531 64.000000 36.222916 77.461407 53.732055 256.000000 230.748450 121.954842 151.493387 64.000000 40.357638 119.416884 144.441493 256.000000 224.139779 96.336289 155.169251 0.000000 16.065610 97.191987 153.944267 256.000000 248.186564 54.093687 131.981395 64.000000 11.324233 64.100242 148.052280 256.000000 224.836788
85.896895 32.699375 0.000000 14.335997 94.612844 46.565147 256.000000 234.732584 80.353758 53.508256 0.000000 17.326248 78.369678 45.292502 256.000000 234.440012 72.458542 81.759647 0.000000 12.645106 69.238944 81.793969 256.000000 228.816619 17.120158 117.234462 64.000000 22.730213 10.013231 114.091522 256.000000 247.059303
100.508065 13.801982 0.000000 23.668163 99.291687 16.992275 256.000000 221.356049 52.063596 202.047165 64.000000 25.948498 50.290705 199.790916 256.000000 221.313024 164.493722 110.717818 0.000000 10.283023 165.688162 113.750984 256.000000 225.615544 162.193702 7.106515 0.000000 212.884387 162.422607 6.212891 256.000000 35.495790
157.981211 93.558135 64.000000 37.147958 142.118635 87.302365 256.000000 206.159548 43.871360 15.724200 0.000000 64.172086 45.776309 12.874615 256.000000 181.790075 40.217449 80.783911 64.000000 14.039123 41.231451 96.204969 256.000000 223.812788 95.560338 131.982384 64.000000 36.795151 96.245467 129.986865 256.000000 220.344957
91.039027 30.508669 64.000000 29.584128 91.129353 31.471673 256.000000 219.505965 117.541393 91.898880 0.000000 35.822782 115.092609 90.073316 256.000000 231.970366 3.210391 109.571593 64.000000 34.123286 9.343884 110.192595 256.000000 232.417828 48.715444 102.749345 64.000000 11.134922 50.791027 104.315775 256.000000 248.010160
26.734111 222.828575 0.000000 16.878786 30.150269 225.449875 256.000000 240.997053 49.252427 32.985456 64.000000 17.244500 37.223675 29.402809 256.000000 236.509524 43.383265 120.411653 0.000000 11.410283 47.831362 132.017058 256.000000 261.425418 12.311309 72.558504 0.000000 11.621107 13.992785 72.649478 256.000000 226.562098
147.170053 100.481864 64.000000 24.868566 163.232475 84.439664 256.000000 229.307106 30.803400 141.084089 64.000000 24.313541 40.990182 140.551540 256.000000 235.360752 48.765582 93.008555 0.000000 19.886247 85.212809 75.825755 256.000000 242.008145 18.388684 126.678331 0.000000 16.693778 21.662318 125.724860 256.000000 231.892920
163.979844 115.131871 0.000000 39.178747 158.267951 114.744727 256.000000 225.972653 110.987427 86.211798 0.000000 27.979288 107.569058 73.634915 256.000000 231.953156 22.076067 155.262211 64.000000 30.913606 27.291138 152.517435 256.000000 231.811173 1.432409 13.183147 0.000000 23.754213 9.792784 13.175136 256.000000 242.274901
16.284620 71.552735 64.000000 30.289741 19.257740 70.593173 256.000000 225.400418 97.939984 163.197009 64.000000 9.947426 100.180824 162.525302 256.000000 228.106703 79.788011 128.326651 0.000000 19.752869 78.554109 127.227833 256.000000 232.211307 34.373513 59.738171 64.000000 9.887191 36.184169 58.059960 256.000000 255.182461
27.452424 133.138002 64.000000 23.190583 31.059193 129.880605 256.000000 224.036519 143.966589 124.482551 64.000000 32.552866 140.858622 129.037945 256.000000 232.697492 81.137104 97.780907 0.000000 9.504267 88.928820 94.092995 256.000000 255.238394 15.139136 9.200715 64.000000 9.099830 16.455402 9.461293 256.000000 236.608482
32.866305 33.283258 64.000000 18.909575 31.789291 34.250825 256.000000 233.187979 146.701682 106.894422 64.000000 14.353207 147.582804 106.098587 256.000000 237.395844 79.903707 99.402847 64.000000 10.119527 77.978391 101.918524 256.000000 252.136277 105.897573 56.397411 64.000000 11.165039 108.012365 53.540315 256.000000 240.945423
93.408082 88.902727 64.000000 21.263054 94.408216 84.817849 256.000000 246.783942 78.886762 117.724633 64.000000 12.227762 74.266924 122.461447 256.000000 244.077657 30.423956 11.874464 0.000000 22.876499 30.590880 15.805967 256.000000 260.655267 119.290305 87.546973 0.000000 14.288669 118.817613 89.562053 256.000000 257.923166
121.399242 60.704349 0.000000 16.491559 124.812651 66.438678 256.000000 237.916448 65.995273 17.603931 64.000000 34.626681 53.849513 26.514911 256.000000 201.310608 142.348431 126.465167 64.000000 24.094112 141.456529 124.016318 256.000000 242.214666 24.094909 156.069013 0.000000 18.595491 13.543698 147.584393 256.000000 234.637928
137.515229 186.284080 0.000000 47.968795 127.094740 183.355207 256.000000 201.293398 27.782458 117.830753 0.000000 25.677439 31.767049 114.080293 256.000000 236.070667 26.767735 100.509040 64.000000 24.158650 34.611675 97.846275 256.000000 237.735743 38.483122 82.871542 0.000000 14.017610 43.642791 77.601478 256.000000 230.692517
0.729242 123.579647 64.000000 15.635358 3.636278 125.899165 256.000000 237.972381 50.924882 101.907676 64.000000 42.749839 55.708311 110.575976 256.000000 207.415884 128.003165 19.445631 64.000000 51.092425 108.348384 21.324869 256.000000 211.791547 53.777518 44.234824 64.000000 9.994754 52.626722 44.290685 256.000000 252.084647
