20.273304 132.337924 64.000000 13.497005 23.141575 151.243013 256.000000 247.480950 23.642853 40.564773 64.000000 11.483426 20.955455 24.413289 256.000000 227.039678 9.163538 52.546031 0.000000 14.581240 9.106484 56.516145 256.000000 246.672077 104.937716 211.947691 64.000000 14.366114 102.734811 212.861200 256.000000 249.176143
99.852451 83.127598 0.000000 14.292971 118.388578 63.542069 256.000000 250.342126 92.490693 191.286667 0.000000 13.058148 114.015182 190.539340 256.000000 230.335408 26.688709 206.425647 0.000000 36.446647 21.504569 196.305678 256.000000 224.238737 49.611911 134.480593 0.000000 18.956903 46.229509 132.916825 256.000000 238.531709
69.768313 35.611485 64.000000 48.312997 106.186405 169.711800 256.000000 170.947725 125.398836 164.350667 0.000000 16.693778 121.587555 167.779255 256.000000 227.745291 93.836705 125.603573 64.000000 17.786618 103.904971 123.566700 256.000000 241.478935 25.675795 61.913976 64.000000 9.456939 29.558096 61.259249 256.000000 244.968279
45.281204 180.934733 0.000000 30.453237 90.591564 179.525515 256.000000 210.767547 14.350007 117.136873 64.000000 11.195157 12.633284 115.492778 256.000000 235.507037 121.513598 169.304644 64.000000 25.686044 118.851773 170.636102 256.000000 242.218968 69.284942 6.394956 0.000000 12.929073 73.371398 7.673642 256.000000 232.998668
16.732105 103.885873 64.000000 12.787089 10.233678 105.868785 256.000000 257.893049 87.384409 35.407878 0.000000 12.128804 89.055658 36.643133 256.000000 234.827239 74.158989 95.495547 0.000000 27.510313 116.420849 77.183544 256.000000 214.373059 16.113522 170.543471 64.000000 30.100430 18.432255 166.783500 256.000000 236.178230
146.292069 150.770733 0.000000 37.139353 135.884571 152.432076 256.000000 217.053529 2.183447 106.188162 64.000000 36.334781 14.056255 102.728391 256.000000 211.653866 69.851945 80.169831 0.000000 17.382181 65.372311 61.783133 256.000000 220.878469 11.376520 82.770564 0.000000 21.448062 18.509400 87.987765 256.000000 246.577421
6.771182 73.503311 0.000000 11.044569 3.621171 68.483876 256.000000 238.488684 151.901049 56.908913 0.000000 26.116296 147.997085 62.667525 256.000000 215.039950 15.427098 72.530636 64.000000 10.932703 15.612838 74.913947 256.000000 238.131574 49.576649 73.565502 64.000000 17.197172 46.647031 70.089664 256.000000 226.544888
23.248864 228.949076 64.000000 27.923355 25.105575 224.136253 256.000000 215.564857 63.531215 46.181540 64.000000 25.875355 51.510355 44.914173 256.000000 237.000012 10.988336 68.355613 0.000000 9.228905 11.368115 70.763780 256.000000 242.236179 53.244938 85.281584 0.000000 12.662316 62.206411 92.784435 256.000000 245.200615
33.506224 54.487496 0.000000 11.827627 26.313100 52.038780 256.000000 248.634026 94.653415 35.642247 0.000000 9.082620 123.034724 23.979405 256.000000 244.073355 77.762618 145.790369 64.000000 35.654983 96.157613 103.171665 256.000000 198.604323 28.758091 105.061144 64.000000 32.591589 51.712220 65.466175 256.000000 203.044524
14.782733 167.770560 64.000000 11.629712 7.310220 172.142651 256.000000 242.382464 57.415845 152.323236 0.000000 29.967052 57.303964 145.593122 256.000000 213.594303 68.073929 116.671867 64.000000 12.098686 74.722451 130.924273 256.000000 242.042565 60.862756 58.119538 0.000000 13.002215 67.261600 62.271905 256.000000 228.640215
62.809771 192.068735 64.000000 27.708229 62.983555 190.124918 256.000000 224.927141 184.485104 22.577491 0.000000 8.729813 246.110587 47.141845 256.000000 250.858429 120.566702 171.174675 0.000000 38.077302 119.743285 169.171515 256.000000 230.214938 43.585251 143.427771 0.000000 13.669106 53.183687 145.771256 256.000000 254.967335
78.419305 105.344575 0.000000 30.405909 77.906555 103.693584 256.000000 231.307778 99.911958 132.491129 0.000000 28.396632 113.437431 116.568575 256.000000 226.665359 63.849415 16.428629 64.000000 11.771695 65.285344 17.258493 256.000000 249.451505 15.682024 21.540947 0.000000 13.716434 16.942878 23.395729 256.000000 213.293126
1.639402 42.378987 0.000000 30.844766 17.879560 26.650825 256.000000 230.481694 75.741973 65.245789 0.000000 13.191526 80.734222 72.442236 256.000000 242.141523 67.225387 180.453080 64.000000 20.411155 65.552587 180.273385 256.000000 240.076313 62.749395 68.768475 64.000000 16.870181 68.445724 69.464407 256.000000 229.268383
28.233175 185.454556 0.000000 20.703726 35.988427 184.451696 256.000000 250.518530 180.196642 60.515404 64.000000 18.264197 179.836416 59.963793 256.000000 265.151400 68.731215 108.770493 0.000000 13.359325 65.598336 113.315849 256.000000 246.289152 70.351082 23.945053 64.000000 60.329935 66.278331 28.147976 256.000000 208.254876
20.710113 58.075004 64.000000 24.730885 29.373673 52.053996 256.000000 219.643646 74.813996 90.356696 64.000000 13.376535 73.323875 88.126531 256.000000 248.801824 27.323335 125.379529 64.000000 11.109107 24.412125 125.734645 256.000000 258.628780 3.970445 113.541895 0.000000 12.713947 3.927513 112.179229 256.000000 244.576749
3.814902 134.933911 64.000000 24.773910 6.125776 133.970811 256.000000 216.520016 62.372371 9.236544 0.000000 13.398047 69.340824 10.412525 256.000000 239.443843 113.189873 176.416522 64.000000 20.763962 105.355531 184.973375 256.000000 243.230061 34.799767 138.618947 0.000000 22.639860 52.441535 132.254211 256.000000 232.994366
176.533204 109.459564 0.000000 12.042753 178.785904 115.100145 256.000000 267.763030 105.071569 14.634342 64.000000 30.431724 108.495265 20.784867 256.000000 206.826439 165.641675 15.897291 64.000000 10.412098 166.636422 10.206518 256.000000 224.613057 97.943598 18.903022 64.000000 19.034348 98.183809 21.661776 256.000000 242.184548
57.887167 74.034560 64.000000 30.969539 46.006238 74.499169 256.000000 219.174671 11.372622 198.468335 0.000000 15.622450 8.677087 197.582853 256.000000 236.453592 15.785791 225.167324 64.000000 29.325976 15.739805 223.739704 256.000000 230.800080 29.262478 204.425760 0.000000 17.631727 32.984402 205.756916 256.000000 253.883100
151.802473 88.875567 64.000000 28.422447 150.382198 86.795460 256.000000 213.052185 140.460662 34.401173 64.000000 13.088266 140.896133 34.964665 256.000000 254.283235 48.067818 140.240185 0.000000 21.000600 47.820120 137.225095 256.000000 219.647949 32.866305 33.283258 64.000000 18.909575 31.789291 34.250825 256.000000 233.187979
93.769435 43.266522 0.000000 46.028359 65.008236 48.115425 256.000000 232.955643 45.755667 141.218735 0.000000 14.069240 54.750509 148.338749 256.000000 239.921423 39.878509 137.871575 64.000000 27.794279 44.134831 135.943985 256.000000 215.693933 91.340982 46.994002 64.000000 37.264126 87.788562 45.146371 256.000000 245.729825
41.548993 31.532424 64.000000 20.763962 56.945818 26.203604 256.000000 233.549391 78.065762 97.425749 64.000000 19.266685 86.170007 92.296347 256.000000 232.361895 70.904251 126.044671 0.000000 8.802956 69.204889 125.821742 256.000000 249.812916 16.173502 114.324422 64.000000 34.471790 14.021638 107.167040 256.000000 225.989863
65.720940 79.588853 64.000000 11.849140 72.781016 83.275278 256.000000 65.432724 43.455135 158.099945 64.000000 26.886447 47.875031 157.688055 256.000000 237.055944 75.065669 73.987202 64.000000 13.148501 76.383904 71.513509 256.000000 254.618831 0.527938 131.834005 64.000000 13.423862 15.571369 178.060720 256.000000 233.170769
90.699891 157.629104 0.000000 37.109235 86.250660 144.016720 256.000000 207.174943 101.273224 27.371656 64.000000 35.603353 96.889745 32.880524 256.000000 207.235178 42.799125 150.224695 0.000000 16.887391 46.191645 148.552109 256.000000 234.255004 42.335064 13.234591 0.000000 71.727311 42.084591 9.950822 256.000000 192.778711
162.018649 173.535336 64.000000 38.227890 159.539758 173.632935 256.000000 219.914705 173.573109 77.450638 0.000000 11.281207 186.941595 88.078853 256.000000 282.305547 23.966789 52.730016 64.000000 45.348561 25.986380 52.428940 256.000000 209.468186 21.995098 196.324682 0.000000 36.308966 15.900965 192.580162 256.000000 207.575077
15.319420 101.852258 64.000000 42.926242 31.404909 73.934305 256.000000 217.204117 22.435744 139.690320 64.000000 21.043625 21.471347 138.413524 256.000000 230.447274 52.986509 59.531504 64.000000 27.338212 44.152635 63.194098 256.000000 224.092452 73.062711 138.290604 0.000000 31.214783 73.222695 132.999991 256.000000 244.417556
89.487287 147.545038 64.000000 37.462042 79.760413 132.315362 256.000000 211.077329 27.555158 168.445885 0.000000 12.498821 12.534344 202.058020 256.000000 255.703066 150.402936 184.500958 64.000000 63.298674 132.952382 163.588293 256.000000 181.050042 124.564520 70.362989 64.000000 19.464600 123.012136 70.618020 256.000000 239.951540
15.799413 62.172425 64.000000 14.865207 6.166602 61.106196 256.000000 253.465756 25.599495 85.417035 64.000000 11.522149 24.066764 82.741711 256.000000 257.402562 51.711527 53.298933 64.000000 13.574451 52.733547 57.017896 256.000000 219.256419 155.426913 160.143784 64.000000 11.978216 155.783631 159.557398 256.000000 256.180646
93.795107 199.928233 64.000000 25.109507 83.412109 202.157756 256.000000 32.187152 93.725875 97.012562 0.000000 35.121471 49.353600 102.354915 256.000000 225.873695 80.322173 28.327384 64.000000 67.635614 80.861215 30.046551 256.000000 189.543216 104.708433 0.756931 64.000000 13.733644 104.629253 0.596242 256.000000 246.986161
14.299993 195.929140 0.000000 9.310653 9.643233 198.879960 256.000000 241.814532 47.962040 33.564035 0.000000 20.759659 39.736256 42.857185 256.000000 230.985089 165.136844 88.379500 64.000000 47.383653 142.320258 84.697042 256.000000 198.587113 146.562520 152.422600 64.000000 37.212495 144.198062 149.418115 256.000000 210.074842
25.086847 44.216236 0.000000 22.127860 22.591904 45.058098 256.000000 241.775809 129.664558 14.607167 0.000000 10.773510 130.885924 7.580882 256.000000 242.356649 88.394333 141.505998 0.000000 22.984062 86.661536 143.775362 256.000000 205.707784 31.538922 7.244607 64.000000 31.640732 29.229636 12.810291 256.000000 225.641359
57.931995 87.793324 64.000000 11.208065 59.263595 91.552607 256.000000 248.930900 74.327664 71.262573 0.000000 46.320930 71.395198 72.102933 256.000000 214.377362 9.149860 87.675865 64.000000 20.131491 12.331047 86.876873 256.000000 229.832013 21.185689 133.830636 64.000000 30.827556 29.023255 125.734742 256.000000 217.883915
166.791573 139.291882 0.000000 17.162752 166.364198 137.962089 256.000000 227.319342 77.653560 13.925771 0.000000 32.819623 79.164693 26.786733 256.000000 217.531109 29.656916 94.649611 64.000000 17.567189 39.809969 88.065207 256.000000 244.606867 88.546400 23.517980 64.000000 19.021441 90.561396 25.435018 256.000000 229.221056
