10.972191 26.816889 64.000000 22.459154 13.603804 27.367676 256.000000 222.384351 72.918265 70.390338 0.000000 13.815392 116.049187 104.100233 256.000000 245.949253 79.160867 108.490873 64.000000 20.940365 80.316225 103.260384 256.000000 210.423346 71.023216 63.951844 0.000000 20.828499 72.865535 60.527355 256.000000 255.100713
8.429744 189.357575 0.000000 15.600938 4.623798 188.966193 256.000000 218.344285 9.280864 66.225465 0.000000 17.029374 6.905862 63.754227 256.000000 237.628180 120.854078 28.714929 0.000000 10.906888 120.115735 26.942740 256.000000 246.641959 45.418075 12.638735 64.000000 19.421575 41.598425 13.417487 256.000000 232.753424
70.222724 60.143493 0.000000 15.562215 67.047804 62.929629 256.000000 222.530637 195.208287 94.690565 64.000000 17.248803 194.819473 95.400975 256.000000 242.477120 118.423085 100.320709 0.000000 15.372904 123.858064 95.498062 256.000000 226.144754 157.415973 160.637811 0.000000 8.751326 158.073685 162.645442 256.000000 262.139636
51.339338 60.796651 0.000000 13.591661 51.084987 54.647935 256.000000 233.635441 30.633320 147.416102 0.000000 10.227090 36.986136 150.178504 256.000000 231.402433 54.516300 54.771025 0.000000 13.643291 60.864553 56.003304 256.000000 260.973653 149.650309 1.519524 64.000000 13.436770 149.853516 1.891102 256.000000 241.861859
132.299351 112.659469 64.000000 10.394888 132.538487 111.445355 256.000000 223.550334 42.733471 98.508684 64.000000 20.436970 43.264304 93.270805 256.000000 242.270599 50.033649 161.175104 0.000000 14.163896 46.902880 161.201298 256.000000 260.306763 30.973882 5.381245 0.000000 15.781643 35.100095 4.878649 256.000000 237.043037
163.367113 58.669175 64.000000 29.162481 160.824184 58.805540 256.000000 214.958202 23.263935 83.591424 64.000000 9.013779 20.996007 81.061876 256.000000 253.814260 25.288271 88.044671 64.000000 43.300561 32.465227 79.979704 256.000000 206.684456 81.332311 23.054516 0.000000 9.147158 81.020665 24.700953 320.000000 233.854870
135.388784 85.391753 0.000000 11.350048 142.696445 94.082167 256.000000 246.280547 148.444205 145.289075 0.000000 39.832730 154.195676 140.770429 256.000000 210.281362 99.530796 66.998975 64.000000 20.905945 97.359785 66.493645 256.000000 223.903141 91.212784 12.167238 0.000000 8.906216 97.531929 10.358689 256.000000 252.626764
42.335064 13.234591 0.000000 71.727311 42.084591 9.950822 256.000000 192.778711 78.633282 74.603893 64.000000 13.802484 77.151465 74.256727 256.000000 241.427305 154.697218 33.937091 64.000000 42.487385 145.230496 37.444760 256.000000 227.818434 14.392018 201.673547 64.000000 9.951729 13.891536 202.058235 256.000000 262.664543
105.658153 47.655338 64.000000 25.987221 98.176578 33.380776 256.000000 237.051642 69.914229 223.583371 64.000000 29.282951 73.785609 221.487202 256.000000 239.689087 37.660340 87.401349 64.000000 13.497005 34.537213 87.956800 256.000000 269.647533 39.174573 23.124373 64.000000 26.503523 37.330111 25.536676 256.000000 230.726938
153.533331 17.327927 0.000000 18.255592 152.310335 15.746818 256.000000 243.251573 123.191898 58.099889 64.000000 9.568804 164.380047 16.179065 256.000000 235.334936 24.243549 140.261405 64.000000 14.082148 28.745489 142.299055 256.000000 253.943335 126.722202 34.362833 64.000000 9.000872 126.344235 32.906193 256.000000 251.989991
151.442293 107.671864 64.000000 25.552666 150.375382 108.788444 256.000000 232.340383 110.149944 84.583931 0.000000 16.254921 116.037622 75.123989 256.000000 254.571503 66.836358 42.210073 0.000000 29.003287 70.883471 56.940798 256.000000 219.781327 36.652802 95.104833 64.000000 9.792536 41.236985 95.820011 256.000000 240.442028
38.326205 91.274842 0.000000 13.811089 40.443640 88.092249 256.000000 254.683369 102.486791 54.476955 0.000000 11.935190 102.379473 50.500020 256.000000 237.907843 16.732105 103.885873 64.000000 12.787089 10.233678 105.868785 256.000000 257.893049 180.867067 18.677649 64.000000 45.387283 177.914120 20.326091 256.000000 231.174400
0.126284 78.851011 0.000000 17.653240 5.340129 78.475291 256.000000 252.820378 27.699311 223.360496 64.000000 12.804300 28.403422 223.432184 256.000000 236.031945 119.767975 187.331020 64.000000 22.833474 113.900707 193.559456 256.000000 236.591272 132.948542 81.915120 0.000000 31.756900 129.881844 81.158320 256.000000 223.657897
75.990789 20.417165 64.000000 18.092097 74.838164 21.240980 256.000000 220.349259 96.176180 211.030749 64.000000 22.037507 95.305153 209.990640 256.000000 241.100313 112.191342 2.475749 64.000000 30.612430 108.917809 4.734758 256.000000 214.304219 74.796209 19.592949 0.000000 18.061979 73.733905 26.293395 256.000000 235.438197
3.210391 109.571593 64.000000 34.123286 9.343884 110.192595 256.000000 232.417828 74.327664 71.262573 0.000000 46.320930 71.395198 72.102933 256.000000 214.377362 19.806475 122.627095 64.000000 22.218213 27.312800 122.324742 256.000000 248.027370 94.309195 185.275762 64.000000 15.385812 94.662751 185.015647 256.000000 252.691302
27.924545 199.728842 64.000000 12.507426 37.471269 208.744664 256.000000 243.754968 13.524527 207.070151 0.000000 19.993810 13.422815 206.461456 256.000000 240.545288 52.915431 59.181100 0.000000 9.844166 51.823020 62.176018 256.000000 240.902397 109.575876 19.426349 64.000000 11.522149 108.179529 16.076033 256.000000 253.508781
47.192353 84.051324 64.000000 22.743121 42.675522 79.665087 256.000000 240.050498 40.207080 146.475033 64.000000 21.482482 33.258915 148.172856 256.000000 236.539642 19.150873 147.962645 64.000000 19.572163 20.289055 148.068905 256.000000 237.817490 131.343136 101.392327 64.000000 17.554282 130.179824 103.665585 256.000000 250.363639
65.720940 79.588853 64.000000 11.849140 72.781016 83.275278 256.000000 65.432724 121.867304 35.997375 0.000000 20.957575 122.641545 37.634295 256.000000 251.645790 27.323335 125.379529 64.000000 11.109107 24.412125 125.734645 256.000000 258.628780 63.032120 138.717289 0.000000 18.935391 54.930244 147.083993 256.000000 244.809085
121.939742 116.471256 0.000000 29.097943 117.652780 116.251302 256.000000 222.199343 90.699891 157.629104 0.000000 37.109235 86.250660 144.016720 256.000000 207.174943 67.523829 61.390669 0.000000 9.512872 66.101738 61.937565 256.000000 243.587170 22.483109 64.867433 64.000000 11.543661 23.275484 62.874809 256.000000 260.909115
129.700002 87.811096 0.000000 17.993139 128.066664 88.977318 256.000000 227.771106 113.917131 164.009985 64.000000 15.540702 115.621775 161.483602 256.000000 229.690030 104.795047 126.890469 64.000000 41.777469 106.481107 127.444922 256.000000 229.449089 94.251376 167.531333 64.000000 37.294243 83.970120 166.409493 256.000000 216.390941
148.576569 79.538273 64.000000 16.001072 145.584018 82.853556 256.000000 230.103072 32.166531 100.538376 64.000000 16.517374 25.684493 89.061575 256.000000 249.847336 96.000478 152.877460 0.000000 9.538687 109.635931 205.049907 256.000000 246.865690 82.854584 159.863300 0.000000 37.604025 78.893164 153.371364 256.000000 224.570031
76.400231 74.012376 64.000000 11.169342 75.350967 73.451044 256.000000 247.330362 95.115367 96.375140 64.000000 16.134450 101.549136 90.896447 256.000000 239.073826 77.653560 13.925771 0.000000 32.819623 79.164693 26.786733 256.000000 217.531109 58.535515 21.703302 0.000000 25.440801 55.598349 27.464729 256.000000 221.674435
82.811735 48.119747 0.000000 36.678983 62.570049 64.930675 256.000000 214.291311 104.547949 218.759707 64.000000 18.500836 109.318347 217.412349 256.000000 238.781255 111.122611 36.102244 64.000000 19.064466 111.699647 38.990669 256.000000 217.634369 105.860751 90.166991 64.000000 20.574651 103.199769 85.817289 256.000000 230.012719
135.696373 116.789975 0.000000 27.419960 128.959089 123.292525 256.000000 205.780927 20.009416 189.991613 0.000000 49.018610 27.314880 187.306785 256.000000 213.899782 127.819027 147.388564 64.000000 28.758044 111.485202 154.446929 256.000000 222.306906 159.808167 99.097080 64.000000 11.281207 159.384336 102.718131 256.000000 241.526263
49.139158 156.175842 0.000000 25.797910 53.660927 151.327691 256.000000 237.834701 58.044673 98.990267 64.000000 18.530954 61.916280 93.534705 256.000000 230.800080 128.975316 9.342176 64.000000 32.918581 129.588589 10.907895 256.000000 236.875239 97.167262 37.518827 0.000000 27.759859 96.986453 40.940113 256.000000 227.491442
20.604051 212.788242 64.000000 41.932360 22.452251 202.415471 256.000000 217.100857 39.304918 95.981740 0.000000 16.861576 30.724207 98.526136 256.000000 236.892449 74.158989 95.495547 0.000000 27.510313 116.420849 77.183544 256.000000 214.373059 22.076067 155.262211 64.000000 30.913606 27.291138 152.517435 256.000000 231.811173
97.272409 215.068975 64.000000 38.628025 102.957489 200.669338 256.000000 217.161092 100.805047 73.027649 0.000000 29.205506 85.628064 64.617882 256.000000 236.926869 28.935753 130.093869 0.000000 38.929201 38.129936 108.293460 256.000000 223.997796 115.723735 117.316853 64.000000 26.094784 112.916596 118.088855 256.000000 238.819978
34.453484 82.291742 0.000000 15.226618 29.613811 84.743878 256.000000 236.311608 50.967238 62.188538 64.000000 8.699695 49.592733 59.912065 256.000000 255.251302 19.939627 76.819885 0.000000 12.567661 7.207902 75.780896 256.000000 222.431679 12.615616 41.570536 0.000000 21.753541 11.283289 45.913340 256.000000 239.159877
90.623665 76.589364 0.000000 11.453308 89.523520 75.939436 256.000000 253.530294 42.400482 22.586820 0.000000 11.513544 54.436205 10.226076 256.000000 225.976955 14.482218 67.183765 64.000000 47.650409 15.189240 61.694305 256.000000 224.036519 9.884460 14.019413 0.000000 18.642819 15.113724 13.098302 256.000000 222.814603
105.769933 71.085262 64.000000 20.320802 104.874318 69.742893 256.000000 232.202702 77.278762 39.951529 0.000000 8.979359 82.319436 41.315673 256.000000 245.966463 117.574671 112.150369 0.000000 16.211895 123.395164 106.296160 256.000000 243.204246 73.244876 91.695735 64.000000 12.675224 77.167969 92.537776 256.000000 252.131975
110.796727 82.435969 0.000000 27.518918 106.904756 78.346173 256.000000 233.265424 10.891887 71.017107 64.000000 14.826484 4.004833 64.198100 256.000000 252.360008 88.303782 98.725160 64.000000 78.284351 89.951273 98.323362 256.000000 167.213137 79.912536 79.472865 0.000000 9.568804 79.731082 81.174744 256.000000 239.852582
81.972538 36.510020 0.000000 22.958247 73.752098 23.289231 256.000000 247.786429 146.404731 78.182707 0.000000 10.222788 148.831656 82.190160 256.000000 228.511140 167.626524 73.014195 0.000000 33.357438 164.684542 67.915265 256.000000 226.377090 85.116804 153.250075 0.000000 63.049128 73.346547 178.325209 256.000000 200.992222
