54.093687 131.981395 64.000000 11.324233 64.100242 148.052280 256.000000 224.836788 7.181407 91.196636 64.000000 72.157563 5.112496 89.648982 256.000000 178.120025 182.806058 27.704853 0.000000 17.894181 182.008235 30.105338 256.000000 244.963976 63.649609 45.218336 0.000000 23.427221 61.558869 44.521273 256.000000 241.840347
80.822089 145.803753 0.000000 16.723895 82.602307 144.003569 256.000000 259.635569 78.430249 16.906520 64.000000 22.790448 77.421595 19.867620 256.000000 256.933587 29.656916 94.649611 64.000000 17.567189 39.809969 88.065207 256.000000 244.606867 93.174325 147.782327 0.000000 11.066081 102.138087 147.492735 256.000000 247.115236
46.820093 42.518704 0.000000 9.151460 48.596529 34.339673 256.000000 233.536483 157.783367 171.103318 64.000000 38.064394 144.700933 149.692202 256.000000 215.474504 52.212576 60.657311 64.000000 14.323089 58.825680 59.606633 256.000000 239.960145 88.675313 120.144640 64.000000 11.784602 87.759976 127.605458 256.000000 245.467371
98.122733 89.400258 64.000000 21.293171 115.457353 90.282011 256.000000 239.585826 82.519460 9.956218 64.000000 12.184737 80.994987 11.113695 256.000000 236.427777 38.498740 70.830453 64.000000 17.012164 33.762356 69.470255 256.000000 236.991407 63.482067 111.594022 0.000000 15.648265 67.518925 109.929460 256.000000 237.912146
31.311664 3.335707 64.000000 13.342115 35.148936 1.302473 256.000000 263.679938 3.699545 10.324275 0.000000 17.700567 3.589558 13.583329 256.000000 228.166938 147.272880 38.159198 64.000000 51.518374 149.551562 21.901984 256.000000 214.192353 94.251376 167.531333 64.000000 37.294243 83.970120 166.409493 256.000000 216.390941
37.835218 61.834804 0.000000 13.707829 37.273224 66.981462 256.000000 246.710799 83.216415 152.896895 64.000000 27.566246 80.995709 148.958987 256.000000 235.451104 27.198942 179.437367 64.000000 47.375048 29.440520 175.246562 256.000000 219.234907 49.227076 7.000147 64.000000 20.097071 49.274504 7.262571 256.000000 255.599806
62.236318 165.995322 0.000000 28.839792 53.503720 161.958231 256.000000 212.165866 36.676265 179.422151 64.000000 29.519590 44.708624 174.545935 256.000000 254.395100 160.687711 48.311495 0.000000 21.693306 160.940675 45.327355 256.000000 218.559411 82.952795 20.976025 64.000000 19.924970 84.307851 23.789213 256.000000 236.982802
39.339520 190.269891 64.000000 16.762618 39.082633 189.195998 256.000000 244.796178 39.181495 122.603773 64.000000 15.403022 43.709013 123.401373 256.000000 252.742932 135.227167 25.662985 0.000000 39.522949 116.947284 35.087853 256.000000 216.309193 89.560045 183.848382 64.000000 10.747695 88.494069 183.940885 256.000000 226.355577
60.095809 41.766633 64.000000 24.145742 63.897578 56.916495 256.000000 237.550734 61.189087 59.670809 0.000000 20.944667 89.657305 53.948840 256.000000 240.278532 66.530349 104.166664 0.000000 11.479123 63.793651 105.098335 256.000000 230.997996 103.818156 211.669955 0.000000 14.774854 107.793322 210.984502 256.000000 234.995037
149.490084 172.727353 0.000000 20.406852 147.461636 174.041707 256.000000 240.033288 92.098718 7.506725 64.000000 9.439729 90.167178 5.304175 256.000000 238.884515 17.120158 117.234462 64.000000 22.730213 10.013231 114.091522 256.000000 247.059303 191.845936 82.146535 0.000000 19.972298 193.118609 109.752218 256.000000 236.819306
172.135624 27.147853 0.000000 11.212367 172.859731 21.144073 256.000000 235.575878 127.790513 95.847911 64.000000 10.011964 132.727460 91.498209 256.000000 248.677051 104.499053 145.678376 64.000000 25.509641 101.103455 146.167935 256.000000 255.698764 13.921880 27.833013 64.000000 8.695393 15.340996 28.094840 256.000000 247.657354
10.372089 99.610429 0.000000 14.619963 10.666113 93.862015 256.000000 213.667446 96.207005 214.100720 0.000000 17.537072 95.215042 214.853131 256.000000 237.245255 48.603187 79.903195 64.000000 13.772367 46.241973 82.862196 256.000000 241.831742 29.966969 21.006307 64.000000 11.109107 29.601756 21.458960 256.000000 241.160549
16.316124 59.340291 64.000000 12.477308 19.086815 56.692578 256.000000 226.893392 48.765582 93.008555 0.000000 19.886247 85.212809 75.825755 256.000000 242.008145 93.060740 84.295367 64.000000 10.011964 93.294835 89.459287 256.000000 250.682025 86.915593 157.158807 64.000000 15.071728 84.865016 159.174618 256.000000 236.044852
16.615855 91.183125 64.000000 9.413914 17.478371 91.528740 256.000000 249.606395 161.316227 38.948985 64.000000 34.523420 161.523695 43.058760 256.000000 217.810772 28.601515 115.262644 64.000000 30.255321 34.710469 104.515171 256.000000 210.285665 122.841618 56.583229 0.000000 26.606784 118.281218 45.986187 256.000000 242.795506
56.547967 91.962195 0.000000 15.592332 68.678662 90.769460 256.000000 224.428048 24.969347 99.398673 0.000000 8.772838 25.026853 98.024476 256.000000 249.709656 50.661320 13.343282 0.000000 94.427406 50.759442 17.372767 256.000000 154.550821 49.935911 89.968020 64.000000 18.857945 42.513369 88.536138 256.000000 251.064950
179.955591 65.637891 64.000000 36.442344 176.763462 68.254240 256.000000 205.742204 65.966607 108.024138 0.000000 92.740819 66.438907 108.865060 256.000000 162.355592 34.373513 59.738171 64.000000 9.887191 36.184169 58.059960 256.000000 255.182461 92.764442 30.652949 64.000000 24.610414 90.143807 31.276956 256.000000 227.504350
56.234613 87.309071 0.000000 13.152804 51.210769 84.225020 256.000000 238.531709 20.063862 26.679491 64.000000 14.417745 21.390322 27.271420 256.000000 242.735271 78.845967 25.296516 64.000000 11.362955 79.713209 26.011787 256.000000 232.163979 72.458542 81.759647 0.000000 12.645106 69.238944 81.793969 256.000000 228.816619
48.995018 130.763958 64.000000 36.145471 40.533971 116.351689 256.000000 212.389597 21.555256 48.313929 64.000000 10.308838 15.088200 46.085904 256.000000 242.447002 8.914515 57.462842 0.000000 9.078317 10.021540 59.149860 256.000000 243.169825 195.208287 94.690565 64.000000 17.248803 194.819473 95.400975 256.000000 242.477120
160.157011 5.276680 64.000000 20.970482 159.556962 3.579529 256.000000 238.923238 100.316613 197.790725 0.000000 12.059964 99.980967 198.044084 256.000000 254.541386 77.653560 13.925771 0.000000 32.819623 79.164693 26.786733 256.000000 217.531109 14.729805 113.737736 64.000000 24.571692 21.342771 110.310700 256.000000 237.481894
60.143769 149.743200 64.000000 25.010549 59.805822 147.700695 256.000000 227.805526 68.890420 18.264289 0.000000 20.527323 65.687898 18.653804 256.000000 228.136820 68.211758 90.391825 0.000000 20.763962 63.515220 114.711944 256.000000 246.568816 96.336289 155.169251 0.000000 16.065610 97.191987 153.944267 256.000000 248.186564
62.719085 89.034095 0.000000 27.966380 57.275456 82.794547 256.000000 231.746635 5.744835 54.428362 64.000000 14.585543 5.269593 56.770425 256.000000 229.866434 53.140173 12.335458 64.000000 32.402278 52.753300 18.934149 256.000000 230.572047 176.501855 130.775667 0.000000 9.065410 179.014991 129.714200 256.000000 242.094195
83.093869 91.705909 64.000000 18.660029 82.185573 91.448764 256.000000 227.039678 90.196784 40.513240 64.000000 12.765577 88.165184 39.900018 256.000000 246.388110 19.641027 59.730298 0.000000 10.984334 22.349185 60.807027 256.000000 242.588985 155.521615 37.703571 0.000000 13.965980 163.280215 46.213355 256.000000 249.038463
87.212875 58.930071 64.000000 32.527051 84.424644 50.074751 256.000000 228.016350 130.133320 150.897453 0.000000 42.582040 128.896280 147.662304 256.000000 218.107646 156.488882 52.032149 64.000000 8.884704 157.298800 52.601982 256.000000 245.226430 90.209698 154.280555 64.000000 32.866950 88.473269 151.284313 256.000000 216.008017
97.554780 137.052558 0.000000 61.986406 98.580233 137.763589 256.000000 199.124928 9.152967 130.897638 64.000000 21.861104 14.392218 131.789358 256.000000 227.736686 20.583493 70.354220 64.000000 13.299089 17.056438 69.830698 256.000000 251.856613 65.333235 27.066009 0.000000 11.066081 74.567629 25.605458 256.000000 240.657154
53.833235 131.236007 0.000000 11.763090 57.473884 132.427791 256.000000 250.488412 19.654171 39.729293 64.000000 12.326720 13.688595 43.806102 256.000000 239.504078 87.006205 105.639373 64.000000 14.155291 86.594949 105.020378 256.000000 243.234363 14.950371 126.836633 64.000000 13.806787 5.596962 130.615396 256.000000 260.857485
131.869556 115.976300 0.000000 20.445575 134.939680 112.544822 256.000000 236.815003 18.296187 71.388333 64.000000 9.271931 17.698105 72.988236 256.000000 254.115436 131.511256 95.366715 64.000000 46.574779 135.294275 94.324384 256.000000 218.004386 28.361702 143.574813 0.000000 10.042082 32.654680 146.927524 256.000000 251.396244
51.445296 69.475296 0.000000 9.237510 58.519256 65.565896 256.000000 242.317926 186.859489 93.003187 0.000000 13.651896 185.430091 95.549695 256.000000 224.776552 73.226153 125.661675 64.000000 17.373576 97.698358 126.813696 256.000000 252.041622 9.547089 137.484202 0.000000 12.223459 10.597198 137.359013 256.000000 251.456479
141.277691 73.545915 0.000000 17.020769 143.946927 69.409100 256.000000 229.337224 30.347891 39.125967 64.000000 14.551123 23.225496 46.690949 256.000000 227.379577 136.951713 124.568604 0.000000 11.547964 145.408365 117.690829 256.000000 253.439941 94.667820 102.690209 64.000000 33.671522 95.388856 90.139018 256.000000 227.938905
65.552865 121.856040 0.000000 35.302177 60.589653 114.774555 256.000000 216.786773 105.769933 71.085262 64.000000 20.320802 104.874318 69.742893 256.000000 232.202702 141.612211 79.407922 0.000000 11.565174 148.297515 88.217416 256.000000 234.001155 96.194053 38.862358 64.000000 17.231593 97.670802 41.942775 256.000000 242.132918
41.088935 22.458271 64.000000 24.292028 38.248191 24.667556 256.000000 231.690702 12.097740 184.303298 0.000000 16.013979 6.638180 185.440040 256.000000 226.596518 68.037273 80.097335 0.000000 8.635158 71.657493 76.931622 256.000000 256.378562 89.623795 139.454258 64.000000 10.648737 90.329713 138.307607 256.000000 234.745491
184.279813 124.049638 0.000000 40.443688 180.430545 115.849658 256.000000 204.145969 47.507925 102.150264 64.000000 17.330551 48.798951 96.072462 256.000000 232.013391 89.461985 209.755156 0.000000 28.499892 86.891244 203.354164 256.000000 247.911202 124.382680 104.121811 64.000000 34.846109 120.939525 98.889824 256.000000 207.312624
23.582365 2.665527 0.000000 36.674680 31.145773 6.892045 256.000000 242.675036 98.038500 73.187562 0.000000 10.463729 97.768451 72.748764 256.000000 238.303675 20.948491 153.372344 0.000000 21.779356 26.143158 150.250769 256.000000 226.286737 64.662605 11.181360 0.000000 44.939821 55.699544 34.915304 256.000000 196.220727
