136.951713 124.568604 0.000000 11.547964 145.408365 117.690829 256.000000 253.439941 8.238425 154.979611 0.000000 8.622250 3.976993 155.641309 256.000000 247.928412 94.449082 5.554682 64.000000 15.463257 94.114471 11.698147 256.000000 219.450033 46.049033 4.126431 64.000000 25.363355 42.629593 5.808533 256.000000 240.928212
94.650325 193.325262 64.000000 12.649409 86.701016 214.280115 256.000000 241.121826 51.337493 55.841242 64.000000 25.113809 70.824207 57.257882 256.000000 249.610698 20.708456 100.869973 0.000000 12.253577 17.106507 98.555240 256.000000 250.996109 96.264164 112.989044 64.000000 27.123086 94.972973 113.882147 256.000000 229.500719
39.859284 42.727444 64.000000 19.765777 54.200749 48.898438 256.000000 214.330034 22.719300 22.892785 0.000000 23.792936 63.848687 8.297907 256.000000 230.520417 134.867638 175.733113 64.000000 29.756228 131.278053 170.870835 256.000000 212.294942 27.247493 124.377405 64.000000 13.798182 35.322589 133.638278 256.000000 225.615544
131.229369 99.171653 0.000000 31.692362 124.735569 97.548769 256.000000 225.611241 112.257698 202.126671 0.000000 70.931345 112.812018 201.719435 256.000000 195.127887 120.854078 28.714929 0.000000 10.906888 120.115735 26.942740 256.000000 246.641959 67.383767 73.368402 0.000000 19.593676 67.861735 78.403900 256.000000 243.337624
86.550169 102.615980 64.000000 16.775525 101.133958 101.724747 256.000000 239.788045 121.971251 188.831256 0.000000 27.372632 118.645749 190.643704 256.000000 229.388854 62.347278 42.618509 0.000000 20.148701 65.784175 47.965584 256.000000 225.658569 28.998175 10.119724 0.000000 9.233208 25.867293 10.235164 256.000000 241.259506
54.150784 60.002016 64.000000 10.799325 57.001325 65.166235 256.000000 223.653595 21.094405 74.985827 0.000000 14.379022 14.072387 77.396633 256.000000 233.545088 40.526467 31.338609 0.000000 15.893509 38.588982 34.124676 256.000000 220.129831 5.356402 55.670316 64.000000 41.661301 12.051458 56.211045 256.000000 225.279947
53.244938 85.281584 0.000000 12.662316 62.206411 92.784435 256.000000 245.200615 50.206533 105.883635 64.000000 17.812433 52.442360 102.092095 256.000000 231.738030 91.039027 30.508669 64.000000 29.584128 91.129353 31.471673 256.000000 219.505965 69.620907 59.896633 0.000000 20.023928 85.792611 70.657616 256.000000 239.779440
27.831724 197.234445 64.000000 19.421575 29.818404 197.280695 256.000000 242.606195 64.662605 11.181360 0.000000 44.939821 55.699544 34.915304 256.000000 196.220727 74.049742 57.527575 0.000000 12.021241 72.133887 52.705895 256.000000 243.582867 101.655829 174.287745 64.000000 12.804300 99.576653 186.577687 256.000000 251.176815
183.926145 28.614742 64.000000 30.517774 182.609365 32.762067 256.000000 224.479678 81.962985 53.185318 0.000000 18.371760 81.113389 50.663324 256.000000 258.555637 100.553756 172.119669 0.000000 11.134922 141.902824 184.039627 256.000000 239.693389 10.378567 145.445604 64.000000 13.944467 12.352271 146.608091 256.000000 241.956515
16.678658 44.736020 0.000000 16.513072 15.393980 48.678627 256.000000 223.941863 185.202273 106.348053 0.000000 9.000872 187.147735 105.299016 256.000000 233.076113 167.958551 102.734515 64.000000 35.074143 169.665905 86.873975 256.000000 11.096199 79.423431 114.561280 0.000000 64.120456 76.715956 112.393089 256.000000 207.179246
61.414384 20.505320 64.000000 9.930216 58.837825 17.297424 256.000000 236.100785 182.978391 40.796069 0.000000 46.863048 172.038967 38.126495 256.000000 205.505565 62.909633 97.187435 64.000000 27.665204 58.158573 84.806785 256.000000 225.667174 73.554002 46.150504 64.000000 10.721880 88.989300 35.631925 256.000000 45.473334
100.805047 73.027649 0.000000 29.205506 85.628064 64.617882 256.000000 236.926869 85.201038 94.137667 64.000000 52.159450 88.005147 90.100456 256.000000 200.790003 9.149860 87.675865 64.000000 20.131491 12.331047 86.876873 256.000000 229.832013 86.182885 73.409018 0.000000 27.174716 82.317402 46.179342 256.000000 235.007945
16.933209 79.529665 0.000000 23.711188 20.921607 63.080289 256.000000 226.002771 58.121231 92.188902 64.000000 54.577466 59.308316 96.001102 256.000000 202.248558 103.674711 36.950640 0.000000 21.542718 99.366295 37.973304 256.000000 236.789188 14.869778 19.332051 64.000000 10.941308 17.178911 17.355649 256.000000 257.875839
44.179345 103.693007 0.000000 12.589174 43.950387 101.742444 256.000000 223.034032 21.791989 75.227451 0.000000 15.566517 26.627236 78.584315 256.000000 245.712615 72.768691 183.442273 0.000000 22.540902 85.008535 179.415085 256.000000 236.380449 118.695635 114.105515 64.000000 29.128060 116.722551 111.776100 256.000000 229.414669
121.442291 181.548744 0.000000 32.970211 120.713916 180.451158 256.000000 227.185964 16.173502 114.324422 64.000000 34.471790 14.021638 107.167040 256.000000 225.989863 167.626524 73.014195 0.000000 33.357438 164.684542 67.915265 256.000000 226.377090 100.508065 13.801982 0.000000 23.668163 99.291687 16.992275 256.000000 221.356049
13.478856 116.202302 64.000000 12.795694 15.892915 117.796398 256.000000 242.765388 58.535515 21.703302 0.000000 25.440801 55.598349 27.464729 256.000000 221.674435 25.034080 52.760007 0.000000 15.506282 26.401822 56.031124 256.000000 233.325660 18.961227 190.167156 0.000000 14.632871 33.268118 197.655020 256.000000 218.103344
43.403442 61.256489 64.000000 42.465872 39.350971 95.857562 256.000000 218.748722 91.301173 86.562120 64.000000 26.925170 12.670382 85.198067 256.000000 218.172184 110.796727 82.435969 0.000000 27.518918 106.904756 78.346173 256.000000 233.265424 28.628238 77.577960 64.000000 10.764905 28.183820 84.903264 256.000000 245.592144
170.281976 118.606555 64.000000 40.168327 165.353196 116.893511 256.000000 208.470002 48.829115 50.525087 0.000000 20.531625 48.732893 55.363551 256.000000 240.183876 77.964065 95.354667 64.000000 31.640732 54.589147 88.954742 256.000000 211.047211 84.136582 220.560169 64.000000 31.507354 88.539269 218.636056 256.000000 234.078601
74.030536 197.001118 0.000000 30.526379 69.192676 199.010471 256.000000 238.286465 52.958107 148.508600 64.000000 35.069841 57.502473 147.311713 256.000000 214.695748 65.966607 108.024138 0.000000 92.740819 66.438907 108.865060 256.000000 162.355592 50.023753 84.927885 0.000000 23.754213 44.734071 89.999855 256.000000 230.679610
104.449642 160.840587 64.000000 11.935190 106.281931 159.681196 320.000000 246.818362 152.761169 36.093205 64.000000 40.241470 145.420842 35.643447 256.000000 212.647748 146.404731 78.182707 0.000000 10.222788 148.831656 82.190160 256.000000 228.511140 184.485104 22.577491 0.000000 8.729813 246.110587 47.141845 256.000000 250.858429
6.321005 100.111393 0.000000 17.175660 9.165342 96.651213 256.000000 234.810029 77.604131 78.768571 64.000000 22.738818 73.498882 85.034535 256.000000 244.357321 177.367100 46.604535 64.000000 10.536871 177.644009 47.025838 256.000000 241.939305 94.653415 35.642247 0.000000 9.082620 123.034724 23.979405 256.000000 244.073355
101.694889 61.367400 64.000000 29.287254 96.478349 57.961256 256.000000 231.643374 122.295560 143.283089 64.000000 13.105476 121.604047 144.447544 256.000000 236.608482 74.982891 190.637149 64.000000 64.025800 76.842840 192.736682 256.000000 186.415284 95.499567 190.495865 0.000000 23.913406 93.673945 193.031696 256.000000 240.867977
26.793016 228.415191 64.000000 35.895924 30.495076 226.003158 256.000000 222.513427 62.951735 51.813664 0.000000 11.552266 66.781045 51.882369 256.000000 255.926797 100.441116 150.600907 64.000000 13.983190 99.909655 151.824033 256.000000 242.842834 10.988336 68.355613 0.000000 9.228905 11.368115 70.763780 256.000000 242.236179
169.631831 32.063429 64.000000 56.427550 169.293662 33.547340 256.000000 188.213737 79.631989 10.382756 0.000000 26.499221 75.923649 12.036235 256.000000 238.316583 118.763305 108.955202 64.000000 38.443016 104.512107 107.952105 256.000000 203.608154 80.983925 61.557275 64.000000 23.293843 75.659500 56.919067 256.000000 236.952684
30.966696 108.239598 0.000000 12.795694 24.189013 115.099655 256.000000 237.477591 69.572307 135.447705 64.000000 16.160265 88.086982 124.405600 256.000000 229.272686 6.854051 201.030160 0.000000 9.835561 7.654138 200.552518 256.000000 243.694733 19.058364 203.735855 0.000000 15.562215 23.494800 205.882587 256.000000 223.571847
111.538225 49.414282 64.000000 11.315628 116.882809 42.972840 256.000000 248.354362 3.210391 109.571593 64.000000 34.123286 9.343884 110.192595 256.000000 232.417828 24.227071 73.704742 0.000000 34.192126 21.174500 74.568956 256.000000 212.109933 71.153607 160.700920 64.000000 11.117712 70.956113 160.993973 256.000000 245.381321
48.587464 195.872418 64.000000 23.285238 49.182605 193.615165 256.000000 244.365926 92.439795 65.796035 64.000000 15.902114 90.910322 62.362502 256.000000 241.281019 39.026744 92.786185 0.000000 16.229105 34.798407 91.434885 256.000000 243.294598 114.181805 87.695629 64.000000 9.792536 114.121525 88.979365 256.000000 246.259035
12.970364 27.963718 64.000000 8.699695 14.876144 26.065920 256.000000 238.673692 104.852309 154.741280 64.000000 15.114753 116.107822 155.384298 256.000000 236.221256 99.229991 206.418760 0.000000 54.616189 84.117907 202.048698 256.000000 180.649907 59.277985 172.028795 0.000000 12.868837 78.513427 183.170325 256.000000 255.823537
3.177293 18.759402 64.000000 23.465944 9.577495 21.976011 256.000000 224.268855 43.219804 154.735115 64.000000 10.059292 44.747007 154.264742 256.000000 246.874295 30.803400 141.084089 64.000000 24.313541 40.990182 140.551540 256.000000 235.360752 78.331831 218.536478 0.000000 22.644163 75.434613 220.440415 256.000000 228.072283
133.065567 43.853702 64.000000 36.102445 128.945265 44.125162 256.000000 207.544960 88.437036 23.932658 0.000000 13.832602 89.975596 25.366416 256.000000 241.861859 135.227167 25.662985 0.000000 39.522949 116.947284 35.087853 256.000000 216.309193 134.043578 154.824127 64.000000 17.317643 138.955380 149.716720 256.000000 219.746906
65.280440 73.275129 0.000000 16.117240 54.983560 67.066862 256.000000 231.286265 3.605233 89.829051 0.000000 19.606584 1.326402 77.063624 256.000000 229.294198 43.585251 143.427771 0.000000 13.669106 53.183687 145.771256 256.000000 254.967335 120.886653 25.189740 0.000000 24.016667 130.826069 32.251265 256.000000 240.781927
181.112800 115.454598 0.000000 31.318043 175.674740 125.469545 256.000000 220.943007 31.183676 172.661365 64.000000 40.374848 35.056627 171.065767 256.000000 215.091580 183.018813 42.272142 64.000000 36.145471 181.357131 41.649071 256.000000 226.011376 108.239642 97.626555 64.000000 8.979359 108.832544 96.815222 256.000000 253.607739
