41.700735 51.203125 0.000000 11.087594 35.239185 47.821978 256.000000 232.942735 151.901049 56.908913 0.000000 26.116296 147.997085 62.667525 256.000000 215.039950 162.006562 36.291051 0.000000 21.275961 162.120491 39.549605 256.000000 240.579708 137.268584 15.051349 64.000000 21.099558 134.575720 14.226598 256.000000 235.760886
60.862756 58.119538 0.000000 13.002215 67.261600 62.271905 256.000000 228.640215 12.970364 27.963718 64.000000 8.699695 14.876144 26.065920 256.000000 238.673692 2.952198 191.266567 64.000000 9.878586 9.291698 206.502578 256.000000 242.313624 82.192055 221.843425 64.000000 15.609543 84.863675 220.734840 256.000000 238.587642
94.667820 102.690209 64.000000 33.671522 95.388856 90.139018 256.000000 227.938905 174.820789 25.125349 64.000000 26.099086 172.631455 24.796078 256.000000 208.001027 104.547949 218.759707 64.000000 18.500836 109.318347 217.412349 256.000000 238.781255 74.582333 137.709380 0.000000 19.924970 79.512129 144.779805 256.000000 240.566801
52.274480 107.104035 64.000000 22.773238 46.845367 106.007445 256.000000 231.583139 79.720033 67.062958 64.000000 42.207721 57.651545 81.118605 256.000000 220.951612 70.059447 40.627078 0.000000 10.416401 67.387935 37.223835 256.000000 243.471002 119.897605 12.175644 0.000000 26.008733 116.501420 14.585964 256.000000 232.620046
129.047360 119.633291 64.000000 26.619691 124.054211 118.494016 256.000000 231.957458 28.759756 220.549487 0.000000 36.894109 35.434116 216.386576 256.000000 223.077057 173.985500 141.017144 0.000000 10.657342 180.057058 136.199664 256.000000 241.861859 1.541593 120.054835 0.000000 8.897611 1.001002 119.057424 256.000000 249.059975
179.955591 65.637891 64.000000 36.442344 176.763462 68.254240 256.000000 205.742204 121.954842 151.493387 64.000000 40.357638 119.416884 144.441493 256.000000 224.139779 24.752631 164.304925 0.000000 35.672193 26.991518 159.301218 256.000000 225.675779 69.534375 51.584762 0.000000 70.819479 90.166595 51.595124 256.000000 171.403792
10.276265 48.949949 0.000000 24.649137 8.105729 56.923951 256.000000 242.989120 77.889853 85.567953 64.000000 16.285038 80.469011 80.094949 256.000000 244.641287 10.347745 217.035631 64.000000 11.986821 12.258838 218.012185 256.000000 269.187164 50.349764 117.879813 64.000000 23.612230 57.903593 115.000471 256.000000 244.791875
102.213271 18.808924 0.000000 21.099558 99.679078 17.852733 256.000000 255.350259 73.839067 175.622813 64.000000 22.433339 74.441098 174.214558 256.000000 230.124585 15.732433 71.100818 0.000000 36.993067 34.618465 56.096369 256.000000 210.629867 17.998135 186.481667 0.000000 19.533441 17.967498 184.172540 256.000000 237.193625
157.415973 160.637811 0.000000 8.751326 158.073685 162.645442 256.000000 262.139636 106.500104 13.520082 64.000000 10.278720 115.499509 4.555662 256.000000 237.886331 39.174573 23.124373 64.000000 26.503523 37.330111 25.536676 256.000000 230.726938 88.683056 85.751222 0.000000 25.901170 79.519793 100.146402 256.000000 234.762701
175.351345 64.527758 0.000000 19.727054 174.838480 67.673760 256.000000 229.380249 62.096035 95.335895 0.000000 11.956703 57.406738 94.117065 256.000000 256.378562 93.060740 84.295367 64.000000 10.011964 93.294835 89.459287 256.000000 250.682025 61.681987 19.305855 64.000000 16.457139 65.373782 23.141476 256.000000 245.566329
36.697475 76.571371 0.000000 46.772695 33.326629 75.521553 256.000000 216.291983 172.155673 106.013233 64.000000 31.731085 166.980262 108.404240 256.000000 209.562842 89.487287 147.545038 64.000000 37.462042 79.760413 132.315362 256.000000 211.077329 50.140871 30.609815 0.000000 17.360668 53.412189 31.141480 256.000000 240.119339
39.566238 99.110196 64.000000 28.848397 50.694376 89.868204 256.000000 227.934602 4.982144 93.900595 0.000000 8.755628 1.953247 97.335833 256.000000 253.315168 94.548553 102.447311 0.000000 9.413914 98.741955 98.423227 256.000000 251.275773 92.757333 191.152113 0.000000 15.033005 95.058691 191.437778 256.000000 236.776281
96.176180 211.030749 64.000000 22.037507 95.305153 209.990640 256.000000 241.100313 41.088935 22.458271 64.000000 24.292028 38.248191 24.667556 256.000000 231.690702 159.815622 107.648411 64.000000 18.427693 159.003949 112.403364 256.000000 227.203174 79.800715 159.033807 0.000000 26.137809 76.794038 157.952244 256.000000 229.169425
153.462440 31.788015 64.000000 18.789105 152.840687 31.011302 256.000000 228.209963 45.748011 14.723320 64.000000 20.277777 47.710165 14.722842 256.000000 228.975812 34.472147 61.112440 64.000000 20.665004 22.999487 67.842980 256.000000 221.304419 33.755796 37.319493 64.000000 12.877442 34.717216 37.006160 256.000000 255.311537
100.328793 66.761618 64.000000 16.878786 106.856829 58.299467 256.000000 263.731568 100.265447 155.312098 0.000000 21.697608 42.005862 177.207344 256.000000 246.848480 16.786573 58.129567 0.000000 19.085979 5.849565 58.308158 256.000000 236.315911 85.461275 127.703453 0.000000 35.241941 78.345653 127.214587 256.000000 195.028929
20.948491 153.372344 0.000000 21.779356 26.143158 150.250769 256.000000 226.286737 95.115367 96.375140 64.000000 16.134450 101.549136 90.896447 256.000000 239.073826 80.322173 28.327384 64.000000 67.635614 80.861215 30.046551 256.000000 189.543216 16.412989 82.842938 0.000000 15.037307 11.401558 91.574504 256.000000 224.397931
12.270589 114.880549 64.000000 20.402550 10.415369 113.551918 256.000000 239.689087 142.202940 85.072442 0.000000 10.214182 141.535887 85.068822 256.000000 251.103672 44.840044 62.719467 0.000000 14.860904 36.394969 51.736760 256.000000 229.444787 54.009875 119.562365 64.000000 18.135122 37.436749 213.492235 256.000000 242.743876
57.887167 74.034560 64.000000 30.969539 46.006238 74.499169 256.000000 219.174671 15.325745 54.599267 0.000000 16.607727 16.104395 57.975176 256.000000 229.410366 94.272764 47.003129 64.000000 12.804300 86.475536 38.093967 256.000000 253.254932 80.469416 185.926373 0.000000 37.513672 78.412244 181.744404 256.000000 225.598334
18.536084 145.631444 0.000000 24.386683 21.125956 148.255602 256.000000 238.217625 34.373513 59.738171 64.000000 9.887191 36.184169 58.059960 256.000000 255.182461 116.242722 64.678438 0.000000 27.678111 109.275975 65.386627 256.000000 218.469058 114.810940 161.103371 0.000000 51.070912 114.397065 164.275742 256.000000 187.452191
41.657442 37.392520 64.000000 21.947155 42.290584 41.641018 256.000000 236.888146 113.917131 164.009985 64.000000 15.540702 115.621775 161.483602 256.000000 229.690030 15.082284 122.299662 64.000000 19.972298 22.987689 126.197805 256.000000 248.547975 145.722400 107.301498 0.000000 26.490616 146.534785 98.552553 256.000000 249.305219
63.772705 32.517511 64.000000 9.151460 63.739524 33.545211 256.000000 243.970094 44.517056 49.237293 64.000000 14.641476 40.114182 49.017720 256.000000 227.198871 56.140467 37.750471 0.000000 18.358853 44.333902 31.624933 256.000000 236.453592 190.050496 49.995829 0.000000 33.219757 184.142211 57.174513 256.000000 226.992350
145.296136 157.815900 64.000000 21.628768 147.863720 160.246347 256.000000 248.651236 23.079665 119.896364 64.000000 30.311253 22.858191 113.349829 256.000000 235.347844 71.908678 133.023389 0.000000 8.932032 70.130027 134.287373 256.000000 243.281691 33.682318 171.988120 64.000000 72.880386 35.508538 169.716615 256.000000 178.941807
97.272409 215.068975 64.000000 38.628025 102.957489 200.669338 256.000000 217.161092 0.126284 78.851011 0.000000 17.653240 5.340129 78.475291 256.000000 252.820378 119.648467 40.002355 0.000000 20.157306 117.670491 40.960775 256.000000 242.911674 13.097144 69.428396 0.000000 15.157778 16.155373 66.858851 256.000000 219.777024
124.569900 103.935353 64.000000 27.424262 123.782749 97.970835 256.000000 54.930273 92.921684 149.083367 64.000000 10.721880 93.187562 148.584144 256.000000 230.963576 68.051858 78.787509 0.000000 10.442216 70.307469 82.726427 256.000000 262.965720 165.275338 63.736209 64.000000 30.216598 164.019822 65.284109 256.000000 215.582067
99.180745 15.923224 0.000000 15.846181 92.159591 17.977493 256.000000 242.064078 77.131278 58.960256 0.000000 12.688131 76.795344 61.449791 256.000000 239.387910 86.209215 166.836916 0.000000 26.417473 83.775091 165.548505 256.000000 218.120554 93.061676 42.108484 64.000000 15.803156 123.553629 31.814822 256.000000 228.506837
148.740002 103.166345 64.000000 12.150316 150.509429 100.763251 256.000000 240.579708 152.872691 123.111327 0.000000 15.403022 153.275125 128.540925 256.000000 252.725722 101.719409 23.537553 64.000000 15.557912 100.411595 21.564780 256.000000 260.199200 18.296187 71.388333 64.000000 9.271931 17.698105 72.988236 256.000000 254.115436
133.685800 147.539351 0.000000 22.011692 131.633365 148.516713 256.000000 251.323101 13.995740 66.305984 64.000000 40.013436 51.781107 24.213858 256.000000 230.382736 31.552149 179.644831 0.000000 16.336668 28.310364 176.772607 256.000000 255.763301 56.767055 77.793465 0.000000 14.426350 58.895385 82.932227 256.000000 258.611570
72.590818 166.390344 0.000000 12.881745 71.052045 166.887513 256.000000 245.428648 46.631578 21.601269 64.000000 31.761203 45.127693 31.239198 256.000000 226.609426 110.276427 103.907011 0.000000 59.228490 110.634889 107.782682 256.000000 192.434510 18.397005 116.335545 0.000000 40.387755 15.984515 116.203725 256.000000 215.216353
49.783260 208.878400 64.000000 30.685573 50.685013 206.853967 256.000000 224.440956 28.310162 230.440775 0.000000 45.744393 29.945107 225.035724 256.000000 218.559411 57.617836 81.584022 64.000000 24.167255 58.257111 77.797447 256.000000 234.943407 103.634538 165.620035 64.000000 19.103189 98.331653 169.306302 256.000000 209.136892
10.918882 72.038024 0.000000 24.928801 19.156651 43.661551 256.000000 225.340182 65.030362 102.853178 0.000000 16.680870 65.243916 99.707951 256.000000 234.091508 39.346242 107.190235 64.000000 18.548164 38.393538 105.990764 256.000000 241.737086 186.151082 81.333445 64.000000 38.206378 182.692175 82.136567 256.000000 231.776752
9.163538 52.546031 0.000000 14.581240 9.106484 56.516145 256.000000 246.672077 140.845993 43.208095 0.000000 20.492903 146.430696 58.017540 256.000000 213.770706 31.660936 36.500387 0.000000 19.739962 41.366436 20.282347 256.000000 241.466027 79.792593 21.662415 0.000000 38.060092 76.584016 24.394293 256.000000 211.615144
125.762238 30.841602 64.000000 9.753813 130.985618 35.231709 256.000000 245.639472 57.986169 70.435680 0.000000 20.583256 68.104260 59.362458 256.000000 239.013591 48.603187 79.903195 64.000000 13.772367 46.241973 82.862196 256.000000 241.831742 123.191898 58.099889 64.000000 9.568804 164.380047 16.179065 256.000000 235.334936
