25.400269 132.593807 64.000000 13.092568 24.035295 130.919633 256.000000 255.539570 46.521562 71.949578 0.000000 11.586686 52.977847 64.880971 256.000000 245.970766 101.476091 31.544180 64.000000 10.123830 117.105069 24.156165 256.000000 254.833957 56.767055 77.793465 0.000000 14.426350 58.895385 82.932227 256.000000 258.611570
86.209215 166.836916 0.000000 26.417473 83.775091 165.548505 256.000000 218.120554 51.649022 124.440407 64.000000 11.999728 39.733211 135.014116 256.000000 238.669389 15.319420 101.852258 64.000000 42.926242 31.404909 73.934305 256.000000 217.204117 141.018589 73.088109 64.000000 8.850284 133.899555 72.077964 256.000000 236.939776
18.388684 126.678331 0.000000 16.693778 21.662318 125.724860 256.000000 231.892920 53.801198 162.290158 0.000000 27.364027 49.744245 153.071369 256.000000 207.144825 47.772602 33.720875 64.000000 8.901914 44.946196 33.599220 256.000000 258.026427 31.550964 69.746355 0.000000 12.120199 31.537958 75.051489 256.000000 228.050770
50.661320 13.343282 0.000000 94.427406 50.759442 17.372767 256.000000 154.550821 117.644735 80.892209 0.000000 48.824997 107.854322 60.464051 256.000000 208.108590 34.540180 128.199375 64.000000 36.283151 31.110851 117.643209 256.000000 228.334736 45.453065 152.157955 0.000000 22.717306 45.933856 151.730485 256.000000 231.238937
159.475629 62.099385 0.000000 12.391258 189.379187 45.749211 256.000000 231.548719 50.674956 121.829155 64.000000 24.253305 49.497775 118.063909 256.000000 218.210907 87.242880 76.875638 64.000000 19.632399 89.007936 69.747860 256.000000 215.676723 75.405413 96.421722 64.000000 17.610214 74.174098 96.916300 256.000000 241.655338
42.596765 186.016191 0.000000 19.967995 38.965478 184.887505 256.000000 237.851911 71.023216 63.951844 0.000000 20.828499 72.865535 60.527355 256.000000 255.100713 165.994309 95.377364 64.000000 45.361468 138.321240 111.177962 256.000000 212.307849 2.701676 129.711416 0.000000 33.671522 9.942500 118.365160 256.000000 229.354434
56.242111 42.000722 64.000000 12.817207 62.357973 41.430800 256.000000 249.386967 108.269135 30.678375 64.000000 27.131691 115.198393 39.756293 256.000000 224.823880 53.672684 91.742720 0.000000 45.580897 48.315011 93.181129 256.000000 215.031345 163.169618 162.807631 0.000000 24.511456 154.146571 178.700358 256.000000 211.757127
59.400756 66.257655 0.000000 17.455324 53.912031 65.897824 256.000000 230.739845 76.739367 192.612287 0.000000 29.054918 74.088898 196.664945 256.000000 231.359408 28.667565 216.175722 0.000000 30.603825 23.655191 218.328396 256.000000 214.996924 99.911958 132.491129 0.000000 28.396632 113.437431 116.568575 256.000000 226.665359
79.680093 111.185675 64.000000 29.119455 81.814385 103.563220 256.000000 218.830470 47.737896 179.992589 64.000000 26.288397 52.527415 178.588125 256.000000 236.926869 114.810162 205.461840 64.000000 22.261238 114.999440 204.624811 256.000000 235.528550 43.383265 120.411653 0.000000 11.410283 47.831362 132.017058 256.000000 261.425418
75.518304 171.905247 0.000000 21.590045 74.835389 170.914315 256.000000 235.184348 148.740002 103.166345 64.000000 12.150316 150.509429 100.763251 256.000000 240.579708 13.265045 39.016956 0.000000 23.134650 16.421145 41.516256 256.000000 236.896751 96.176180 211.030749 64.000000 22.037507 95.305153 209.990640 256.000000 241.100313
69.932511 41.632251 64.000000 18.298618 73.251469 45.407082 256.000000 240.300045 186.494567 66.827056 64.000000 13.987493 187.780115 63.350522 256.000000 246.233220 95.033109 55.801145 0.000000 25.703254 93.563573 54.023420 256.000000 235.786701 58.135338 124.021133 0.000000 21.331894 58.102900 122.507627 256.000000 230.434366
178.709524 67.317640 64.000000 8.747023 181.062636 70.021960 256.000000 238.574734 89.321740 155.343540 0.000000 17.240198 90.192105 153.414264 256.000000 249.507437 12.151195 143.453371 0.000000 16.177475 9.006469 137.030282 256.000000 243.638800 92.065840 214.577371 0.000000 23.698280 101.333080 211.969775 256.000000 251.336008
5.536011 138.802484 64.000000 32.234480 3.480125 137.725473 256.000000 222.345629 30.214258 168.062596 64.000000 19.425878 33.672060 165.910695 256.000000 231.596047 57.927736 67.144704 64.000000 10.141040 59.465233 62.418211 256.000000 248.091908 97.929387 131.742087 0.000000 23.762818 109.110260 119.680545 256.000000 242.907372
152.579013 60.908165 64.000000 35.164496 146.175858 63.428571 256.000000 220.474032 38.498740 70.830453 64.000000 17.012164 33.762356 69.470255 256.000000 236.991407 168.227713 86.638702 64.000000 17.924298 166.219473 86.277838 256.000000 238.165995 113.899640 112.931518 64.000000 25.436498 114.622802 109.898144 256.000000 234.470130
137.268584 15.051349 64.000000 21.099558 134.575720 14.226598 256.000000 235.760886 28.279951 124.210575 0.000000 22.480667 28.494655 121.001169 256.000000 242.735271 68.731215 108.770493 0.000000 13.359325 65.598336 113.315849 256.000000 246.289152 42.802107 196.119271 64.000000 11.685644 43.848618 196.549209 256.000000 256.051570
55.908742 11.989938 64.000000 19.877642 52.715431 11.706631 256.000000 239.065221 151.901049 56.908913 0.000000 26.116296 147.997085 62.667525 256.000000 215.039950 71.153607 160.700920 64.000000 11.117712 70.956113 160.993973 256.000000 245.381321 39.802667 160.423693 64.000000 23.934919 24.487031 157.056038 256.000000 230.662400
52.999216 60.084933 64.000000 14.568333 56.043005 49.738511 256.000000 272.728138 34.808618 77.658471 0.000000 21.938549 44.048896 77.742629 256.000000 220.689158 165.753133 84.286129 64.000000 20.755356 164.058055 80.330836 256.000000 241.866162 19.035635 102.820644 64.000000 37.414714 16.591038 97.551607 256.000000 214.033160
80.501973 55.022824 64.000000 19.864735 77.042729 56.004935 256.000000 238.226230 33.755796 37.319493 64.000000 12.877442 34.717216 37.006160 256.000000 255.311537 64.471196 29.882858 64.000000 20.075558 62.858795 33.901947 256.000000 233.471945 157.725207 52.121871 64.000000 24.339356 156.144424 53.131524 256.000000 222.960889
93.587807 185.023909 0.000000 10.326048 94.026664 184.636433 256.000000 236.651508 115.061696 9.655413 64.000000 40.680327 128.975260 26.716680 256.000000 234.229189 88.546400 23.517980 64.000000 19.021441 90.561396 25.435018 256.000000 229.221056 147.272880 38.159198 64.000000 51.518374 149.551562 21.901984 256.000000 214.192353
47.679822 226.791865 64.000000 21.138281 54.550549 227.757656 256.000000 226.321157 25.086847 44.216236 0.000000 22.127860 22.591904 45.058098 256.000000 241.775809 1.639402 42.378987 0.000000 30.844766 17.879560 26.650825 256.000000 230.481694 119.897605 12.175644 0.000000 26.008733 116.501420 14.585964 256.000000 232.620046
155.733487 49.415509 0.000000 23.057205 159.773731 45.326771 256.000000 240.373187 4.482585 60.947360 0.000000 28.073943 9.253745 64.017365 256.000000 234.835844 122.622000 195.077075 0.000000 31.425606 113.144467 197.893682 256.000000 231.824080 101.719409 23.537553 64.000000 15.557912 100.411595 21.564780 256.000000 260.199200
93.966353 162.751149 64.000000 8.708300 94.984880 184.638104 256.000000 236.328819 42.632949 164.737391 64.000000 46.437098 39.801280 154.872471 256.000000 220.116923 50.790584 35.975444 0.000000 71.723008 38.066687 30.414613 256.000000 183.889705 91.039027 30.508669 64.000000 29.584128 91.129353 31.471673 256.000000 219.505965
137.633602 107.090860 0.000000 19.073071 137.457584 104.971020 256.000000 224.699107 47.069705 153.587285 64.000000 12.903257 42.083744 158.445293 256.000000 237.391541 18.103691 4.592351 64.000000 213.981530 16.426576 2.806809 256.000000 47.680527 32.866305 33.283258 64.000000 18.909575 31.789291 34.250825 256.000000 233.187979
94.266642 125.244471 0.000000 33.925370 66.352280 121.228765 256.000000 218.348587 1.084342 89.236000 0.000000 27.613573 21.978064 82.761682 256.000000 217.952756 122.533220 122.046825 0.000000 11.371560 124.117011 117.390629 256.000000 233.695676 19.475255 101.299287 64.000000 18.061979 23.248405 103.874829 256.000000 233.192281
150.953773 78.095478 64.000000 24.421104 150.340029 79.422125 256.000000 250.561555 18.009453 152.442015 64.000000 25.582784 16.157931 149.460231 256.000000 231.845593 157.201389 74.905749 0.000000 10.420703 158.467556 74.513027 256.000000 246.921623 102.486791 54.476955 0.000000 11.935190 102.379473 50.500020 256.000000 237.907843
107.606258 91.857258 64.000000 21.951457 109.809005 86.129151 256.000000 237.860516 111.581669 146.014815 0.000000 51.045097 106.470185 143.044705 256.000000 226.045796 104.547949 218.759707 64.000000 18.500836 109.318347 217.412349 256.000000 238.781255 84.796022 155.880051 0.000000 12.881745 93.171815 154.248184 256.000000 262.535468
75.990789 20.417165 64.000000 18.092097 74.838164 21.240980 256.000000 220.349259 34.786049 72.602835 0.000000 20.036836 39.927136 63.342615 256.000000 236.255676 132.621142 47.638173 64.000000 12.193342 132.793142 48.535264 256.000000 246.607539 120.131300 95.922253 64.000000 22.756028 119.344667 94.481144 256.000000 228.369157
33.922991 27.599942 64.000000 25.225675 24.517049 36.471291 256.000000 233.579508 132.424755 13.621927 64.000000 35.943252 142.069160 16.830816 256.000000 225.335880 31.538922 7.244607 64.000000 31.640732 29.229636 12.810291 256.000000 225.641359 97.505313 206.358736 0.000000 44.750511 89.411362 196.387076 256.000000 217.995781
165.512616 47.469487 64.000000 26.413170 163.631533 51.985555 256.000000 232.138164 23.248864 228.949076 64.000000 27.923355 25.105575 224.136253 256.000000 215.564857 62.175969 122.179042 0.000000 8.751326 66.542633 136.104905 256.000000 234.026970 152.052822 84.103220 64.000000 26.210952 149.486902 91.305484 256.000000 227.934602
43.403442 61.256489 64.000000 42.465872 39.350971 95.857562 256.000000 218.748722 21.484733 35.989364 64.000000 30.853371 26.704800 35.424836 256.000000 217.664487 73.062711 138.290604 0.000000 31.214783 73.222695 132.999991 256.000000 244.417556 19.063405 82.194638 0.000000 12.098686 18.735064 80.002362 256.000000 253.977756
75.578382 88.042127 64.000000 25.191255 72.764747 92.560487 256.000000 249.227774 76.733167 40.926531 64.000000 36.222916 77.461407 53.732055 256.000000 230.748450 15.443827 173.900460 0.000000 11.965308 12.701275 174.388029 256.000000 235.627508 131.343136 101.392327 64.000000 17.554282 130.179824 103.665585 256.000000 250.363639
64.662605 11.181360 0.000000 44.939821 55.699544 34.915304 256.000000 196.220727 3.781776 49.709664 0.000000 10.334653 1.319605 52.413598 256.000000 245.368413 188.751613 109.595669 0.000000 23.173373 189.521100 128.740815 256.000000 235.683441 36.819338 206.405027 64.000000 41.540831 32.576715 201.103616 256.000000 216.713630
