157.195813 84.070553 0.000000 9.022384 157.625667 85.818222 256.000000 246.852782 28.130504 153.594549 0.000000 19.765777 25.213433 152.043469 256.000000 228.562770 55.908742 11.989938 64.000000 19.877642 52.715431 11.706631 256.000000 239.065221 100.332040 95.078782 64.000000 14.671593 139.164876 90.035280 256.000000 218.813260
0.461173 172.032280 64.000000 50.003887 22.254338 169.295204 256.000000 209.687615 40.556811 37.664125 64.000000 23.827356 45.506375 39.457124 256.000000 234.633626 31.956840 86.672991 0.000000 20.445575 45.048389 90.714458 256.000000 221.683040 38.128180 68.294196 0.000000 35.525908 36.802040 68.853938 256.000000 214.519345
6.121129 50.540804 64.000000 24.386683 4.619609 37.717415 256.000000 253.013991 65.855938 48.731964 64.000000 8.936334 67.952740 44.267062 256.000000 260.728409 39.568313 77.333111 0.000000 11.070384 39.902313 74.306769 256.000000 250.957387 137.357720 82.995456 64.000000 28.826884 134.777480 82.831547 256.000000 230.627980
169.166065 43.027625 64.000000 23.745608 166.498491 39.978662 256.000000 220.263209 24.752631 164.304925 0.000000 35.672193 26.991518 159.301218 256.000000 225.675779 103.068551 190.441102 64.000000 22.747423 92.310358 208.247235 256.000000 229.724450 181.112800 115.454598 0.000000 31.318043 175.674740 125.469545 256.000000 220.943007
12.970364 27.963718 64.000000 8.699695 14.876144 26.065920 256.000000 238.673692 100.441116 150.600907 64.000000 13.983190 99.909655 151.824033 256.000000 242.842834 18.961227 190.167156 0.000000 14.632871 33.268118 197.655020 256.000000 218.103344 25.599495 85.417035 64.000000 11.522149 24.066764 82.741711 256.000000 257.402562
131.383833 1.460915 0.000000 67.760387 82.822922 43.402340 256.000000 192.309736 104.599913 202.186678 0.000000 9.517174 102.669380 204.977955 256.000000 241.861859 40.628485 32.672102 64.000000 9.198788 39.844358 32.795158 256.000000 229.350131 152.656667 158.998049 64.000000 24.795423 150.535884 162.211825 256.000000 244.744548
18.076787 31.939278 64.000000 26.490616 17.616893 35.631551 256.000000 250.664815 32.866305 33.283258 64.000000 18.909575 31.789291 34.250825 256.000000 233.187979 39.130405 214.491964 64.000000 36.713403 36.783056 208.884767 256.000000 219.949125 117.541393 91.898880 0.000000 35.822782 115.092609 90.073316 256.000000 231.970366
27.104142 141.954716 64.000000 12.658014 32.343491 146.555096 256.000000 258.994494 31.811362 222.804000 0.000000 16.013979 34.245715 222.999044 256.000000 253.435638 48.084229 6.813491 64.000000 19.929273 47.013373 8.912018 256.000000 227.827039 47.962040 33.564035 0.000000 20.759659 39.736256 42.857185 256.000000 230.985089
31.064222 113.639178 0.000000 21.366314 26.660300 112.214151 256.000000 236.776281 77.493964 121.814936 0.000000 12.997913 77.062753 120.699315 256.000000 246.882900 5.286307 5.892498 0.000000 13.772367 1.775676 6.862902 256.000000 236.638600 24.475782 165.971629 0.000000 12.236367 27.233280 166.993496 256.000000 232.310265
52.212576 60.657311 64.000000 14.323089 58.825680 59.606633 256.000000 239.960145 116.420562 176.236607 0.000000 46.755485 102.588656 151.522051 256.000000 212.368085 79.870527 175.644660 64.000000 33.043354 88.389307 173.444984 256.000000 226.316855 174.838038 113.033160 0.000000 9.431124 175.789980 116.011880 256.000000 242.115708
116.741838 106.678200 0.000000 24.085507 115.533627 104.107596 256.000000 236.660113 52.253673 218.870271 0.000000 36.240126 39.232549 210.818764 256.000000 226.837459 66.403798 222.730384 0.000000 38.167655 54.441831 219.630693 256.000000 222.070267 63.530215 180.970587 64.000000 13.264669 79.526607 196.449776 256.000000 250.131303
110.401729 175.759833 64.000000 11.586686 109.389691 177.446720 256.000000 61.315213 73.554002 46.150504 64.000000 10.721880 88.989300 35.631925 256.000000 45.473334 52.787342 221.776605 64.000000 27.587758 56.796698 219.929216 256.000000 247.790732 114.910947 89.062380 64.000000 11.436098 117.663478 85.707142 256.000000 257.630595
110.796727 82.435969 0.000000 27.518918 106.904756 78.346173 256.000000 233.265424 111.434924 88.846395 64.000000 26.090481 108.329645 88.081482 256.000000 230.985089 22.093891 106.327902 0.000000 23.582112 29.680762 106.491115 256.000000 244.353018 60.758109 75.571449 64.000000 30.367186 22.447298 70.982722 256.000000 224.062334
154.655360 156.803089 64.000000 28.370817 150.622560 159.133275 256.000000 200.006945 129.168147 107.378253 0.000000 19.705542 126.218671 90.826649 256.000000 243.772178 68.932429 169.682015 64.000000 20.045441 67.563140 168.974276 256.000000 215.431479 75.785991 39.740342 0.000000 47.542846 71.951884 41.619989 256.000000 202.308793
29.966969 21.006307 64.000000 11.109107 29.601756 21.458960 256.000000 241.160549 7.667649 30.992782 64.000000 26.008733 24.016235 29.354564 256.000000 234.418500 175.351345 64.527758 0.000000 19.727054 174.838480 67.673760 256.000000 229.380249 48.939193 121.161293 64.000000 18.784802 66.084849 120.823855 256.000000 232.417828
39.346242 107.190235 64.000000 18.548164 38.393538 105.990764 256.000000 241.737086 80.593551 159.330324 0.000000 10.218485 81.930224 158.629809 256.000000 224.075242 29.696965 61.576584 0.000000 31.808530 35.435462 58.682685 256.000000 230.954971 101.901313 115.930475 64.000000 16.629240 101.016635 114.754202 256.000000 245.549119
99.530796 66.998975 64.000000 20.905945 97.359785 66.493645 256.000000 223.903141 125.042436 23.217098 64.000000 15.897811 133.630949 29.161769 256.000000 239.297557 97.167262 37.518827 0.000000 27.759859 96.986453 40.940113 256.000000 227.491442 152.872691 123.111327 0.000000 15.403022 153.275125 128.540925 256.000000 252.725722
37.787542 79.687278 0.000000 11.104804 40.687669 77.216804 256.000000 242.627708 0.527938 131.834005 64.000000 13.423862 15.571369 178.060720 256.000000 233.170769 147.297891 124.143489 64.000000 20.720936 147.060984 122.271573 256.000000 251.370428 76.191195 98.129945 0.000000 13.316299 82.417433 92.809682 256.000000 230.189123
86.667785 87.552242 64.000000 15.811761 85.409189 85.295095 256.000000 241.487540 57.927736 67.144704 64.000000 10.141040 59.465233 62.418211 256.000000 248.091908 93.684138 38.207685 64.000000 15.385812 99.126371 42.825204 256.000000 252.235235 29.616918 21.785802 64.000000 24.773910 25.552400 22.861838 256.000000 243.612985
46.241369 178.547485 64.000000 15.136265 34.600342 192.275784 256.000000 263.624005 100.328793 66.761618 64.000000 16.878786 106.856829 58.299467 256.000000 263.731568 3.858224 27.327184 64.000000 14.779156 8.382967 23.625860 256.000000 234.625021 13.291520 77.492585 0.000000 15.773038 15.412796 75.082600 256.000000 230.929156
169.816267 20.145122 64.000000 23.250818 169.491811 22.667358 256.000000 207.932187 6.523698 77.110531 0.000000 23.655255 10.385933 75.120715 256.000000 239.964448 48.127987 124.251355 64.000000 29.080733 63.843180 127.881425 256.000000 212.720891 49.417305 79.917485 64.000000 36.653168 61.903573 58.233155 256.000000 212.768219
21.185689 133.830636 64.000000 30.827556 29.023255 125.734742 256.000000 217.883915 87.966331 128.340711 64.000000 18.900970 76.491693 135.948353 256.000000 230.791475 26.475280 94.457253 0.000000 14.129476 11.066947 93.779413 256.000000 245.944951 23.263935 83.591424 64.000000 9.013779 20.996007 81.061876 256.000000 253.814260
17.837431 16.989916 0.000000 10.691762 14.855482 18.272404 256.000000 255.117923 90.427344 94.205740 64.000000 14.675896 90.358964 92.491453 256.000000 234.526063 55.942131 43.230262 64.000000 29.244228 61.755340 54.428833 256.000000 18.117912 86.190631 213.149231 0.000000 10.988636 101.308224 219.073276 256.000000 261.537283
9.558311 51.145711 64.000000 10.403493 8.112055 52.238038 256.000000 257.720948 111.966315 66.729235 64.000000 15.841879 112.118400 69.714047 256.000000 251.525319 32.214858 144.679020 0.000000 9.577410 26.408335 148.205773 256.000000 240.386095 68.045887 55.349971 64.000000 12.442888 71.854453 56.422498 256.000000 253.840075
92.490693 191.286667 0.000000 13.058148 114.015182 190.539340 256.000000 230.335408 46.665349 99.270213 64.000000 58.441129 45.774451 97.515585 256.000000 191.741804 19.939627 76.819885 0.000000 12.567661 7.207902 75.780896 256.000000 222.431679 161.442542 40.856015 64.000000 24.881473 159.380556 43.045298 256.000000 225.193897
52.522338 110.110553 64.000000 11.754485 61.592113 121.634275 256.000000 241.293927 50.134136 3.463867 0.000000 10.958518 51.506767 3.544225 256.000000 254.188579 32.139251 144.616222 0.000000 19.877642 39.568909 145.952455 256.000000 253.775537 1.413891 173.300456 64.000000 23.108835 39.278069 187.473482 256.000000 220.254604
42.815916 84.332536 64.000000 16.022584 43.966887 82.223796 256.000000 224.135477 32.262931 135.378324 0.000000 21.602953 36.568178 135.071553 256.000000 231.264753 28.783671 111.590424 0.000000 11.302720 25.462935 111.602475 256.000000 251.155302 144.215498 19.641382 0.000000 10.063594 139.672693 12.737285 256.000000 230.115980
24.682531 141.253156 64.000000 42.100158 26.303105 137.965091 256.000000 209.136892 87.006205 105.639373 64.000000 14.155291 86.594949 105.020378 256.000000 243.234363 68.458456 97.072009 64.000000 12.860232 76.500327 102.528635 256.000000 237.701322 63.849415 16.428629 64.000000 11.771695 65.285344 17.258493 256.000000 249.451505
63.086496 102.322907 0.000000 91.630768 64.676442 101.286049 256.000000 159.937576 61.681987 19.305855 64.000000 16.457139 65.373782 23.141476 256.000000 245.566329 66.598675 69.759415 0.000000 28.671993 57.290647 64.069295 256.000000 205.410910 16.173502 114.324422 64.000000 34.471790 14.021638 107.167040 256.000000 225.989863
44.901253 173.872824 0.000000 28.284766 28.675076 168.090245 256.000000 235.171441 40.391856 103.092458 0.000000 13.875627 39.582524 100.230753 256.000000 251.955571 62.738049 59.141696 64.000000 43.111250 52.687965 61.073667 256.000000 216.614672 44.226613 81.267673 64.000000 10.614317 46.529649 79.916935 256.000000 260.345485
108.617425 5.984315 64.000000 8.639460 109.288378 6.555949 256.000000 252.600949 36.127033 232.691675 64.000000 23.685373 44.791056 230.726385 256.000000 258.456679 173.199235 127.235856 64.000000 29.889606 165.315213 132.759365 256.000000 229.199543 70.432151 84.458938 64.000000 14.370417 71.337058 73.247193 256.000000 246.396715
85.808625 134.040855 0.000000 9.000872 86.307085 133.054605 256.000000 259.880813 27.555158 168.445885 0.000000 12.498821 12.534344 202.058020 256.000000 255.703066 43.585251 143.427771 0.000000 13.669106 53.183687 145.771256 256.000000 254.967335 120.163547 187.166982 0.000000 15.282551 129.337400 184.592896 256.000000 234.947710
