13.995740 66.305984 64.000000 40.013436 51.781107 24.213858 256.000000 230.382736 50.134136 3.463867 0.000000 10.958518 51.506767 3.544225 256.000000 254.188579 16.933209 79.529665 0.000000 23.711188 20.921607 63.080289 256.000000 226.002771 2.701676 129.711416 0.000000 33.671522 9.942500 118.365160 256.000000 229.354434
118.323649 0.285393 64.000000 27.333910 117.966153 3.391458 256.000000 222.603780 56.939424 48.462965 0.000000 12.266485 67.427185 38.394342 256.000000 245.075842 106.430384 19.988685 0.000000 15.988164 103.174507 19.667445 256.000000 252.381521 165.641675 15.897291 64.000000 10.412098 166.636422 10.206518 256.000000 224.613057
151.802473 88.875567 64.000000 28.422447 150.382198 86.795460 256.000000 213.052185 68.027591 77.811578 64.000000 16.323761 65.143104 76.330189 256.000000 247.889690 31.521409 76.369736 64.000000 15.992467 33.104307 80.159671 256.000000 253.741117 19.356131 147.362667 64.000000 17.128332 6.568060 152.601082 256.000000 246.147169
75.990789 20.417165 64.000000 18.092097 74.838164 21.240980 256.000000 220.349259 89.461985 209.755156 0.000000 28.499892 86.891244 203.354164 256.000000 247.911202 75.502220 112.963455 64.000000 25.720465 74.815976 108.018075 256.000000 243.333321 138.877693 121.401920 64.000000 40.886848 130.541631 101.905971 256.000000 208.078472
15.082284 122.299662 64.000000 19.972298 22.987689 126.197805 256.000000 248.547975 25.753415 139.159595 64.000000 14.477980 30.207600 141.713682 256.000000 239.237322 24.845113 30.073053 0.000000 9.061107 16.153091 15.217713 256.000000 257.161620 32.287727 37.178633 64.000000 10.618619 31.692405 30.165527 256.000000 241.823137
43.838033 58.717905 64.000000 18.010349 44.789135 46.405373 256.000000 226.923510 157.966233 41.789145 0.000000 12.524636 157.920071 42.034105 256.000000 248.255404 62.818565 67.727082 64.000000 24.257608 60.489845 57.779898 256.000000 226.032888 99.911958 132.491129 0.000000 28.396632 113.437431 116.568575 256.000000 226.665359
97.134275 46.614773 0.000000 32.957303 87.556209 55.701964 256.000000 208.409766 42.053733 42.138829 64.000000 27.910447 49.382280 46.503724 256.000000 225.301460 116.734149 86.541982 0.000000 18.888063 115.059240 90.344104 256.000000 237.697020 121.939742 116.471256 0.000000 29.097943 117.652780 116.251302 256.000000 222.199343
14.729805 113.737736 64.000000 24.571692 21.342771 110.310700 256.000000 237.481894 92.764442 30.652949 64.000000 24.610414 90.143807 31.276956 256.000000 227.504350 10.891485 114.408235 0.000000 8.807258 4.643218 118.886333 256.000000 244.925254 88.546400 23.517980 64.000000 19.021441 90.561396 25.435018 256.000000 229.221056
31.811362 222.804000 0.000000 16.013979 34.245715 222.999044 256.000000 253.435638 88.202884 102.429004 64.000000 9.353678 94.212578 103.139895 256.000000 274.522289 131.104744 147.444176 64.000000 24.365171 128.429340 147.548987 256.000000 204.275045 88.569618 89.013815 64.000000 21.392129 85.179122 86.753004 256.000000 239.400818
74.630745 143.013249 0.000000 27.609271 90.058278 142.018391 256.000000 232.968550 151.442293 107.671864 64.000000 25.552666 150.375382 108.788444 256.000000 232.340383 156.604135 42.756353 64.000000 12.602081 157.266504 42.951296 256.000000 243.647405 177.593676 97.659507 64.000000 32.582984 173.568969 93.219445 256.000000 229.083375
27.323335 125.379529 64.000000 11.109107 24.412125 125.734645 256.000000 258.628780 57.820882 88.390396 64.000000 16.177475 55.099602 88.418733 256.000000 247.136749 41.173127 95.000767 0.000000 8.867494 58.922311 117.388111 256.000000 222.896351 11.357169 158.736756 64.000000 37.943924 11.785013 142.982613 256.000000 223.262065
17.559000 9.267256 0.000000 29.807859 22.767720 22.227191 256.000000 217.453663 92.313202 199.718473 64.000000 10.093712 91.044607 201.676736 256.000000 239.753624 41.414605 50.706958 64.000000 14.916837 35.294895 48.668585 256.000000 242.279204 130.539300 70.144553 0.000000 8.802956 131.964300 74.734276 256.000000 250.608882
70.551589 97.984116 0.000000 10.476636 68.978185 100.345242 256.000000 254.644646 118.695635 114.105515 64.000000 29.128060 116.722551 111.776100 256.000000 229.414669 15.157573 170.446331 64.000000 24.507154 14.758825 168.579733 256.000000 229.031745 5.286307 5.892498 0.000000 13.772367 1.775676 6.862902 256.000000 236.638600
82.006600 64.011020 0.000000 23.160465 70.984858 56.617796 256.000000 233.058903 72.956655 12.436527 64.000000 23.900499 66.317969 16.953136 256.000000 241.573590 20.948491 153.372344 0.000000 21.779356 26.143158 150.250769 256.000000 226.286737 85.596158 69.689751 64.000000 66.250203 83.733004 56.808225 256.000000 184.276932
70.177184 58.365538 64.000000 22.678583 67.081213 58.369976 256.000000 229.560955 134.575671 128.971527 64.000000 26.770279 193.060105 57.957691 256.000000 249.348244 101.574380 144.647124 64.000000 31.098615 98.481935 142.391138 256.000000 236.436382 100.553756 172.119669 0.000000 11.134922 141.902824 184.039627 256.000000 239.693389
124.736273 99.645225 0.000000 8.785746 145.680918 101.369289 256.000000 256.021453 17.149898 17.441598 0.000000 43.593133 15.685915 18.975369 256.000000 209.868321 16.412989 82.842938 0.000000 15.037307 11.401558 91.574504 256.000000 224.397931 16.173502 114.324422 64.000000 34.471790 14.021638 107.167040 256.000000 225.989863
12.615616 41.570536 0.000000 21.753541 11.283289 45.913340 256.000000 239.159877 53.143509 122.333893 0.000000 13.333509 47.979213 130.723204 256.000000 235.033760 160.157011 5.276680 64.000000 20.970482 159.556962 3.579529 256.000000 238.923238 121.399242 60.704349 0.000000 16.491559 124.812651 66.438678 256.000000 237.916448
163.367113 58.669175 64.000000 29.162481 160.824184 58.805540 256.000000 214.958202 56.216573 55.302718 64.000000 31.012564 49.895987 54.377133 256.000000 210.965463 106.293267 73.439235 64.000000 16.969139 104.143700 71.778035 256.000000 235.941592 75.578382 88.042127 64.000000 25.191255 72.764747 92.560487 256.000000 249.227774
56.500242 102.336145 64.000000 12.206249 59.234082 99.523696 256.000000 256.890562 64.687129 6.903504 0.000000 27.996498 101.731467 39.558956 256.000000 225.103544 46.049033 4.126431 64.000000 25.363355 42.629593 5.808533 256.000000 240.928212 5.749620 26.921704 0.000000 22.433339 13.165391 27.051478 256.000000 225.417628
134.451662 190.570024 0.000000 28.788161 134.307729 186.378338 256.000000 230.847408 137.583022 74.966907 64.000000 15.252433 136.801649 75.411773 256.000000 43.575923 13.097144 69.428396 0.000000 15.157778 16.155373 66.858851 256.000000 219.777024 38.642693 106.380775 64.000000 43.593133 34.592095 102.946591 256.000000 214.132118
15.139136 9.200715 64.000000 9.099830 16.455402 9.461293 256.000000 236.608482 4.479284 105.573858 64.000000 22.110650 6.219300 103.285645 256.000000 240.975540 97.939984 163.197009 64.000000 9.947426 100.180824 162.525302 256.000000 228.106703 76.686089 94.682004 64.000000 13.376535 74.836489 95.817151 256.000000 233.381592
24.438327 108.965918 0.000000 10.962821 18.804429 115.202533 256.000000 249.124513 152.094071 105.263680 64.000000 18.100702 151.206073 105.905960 256.000000 231.096954 4.463235 19.380567 0.000000 13.613173 7.779067 14.165244 256.000000 225.073426 124.569900 103.935353 64.000000 27.424262 123.782749 97.970835 256.000000 54.930273
24.392829 105.426544 64.000000 9.091225 19.277140 109.523236 256.000000 245.097354 110.796727 82.435969 0.000000 27.518918 106.904756 78.346173 256.000000 233.265424 18.536084 145.631444 0.000000 24.386683 21.125956 148.255602 256.000000 238.217625 121.867304 35.997375 0.000000 20.957575 122.641545 37.634295 256.000000 251.645790
14.370065 126.734165 64.000000 26.864935 23.108011 83.295036 256.000000 240.954028 60.770935 166.243429 0.000000 15.523492 51.212524 175.573658 256.000000 259.484981 44.405127 58.302631 64.000000 12.068569 46.370195 61.319327 256.000000 248.939505 13.622524 208.336789 0.000000 44.466544 39.434007 191.496649 256.000000 224.204317
150.424771 41.788862 64.000000 8.833074 150.526064 40.276320 256.000000 237.322701 48.036545 135.838311 64.000000 46.536056 50.327805 129.741871 256.000000 213.159748 58.780771 46.411242 0.000000 10.459426 62.190153 41.068938 256.000000 243.742061 165.625760 117.238489 64.000000 38.189168 162.125598 117.489647 256.000000 218.748722
10.676987 88.213555 64.000000 44.604225 17.375604 80.148707 256.000000 227.142938 39.196789 49.265453 0.000000 32.617404 47.321415 69.309607 256.000000 221.084990 11.251509 98.851951 64.000000 22.747423 12.914169 100.737233 256.000000 248.948110 47.033384 221.138976 64.000000 31.868766 49.608644 218.487205 256.000000 227.310737
9.264344 178.469880 0.000000 18.754685 5.300609 175.881178 256.000000 228.050770 43.020565 34.320745 0.000000 19.645306 43.288682 37.976273 256.000000 229.023140 11.262676 102.087404 0.000000 12.675224 14.866496 105.854640 256.000000 251.998596 76.906100 223.473953 0.000000 17.033677 81.351725 223.329244 256.000000 240.162364
10.918882 72.038024 0.000000 24.928801 19.156651 43.661551 256.000000 225.340182 28.935753 130.093869 0.000000 38.929201 38.129936 108.293460 256.000000 223.997796 122.295560 143.283089 64.000000 13.105476 121.604047 144.447544 256.000000 236.608482 65.720940 79.588853 64.000000 11.849140 72.781016 83.275278 256.000000 65.432724
44.533098 208.825487 0.000000 8.794351 47.987598 211.600984 256.000000 263.103401 124.696375 37.843847 64.000000 39.944596 149.004498 191.801185 256.000000 230.331106 79.500758 214.649080 0.000000 34.540631 78.767962 213.942140 256.000000 211.223614 65.918182 120.615969 0.000000 13.139896 65.741402 118.790269 256.000000 241.255204
0.114007 130.674262 0.000000 20.144399 0.392925 127.542669 256.000000 236.991407 31.118965 34.032187 64.000000 21.882617 33.962080 35.908582 256.000000 234.603508 107.323982 203.313895 0.000000 37.130748 102.943307 196.974353 256.000000 215.401361 170.873224 72.239276 0.000000 30.973841 170.252569 63.873482 256.000000 216.360823
44.816851 94.994595 64.000000 33.030446 40.199949 81.098571 256.000000 218.529293 107.275082 103.733887 64.000000 27.148901 112.043878 95.747878 256.000000 237.481894 73.523582 162.914169 64.000000 17.584399 57.941073 177.223365 256.000000 222.500519 30.363607 19.849955 0.000000 12.339627 31.059984 21.458738 256.000000 236.371844
136.431315 73.021331 64.000000 17.300433 135.691749 71.026082 256.000000 245.355506 45.910551 70.757933 64.000000 32.965908 50.223469 38.376344 256.000000 226.760014 38.824896 37.357022 64.000000 9.947426 42.073756 36.990547 256.000000 246.241825 37.740489 158.670735 64.000000 13.759459 35.730838 159.321831 256.000000 236.281491
