87.006205 105.639373 64.000000 14.155291 86.594949 105.020378 256.000000 243.234363 8.732173 177.810320 0.000000 72.914806 13.220344 185.585609 256.000000 183.179789 53.143509 122.333893 0.000000 13.333509 47.979213 130.723204 256.000000 235.033760 162.615222 60.749904 64.000000 11.530754 175.362060 74.243671 256.000000 233.351475
18.232676 63.399031 0.000000 13.079661 20.128116 61.627993 256.000000 269.217281 177.630536 35.698198 64.000000 14.998585 181.986591 40.442238 256.000000 239.942935 18.316640 171.098609 0.000000 27.187624 19.114044 169.402533 256.000000 233.730096 120.163547 187.166982 0.000000 15.282551 129.337400 184.592896 256.000000 234.947710
85.985198 106.362442 0.000000 24.304935 85.139358 102.937055 256.000000 229.427576 9.152967 130.897638 64.000000 21.861104 14.392218 131.789358 256.000000 227.736686 36.195558 138.182978 64.000000 52.873668 30.180204 108.928005 256.000000 213.189866 135.421536 60.449271 0.000000 15.575122 137.826645 65.887309 256.000000 234.375474
27.924545 199.728842 64.000000 12.507426 37.471269 208.744664 256.000000 243.754968 50.864775 91.942558 0.000000 18.307223 44.109647 97.514236 256.000000 245.041422 62.710680 117.146860 64.000000 11.741577 59.271480 124.146995 256.000000 238.622062 121.052676 94.079282 0.000000 10.631527 125.678235 100.523535 256.000000 244.611170
33.506224 54.487496 0.000000 11.827627 26.313100 52.038780 256.000000 248.634026 36.688633 231.815058 64.000000 20.600466 32.564958 232.072155 256.000000 246.271942 15.225238 88.469391 0.000000 16.939021 5.100496 85.295575 256.000000 247.390597 77.918525 134.758082 0.000000 18.780500 111.121629 132.958445 256.000000 221.278604
100.299384 151.551629 64.000000 17.016467 111.467009 149.942698 256.000000 245.420043 191.845936 82.146535 0.000000 19.972298 193.118609 109.752218 256.000000 236.819306 116.549295 113.902927 64.000000 31.322346 96.423324 114.643404 256.000000 231.574534 117.386418 167.907178 64.000000 21.572835 117.691358 170.376167 256.000000 243.178430
49.719665 43.831056 64.000000 27.308094 52.056500 51.723853 256.000000 239.086734 152.579013 60.908165 64.000000 35.164496 146.175858 63.428571 256.000000 220.474032 51.445296 69.475296 0.000000 9.237510 58.519256 65.565896 256.000000 242.317926 126.017413 92.612355 64.000000 15.446047 125.274185 93.221876 256.000000 233.618231
77.762618 145.790369 64.000000 35.654983 96.157613 103.171665 256.000000 198.604323 145.748951 134.024447 64.000000 29.248531 135.611013 147.474765 256.000000 215.250773 124.564520 70.362989 64.000000 19.464600 123.012136 70.618020 256.000000 239.951540 25.599495 85.417035 64.000000 11.522149 24.066764 82.741711 256.000000 257.402562
109.952689 33.821436 0.000000 10.674552 108.853456 31.638195 256.000000 238.574734 133.784285 119.429318 64.000000 24.989036 131.650522 120.041176 256.000000 257.613385 167.958551 102.734515 64.000000 35.074143 169.665905 86.873975 256.000000 11.096199 197.784171 80.955765 64.000000 23.689675 196.749293 77.894807 256.000000 244.275573
21.094405 74.985827 0.000000 14.379022 14.072387 77.396633 256.000000 233.545088 91.165540 140.214647 0.000000 51.432324 90.236245 138.926111 256.000000 205.023683 181.112800 115.454598 0.000000 31.318043 175.674740 125.469545 256.000000 220.943007 8.502069 90.911564 0.000000 15.230921 10.781718 92.459229 256.000000 259.609754
63.289105 16.359409 64.000000 26.675624 74.311955 20.541496 256.000000 222.707040 80.557082 100.517693 0.000000 21.874012 76.359676 99.274653 256.000000 248.573790 119.290305 87.546973 0.000000 14.288669 118.817613 89.562053 256.000000 257.923166 49.576649 73.565502 64.000000 17.197172 46.647031 70.089664 256.000000 226.544888
53.661955 28.600135 0.000000 15.110450 62.388900 31.115484 256.000000 254.851167 162.193702 7.106515 0.000000 212.884387 162.422607 6.212891 256.000000 35.495790 55.833224 50.972642 64.000000 9.499964 58.986071 50.294145 256.000000 260.027099 104.153620 173.283182 64.000000 11.302720 112.065464 171.966009 256.000000 246.327875
119.897605 12.175644 0.000000 26.008733 116.501420 14.585964 256.000000 232.620046 72.654287 146.215085 0.000000 22.386012 56.808718 154.967075 256.000000 229.397459 24.392829 105.426544 64.000000 9.091225 19.277140 109.523236 256.000000 245.097354 163.979844 115.131871 0.000000 39.178747 158.267951 114.744727 256.000000 225.972653
86.382451 168.375585 0.000000 21.030718 87.688062 168.014135 256.000000 240.799137 102.185115 137.966235 0.000000 20.419760 103.455755 133.771395 256.000000 234.233491 10.305145 158.306155 64.000000 9.302048 13.138709 162.752987 256.000000 251.559739 27.104142 141.954716 64.000000 12.658014 32.343491 146.555096 256.000000 258.994494
83.093869 91.705909 64.000000 18.660029 82.185573 91.448764 256.000000 227.039678 9.163538 52.546031 0.000000 14.581240 9.106484 56.516145 256.000000 246.672077 129.389435 79.868800 0.000000 18.259895 129.046084 86.194867 256.000000 230.481694 132.442878 41.438422 64.000000 14.822181 134.209129 43.463771 256.000000 261.782527
12.512856 120.806447 0.000000 25.647322 13.590209 118.693925 256.000000 221.790603 41.282485 96.886015 64.000000 10.855258 42.372475 95.191016 256.000000 241.379977 108.143104 5.791636 64.000000 43.821166 100.061705 37.654520 256.000000 199.679953 20.948491 153.372344 0.000000 21.779356 26.143158 150.250769 256.000000 226.286737
99.186547 201.844549 0.000000 24.352263 99.869831 199.700635 256.000000 243.234363 30.576245 129.767600 64.000000 13.725039 31.886511 128.416784 256.000000 235.976012 110.648220 15.079884 64.000000 20.178819 108.106245 14.347255 256.000000 228.339039 104.449642 160.840587 64.000000 11.935190 106.281931 159.681196 320.000000 246.818362
164.493722 110.717818 0.000000 10.283023 165.688162 113.750984 256.000000 225.615544 64.122562 120.417496 0.000000 10.751997 69.759885 122.276655 256.000000 243.608682 170.281976 118.606555 64.000000 40.168327 165.353196 116.893511 256.000000 208.470002 21.054725 31.612893 0.000000 26.800397 16.330480 7.347451 256.000000 228.429392
13.553318 51.330640 64.000000 12.034148 10.946902 50.512678 256.000000 240.631339 37.620591 145.142318 64.000000 9.852771 39.259738 151.701467 256.000000 244.284178 102.486791 54.476955 0.000000 11.935190 102.379473 50.500020 256.000000 237.907843 142.983975 56.088962 0.000000 38.821638 141.218182 56.652962 256.000000 231.023811
98.324007 109.864767 0.000000 9.310653 127.810304 128.243756 256.000000 260.969351 24.025065 138.670669 0.000000 13.815392 8.837680 150.414669 256.000000 241.999540 31.331076 199.680395 64.000000 20.953272 30.419884 197.903995 256.000000 222.513427 73.115662 177.791065 64.000000 35.478580 113.752104 141.925847 256.000000 213.516858
86.790564 11.581613 64.000000 17.554282 79.572135 6.318925 256.000000 219.333865 48.310635 71.409182 0.000000 13.922955 39.374124 71.066660 256.000000 246.826967 32.467398 6.465049 64.000000 26.800397 40.849496 7.413896 256.000000 251.030529 32.287727 37.178633 64.000000 10.618619 31.692405 30.165527 256.000000 241.823137
19.986335 87.858624 0.000000 25.285910 34.566704 61.353236 256.000000 228.975812 88.481100 11.678998 64.000000 10.653040 90.163145 12.399587 256.000000 234.095811 152.094071 105.263680 64.000000 18.100702 151.206073 105.905960 256.000000 231.096954 55.739924 45.150205 0.000000 9.401006 54.220564 44.331655 256.000000 249.356849
10.870955 149.726604 64.000000 14.572635 7.486042 149.378356 256.000000 240.863675 131.511256 95.366715 64.000000 46.574779 135.294275 94.324384 256.000000 218.004386 75.502220 112.963455 64.000000 25.720465 74.815976 108.018075 256.000000 243.333321 114.831311 200.624005 0.000000 31.059892 115.769215 192.039764 256.000000 225.383208
12.970364 27.963718 64.000000 8.699695 14.876144 26.065920 256.000000 238.673692 137.144115 48.046775 0.000000 24.937406 136.813062 49.071924 256.000000 241.397187 34.012198 13.216204 64.000000 24.773910 71.474385 5.651200 256.000000 235.636113 76.002253 53.184062 64.000000 27.364027 75.529227 72.915515 256.000000 228.631610
4.982144 93.900595 0.000000 8.755628 1.953247 97.335833 256.000000 253.315168 36.652802 95.104833 64.000000 9.792536 41.236985 95.820011 256.000000 240.442028 88.495811 159.436667 0.000000 12.115896 86.320729 164.451902 256.000000 255.079201 6.651124 103.185187 0.000000 18.070584 3.407520 93.443140 256.000000 240.528078
78.633282 74.603893 64.000000 13.802484 77.151465 74.256727 256.000000 241.427305 64.141738 204.197344 0.000000 10.003359 56.645269 210.446476 256.000000 245.742732 108.173004 161.623525 64.000000 10.067897 112.719587 161.493844 256.000000 225.064821 118.195075 20.684700 0.000000 22.059020 117.845020 20.696298 256.000000 225.856485
139.359196 156.429058 0.000000 27.333910 142.953096 150.496762 256.000000 218.185092 34.972565 132.696405 0.000000 17.524164 41.282658 130.684051 256.000000 229.178030 88.675313 120.144640 64.000000 11.784602 87.759976 127.605458 256.000000 245.467371 34.638475 92.951553 64.000000 16.285038 38.269567 95.297475 256.000000 250.273286
184.279813 124.049638 0.000000 40.443688 180.430545 115.849658 256.000000 204.145969 124.143615 23.482011 0.000000 26.688532 120.660775 24.310958 256.000000 222.629595 38.081918 160.600520 0.000000 14.249946 39.261840 159.307067 256.000000 243.002027 48.186129 52.887009 64.000000 20.862919 45.726615 40.650320 256.000000 254.386495
48.603187 79.903195 64.000000 13.772367 46.241973 82.862196 256.000000 241.831742 20.947749 107.246544 0.000000 16.857273 8.592305 120.092782 256.000000 250.152815 100.621965 80.913535 0.000000 45.998241 103.110373 80.420998 256.000000 207.544960 147.993624 116.040238 0.000000 37.926714 140.706900 112.123869 256.000000 239.138364
8.702293 178.268000 0.000000 35.762546 14.497282 171.700444 256.000000 201.616087 180.565675 49.925264 0.000000 35.599050 175.744987 52.588249 256.000000 218.103344 11.421742 95.545187 0.000000 12.907560 6.978993 95.032204 256.000000 245.381321 25.675795 61.913976 64.000000 9.456939 29.558096 61.259249 256.000000 244.968279
126.685978 52.513716 64.000000 13.049543 127.249775 47.647140 256.000000 225.125056 74.582333 137.709380 0.000000 19.924970 79.512129 144.779805 256.000000 240.566801 123.165989 128.758367 0.000000 19.942180 119.408358 132.889098 256.000000 222.035847 101.901313 115.930475 64.000000 16.629240 101.016635 114.754202 256.000000 245.549119
142.077316 20.506860 0.000000 13.793879 144.545789 24.138209 256.000000 247.627236 26.793016 228.415191 64.000000 35.895924 30.495076 226.003158 256.000000 222.513427 18.103691 4.592351 64.000000 213.981530 16.426576 2.806809 256.000000 47.680527 46.903309 71.728085 64.000000 11.909375 52.831480 67.899195 256.000000 245.587842
