78.419305 105.344575 0.000000 30.405909 77.906555 103.693584 256.000000 231.307778 27.831724 197.234445 64.000000 19.421575 29.818404 197.280695 256.000000 242.606195 103.123578 77.453435 64.000000 14.383324 101.734740 79.157969 256.000000 245.777152 74.982891 190.637149 64.000000 64.025800 76.842840 192.736682 256.000000 186.415284
45.910551 70.757933 64.000000 32.965908 50.223469 38.376344 256.000000 226.760014 17.129778 56.386022 64.000000 8.979359 9.179476 50.325176 256.000000 253.108647 117.542498 174.683284 64.000000 17.851155 117.573660 173.861036 256.000000 235.455407 115.898905 141.016955 0.000000 15.273946 115.587024 139.910907 256.000000 239.869793
102.185115 137.966235 0.000000 20.419760 103.455755 133.771395 256.000000 234.233491 29.068447 54.366605 64.000000 10.906888 30.122345 56.865356 256.000000 238.256348 94.251376 167.531333 64.000000 37.294243 83.970120 166.409493 256.000000 216.390941 138.967133 136.604111 64.000000 99.358094 145.510653 151.285293 256.000000 169.024498
47.192353 84.051324 64.000000 22.743121 42.675522 79.665087 256.000000 240.050498 12.074464 143.144422 0.000000 16.013979 7.312744 141.304293 256.000000 224.307578 65.552865 121.856040 0.000000 35.302177 60.589653 114.774555 256.000000 216.786773 26.825164 115.401944 0.000000 10.992939 23.260849 115.711682 256.000000 243.978699
23.642853 40.564773 64.000000 11.483426 20.955455 24.413289 256.000000 227.039678 153.212044 25.188042 0.000000 30.780228 149.074351 37.657642 256.000000 196.371315 56.218849 151.250540 0.000000 15.153475 56.268862 150.566485 256.000000 233.928012 52.995762 162.969340 0.000000 25.638717 54.114371 157.959747 256.000000 252.325588
70.796949 80.826553 64.000000 14.409139 85.489256 81.324020 256.000000 232.163979 38.531262 139.901615 0.000000 9.009477 32.591716 147.580916 256.000000 261.507166 38.081918 160.600520 0.000000 14.249946 39.261840 159.307067 256.000000 243.002027 62.909633 97.187435 64.000000 27.665204 58.158573 84.806785 256.000000 225.667174
84.281791 49.582184 64.000000 47.723552 73.992580 63.011451 256.000000 206.908187 55.559758 225.370135 0.000000 8.970754 57.007693 227.077245 256.000000 259.545216 109.555258 68.136449 64.000000 15.334181 107.701353 64.161651 256.000000 236.647205 90.623665 76.589364 0.000000 11.453308 89.523520 75.939436 256.000000 253.530294
185.496556 132.705613 64.000000 32.415186 184.539244 130.231300 256.000000 224.780855 77.493964 121.814936 0.000000 12.997913 77.062753 120.699315 256.000000 246.882900 73.750447 135.177778 0.000000 26.124901 112.099833 88.185176 256.000000 217.952756 87.583602 49.363693 64.000000 15.622450 89.041685 53.979516 256.000000 236.952684
55.710364 21.494082 64.000000 32.974513 59.813431 27.896309 256.000000 247.945623 15.954905 124.190318 64.000000 17.063794 19.191171 123.168720 256.000000 243.135405 27.323335 125.379529 64.000000 11.109107 24.412125 125.734645 256.000000 258.628780 99.908520 95.095236 0.000000 15.906416 98.586711 103.165316 256.000000 229.044652
41.414605 50.706958 64.000000 14.916837 35.294895 48.668585 256.000000 242.279204 77.641980 124.732633 64.000000 16.078517 79.887307 126.562555 256.000000 207.441699 52.522338 110.110553 64.000000 11.754485 61.592113 121.634275 256.000000 241.293927 154.722829 30.315882 0.000000 24.033877 151.791002 25.546089 256.000000 236.354634
29.710844 229.773376 64.000000 39.720865 29.313622 224.282460 256.000000 217.126672 42.802107 196.119271 64.000000 11.685644 43.848618 196.549209 256.000000 256.051570 81.137104 97.780907 0.000000 9.504267 88.928820 94.092995 256.000000 255.238394 34.472147 61.112440 64.000000 20.665004 22.999487 67.842980 256.000000 221.304419
39.566238 99.110196 64.000000 28.848397 50.694376 89.868204 256.000000 227.934602 74.341785 116.062598 64.000000 15.140568 72.295789 115.678984 256.000000 256.847536 132.915722 163.544320 64.000000 9.000872 133.550667 162.402296 256.000000 259.480679 11.907249 75.571945 0.000000 12.434283 4.979411 76.533891 256.000000 237.283978
11.262676 102.087404 0.000000 12.675224 14.866496 105.854640 256.000000 251.998596 122.039611 64.502769 64.000000 16.547492 123.434231 67.466018 256.000000 240.657154 93.082513 66.563940 64.000000 27.906145 95.025660 70.839235 256.000000 221.627108 27.198942 179.437367 64.000000 47.375048 29.440520 175.246562 256.000000 219.234907
185.563185 99.238276 64.000000 46.346745 180.505309 101.188209 256.000000 202.657297 197.096056 85.961822 64.000000 19.339827 200.979480 76.254620 256.000000 216.012319 53.131975 182.546900 64.000000 23.934919 55.912305 181.438762 256.000000 232.297357 53.398900 83.365705 0.000000 17.808130 45.555049 86.423829 256.000000 240.016078
122.535047 162.632760 0.000000 36.321874 120.550358 157.172467 256.000000 207.751481 181.322598 52.368896 64.000000 33.043354 179.919560 52.637936 256.000000 204.700994 77.391462 12.222647 0.000000 22.885104 75.507789 17.225609 256.000000 225.615544 38.498740 70.830453 64.000000 17.012164 33.762356 69.470255 256.000000 236.991407
121.867304 35.997375 0.000000 20.957575 122.641545 37.634295 256.000000 251.645790 55.602984 156.592947 64.000000 16.547492 60.414162 154.368520 256.000000 257.531637 114.004929 196.884325 0.000000 16.762618 114.747185 195.806584 256.000000 237.400146 42.400482 22.586820 0.000000 11.513544 54.436205 10.226076 256.000000 225.976955
141.484129 59.406167 0.000000 8.669578 149.081049 63.577829 256.000000 252.239538 112.257698 202.126671 0.000000 70.931345 112.812018 201.719435 256.000000 195.127887 36.697475 76.571371 0.000000 46.772695 33.326629 75.521553 256.000000 216.291983 34.373513 59.738171 64.000000 9.887191 36.184169 58.059960 256.000000 255.182461
68.401271 95.283536 64.000000 10.885376 66.842531 96.287007 256.000000 231.548719 56.800791 182.492545 0.000000 11.083292 57.420520 182.318491 256.000000 231.540114 29.050013 77.110142 64.000000 10.235695 32.195473 79.972753 256.000000 269.406592 45.831289 226.182782 0.000000 49.263854 43.465255 196.948031 256.000000 205.174271
47.069705 153.587285 64.000000 12.903257 42.083744 158.445293 256.000000 237.391541 63.585376 94.611433 64.000000 9.302048 61.028245 97.171473 256.000000 251.658697 99.701680 43.436165 64.000000 24.339356 103.188205 47.995915 256.000000 246.560211 83.247120 133.500016 0.000000 23.668163 80.855547 133.305169 256.000000 217.673092
91.071400 93.339320 64.000000 14.968467 91.139722 91.120409 256.000000 240.140851 4.482585 60.947360 0.000000 28.073943 9.253745 64.017365 256.000000 234.835844 119.290305 87.546973 0.000000 14.288669 118.817613 89.562053 256.000000 257.923166 19.252420 134.098738 64.000000 15.545005 8.807758 139.724531 256.000000 241.534868
1.841678 148.296351 64.000000 19.722752 3.164545 147.599755 256.000000 216.674907 159.655249 45.624331 64.000000 17.941508 158.225095 45.414704 256.000000 238.643574 46.155164 184.400431 64.000000 9.035292 48.500418 187.267662 256.000000 249.103000 163.349582 68.993985 0.000000 23.616532 163.795302 72.958098 256.000000 230.787173
54.015744 9.430651 64.000000 37.909504 49.837976 14.793824 256.000000 220.005058 62.555984 214.410405 64.000000 19.735659 60.756411 214.733724 256.000000 251.232748 175.033747 134.367053 64.000000 82.634199 175.373647 134.322947 256.000000 190.786644 45.448820 219.410891 64.000000 39.712260 52.658175 217.205107 256.000000 208.573262
67.029325 42.250669 0.000000 9.327863 65.479020 42.162305 256.000000 256.912074 51.077496 152.710075 0.000000 9.091225 59.288522 156.780133 256.000000 246.125657 58.901455 58.625909 0.000000 17.175660 63.461391 62.997573 256.000000 239.598734 80.322173 28.327384 64.000000 67.635614 80.861215 30.046551 256.000000 189.543216
6.752664 144.168171 64.000000 43.928729 8.539953 131.567016 256.000000 208.168825 9.250653 11.833258 64.000000 17.089609 10.334025 12.598653 256.000000 248.040278 177.593676 97.659507 64.000000 32.582984 173.568969 93.219445 256.000000 229.083375 77.850887 108.959182 64.000000 24.115625 75.704853 106.097731 256.000000 244.090565
85.116804 153.250075 0.000000 63.049128 73.346547 178.325209 256.000000 200.992222 43.672933 52.850082 0.000000 17.997441 64.132855 53.001762 256.000000 228.739173 62.898238 61.292500 64.000000 34.622378 59.497456 64.661307 256.000000 220.413797 56.500242 102.336145 64.000000 12.206249 59.234082 99.523696 256.000000 256.890562
61.546524 207.216045 0.000000 22.355894 62.516567 206.207231 256.000000 230.313896 14.729805 113.737736 64.000000 24.571692 21.342771 110.310700 256.000000 237.481894 2.507265 170.963735 0.000000 43.825469 4.644995 166.098387 256.000000 207.433094 69.959264 71.879987 0.000000 29.652968 64.929100 94.237744 256.000000 220.607410
18.076787 31.939278 64.000000 26.490616 17.616893 35.631551 256.000000 250.664815 176.501855 130.775667 0.000000 9.065410 179.014991 129.714200 256.000000 242.094195 60.770935 166.243429 0.000000 15.523492 51.212524 175.573658 256.000000 259.484981 16.451427 70.838936 0.000000 17.442416 17.785898 77.314669 256.000000 245.230732
186.494567 66.827056 64.000000 13.987493 187.780115 63.350522 256.000000 246.233220 23.248864 228.949076 64.000000 27.923355 25.105575 224.136253 256.000000 215.564857 167.235191 135.983467 64.000000 16.689475 165.646640 135.794740 256.000000 235.038063 71.916251 75.374965 64.000000 25.049271 66.209195 78.252682 256.000000 232.254332
78.044680 161.285582 0.000000 16.900299 69.572356 165.528936 256.000000 243.027842 74.025804 59.165813 64.000000 26.675624 71.578065 58.925404 256.000000 212.892992 121.687253 144.548058 64.000000 45.778813 121.218380 138.053460 256.000000 213.168353 101.081582 100.192813 64.000000 29.054918 97.308027 97.135184 256.000000 237.098970
103.674711 36.950640 0.000000 21.542718 99.366295 37.973304 256.000000 236.789188 17.617282 4.553747 64.000000 12.967795 16.764169 4.981395 256.000000 250.600277 106.151464 67.056064 0.000000 35.706613 28.370449 102.971085 256.000000 226.828854 55.942131 43.230262 64.000000 29.244228 61.755340 54.428833 256.000000 18.117912
17.100105 118.406747 0.000000 22.175188 24.432918 114.749136 256.000000 212.699379 140.397078 39.189145 64.000000 93.984247 139.811302 37.024555 256.000000 169.278347 1.541593 120.054835 0.000000 8.897611 1.001002 119.057424 256.000000 249.059975 85.856175 89.203447 64.000000 25.526851 82.553251 91.437209 256.000000 236.010432
92.504467 61.062667 64.000000 69.455580 93.207616 63.989582 256.000000 189.719619 59.913495 58.316842 0.000000 23.534784 54.736604 57.767262 256.000000 233.325660 18.172682 155.785416 64.000000 15.953744 18.715269 154.982080 256.000000 240.355977 96.109967 79.163733 64.000000 45.421704 94.951395 78.679838 256.000000 197.782542
