43.403442 61.256489 64.000000 42.465872 39.350971 95.857562 256.000000 218.748722 66.747329 138.622520 64.000000 40.125302 73.366047 150.043260 256.000000 212.991950 13.093662 127.743164 0.000000 10.928401 16.370362 129.791913 256.000000 248.689959 183.926145 28.614742 64.000000 30.517774 182.609365 32.762067 256.000000 224.479678
96.336289 155.169251 0.000000 16.065610 97.191987 153.944267 256.000000 248.186564 48.765582 93.008555 0.000000 19.886247 85.212809 75.825755 256.000000 242.008145 151.300249 153.870095 0.000000 12.756972 146.854976 152.464176 256.000000 228.687543 4.982144 93.900595 0.000000 8.755628 1.953247 97.335833 256.000000 253.315168
136.559795 65.212080 64.000000 60.691347 134.796847 62.119131 256.000000 190.425233 18.530015 42.473191 0.000000 26.933775 15.473658 53.456009 256.000000 213.564185 147.272424 172.545504 64.000000 22.020297 150.909822 171.355885 256.000000 255.900982 54.015744 9.430651 64.000000 37.909504 49.837976 14.793824 256.000000 220.005058
56.456469 88.981484 64.000000 12.283695 55.094705 94.549540 256.000000 255.139436 90.623665 76.589364 0.000000 11.453308 89.523520 75.939436 256.000000 253.530294 71.465160 125.027213 0.000000 14.602753 69.091344 123.160171 320.000000 213.564185 47.962040 33.564035 0.000000 20.759659 39.736256 42.857185 256.000000 230.985089
22.851545 50.075529 0.000000 43.735116 13.478780 44.748844 256.000000 185.296629 125.519156 40.587600 64.000000 67.252690 126.723318 55.885340 256.000000 193.897366 144.405364 68.272315 0.000000 18.453508 141.194669 66.344664 256.000000 211.073026 140.305331 57.665624 0.000000 17.975929 141.904100 62.363633 256.000000 250.836916
36.688633 231.815058 64.000000 20.600466 32.564958 232.072155 256.000000 246.271942 80.983925 61.557275 64.000000 23.293843 75.659500 56.919067 256.000000 236.952684 132.025476 43.446855 0.000000 23.014179 130.472587 43.472065 256.000000 247.175471 15.931602 131.644269 64.000000 11.513544 13.473002 131.712433 256.000000 231.738030
153.565556 25.487793 64.000000 19.348432 152.803716 26.241675 256.000000 235.081088 160.470915 29.340304 64.000000 49.349904 146.298467 31.481889 256.000000 196.965063 131.513282 59.005907 64.000000 9.753813 131.716716 59.707889 256.000000 236.406264 92.921684 149.083367 64.000000 10.721880 93.187562 148.584144 256.000000 230.963576
60.550665 104.422058 0.000000 41.829099 57.400095 101.759451 256.000000 224.677594 50.864775 91.942558 0.000000 18.307223 44.109647 97.514236 256.000000 245.041422 169.816267 20.145122 64.000000 23.250818 169.491811 22.667358 256.000000 207.932187 72.044024 126.393365 64.000000 16.797038 70.978047 123.051473 256.000000 238.209020
75.568415 138.576705 64.000000 26.770279 79.276976 134.921578 256.000000 243.466699 77.497938 88.985891 0.000000 30.715690 72.875505 99.521111 256.000000 225.099241 59.725165 220.897838 0.000000 35.306479 61.405193 215.350700 256.000000 222.414469 97.770882 177.678844 0.000000 24.868566 97.492076 165.598325 256.000000 222.074570
39.362096 172.338411 64.000000 14.155291 34.278104 172.827585 256.000000 226.510468 87.966331 128.340711 64.000000 18.900970 76.491693 135.948353 256.000000 230.791475 0.716813 139.336753 64.000000 11.427493 0.494867 138.421009 320.000000 245.734127 136.093627 72.736671 64.000000 38.541974 128.262949 73.783840 256.000000 223.980586
43.324318 43.309385 0.000000 33.421975 40.050900 45.835367 256.000000 223.666502 101.655829 174.287745 64.000000 12.804300 99.576653 186.577687 256.000000 251.176815 52.063596 202.047165 64.000000 25.948498 50.290705 199.790916 256.000000 221.313024 182.368996 133.143409 64.000000 17.593004 181.107029 138.294527 256.000000 243.363439
153.353987 108.411556 0.000000 44.161065 141.681578 108.448618 256.000000 216.244655 17.874247 199.284860 0.000000 14.718921 30.161476 201.143727 256.000000 228.524047 56.872687 141.665075 0.000000 39.652024 54.075995 129.489362 256.000000 221.033360 178.709524 67.317640 64.000000 8.747023 181.062636 70.021960 256.000000 238.574734
58.251909 218.871456 64.000000 28.056733 58.119220 216.725662 256.000000 238.824280 100.553756 172.119669 0.000000 11.134922 141.902824 184.039627 256.000000 239.693389 114.967793 122.156824 0.000000 9.091225 115.208696 120.222082 256.000000 235.825424 137.357720 82.995456 64.000000 28.826884 134.777480 82.831547 256.000000 230.627980
82.590565 68.732560 0.000000 8.936334 82.512684 70.822567 256.000000 247.528278 60.758109 75.571449 64.000000 30.367186 22.447298 70.982722 256.000000 224.062334 70.732104 98.828684 0.000000 24.287725 62.098518 71.977811 256.000000 230.442971 167.235191 135.983467 64.000000 16.689475 165.646640 135.794740 256.000000 235.038063
118.865211 28.761565 64.000000 27.299489 110.616838 27.917971 256.000000 240.562498 51.684540 110.577536 64.000000 14.572635 54.024842 110.175095 256.000000 230.529022 129.664558 14.607167 0.000000 10.773510 130.885924 7.580882 256.000000 242.356649 46.178275 29.422133 0.000000 11.031661 54.897660 25.254749 256.000000 247.812244
28.401340 125.611015 64.000000 12.748367 32.770231 128.076513 256.000000 252.192210 129.168147 107.378253 0.000000 19.705542 126.218671 90.826649 256.000000 243.772178 155.531627 134.972767 0.000000 36.825269 148.151100 134.853240 256.000000 215.569160 75.063675 7.713065 64.000000 43.692091 55.462804 24.241136 256.000000 213.491042
36.652802 95.104833 64.000000 9.792536 41.236985 95.820011 256.000000 240.442028 170.600222 104.232847 64.000000 17.524164 172.744616 99.252076 256.000000 243.152615 13.524527 207.070151 0.000000 19.993810 13.422815 206.461456 256.000000 240.545288 88.673895 31.046265 64.000000 31.124430 89.829105 38.183251 256.000000 226.101729
134.867638 175.733113 64.000000 29.756228 131.278053 170.870835 256.000000 212.294942 45.174371 94.850118 0.000000 41.213839 58.268271 91.865520 256.000000 205.793834 173.068765 58.004120 0.000000 72.454437 169.674589 56.385384 256.000000 211.774337 22.483109 64.867433 64.000000 11.543661 23.275484 62.874809 256.000000 260.909115
64.529318 124.844564 0.000000 10.102317 77.772925 131.697300 256.000000 244.951069 138.967133 136.604111 64.000000 99.358094 145.510653 151.285293 256.000000 169.024498 119.179200 171.379149 64.000000 8.630855 119.548845 180.301878 256.000000 247.295942 48.036545 135.838311 64.000000 46.536056 50.327805 129.741871 256.000000 213.159748
32.139251 144.616222 0.000000 19.877642 39.568909 145.952455 256.000000 253.775537 99.908520 95.095236 0.000000 15.906416 98.586711 103.165316 256.000000 229.044652 8.300127 89.801678 64.000000 19.296802 6.376993 99.236922 256.000000 255.556780 41.393347 160.618440 0.000000 29.984262 44.174309 155.624511 256.000000 227.018165
188.464609 103.781004 64.000000 16.930416 187.818336 104.734460 256.000000 240.687271 29.960755 154.808945 64.000000 43.911519 30.030216 151.290580 256.000000 221.837931 65.030362 102.853178 0.000000 16.680870 65.243916 99.707951 256.000000 234.091508 28.998175 10.119724 0.000000 9.233208 25.867293 10.235164 256.000000 241.259506
88.303782 98.725160 64.000000 78.284351 89.951273 98.323362 256.000000 167.213137 45.848940 97.579100 64.000000 30.930816 52.911318 88.678998 256.000000 250.023740 157.966233 41.789145 0.000000 12.524636 157.920071 42.034105 256.000000 248.255404 49.734855 31.232984 0.000000 24.378078 47.512440 38.642784 256.000000 216.838403
20.604051 212.788242 64.000000 41.932360 22.452251 202.415471 256.000000 217.100857 56.567838 196.509396 0.000000 55.760659 55.231724 194.388965 256.000000 199.731583 25.971676 219.507631 0.000000 21.275961 27.021558 218.214795 256.000000 245.574934 162.245904 114.677978 0.000000 20.583256 164.398287 106.560916 256.000000 199.189466
37.787542 79.687278 0.000000 11.104804 40.687669 77.216804 256.000000 242.627708 48.292851 12.385653 0.000000 27.161809 77.825796 82.409104 256.000000 229.375946 90.906040 34.121867 64.000000 46.213367 88.631035 36.648584 256.000000 201.474104 125.398836 164.350667 0.000000 16.693778 121.587555 167.779255 256.000000 227.745291
171.840149 95.520485 0.000000 13.492703 175.012815 89.762778 256.000000 239.172784 40.773527 187.026171 0.000000 29.416329 41.050565 183.031842 256.000000 238.118667 165.035585 14.450569 64.000000 33.241270 163.927831 4.735687 256.000000 248.672748 115.195935 46.579553 0.000000 20.368130 115.966793 58.107180 256.000000 229.582467
186.581918 115.775871 64.000000 12.206249 187.352098 115.047849 320.000000 244.159405 31.331076 199.680395 64.000000 20.953272 30.419884 197.903995 256.000000 222.513427 47.926016 99.294693 64.000000 14.921139 47.673933 95.688778 256.000000 240.007473 17.998135 186.481667 0.000000 19.533441 17.967498 184.172540 256.000000 237.193625
19.538933 112.978591 0.000000 8.927729 16.000482 122.827129 256.000000 246.185892 85.959205 190.306304 0.000000 9.968939 85.481605 191.337811 256.000000 238.858700 156.884247 27.547645 0.000000 13.965980 158.255411 18.071980 256.000000 241.861859 142.983975 56.088962 0.000000 38.821638 141.218182 56.652962 256.000000 231.023811
39.859284 42.727444 64.000000 19.765777 54.200749 48.898438 256.000000 214.330034 2.679135 106.029835 64.000000 17.734987 4.327113 104.193325 256.000000 234.969222 29.084955 189.013593 0.000000 21.456667 26.828367 188.390431 256.000000 243.402161 37.660340 87.401349 64.000000 13.497005 34.537213 87.956800 256.000000 269.647533
178.441715 38.285291 64.000000 11.681342 193.660116 47.709729 256.000000 243.105288 111.716733 20.589653 0.000000 40.589974 103.463605 23.205078 256.000000 206.602708 185.373695 123.401415 64.000000 33.357438 183.118020 122.683873 256.000000 239.375003 124.178229 198.738962 0.000000 24.438314 126.459202 193.708084 256.000000 248.900782
58.901455 58.625909 0.000000 17.175660 63.461391 62.997573 256.000000 239.598734 85.091258 65.101065 64.000000 28.452565 81.591024 65.294395 256.000000 249.442900 23.079665 119.896364 64.000000 30.311253 22.858191 113.349829 256.000000 235.347844 63.482067 111.594022 0.000000 15.648265 67.518925 109.929460 256.000000 237.912146
47.124589 10.764462 0.000000 17.364971 56.820447 16.095051 256.000000 232.757727 81.972538 36.510020 0.000000 22.958247 73.752098 23.289231 256.000000 247.786429 77.693225 143.632307 0.000000 8.901914 77.130242 142.372467 256.000000 256.335537 89.700211 94.653529 64.000000 23.973641 92.076336 95.113953 256.000000 215.212050
47.737896 179.992589 64.000000 26.288397 52.527415 178.588125 256.000000 236.926869 136.441284 23.169393 0.000000 91.080046 130.696847 27.582215 256.000000 168.232835 68.676755 97.329518 0.000000 10.893981 80.071449 97.603189 256.000000 262.789317 153.700075 142.762785 64.000000 23.706885 151.518924 146.614142 256.000000 234.655138
