28.998175 10.119724 0.000000 9.233208 25.867293 10.235164 256.000000 241.259506 60.049407 67.957269 64.000000 19.739962 61.863324 76.049518 256.000000 222.917864 83.188865 8.827915 0.000000 39.195957 84.687878 27.426624 256.000000 235.291911 43.004689 108.808224 64.000000 28.813976 40.599342 107.416838 256.000000 225.671477
31.112453 25.280509 64.000000 13.139896 30.316035 26.897095 256.000000 246.362295 63.585376 94.611433 64.000000 9.302048 61.028245 97.171473 256.000000 251.658697 99.530796 66.998975 64.000000 20.905945 97.359785 66.493645 256.000000 223.903141 48.174678 8.846322 64.000000 63.526708 49.060993 7.247215 256.000000 181.617974
153.565556 25.487793 64.000000 19.348432 152.803716 26.241675 256.000000 235.081088 96.207005 214.100720 0.000000 17.537072 95.215042 214.853131 256.000000 237.245255 34.218727 67.049482 64.000000 22.411827 32.220713 52.927222 256.000000 233.394500 9.884460 14.019413 0.000000 18.642819 15.113724 13.098302 256.000000 222.814603
56.218849 151.250540 0.000000 15.153475 56.268862 150.566485 256.000000 233.928012 131.527216 122.963213 64.000000 38.305336 122.757565 103.821824 256.000000 219.738301 70.758284 173.444356 0.000000 13.316299 151.137287 224.848138 256.000000 259.213922 134.626435 72.554204 0.000000 10.687460 134.296265 72.321164 256.000000 245.833085
18.961227 190.167156 0.000000 14.632871 33.268118 197.655020 256.000000 218.103344 19.657180 125.890749 64.000000 28.228834 20.797471 121.354067 256.000000 226.927812 17.267704 103.464891 0.000000 34.996698 32.604165 90.571778 256.000000 220.943007 151.901049 56.908913 0.000000 26.116296 147.997085 62.667525 256.000000 215.039950
172.779940 31.047020 0.000000 38.847453 149.731725 12.036831 256.000000 225.262737 34.824840 95.730522 64.000000 17.098214 29.133589 101.166058 256.000000 234.095811 81.390229 137.047847 64.000000 12.055661 79.605222 138.995145 256.000000 236.543945 170.450138 52.688422 0.000000 13.574451 170.942491 52.354720 256.000000 247.261522
42.886829 80.329722 64.000000 14.572635 43.617031 84.323867 256.000000 262.320342 125.640809 92.240009 64.000000 34.790177 115.589791 95.612336 256.000000 226.884787 116.927267 50.514565 64.000000 15.949442 116.425447 50.378444 256.000000 233.884987 172.950211 64.139444 64.000000 10.218485 192.167251 49.560585 256.000000 249.339639
99.847335 60.545264 0.000000 13.884232 99.207118 57.788867 256.000000 254.674764 134.815598 195.551707 64.000000 30.956631 133.252640 194.638884 256.000000 217.522504 131.234224 15.926940 64.000000 12.886047 128.869653 11.524420 256.000000 246.246127 111.895833 86.860556 64.000000 38.309638 102.186047 90.160902 256.000000 226.553493
5.470371 185.947998 64.000000 20.449878 1.686704 180.753358 256.000000 242.180246 73.409611 37.843327 64.000000 9.448334 73.742413 31.072615 256.000000 240.041893 62.909633 97.187435 64.000000 27.665204 58.158573 84.806785 256.000000 225.667174 22.040473 100.999555 0.000000 13.595963 10.449438 101.290744 256.000000 241.001355
128.003165 19.445631 64.000000 51.092425 108.348384 21.324869 256.000000 211.791547 118.427195 143.747207 64.000000 43.816864 111.607353 141.160785 256.000000 203.276860 26.872300 89.450760 64.000000 15.174988 29.073358 92.878696 256.000000 235.786701 17.120158 117.234462 64.000000 22.730213 10.013231 114.091522 256.000000 247.059303
20.740631 54.454364 64.000000 14.895324 23.587220 53.190880 256.000000 253.620646 64.109078 170.855984 64.000000 31.675152 61.882016 169.720016 256.000000 224.182805 74.443505 151.239495 0.000000 28.327792 85.114005 129.550442 256.000000 242.735271 66.263842 52.552549 64.000000 27.394145 25.908942 33.592498 256.000000 224.217225
38.531262 139.901615 0.000000 9.009477 32.591716 147.580916 256.000000 261.507166 46.894709 99.521938 0.000000 10.205577 44.141733 101.486815 256.000000 253.607739 105.071569 14.634342 64.000000 30.431724 108.495265 20.784867 256.000000 206.826439 50.033649 161.175104 0.000000 14.163896 46.902880 161.201298 256.000000 260.306763
9.455731 161.047222 0.000000 21.972970 9.767551 155.147082 256.000000 229.982602 13.478856 116.202302 64.000000 12.795694 15.892915 117.796398 256.000000 242.765388 18.316640 171.098609 0.000000 27.187624 19.114044 169.402533 256.000000 233.730096 80.983925 61.557275 64.000000 23.293843 75.659500 56.919067 256.000000 236.952684
30.904289 102.899113 0.000000 35.568933 31.413405 92.519473 256.000000 238.729625 103.973642 50.783127 0.000000 12.993610 94.235671 34.254273 256.000000 236.681625 146.621844 103.780524 0.000000 38.240798 149.053042 103.225982 256.000000 207.428792 14.482218 67.183765 64.000000 47.650409 15.189240 61.694305 256.000000 224.036519
45.384304 146.176827 0.000000 27.850212 42.212729 144.778989 256.000000 225.262737 110.342593 176.102935 64.000000 10.691762 110.248924 176.638753 256.000000 245.148985 110.884967 134.383600 64.000000 25.957103 103.539127 142.088709 256.000000 229.896551 165.512616 47.469487 64.000000 26.413170 163.631533 51.985555 256.000000 232.138164
93.490675 78.416520 0.000000 14.456467 104.487905 67.863205 256.000000 253.590529 101.655829 174.287745 64.000000 12.804300 99.576653 186.577687 256.000000 251.176815 74.577342 154.326542 0.000000 8.850284 75.917804 154.666678 256.000000 243.187035 66.598675 69.759415 0.000000 28.671993 57.290647 64.069295 256.000000 205.410910
19.641027 59.730298 0.000000 10.984334 22.349185 60.807027 256.000000 242.588985 3.351105 168.902322 64.000000 29.549707 1.942275 168.299724 256.000000 228.166938 131.133447 30.647740 64.000000 12.240669 133.877187 34.384493 256.000000 242.455607 78.277104 69.011047 64.000000 24.494246 75.784653 68.152935 256.000000 244.770363
141.221475 44.428722 0.000000 31.980631 125.657727 44.355827 256.000000 208.568960 156.198555 143.840356 0.000000 16.513072 159.704675 138.990362 256.000000 244.671405 54.015744 9.430651 64.000000 37.909504 49.837976 14.793824 256.000000 220.005058 38.785744 0.852631 0.000000 23.263726 43.076189 3.907884 256.000000 229.926669
130.691471 114.655087 0.000000 18.281407 130.434216 113.352582 256.000000 240.553893 156.828725 23.579238 64.000000 55.003416 155.217329 24.364844 256.000000 193.630610 129.168147 107.378253 0.000000 19.705542 126.218671 90.826649 256.000000 243.772178 32.430438 5.650187 64.000000 9.431124 25.335587 2.515089 256.000000 249.133118
81.332311 23.054516 0.000000 9.147158 81.020665 24.700953 320.000000 233.854870 86.182885 73.409018 0.000000 27.174716 82.317402 46.179342 256.000000 235.007945 166.879475 35.832795 0.000000 16.349576 165.410560 34.923787 256.000000 251.942664 12.484849 59.108718 64.000000 20.918852 15.814996 57.915140 256.000000 239.284650
44.816851 94.994595 64.000000 33.030446 40.199949 81.098571 256.000000 218.529293 63.034380 44.855225 0.000000 40.379150 63.511016 45.605549 256.000000 214.678538 62.564709 172.780478 0.000000 28.986077 59.449529 170.570662 256.000000 237.826096 81.712804 55.989925 64.000000 14.594148 86.219473 59.345944 256.000000 237.589457
168.265993 66.234905 0.000000 15.342786 168.765796 69.914485 256.000000 262.367670 63.304462 2.971869 0.000000 18.573979 63.876173 5.497211 256.000000 237.546432 95.033109 55.801145 0.000000 25.703254 93.563573 54.023420 256.000000 235.786701 16.463016 76.294175 64.000000 24.425406 29.132931 75.010307 256.000000 218.834772
144.845696 61.023578 0.000000 45.120527 143.464936 55.287875 256.000000 213.598605 93.438420 50.090544 64.000000 14.817879 93.646816 43.526962 256.000000 245.699707 99.180745 15.923224 0.000000 15.846181 92.159591 17.977493 256.000000 242.064078 58.567322 87.668222 0.000000 21.770751 52.500033 89.371300 256.000000 237.598062
6.051564 142.714784 64.000000 17.971626 10.664324 144.332764 256.000000 234.934802 26.098249 156.443296 64.000000 21.727726 27.913878 157.807282 256.000000 230.899038 18.103691 4.592351 64.000000 213.981530 16.426576 2.806809 256.000000 47.680527 124.808764 110.281867 0.000000 38.950714 115.917667 110.748651 256.000000 235.623205
139.658076 88.439284 64.000000 58.677768 137.926760 90.201202 256.000000 201.366541 163.979844 115.131871 0.000000 39.178747 158.267951 114.744727 256.000000 225.972653 83.252893 77.560065 64.000000 30.625337 81.332967 78.212635 256.000000 210.638472 54.965055 58.268042 0.000000 22.484970 93.410031 32.730662 256.000000 237.451776
113.917131 164.009985 64.000000 15.540702 115.621775 161.483602 256.000000 229.690030 84.697391 224.212200 64.000000 16.706685 88.005298 224.987984 256.000000 230.864618 93.893076 64.336336 64.000000 29.618548 91.993124 59.600613 256.000000 256.172041 30.803400 141.084089 64.000000 24.313541 40.990182 140.551540 256.000000 235.360752
61.004900 88.603551 64.000000 18.806315 62.210115 83.504678 256.000000 232.607139 48.611135 84.537205 0.000000 15.213711 47.496384 82.312307 256.000000 242.911674 171.728115 68.792098 0.000000 28.650481 169.037522 70.539840 256.000000 214.717261 172.700120 105.203080 64.000000 17.618819 173.383487 111.564767 256.000000 251.576949
24.392829 105.426544 64.000000 9.091225 19.277140 109.523236 256.000000 245.097354 110.276427 103.907011 0.000000 59.228490 110.634889 107.782682 256.000000 192.434510 13.513244 33.821187 64.000000 29.214111 24.690465 38.204073 256.000000 242.348044 62.919975 95.139313 0.000000 11.629712 66.446815 94.249202 256.000000 234.272214
73.907073 85.199971 64.000000 9.676367 83.206198 82.148160 256.000000 250.832613 97.301505 31.731827 64.000000 40.602881 92.174669 36.859913 256.000000 246.168682 16.113522 170.543471 64.000000 30.100430 18.432255 166.783500 256.000000 236.178230 75.785991 39.740342 0.000000 47.542846 71.951884 41.619989 256.000000 202.308793
31.076109 68.769667 0.000000 13.492703 27.947725 70.860773 256.000000 248.857757 14.217020 142.817329 0.000000 11.694249 19.934987 148.222665 256.000000 233.682769 131.601713 41.720162 64.000000 15.648265 131.012522 41.305907 256.000000 245.914833 70.059447 40.627078 0.000000 10.416401 67.387935 37.223835 256.000000 243.471002
144.199602 176.502027 0.000000 40.848125 141.510327 175.496847 256.000000 212.871480 49.687262 159.698338 64.000000 10.270115 51.537882 161.015209 256.000000 249.146026 67.062444 184.588085 64.000000 39.815520 66.708545 178.657651 256.000000 216.317798 137.978304 82.724676 0.000000 16.211895 147.448305 105.106871 256.000000 233.484853
47.192353 84.051324 64.000000 22.743121 42.675522 79.665087 256.000000 240.050498 134.209729 79.948745 64.000000 10.704670 133.984449 78.910356 256.000000 237.404449 121.399242 60.704349 0.000000 16.491559 124.812651 66.438678 256.000000 237.916448 142.456384 114.602956 0.000000 23.857473 148.095938 97.537513 256.000000 236.105088
