46.820093 42.518704 0.000000 9.151460 48.596529 34.339673 256.000000 233.536483 73.409611 37.843327 64.000000 9.448334 73.742413 31.072615 256.000000 240.041893 37.273273 105.354007 0.000000 40.637301 32.429335 98.061404 256.000000 220.065293 148.597149 59.613845 64.000000 11.750182 148.617985 56.966515 256.000000 256.305419
71.408536 20.798018 0.000000 23.659557 65.144698 20.323435 256.000000 215.990807 44.464851 172.984720 0.000000 30.414514 48.782596 175.995935 256.000000 261.507166 93.836705 125.603573 64.000000 17.786618 103.904971 123.566700 256.000000 241.478935 91.212784 12.167238 0.000000 8.906216 97.531929 10.358689 256.000000 252.626764
43.838033 58.717905 64.000000 18.010349 44.789135 46.405373 256.000000 226.923510 50.924882 101.907676 64.000000 42.749839 55.708311 110.575976 256.000000 207.415884 45.588224 93.926962 0.000000 18.401878 43.714458 90.305822 256.000000 242.885859 11.262676 102.087404 0.000000 12.675224 14.866496 105.854640 256.000000 251.998596
73.662196 49.694669 64.000000 22.910919 75.720978 53.985982 256.000000 233.101929 31.466451 111.848115 64.000000 14.047728 33.644885 110.475518 256.000000 246.323573 101.655829 174.287745 64.000000 12.804300 99.576653 186.577687 256.000000 251.176815 11.118744 72.995644 64.000000 21.443760 11.578755 75.608025 256.000000 241.573590
99.613667 19.819673 64.000000 25.010549 102.315535 34.196420 256.000000 228.506837 165.136844 88.379500 64.000000 47.383653 142.320258 84.697042 256.000000 198.587113 47.926016 99.294693 64.000000 14.921139 47.673933 95.688778 256.000000 240.007473 81.946353 49.389855 0.000000 14.925442 81.150960 33.450696 256.000000 230.688215
98.719675 17.192345 0.000000 9.207393 104.946087 19.220536 256.000000 243.354834 145.722400 107.301498 0.000000 26.490616 146.534785 98.552553 256.000000 249.305219 17.129778 56.386022 64.000000 8.979359 9.179476 50.325176 256.000000 253.108647 140.845993 43.208095 0.000000 20.492903 146.430696 58.017540 256.000000 213.770706
100.707513 154.660242 0.000000 37.556697 99.041516 149.591811 256.000000 237.000012 89.705833 20.274925 64.000000 29.153876 87.514033 21.352495 256.000000 228.795106 55.942131 43.230262 64.000000 29.244228 61.755340 54.428833 256.000000 18.117912 119.845491 67.785267 0.000000 19.821710 140.649409 2.973449 256.000000 225.430535
52.999216 60.084933 64.000000 14.568333 56.043005 49.738511 256.000000 272.728138 95.135831 195.090295 64.000000 9.818351 100.592029 196.401156 256.000000 237.021524 73.320389 15.663595 64.000000 10.016267 74.424591 16.025498 256.000000 241.096011 20.224455 122.869455 0.000000 19.658214 21.056564 121.324204 256.000000 234.082903
106.430384 19.988685 0.000000 15.988164 103.174507 19.667445 256.000000 252.381521 63.651904 31.388651 64.000000 26.198044 64.316944 33.089840 256.000000 228.377762 82.952795 20.976025 64.000000 19.924970 84.307851 23.789213 256.000000 236.982802 92.313202 199.718473 64.000000 10.093712 91.044607 201.676736 256.000000 239.753624
55.710364 21.494082 64.000000 32.974513 59.813431 27.896309 256.000000 247.945623 19.706342 165.206973 64.000000 26.533641 15.966849 161.911420 256.000000 232.508181 140.397078 39.189145 64.000000 93.984247 139.811302 37.024555 256.000000 169.278347 22.434842 105.241729 64.000000 21.848197 16.313800 122.831256 256.000000 240.622734
48.888276 3.035969 0.000000 9.082620 57.285416 1.677244 256.000000 245.665287 40.807118 137.074545 0.000000 29.158178 38.125115 131.977849 256.000000 230.477391 96.194053 38.862358 64.000000 17.231593 97.670802 41.942775 256.000000 242.132918 31.318065 140.058853 0.000000 45.262510 40.614947 143.040667 256.000000 205.660456
23.367335 23.716629 64.000000 48.777669 36.381840 43.230727 256.000000 217.389126 43.004689 108.808224 64.000000 28.813976 40.599342 107.416838 256.000000 225.671477 38.483122 82.871542 0.000000 14.017610 43.642791 77.601478 256.000000 230.692517 84.758864 108.953011 0.000000 11.565174 91.747073 106.610056 256.000000 251.017622
159.808167 99.097080 64.000000 11.281207 159.384336 102.718131 256.000000 241.526263 152.656667 158.998049 64.000000 24.795423 150.535884 162.211825 256.000000 244.744548 30.359931 154.112727 64.000000 11.853443 28.870515 153.343060 256.000000 248.513555 24.195180 91.397847 0.000000 17.068097 27.868476 107.730669 256.000000 214.618303
59.327098 68.003565 64.000000 12.189039 62.064053 63.624916 256.000000 251.129487 40.938371 146.721080 0.000000 16.964836 40.622140 145.364995 256.000000 253.551806 22.411787 49.699065 64.000000 8.876099 18.584502 50.884507 256.000000 246.654867 13.751682 198.480631 0.000000 35.284967 16.449680 193.237898 256.000000 211.580724
137.946167 109.218802 0.000000 61.259280 126.656758 98.545716 256.000000 199.877869 115.195935 46.579553 0.000000 20.368130 115.966793 58.107180 256.000000 229.582467 105.897573 56.397411 64.000000 11.165039 108.012365 53.540315 256.000000 240.945423 10.305145 158.306155 64.000000 9.302048 13.138709 162.752987 256.000000 251.559739
10.891416 96.755140 0.000000 9.491359 11.330620 95.539007 256.000000 232.701794 71.465160 125.027213 0.000000 14.602753 69.091344 123.160171 320.000000 213.564185 58.535515 21.703302 0.000000 25.440801 55.598349 27.464729 256.000000 221.674435 2.895782 173.840875 0.000000 39.970411 2.415033 170.281002 256.000000 213.185563
14.445035 170.771375 64.000000 18.457811 34.498649 176.156344 256.000000 251.538227 136.782882 30.098458 0.000000 9.925914 137.427907 26.600540 256.000000 243.901254 25.546158 87.999747 64.000000 17.360668 28.325422 90.837595 256.000000 261.782527 77.497938 88.985891 0.000000 30.715690 72.875505 99.521111 256.000000 225.099241
91.606991 187.165151 64.000000 33.856530 77.316733 181.319904 256.000000 233.992550 147.384633 183.011729 64.000000 41.003016 101.998853 117.513596 256.000000 189.155989 114.045678 69.214302 64.000000 9.913006 113.976055 69.028915 256.000000 259.975468 156.884247 27.547645 0.000000 13.965980 158.255411 18.071980 256.000000 241.861859
103.983336 202.966805 0.000000 13.079661 100.440244 205.259064 256.000000 245.493186 25.675795 61.913976 64.000000 9.456939 29.558096 61.259249 256.000000 244.968279 30.576245 129.767600 64.000000 13.725039 31.886511 128.416784 256.000000 235.976012 62.236318 165.995322 0.000000 28.839792 53.503720 161.958231 256.000000 212.165866
93.490675 78.416520 0.000000 14.456467 104.487905 67.863205 256.000000 253.590529 70.511225 63.814355 0.000000 24.481339 67.401758 68.055002 256.000000 231.105559 39.350029 84.671098 0.000000 23.577810 38.806664 69.937787 256.000000 242.464212 72.207015 61.908698 0.000000 9.172973 72.561862 58.157789 256.000000 248.251101
157.195813 84.070553 0.000000 9.022384 157.625667 85.818222 256.000000 246.852782 31.538922 7.244607 64.000000 31.640732 29.229636 12.810291 256.000000 225.641359 90.906040 34.121867 64.000000 46.213367 88.631035 36.648584 256.000000 201.474104 97.301505 31.731827 64.000000 40.602881 92.174669 36.859913 256.000000 246.168682
64.225620 141.162820 64.000000 22.446247 61.346093 138.701193 256.000000 221.704553 124.564520 70.362989 64.000000 19.464600 123.012136 70.618020 256.000000 239.951540 8.012373 17.407404 64.000000 24.481339 20.014867 16.045113 256.000000 216.958874 60.524124 186.992545 64.000000 21.607255 61.289087 185.507338 256.000000 249.417084
104.449642 160.840587 64.000000 11.935190 106.281931 159.681196 320.000000 246.818362 90.623665 76.589364 0.000000 11.453308 89.523520 75.939436 256.000000 253.530294 120.854078 28.714929 0.000000 10.906888 120.115735 26.942740 256.000000 246.641959 117.919722 159.897760 0.000000 27.359725 138.322982 138.570109 256.000000 226.592216
15.328124 91.622364 0.000000 11.780300 18.447360 91.602898 256.000000 241.311137 11.357169 158.736756 64.000000 37.943924 11.785013 142.982613 256.000000 223.262065 60.758109 75.571449 64.000000 30.367186 22.447298 70.982722 256.000000 224.062334 29.087244 16.646427 64.000000 22.975457 32.816845 16.406905 256.000000 252.002899
15.313413 51.961855 64.000000 78.650066 18.620264 55.702796 256.000000 198.066508 142.379885 118.598629 0.000000 22.028902 139.141715 119.957005 320.000000 223.206133 78.580771 29.415876 0.000000 30.414514 41.367289 62.637673 256.000000 231.161492 132.621142 47.638173 64.000000 12.193342 132.793142 48.535264 256.000000 246.607539
46.155164 184.400431 64.000000 9.035292 48.500418 187.267662 256.000000 249.103000 121.905204 149.244460 64.000000 9.499964 123.538280 148.079947 256.000000 251.469386 71.153607 160.700920 64.000000 11.117712 70.956113 160.993973 256.000000 245.381321 124.696375 37.843847 64.000000 39.944596 149.004498 191.801185 256.000000 230.331106
65.204805 100.295509 0.000000 9.913006 64.851556 106.718382 256.000000 247.511068 79.631989 10.382756 0.000000 26.499221 75.923649 12.036235 256.000000 238.316583 145.296136 157.815900 64.000000 21.628768 147.863720 160.246347 256.000000 248.651236 87.212875 58.930071 64.000000 32.527051 84.424644 50.074751 256.000000 228.016350
103.818156 211.669955 0.000000 14.774854 107.793322 210.984502 256.000000 234.995037 35.461485 74.628578 64.000000 20.518718 38.604484 64.038153 256.000000 243.057960 54.516300 54.771025 0.000000 13.643291 60.864553 56.003304 256.000000 260.973653 88.265982 131.198687 0.000000 13.040938 83.687658 135.297049 256.000000 238.888818
148.765993 7.334509 64.000000 18.939693 146.677049 2.459007 256.000000 242.920279 55.396531 135.638424 64.000000 31.464329 47.782776 126.908989 256.000000 234.026970 134.128107 110.190229 64.000000 27.660901 142.948925 105.582076 256.000000 236.186835 142.965671 185.970033 0.000000 23.990852 128.374420 198.523238 256.000000 234.599206
90.699891 157.629104 0.000000 37.109235 86.250660 144.016720 256.000000 207.174943 178.441715 38.285291 64.000000 11.681342 193.660116 47.709729 256.000000 243.105288 65.966607 108.024138 0.000000 92.740819 66.438907 108.865060 256.000000 162.355592 174.894760 75.232791 64.000000 8.919124 181.177320 66.248387 256.000000 242.132918
191.845936 82.146535 0.000000 19.972298 193.118609 109.752218 256.000000 236.819306 152.052822 84.103220 64.000000 26.210952 149.486902 91.305484 256.000000 227.934602 176.501855 130.775667 0.000000 9.065410 179.014991 129.714200 256.000000 242.094195 62.710680 117.146860 64.000000 11.741577 59.271480 124.146995 256.000000 238.622062
75.063675 7.713065 64.000000 43.692091 55.462804 24.241136 256.000000 213.491042 44.140782 44.708616 64.000000 11.216670 46.614640 40.100553 256.000000 260.500376 184.279813 124.049638 0.000000 40.443688 180.430545 115.849658 256.000000 204.145969 25.741325 83.203553 0.000000 12.632199 25.503578 84.724435 256.000000 263.929484
