52.606580 130.216540 0.000000 12.645106 54.430220 128.848576 256.000000 255.092108 53.470845 194.254196 0.000000 52.460626 54.168636 194.971727 256.000000 214.953899 91.967522 107.060462 0.000000 36.575723 61.676487 89.869098 256.000000 201.409566 72.238771 101.133478 64.000000 14.404837 75.927527 98.108040 256.000000 52.477836
43.299495 198.557840 0.000000 79.945124 49.760851 197.568384 256.000000 183.549806 26.893675 14.432065 64.000000 17.700567 25.493556 17.304205 256.000000 233.687071 59.812391 80.055664 64.000000 16.069912 56.701885 77.541724 256.000000 249.576278 88.109875 36.412302 0.000000 52.877971 89.813898 26.285031 256.000000 204.799952
43.004689 108.808224 64.000000 28.813976 40.599342 107.416838 256.000000 225.671477 181.322598 52.368896 64.000000 33.043354 179.919560 52.637936 256.000000 204.700994 40.889696 50.948538 0.000000 11.388770 43.166911 53.849415 256.000000 245.183405 63.772705 32.517511 64.000000 9.151460 63.739524 33.545211 256.000000 243.970094
188.082965 59.999178 0.000000 31.941908 185.146349 58.989671 256.000000 212.049698 27.198942 179.437367 64.000000 47.375048 29.440520 175.246562 256.000000 219.234907 8.429744 189.357575 0.000000 15.600938 4.623798 188.966193 256.000000 218.344285 47.886696 57.237067 0.000000 22.218213 48.257762 64.277667 256.000000 216.180117
25.741325 83.203553 0.000000 12.632199 25.503578 84.724435 256.000000 263.929484 44.533098 208.825487 0.000000 8.794351 47.987598 211.600984 256.000000 263.103401 64.662605 11.181360 0.000000 44.939821 55.699544 34.915304 256.000000 196.220727 116.242722 64.678438 0.000000 27.678111 109.275975 65.386627 256.000000 218.469058
158.883605 148.252447 64.000000 24.829843 158.129485 147.413400 256.000000 229.406064 77.918525 134.758082 0.000000 18.780500 111.121629 132.958445 256.000000 221.278604 72.458542 81.759647 0.000000 12.645106 69.238944 81.793969 256.000000 228.816619 92.757333 191.152113 0.000000 15.033005 95.058691 191.437778 256.000000 236.776281
60.797484 221.975636 0.000000 10.141040 62.128973 221.668316 256.000000 251.968479 41.383609 15.572596 64.000000 27.561943 121.777551 83.076318 256.000000 219.678066 78.430249 16.906520 64.000000 22.790448 77.421595 19.867620 256.000000 256.933587 125.398836 164.350667 0.000000 16.693778 121.587555 167.779255 256.000000 227.745291
126.722202 34.362833 64.000000 9.000872 126.344235 32.906193 256.000000 251.989991 28.759756 220.549487 0.000000 36.894109 35.434116 216.386576 256.000000 223.077057 26.825164 115.401944 0.000000 10.992939 23.260849 115.711682 256.000000 243.978699 9.109938 103.188656 64.000000 59.615717 13.151340 101.263549 256.000000 182.327890
31.660936 36.500387 0.000000 19.739962 41.366436 20.282347 256.000000 241.466027 135.399129 23.478411 64.000000 44.797838 119.473100 32.817096 256.000000 221.906772 45.930360 179.535455 0.000000 9.508569 43.202429 180.051138 256.000000 264.170425 14.563887 216.525640 0.000000 22.347289 10.195018 214.958569 256.000000 235.782399
80.216907 191.181555 64.000000 12.567661 92.987369 203.947911 256.000000 256.722763 91.301173 86.562120 64.000000 26.925170 12.670382 85.198067 256.000000 218.172184 23.367335 23.716629 64.000000 48.777669 36.381840 43.230727 256.000000 217.389126 46.052729 118.608520 0.000000 15.678383 38.172271 119.564787 256.000000 226.544888
94.284065 63.992133 0.000000 15.704198 91.327338 60.708511 256.000000 235.851239 20.624644 194.460856 0.000000 17.132635 24.391878 196.706742 256.000000 244.641287 185.809175 80.042507 64.000000 42.513200 179.344753 75.887973 256.000000 229.909459 105.860751 90.166991 64.000000 20.574651 103.199769 85.817289 256.000000 230.012719
170.281976 118.606555 64.000000 40.168327 165.353196 116.893511 256.000000 208.470002 100.553756 172.119669 0.000000 11.134922 141.902824 184.039627 256.000000 239.693389 172.779940 31.047020 0.000000 38.847453 149.731725 12.036831 256.000000 225.262737 11.826329 76.868311 64.000000 48.541031 7.807198 75.444485 256.000000 218.395915
28.935753 130.093869 0.000000 38.929201 38.129936 108.293460 256.000000 223.997796 129.561271 81.551875 0.000000 12.989308 130.515015 85.484807 256.000000 236.552550 150.424771 41.788862 64.000000 8.833074 150.526064 40.276320 256.000000 237.322701 63.578593 142.045444 64.000000 9.018082 62.710493 141.915169 256.000000 245.540514
180.867067 18.677649 64.000000 45.387283 177.914120 20.326091 256.000000 231.174400 71.916251 75.374965 64.000000 25.049271 66.209195 78.252682 256.000000 232.254332 7.629267 101.391305 0.000000 21.486785 9.283584 97.280656 256.000000 238.669389 80.593551 159.330324 0.000000 10.218485 81.930224 158.629809 256.000000 224.075242
21.185689 133.830636 64.000000 30.827556 29.023255 125.734742 256.000000 217.883915 109.952689 33.821436 0.000000 10.674552 108.853456 31.638195 256.000000 238.574734 24.529409 72.213922 64.000000 11.367258 22.018236 74.149442 256.000000 257.415469 25.871275 116.916893 64.000000 14.060635 24.233776 114.469169 256.000000 245.802968
110.987427 86.211798 0.000000 27.979288 107.569058 73.634915 256.000000 231.953156 34.925542 6.227609 64.000000 33.039051 37.302764 7.656760 256.000000 222.276788 33.375735 146.919649 64.000000 21.181306 32.973700 145.102915 256.000000 225.335880 115.935044 106.047860 0.000000 10.119527 114.212253 112.037613 256.000000 241.513355
62.113027 119.317091 0.000000 13.570148 68.498178 117.974380 256.000000 252.631067 31.956840 86.672991 0.000000 20.445575 45.048389 90.714458 256.000000 221.683040 14.933191 12.650040 0.000000 12.752669 7.379285 13.048869 256.000000 241.199271 111.895833 86.860556 64.000000 38.309638 102.186047 90.160902 256.000000 226.553493
22.488449 93.511569 64.000000 12.649409 25.138624 89.770284 256.000000 244.202430 19.939627 76.819885 0.000000 12.567661 7.207902 75.780896 256.000000 222.431679 114.810162 205.461840 64.000000 22.261238 114.999440 204.624811 256.000000 235.528550 35.479602 214.118636 64.000000 15.902114 40.362047 214.904998 256.000000 239.671877
97.223549 93.996600 0.000000 24.214583 91.989965 97.758793 256.000000 235.330634 143.966589 124.482551 64.000000 32.552866 140.858622 129.037945 256.000000 232.697492 40.268573 12.557689 0.000000 21.047928 35.430795 17.604707 256.000000 232.736214 27.809251 37.434085 0.000000 22.170886 32.371575 38.034895 256.000000 224.053729
85.596158 69.689751 64.000000 66.250203 83.733004 56.808225 256.000000 184.276932 56.216573 55.302718 64.000000 31.012564 49.895987 54.377133 256.000000 210.965463 66.263842 52.552549 64.000000 27.394145 25.908942 33.592498 256.000000 224.217225 56.987635 76.629335 64.000000 22.011692 50.135184 67.344780 256.000000 250.015135
49.470816 13.199765 64.000000 14.391929 42.371545 5.497920 256.000000 246.512883 76.954364 118.284642 64.000000 21.899827 71.157331 122.704824 256.000000 233.063206 86.915593 157.158807 64.000000 15.071728 84.865016 159.174618 256.000000 236.044852 117.542498 174.683284 64.000000 17.851155 117.573660 173.861036 256.000000 235.455407
134.626435 72.554204 0.000000 10.687460 134.296265 72.321164 256.000000 245.833085 74.960144 42.872325 64.000000 18.354550 71.614485 35.894024 256.000000 234.242096 141.420489 23.251624 64.000000 9.646250 142.977849 24.372416 256.000000 266.941248 19.657180 125.890749 64.000000 28.228834 20.797471 121.354067 256.000000 226.927812
111.787004 173.242725 0.000000 36.334781 110.296604 171.861860 256.000000 217.277260 159.988660 71.023185 64.000000 21.366314 159.249764 71.982489 256.000000 250.974597 9.455731 161.047222 0.000000 21.972970 9.767551 155.147082 256.000000 229.982602 56.470044 56.806998 64.000000 9.164368 56.512636 58.554900 256.000000 237.722835
141.656595 22.043058 64.000000 76.421360 146.198676 23.311813 256.000000 173.757270 18.232676 63.399031 0.000000 13.079661 20.128116 61.627993 256.000000 269.217281 93.061676 42.108484 64.000000 15.803156 123.553629 31.814822 256.000000 228.506837 42.265247 82.965505 64.000000 39.376663 56.664509 79.224098 256.000000 224.656082
49.734855 31.232984 0.000000 24.378078 47.512440 38.642784 256.000000 216.838403 73.226153 125.661675 64.000000 17.373576 97.698358 126.813696 256.000000 252.041622 0.947956 2.850824 0.000000 30.311253 4.612867 8.332322 256.000000 224.621662 105.158660 101.630282 0.000000 9.517174 103.047302 104.545667 256.000000 247.949925
22.899944 162.850936 64.000000 10.717577 22.832182 162.371427 256.000000 233.786029 29.529542 16.034480 64.000000 9.413914 27.816971 16.065698 256.000000 243.019237 126.234200 84.480582 64.000000 20.656399 124.116793 88.775825 256.000000 223.326603 162.517513 130.771364 0.000000 13.867022 161.404485 133.102918 256.000000 219.312352
109.010311 96.435138 64.000000 32.694849 116.407407 90.731064 256.000000 223.382536 98.456422 17.175013 0.000000 13.527123 97.023649 13.358880 256.000000 241.612313 26.475280 94.457253 0.000000 14.129476 11.066947 93.779413 256.000000 245.944951 97.913656 31.982647 64.000000 16.758315 101.231558 36.370458 256.000000 253.513083
0.056676 107.772167 64.000000 29.850884 4.112976 95.806347 256.000000 223.158805 86.217084 191.566978 0.000000 27.045641 84.526295 190.508815 256.000000 223.692317 163.169622 144.090800 0.000000 10.369073 162.944902 146.250655 256.000000 253.431336 43.310329 174.969855 0.000000 34.114681 41.746644 169.990013 256.000000 215.169025
175.033747 134.367053 64.000000 82.634199 175.373647 134.322947 256.000000 190.786644 72.675980 95.396744 0.000000 14.607055 72.508698 92.366136 256.000000 244.856413 117.386418 167.907178 64.000000 21.572835 117.691358 170.376167 256.000000 243.178430 107.323982 203.313895 0.000000 37.130748 102.943307 196.974353 256.000000 215.401361
13.024358 80.982916 64.000000 24.498549 12.151293 77.039136 256.000000 222.053057 59.264524 137.895904 64.000000 8.605040 59.049818 137.394698 320.000000 259.390326 43.838033 58.717905 64.000000 18.010349 44.789135 46.405373 256.000000 226.923510 122.913582 62.388816 0.000000 16.401206 123.580084 59.200880 256.000000 218.215209
44.917489 81.508751 0.000000 11.208065 42.461733 80.206185 256.000000 248.952412 80.628125 184.905969 0.000000 13.690619 74.208142 199.010944 256.000000 247.016278 51.945402 152.580724 0.000000 8.854586 57.146653 154.970947 256.000000 276.738086 39.304918 95.981740 0.000000 16.861576 30.724207 98.526136 256.000000 236.892449
74.586067 104.770325 64.000000 54.577466 78.019969 104.089387 256.000000 226.656754 111.300944 53.693395 64.000000 12.692434 114.141347 59.735355 256.000000 240.304347 11.048927 40.141433 0.000000 14.792064 11.507427 43.371684 256.000000 241.474632 178.441715 38.285291 64.000000 11.681342 193.660116 47.709729 256.000000 243.105288
