104.599913 202.186678 0.000000 9.517174 102.669380 204.977955 256.000000 241.861859 109.172162 159.792815 64.000000 8.609343 129.238095 166.355227 256.000000 238.768347 68.965715 173.786771 64.000000 12.739762 59.749856 182.907320 256.000000 223.442771 46.894709 99.521938 0.000000 10.205577 44.141733 101.486815 256.000000 253.607739
80.322173 28.327384 64.000000 67.635614 80.861215 30.046551 256.000000 189.543216 51.628005 115.314165 64.000000 23.973641 56.216255 113.246545 256.000000 257.333721 121.936335 187.001000 64.000000 29.300161 121.787885 186.041118 256.000000 213.559883 90.170676 58.843735 0.000000 35.078446 84.162544 61.515293 256.000000 207.209363
107.173578 85.154125 0.000000 20.613373 104.785133 85.571400 256.000000 232.271542 81.242320 48.158545 64.000000 17.132635 79.009900 47.323480 256.000000 239.878398 33.755796 37.319493 64.000000 12.877442 34.717216 37.006160 256.000000 255.311537 4.482585 60.947360 0.000000 28.073943 9.253745 64.017365 256.000000 234.835844
82.678247 78.629227 64.000000 14.297274 91.618587 75.255325 256.000000 256.989520 33.375735 146.919649 64.000000 21.181306 32.973700 145.102915 256.000000 225.335880 23.079665 119.896364 64.000000 30.311253 22.858191 113.349829 256.000000 235.347844 22.728935 7.438796 64.000000 14.490887 17.331062 7.132329 256.000000 238.256348
88.323542 100.934291 0.000000 9.947426 86.655818 100.619905 256.000000 254.433823 1.841678 148.296351 64.000000 19.722752 3.164545 147.599755 256.000000 216.674907 63.531215 46.181540 64.000000 25.875355 51.510355 44.914173 256.000000 237.000012 163.169622 144.090800 0.000000 10.369073 162.944902 146.250655 256.000000 253.431336
53.640662 157.637787 64.000000 10.683157 57.684220 162.682249 256.000000 253.934730 162.006562 36.291051 0.000000 21.275961 162.120491 39.549605 256.000000 240.579708 127.753355 144.554524 0.000000 10.239998 132.674204 143.144071 256.000000 233.837659 107.477842 197.815785 64.000000 44.247116 105.497600 190.272575 256.000000 203.659784
69.754976 100.307191 0.000000 18.436298 74.462145 97.452338 256.000000 235.597390 149.345276 98.645715 0.000000 23.323961 149.706871 94.562565 256.000000 247.726194 73.554002 46.150504 64.000000 10.721880 88.989300 35.631925 256.000000 45.473334 69.914229 223.583371 64.000000 29.282951 73.785609 221.487202 256.000000 239.689087
27.221782 46.299796 0.000000 10.485241 25.805585 46.842780 256.000000 238.325188 30.576245 129.767600 64.000000 13.725039 31.886511 128.416784 256.000000 235.976012 88.675313 120.144640 64.000000 11.784602 87.759976 127.605458 256.000000 245.467371 110.342593 176.102935 64.000000 10.691762 110.248924 176.638753 256.000000 245.148985
14.030765 16.218598 64.000000 10.997241 12.600456 16.723575 256.000000 261.201687 16.412989 82.842938 0.000000 15.037307 11.401558 91.574504 256.000000 224.397931 97.913656 31.982647 64.000000 16.758315 101.231558 36.370458 256.000000 253.513083 24.845113 30.073053 0.000000 9.061107 16.153091 15.217713 256.000000 257.161620
0.476515 82.515269 64.000000 10.816535 2.513855 87.710658 256.000000 263.976812 54.609775 137.292407 64.000000 8.936334 49.852000 143.404751 256.000000 246.512883 97.272409 215.068975 64.000000 38.628025 102.957489 200.669338 256.000000 217.161092 172.135624 27.147853 0.000000 11.212367 172.859731 21.144073 256.000000 235.575878
18.397005 116.335545 0.000000 40.387755 15.984515 116.203725 256.000000 215.216353 16.590156 27.671845 64.000000 13.243157 9.357991 26.881149 256.000000 249.421387 21.004871 196.292951 64.000000 20.656399 18.750184 195.534818 256.000000 232.650164 0.527938 131.834005 64.000000 13.423862 15.571369 178.060720 256.000000 233.170769
187.323293 46.449589 0.000000 20.862919 187.892516 49.807495 256.000000 227.801224 88.673895 31.046265 64.000000 31.124430 89.829105 38.183251 256.000000 226.101729 144.405364 68.272315 0.000000 18.453508 141.194669 66.344664 256.000000 211.073026 25.871275 116.916893 64.000000 14.060635 24.233776 114.469169 256.000000 245.802968
81.962985 53.185318 0.000000 18.371760 81.113389 50.663324 256.000000 258.555637 79.680093 111.185675 64.000000 29.119455 81.814385 103.563220 256.000000 218.830470 33.234049 110.014884 64.000000 17.872668 33.733976 105.940980 256.000000 235.649020 88.394333 141.505998 0.000000 22.984062 86.661536 143.775362 256.000000 205.707784
104.937716 211.947691 64.000000 14.366114 102.734811 212.861200 256.000000 249.176143 99.180745 15.923224 0.000000 15.846181 92.159591 17.977493 256.000000 242.064078 21.361878 76.456105 64.000000 12.709644 18.311453 80.054353 256.000000 257.350931 96.612778 173.789153 0.000000 19.202147 96.363655 172.467482 256.000000 254.562898
173.890985 37.565131 64.000000 12.877442 180.354458 20.076735 256.000000 249.485925 93.174325 147.782327 0.000000 11.066081 102.138087 147.492735 256.000000 247.115236 3.210391 109.571593 64.000000 34.123286 9.343884 110.192595 256.000000 232.417828 111.122611 36.102244 64.000000 19.064466 111.699647 38.990669 256.000000 217.634369
76.912062 24.338924 0.000000 14.512400 72.432998 20.887469 256.000000 238.553221 11.766098 120.078949 64.000000 19.391458 16.382707 123.211927 256.000000 249.800009 6.854051 201.030160 0.000000 9.835561 7.654138 200.552518 256.000000 243.694733 20.958000 70.497027 64.000000 23.534784 14.896584 68.157991 256.000000 218.899310
104.547949 218.759707 64.000000 18.500836 109.318347 217.412349 256.000000 238.781255 7.084416 120.624135 0.000000 20.621978 11.450804 120.421480 256.000000 254.188579 75.577900 192.186353 64.000000 36.197101 78.581713 184.134404 256.000000 210.384623 185.373695 123.401415 64.000000 33.357438 183.118020 122.683873 256.000000 239.375003
86.855347 117.892760 64.000000 14.172501 85.076131 118.514053 256.000000 234.332449 25.546158 87.999747 64.000000 17.360668 28.325422 90.837595 256.000000 261.782527 45.121409 180.409398 64.000000 9.844166 62.696398 194.160133 256.000000 239.280347 131.104744 147.444176 64.000000 24.365171 128.429340 147.548987 256.000000 204.275045
5.021276 203.031544 0.000000 29.321674 16.870344 197.765195 256.000000 244.503607 110.724709 50.019300 64.000000 24.756700 107.803685 50.929584 256.000000 227.676451 13.461918 213.016715 0.000000 15.816064 7.276304 213.228458 256.000000 241.259506 13.921880 27.833013 64.000000 8.695393 15.340996 28.094840 256.000000 247.657354
21.416464 102.447558 64.000000 18.410483 13.344551 104.592464 256.000000 236.019037 108.269135 30.678375 64.000000 27.131691 115.198393 39.756293 256.000000 224.823880 19.513436 125.517320 64.000000 18.302920 17.792036 122.378102 256.000000 222.276788 80.983925 61.557275 64.000000 23.293843 75.659500 56.919067 256.000000 236.952684
10.276265 48.949949 0.000000 24.649137 8.105729 56.923951 256.000000 242.989120 100.332040 95.078782 64.000000 14.671593 139.164876 90.035280 256.000000 218.813260 18.793880 116.342107 64.000000 13.062451 20.429240 123.836580 256.000000 250.871336 12.484849 59.108718 64.000000 20.918852 15.814996 57.915140 256.000000 239.284650
139.068671 170.719782 64.000000 14.611358 147.766949 167.312345 256.000000 253.547504 28.638664 120.601296 0.000000 74.708957 34.909796 98.867718 256.000000 192.542073 38.483122 82.871542 0.000000 14.017610 43.642791 77.601478 256.000000 230.692517 137.946167 109.218802 0.000000 61.259280 126.656758 98.545716 256.000000 199.877869
74.030536 197.001118 0.000000 30.526379 69.192676 199.010471 256.000000 238.286465 35.479602 214.118636 64.000000 15.902114 40.362047 214.904998 256.000000 239.671877 103.464347 23.560178 0.000000 12.335325 102.290080 21.920531 256.000000 258.465284 13.093662 127.743164 0.000000 10.928401 16.370362 129.791913 256.000000 248.689959
30.904484 44.759025 64.000000 22.923827 41.732453 52.470291 256.000000 206.193968 11.118744 72.995644 64.000000 21.443760 11.578755 75.608025 256.000000 241.573590 35.778347 169.806564 0.000000 24.851356 43.863322 170.468775 256.000000 226.833157 181.194167 137.123191 0.000000 37.406109 181.992664 130.967693 256.000000 233.213794
24.769756 43.084249 64.000000 9.435426 28.619367 42.210684 256.000000 239.000683 79.870527 175.644660 64.000000 33.043354 88.389307 173.444984 256.000000 226.316855 84.997438 7.137920 0.000000 37.363084 88.223882 13.056756 256.000000 220.159948 71.392373 29.217498 0.000000 17.059492 77.115378 37.002013 256.000000 239.340583
29.616918 21.785802 64.000000 24.773910 25.552400 22.861838 256.000000 243.612985 105.743756 7.283765 64.000000 30.582312 100.690031 6.537680 256.000000 221.893864 42.240029 49.924167 0.000000 16.728198 37.013631 51.955882 256.000000 225.116451 92.168947 143.467780 0.000000 9.121342 92.208745 144.087784 256.000000 235.180046
116.760175 30.452893 0.000000 32.380766 116.362685 36.902824 256.000000 246.646262 21.185689 133.830636 64.000000 30.827556 29.023255 125.734742 256.000000 217.883915 148.006478 0.278442 0.000000 54.482811 143.214396 9.506500 256.000000 203.289767 72.706282 91.703349 0.000000 21.060835 71.305342 90.104680 256.000000 236.935474
21.330265 88.056145 64.000000 25.556969 28.146900 85.063984 256.000000 219.548991 34.491671 142.342140 0.000000 28.512800 22.526360 136.291269 256.000000 225.761829 60.524124 186.992545 64.000000 21.607255 61.289087 185.507338 256.000000 249.417084 74.490836 168.381029 0.000000 12.176132 96.983411 164.893136 256.000000 207.695548
96.447595 41.145758 0.000000 15.243828 95.498624 39.183069 256.000000 219.019781 22.380451 133.679298 64.000000 10.274418 21.531140 132.988784 256.000000 235.601693 22.047587 60.455076 0.000000 18.836433 18.005133 65.316742 256.000000 248.027370 30.671849 106.610867 0.000000 13.501308 37.389607 114.350785 256.000000 243.957187
123.165989 128.758367 0.000000 19.942180 119.408358 132.889098 256.000000 222.035847 57.632387 160.330416 0.000000 19.111794 57.006187 156.714769 256.000000 241.087406 22.700373 50.045440 0.000000 10.399191 20.100607 53.185304 256.000000 219.604923 13.299925 106.700336 0.000000 14.792064 18.575325 98.003398 256.000000 242.885859
80.628125 184.905969 0.000000 13.690619 74.208142 199.010944 256.000000 247.016278 49.640147 113.028795 64.000000 11.074686 51.048415 120.879238 256.000000 235.743676 39.733024 143.936327 0.000000 16.758315 37.658924 140.843585 256.000000 244.989791 9.379298 173.432851 0.000000 13.527123 12.155849 177.451769 256.000000 257.023940
87.212875 58.930071 64.000000 32.527051 84.424644 50.074751 256.000000 228.016350 60.996771 102.697642 64.000000 10.308838 64.664429 105.205053 256.000000 248.616816 165.994309 95.377364 64.000000 45.361468 138.321240 111.177962 256.000000 212.307849 129.813982 89.579080 0.000000 10.257208 130.975567 85.667891 256.000000 225.959745
