143.202071 16.856749 0.000000 28.990380 139.576935 15.368255 256.000000 222.083175 31.660936 36.500387 0.000000 19.739962 41.366436 20.282347 256.000000 241.466027 62.555984 214.410405 64.000000 19.735659 60.756411 214.733724 256.000000 251.232748 58.202858 46.666562 64.000000 11.023056 56.071733 45.895847 256.000000 250.122698
69.806155 115.182895 64.000000 27.351120 69.585222 121.251102 256.000000 243.152615 34.621905 144.374791 64.000000 12.318115 64.273525 194.261818 256.000000 267.900710 67.789969 163.448227 64.000000 24.584599 59.137147 163.196227 256.000000 235.851239 2.359631 74.636249 64.000000 16.990651 3.269567 73.087115 256.000000 218.477663
24.969347 99.398673 0.000000 8.772838 25.026853 98.024476 256.000000 249.709656 0.440200 153.838464 0.000000 30.629640 3.893111 148.620925 256.000000 212.118539 26.818151 53.496820 0.000000 13.832602 23.386589 57.437762 256.000000 261.107031 106.164738 20.007655 0.000000 9.624737 202.340300 30.829687 256.000000 241.225086
149.632862 2.573600 64.000000 10.227090 168.498476 11.383124 256.000000 242.472817 74.835955 67.031935 64.000000 9.194485 75.739980 67.593013 320.000000 256.580780 2.808724 151.635740 0.000000 23.009877 3.930593 148.924642 256.000000 253.031201 85.985198 106.362442 0.000000 24.304935 85.139358 102.937055 256.000000 229.427576
37.996775 99.937085 0.000000 18.487928 29.872171 97.319225 256.000000 247.205589 110.403438 120.472965 64.000000 18.070584 109.402216 125.930116 256.000000 220.667646 40.827058 48.406571 64.000000 14.125173 42.325915 43.132398 256.000000 239.904213 163.979844 115.131871 0.000000 39.178747 158.267951 114.744727 256.000000 225.972653
183.018813 42.272142 64.000000 36.145471 181.357131 41.649071 256.000000 226.011376 113.899640 112.931518 64.000000 25.436498 114.622802 109.898144 256.000000 234.470130 47.679822 226.791865 64.000000 21.138281 54.550549 227.757656 256.000000 226.321157 74.284711 169.308493 0.000000 23.431524 71.546975 167.965365 256.000000 234.668046
140.836731 74.120040 64.000000 32.677639 138.662240 74.737816 256.000000 219.075713 33.434273 104.462471 64.000000 14.546820 13.259400 112.166098 256.000000 233.394500 16.113522 170.543471 64.000000 30.100430 18.432255 166.783500 256.000000 236.178230 12.151195 143.453371 0.000000 16.177475 9.006469 137.030282 256.000000 243.638800
12.484849 59.108718 64.000000 20.918852 15.814996 57.915140 256.000000 239.284650 45.652651 95.032395 64.000000 13.823997 46.313815 91.802269 256.000000 238.333793 92.439795 65.796035 64.000000 15.902114 90.910322 62.362502 256.000000 241.281019 135.400716 93.344376 64.000000 25.062179 131.407433 100.341082 256.000000 231.570231
14.784453 182.812158 0.000000 66.559984 19.165618 175.499438 256.000000 178.270614 92.678140 121.839024 0.000000 26.314212 92.213302 116.312642 256.000000 233.351475 169.816267 20.145122 64.000000 23.250818 169.491811 22.667358 256.000000 207.932187 98.122733 89.400258 64.000000 21.293171 115.457353 90.282011 256.000000 239.585826
6.051564 142.714784 64.000000 17.971626 10.664324 144.332764 256.000000 234.934802 45.453065 152.157955 0.000000 22.717306 45.933856 151.730485 256.000000 231.238937 68.027591 77.811578 64.000000 16.323761 65.143104 76.330189 256.000000 247.889690 79.395465 119.694622 0.000000 11.539359 79.161347 119.904685 256.000000 255.900982
167.626524 73.014195 0.000000 33.357438 164.684542 67.915265 256.000000 226.377090 85.885245 103.005378 64.000000 15.540702 88.346680 99.598531 256.000000 245.704010 18.065640 105.683287 64.000000 20.376735 16.410825 102.677824 256.000000 239.766532 77.421467 108.178056 0.000000 28.607455 88.259784 89.769565 256.000000 237.524919
173.199235 127.235856 64.000000 29.889606 165.315213 132.759365 256.000000 229.199543 48.715444 102.749345 64.000000 11.134922 50.791027 104.315775 256.000000 248.010160 35.509413 25.335669 0.000000 21.301777 18.160662 21.108951 256.000000 239.314767 177.462898 77.332622 0.000000 20.338012 176.707171 77.291805 256.000000 236.324516
34.896258 182.892593 64.000000 25.311725 36.549535 181.657213 256.000000 224.307578 89.450833 99.594858 64.000000 37.367386 75.292851 100.659282 256.000000 224.062334 93.684138 38.207685 64.000000 15.385812 99.126371 42.825204 256.000000 252.235235 154.965844 137.248031 0.000000 29.360396 145.563056 141.594165 256.000000 217.939848
51.649022 124.440407 64.000000 11.999728 39.733211 135.014116 256.000000 238.669389 95.560338 131.982384 64.000000 36.795151 96.245467 129.986865 256.000000 220.344957 1.451038 67.424847 0.000000 14.323089 4.434645 68.756905 256.000000 252.480479 56.767055 77.793465 0.000000 14.426350 58.895385 82.932227 256.000000 258.611570
38.326205 91.274842 0.000000 13.811089 40.443640 88.092249 256.000000 254.683369 115.171384 132.500165 0.000000 11.590989 114.915982 131.948744 256.000000 237.154902 123.226035 80.912871 64.000000 20.191726 112.594496 97.330516 256.000000 253.285050 119.179200 171.379149 64.000000 8.630855 119.548845 180.301878 256.000000 247.295942
18.991613 68.448116 64.000000 16.809946 17.026829 62.690295 256.000000 232.310265 119.400125 137.492704 64.000000 11.698552 120.175245 137.461687 256.000000 260.590729 140.460662 34.401173 64.000000 13.088266 140.896133 34.964665 256.000000 254.283235 150.043907 177.554867 0.000000 13.329207 149.310547 178.797511 256.000000 261.412510
127.753355 144.554524 0.000000 10.239998 132.674204 143.144071 256.000000 233.837659 37.787542 79.687278 0.000000 11.104804 40.687669 77.216804 256.000000 242.627708 22.434842 105.241729 64.000000 21.848197 16.313800 122.831256 256.000000 240.622734 77.263780 164.090958 64.000000 12.524636 70.943175 169.606653 256.000000 236.259978
16.316124 59.340291 64.000000 12.477308 19.086815 56.692578 256.000000 226.893392 5.470371 185.947998 64.000000 20.449878 1.686704 180.753358 256.000000 242.180246 56.456469 88.981484 64.000000 12.283695 55.094705 94.549540 256.000000 255.139436 21.330265 88.056145 64.000000 25.556969 28.146900 85.063984 256.000000 219.548991
138.203596 158.412851 64.000000 36.524092 135.302318 156.882522 256.000000 208.543144 102.562905 107.144187 64.000000 14.249946 103.522555 104.520411 256.000000 232.559811 73.071093 179.538155 64.000000 31.696665 77.068580 184.090500 256.000000 231.888618 151.245767 158.374260 64.000000 23.039995 151.359020 157.521287 256.000000 239.529893
19.268498 76.583405 0.000000 12.309510 20.192465 72.181071 256.000000 234.934802 66.957269 196.973951 64.000000 16.977744 76.775687 197.127349 256.000000 243.535540 64.529318 124.844564 0.000000 10.102317 77.772925 131.697300 256.000000 244.951069 31.318065 140.058853 0.000000 45.262510 40.614947 143.040667 256.000000 205.660456
31.153305 176.368505 0.000000 21.056533 21.794084 181.319244 256.000000 240.657154 140.734818 86.341296 0.000000 17.201475 139.336578 90.106462 256.000000 251.495202 1.227775 55.553544 64.000000 21.594348 0.440296 61.168384 256.000000 247.924110 102.435165 101.846835 0.000000 29.476565 106.996255 110.999675 256.000000 220.508453
74.630745 143.013249 0.000000 27.609271 90.058278 142.018391 256.000000 232.968550 32.466309 42.197318 0.000000 24.253305 40.271478 43.071835 256.000000 237.770163 19.475255 101.299287 64.000000 18.061979 23.248405 103.874829 256.000000 233.192281 66.950535 217.729205 64.000000 19.864735 63.386671 219.008933 256.000000 239.039406
74.049742 57.527575 0.000000 12.021241 72.133887 52.705895 256.000000 243.582867 170.873224 72.239276 0.000000 30.973841 170.252569 63.873482 256.000000 216.360823 41.971773 31.529531 0.000000 10.523964 51.826876 20.715309 256.000000 225.030401 185.373695 123.401415 64.000000 33.357438 183.118020 122.683873 256.000000 239.375003
170.281976 118.606555 64.000000 40.168327 165.353196 116.893511 256.000000 208.470002 93.490675 78.416520 0.000000 14.456467 104.487905 67.863205 256.000000 253.590529 2.895782 173.840875 0.000000 39.970411 2.415033 170.281002 256.000000 213.185563 48.990553 11.651075 64.000000 16.267828 47.664445 12.576215 256.000000 244.495002
48.067818 140.240185 0.000000 21.000600 47.820120 137.225095 256.000000 219.647949 44.816851 94.994595 64.000000 33.030446 40.199949 81.098571 256.000000 218.529293 59.022624 124.950351 64.000000 25.475221 61.736745 119.810800 256.000000 233.798937 69.608513 139.944938 0.000000 23.160465 62.413695 142.583749 256.000000 215.702538
96.261216 102.240560 0.000000 9.689275 101.467100 117.393053 256.000000 244.374531 165.172747 84.081820 64.000000 44.470847 154.515055 75.733013 256.000000 201.603180 169.906911 35.875727 0.000000 17.756500 169.583738 36.592620 256.000000 236.660113 107.826658 49.240525 0.000000 21.086651 103.235115 53.739053 256.000000 234.005458
65.030362 102.853178 0.000000 16.680870 65.243916 99.707951 256.000000 234.091508 65.730865 56.223460 64.000000 18.423391 77.502529 53.352165 256.000000 243.492514 59.368589 211.359625 64.000000 15.269643 56.544825 212.494982 256.000000 248.797522 53.140138 90.721827 0.000000 11.449006 49.790127 94.767793 256.000000 248.909387
44.599467 160.775507 0.000000 29.652968 46.367947 156.202273 256.000000 210.066236 60.143769 149.743200 64.000000 25.010549 59.805822 147.700695 256.000000 227.805526 131.511256 95.366715 64.000000 46.574779 135.294275 94.324384 256.000000 218.004386 37.318147 52.695351 0.000000 15.510585 32.938264 54.333778 256.000000 231.105559
51.628005 115.314165 64.000000 23.973641 56.216255 113.246545 256.000000 257.333721 54.708089 65.076978 64.000000 19.666819 52.340356 62.341778 256.000000 230.318198 121.052676 94.079282 0.000000 10.631527 125.678235 100.523535 256.000000 244.611170 11.262676 102.087404 0.000000 12.675224 14.866496 105.854640 256.000000 251.998596
128.866589 82.499996 64.000000 35.917437 123.414240 75.571740 256.000000 233.239609 191.315395 89.468302 64.000000 14.658686 196.609640 96.271384 256.000000 248.264009 144.215498 19.641382 0.000000 10.063594 139.672693 12.737285 256.000000 230.115980 47.069705 153.587285 64.000000 12.903257 42.083744 158.445293 256.000000 237.391541
11.251509 98.851951 64.000000 22.747423 12.914169 100.737233 256.000000 248.948110 94.448531 17.315880 64.000000 12.890350 116.428391 12.718378 256.000000 248.539370 57.436098 138.651549 0.000000 36.481067 63.257880 131.053529 256.000000 212.036791 38.015253 5.082533 64.000000 16.831458 32.586729 4.569671 256.000000 239.762230
124.696375 37.843847 64.000000 39.944596 149.004498 191.801185 256.000000 230.331106 78.034207 16.350144 0.000000 17.352063 73.823249 7.188024 256.000000 240.454935 58.824155 47.389135 0.000000 45.163552 48.995587 59.289236 256.000000 208.616287 98.324007 109.864767 0.000000 9.310653 127.810304 128.243756 256.000000 260.969351
