37.835218 61.834804 0.000000 13.707829 37.273224 66.981462 256.000000 246.710799 114.910947 89.062380 64.000000 11.436098 117.663478 85.707142 256.000000 257.630595 9.109938 103.188656 64.000000 59.615717 13.151340 101.263549 256.000000 182.327890 17.100105 118.406747 0.000000 22.175188 24.432918 114.749136 256.000000 212.699379
128.975316 9.342176 64.000000 32.918581 129.588589 10.907895 256.000000 236.875239 137.268584 15.051349 64.000000 21.099558 134.575720 14.226598 256.000000 235.760886 26.141271 48.385215 64.000000 23.100230 44.437356 37.610942 256.000000 236.341726 140.305331 57.665624 0.000000 17.975929 141.904100 62.363633 256.000000 250.836916
173.369822 30.360882 0.000000 20.230449 174.107036 30.669311 256.000000 201.663415 75.463338 43.785785 0.000000 13.884232 74.352098 45.001156 256.000000 225.490771 82.519460 9.956218 64.000000 12.184737 80.994987 11.113695 256.000000 236.427777 121.210825 78.310902 64.000000 38.434411 89.520587 103.407829 256.000000 205.832557
8.702293 178.268000 0.000000 35.762546 14.497282 171.700444 256.000000 201.616087 127.819027 147.388564 64.000000 28.758044 111.485202 154.446929 256.000000 222.306906 16.173502 114.324422 64.000000 34.471790 14.021638 107.167040 256.000000 225.989863 159.789004 167.861336 64.000000 43.390914 143.833838 152.643767 256.000000 220.749394
100.707513 154.660242 0.000000 37.556697 99.041516 149.591811 256.000000 237.000012 79.160867 108.490873 64.000000 20.940365 80.316225 103.260384 256.000000 210.423346 191.106342 29.566675 64.000000 9.310653 198.426309 12.826411 256.000000 251.594160 118.639684 183.737096 0.000000 19.154819 115.838645 185.498747 256.000000 252.028714
136.441284 23.169393 0.000000 91.080046 130.696847 27.582215 256.000000 168.232835 28.310162 230.440775 0.000000 45.744393 29.945107 225.035724 256.000000 218.559411 27.452424 133.138002 64.000000 23.190583 31.059193 129.880605 256.000000 224.036519 68.401271 95.283536 64.000000 10.885376 66.842531 96.287007 256.000000 231.548719
135.755700 36.229218 64.000000 20.966180 130.973596 35.132444 256.000000 225.520888 147.246287 126.182320 64.000000 10.029174 147.451842 126.555060 256.000000 239.263137 57.927736 67.144704 64.000000 10.141040 59.465233 62.418211 256.000000 248.091908 78.265722 62.911685 0.000000 27.269372 72.669253 66.207731 256.000000 227.211779
69.470871 80.403971 0.000000 30.087522 52.945062 85.563296 256.000000 222.883444 31.863636 86.683547 64.000000 14.688803 27.179562 84.842451 256.000000 240.652851 138.782155 183.946978 0.000000 31.279320 138.003609 179.953180 256.000000 230.679610 154.976873 53.046124 0.000000 43.631855 152.827073 49.478507 256.000000 233.644046
42.434689 107.855144 64.000000 11.801812 45.300769 108.390224 256.000000 252.674092 50.043402 56.961847 64.000000 28.396632 43.099835 53.450655 256.000000 225.525191 120.472304 78.864029 64.000000 16.698080 137.644362 59.180933 256.000000 259.923838 148.444205 145.289075 0.000000 39.832730 154.195676 140.770429 256.000000 210.281362
4.693642 124.230309 0.000000 15.527795 7.162362 124.965491 256.000000 254.235907 21.791989 75.227451 0.000000 15.566517 26.627236 78.584315 256.000000 245.712615 78.666462 203.862282 0.000000 18.294315 73.664729 207.155945 256.000000 217.664487 73.226153 125.661675 64.000000 17.373576 97.698358 126.813696 256.000000 252.041622
161.946647 42.646807 64.000000 26.572364 161.525224 43.618820 256.000000 237.370028 11.372622 198.468335 0.000000 15.622450 8.677087 197.582853 256.000000 236.453592 47.772602 33.720875 64.000000 8.901914 44.946196 33.599220 256.000000 258.026427 187.348636 27.720556 64.000000 10.717577 188.270122 25.712145 256.000000 235.369357
186.494567 66.827056 64.000000 13.987493 187.780115 63.350522 256.000000 246.233220 22.728935 7.438796 64.000000 14.490887 17.331062 7.132329 256.000000 238.256348 145.623549 57.938465 64.000000 9.039595 145.500780 57.546065 256.000000 251.675907 40.963700 114.317300 64.000000 26.477708 35.802769 113.961044 256.000000 233.101929
11.278489 29.342864 64.000000 16.624937 15.689805 27.581660 256.000000 233.058903 10.322749 26.049905 64.000000 63.780556 8.297311 27.259727 256.000000 204.348187 43.383265 120.411653 0.000000 11.410283 47.831362 132.017058 256.000000 261.425418 38.052011 117.575047 64.000000 9.388099 37.053775 120.109520 256.000000 260.995166
48.583065 153.667713 0.000000 14.262854 80.038453 169.902678 256.000000 232.934130 75.568415 138.576705 64.000000 26.770279 79.276976 134.921578 256.000000 243.466699 99.964427 65.037027 64.000000 8.794351 102.680489 66.606560 256.000000 256.864747 31.331076 199.680395 64.000000 20.953272 30.419884 197.903995 256.000000 222.513427
197.757524 60.892205 0.000000 42.065738 194.354502 59.938664 256.000000 206.869464 40.338493 112.022138 64.000000 8.716906 38.303893 112.217038 256.000000 244.946766 124.178229 198.738962 0.000000 24.438314 126.459202 193.708084 256.000000 248.900782 9.484584 97.905080 64.000000 29.300161 13.292531 95.409595 256.000000 246.246127
128.743496 130.694305 0.000000 17.554282 122.366451 137.741678 256.000000 231.845593 4.982144 93.900595 0.000000 8.755628 1.953247 97.335833 256.000000 253.315168 144.215498 19.641382 0.000000 10.063594 139.672693 12.737285 256.000000 230.115980 28.998175 10.119724 0.000000 9.233208 25.867293 10.235164 256.000000 241.259506
10.372089 99.610429 0.000000 14.619963 10.666113 93.862015 256.000000 213.667446 27.823949 63.949616 0.000000 8.841679 25.778944 65.926809 256.000000 242.649220 48.829115 50.525087 0.000000 20.531625 48.732893 55.363551 256.000000 240.183876 136.248000 144.723802 0.000000 13.746551 134.835607 145.342985 256.000000 217.152487
88.437036 23.932658 0.000000 13.832602 89.975596 25.366416 256.000000 241.861859 75.862753 79.106033 64.000000 12.025543 92.114047 40.877536 256.000000 243.453792 35.204924 5.215715 64.000000 24.515759 36.051058 6.800535 256.000000 239.439541 139.003009 131.048435 0.000000 23.285238 134.918113 121.755336 256.000000 240.407608
93.893076 64.336336 64.000000 29.618548 91.993124 59.600613 256.000000 256.172041 21.004871 196.292951 64.000000 20.656399 18.750184 195.534818 256.000000 232.650164 22.488449 93.511569 64.000000 12.649409 25.138624 89.770284 256.000000 244.202430 63.032120 138.717289 0.000000 18.935391 54.930244 147.083993 256.000000 244.809085
100.508065 13.801982 0.000000 23.668163 99.291687 16.992275 256.000000 221.356049 83.095093 53.948709 64.000000 16.685173 84.520042 45.816391 256.000000 217.242840 35.509058 54.475393 0.000000 10.450821 38.037085 58.809929 256.000000 231.755240 110.149944 84.583931 0.000000 16.254921 116.037622 75.123989 256.000000 254.571503
110.403438 120.472965 64.000000 18.070584 109.402216 125.930116 256.000000 220.667646 42.335064 13.234591 0.000000 71.727311 42.084591 9.950822 256.000000 192.778711 3.177293 18.759402 64.000000 23.465944 9.577495 21.976011 256.000000 224.268855 121.954842 151.493387 64.000000 40.357638 119.416884 144.441493 256.000000 224.139779
67.046991 127.827973 0.000000 16.564702 65.176187 129.762689 256.000000 233.467643 71.717305 132.805616 0.000000 18.191055 71.641555 133.757524 256.000000 256.309721 100.520978 195.631129 64.000000 16.323761 98.756440 196.658058 256.000000 244.658497 173.985500 141.017144 0.000000 10.657342 180.057058 136.199664 256.000000 241.861859
6.679296 196.971751 0.000000 10.584199 21.577867 212.119249 256.000000 238.157390 33.234049 110.014884 64.000000 17.872668 33.733976 105.940980 256.000000 235.649020 42.265247 82.965505 64.000000 39.376663 56.664509 79.224098 256.000000 224.656082 33.434273 104.462471 64.000000 14.546820 13.259400 112.166098 256.000000 233.394500
79.469556 116.580662 0.000000 15.273946 80.211518 115.131736 256.000000 266.790660 39.669145 36.135285 0.000000 10.743392 38.885196 37.179896 256.000000 231.264753 48.084229 6.813491 64.000000 19.929273 47.013373 8.912018 256.000000 227.827039 109.900485 41.488485 0.000000 10.881073 114.498718 44.667855 256.000000 239.392213
17.998135 186.481667 0.000000 19.533441 17.967498 184.172540 256.000000 237.193625 61.546524 207.216045 0.000000 22.355894 62.516567 206.207231 256.000000 230.313896 29.956080 122.066191 0.000000 12.868837 32.562662 120.896256 256.000000 247.476648 30.026451 59.621100 64.000000 20.071256 19.329796 65.854378 256.000000 237.963776
19.986335 87.858624 0.000000 25.285910 34.566704 61.353236 256.000000 228.975812 51.818644 50.501831 64.000000 11.707157 54.268296 42.928416 256.000000 228.851039 74.960144 42.872325 64.000000 18.354550 71.614485 35.894024 256.000000 234.242096 137.633602 107.090860 0.000000 19.073071 137.457584 104.971020 256.000000 224.699107
73.251589 125.913316 0.000000 11.294115 73.610251 122.204698 256.000000 249.705353 79.286187 86.091378 0.000000 22.923827 76.262496 91.452329 256.000000 242.055473 13.097144 69.428396 0.000000 15.157778 16.155373 66.858851 256.000000 219.777024 94.357235 14.574693 64.000000 10.932703 92.307151 11.642522 256.000000 260.138964
114.045678 69.214302 64.000000 9.913006 113.976055 69.028915 256.000000 259.975468 16.270458 34.220911 0.000000 14.379022 17.385667 24.841049 256.000000 237.907843 39.971284 178.184240 0.000000 34.342715 114.526695 104.304522 256.000000 200.648020 48.292851 12.385653 0.000000 27.161809 77.825796 82.409104 256.000000 229.375946
49.611911 134.480593 0.000000 18.956903 46.229509 132.916825 256.000000 238.531709 14.852133 105.945835 0.000000 20.914550 28.529904 97.159033 256.000000 231.824080 25.741325 83.203553 0.000000 12.632199 25.503578 84.724435 256.000000 263.929484 48.036545 135.838311 64.000000 46.536056 50.327805 129.741871 256.000000 213.159748
34.621905 144.374791 64.000000 12.318115 64.273525 194.261818 256.000000 267.900710 98.865836 79.969220 0.000000 20.419760 102.049502 72.049715 256.000000 222.384351 180.867067 18.677649 64.000000 45.387283 177.914120 20.326091 256.000000 231.174400 176.384225 55.683924 0.000000 13.656198 179.662362 48.764924 256.000000 238.174600
103.450771 205.792969 0.000000 9.233208 103.033980 207.822158 256.000000 235.334936 73.212084 30.560016 64.000000 34.587958 55.060520 39.840009 256.000000 230.873223 86.121393 14.505578 0.000000 15.192198 83.573505 7.712885 256.000000 236.117995 54.142391 72.779409 0.000000 29.024800 47.639385 67.197124 256.000000 219.940520
31.183676 172.661365 64.000000 40.374848 35.056627 171.065767 256.000000 215.091580 56.192825 170.607891 64.000000 24.855658 55.774116 169.459795 256.000000 231.772450 64.109078 170.855984 64.000000 31.675152 61.882016 169.720016 256.000000 224.182805 67.789969 163.448227 64.000000 24.584599 59.137147 163.196227 256.000000 235.851239
