59.841618 20.034662 64.000000 29.343186 53.887813 20.854253 256.000000 235.167138 86.855347 117.892760 64.000000 14.172501 85.076131 118.514053 256.000000 234.332449 125.017922 11.136875 64.000000 21.787961 125.068467 11.186591 256.000000 241.616616 22.998995 59.695896 0.000000 17.416601 27.872796 59.257025 256.000000 247.317455
30.594424 117.150195 64.000000 42.267956 30.510105 123.355755 256.000000 208.069867 78.430249 16.906520 64.000000 22.790448 77.421595 19.867620 256.000000 256.933587 69.806155 115.182895 64.000000 27.351120 69.585222 121.251102 256.000000 243.152615 68.211758 90.391825 0.000000 20.763962 63.515220 114.711944 256.000000 246.568816
160.470915 29.340304 64.000000 49.349904 146.298467 31.481889 256.000000 196.965063 30.359931 154.112727 64.000000 11.853443 28.870515 153.343060 256.000000 248.513555 29.239680 149.739835 64.000000 12.821510 33.341464 150.186856 256.000000 257.191738 136.559795 65.212080 64.000000 60.691347 134.796847 62.119131 256.000000 190.425233
19.711635 99.622204 0.000000 16.857273 26.087296 102.134556 256.000000 234.194769 132.299351 112.659469 64.000000 10.394888 132.538487 111.445355 256.000000 223.550334 49.252427 32.985456 64.000000 17.244500 37.223675 29.402809 256.000000 236.509524 18.296187 71.388333 64.000000 9.271931 17.698105 72.988236 256.000000 254.115436
147.384633 183.011729 64.000000 41.003016 101.998853 117.513596 256.000000 189.155989 116.242722 64.678438 0.000000 27.678111 109.275975 65.386627 256.000000 218.469058 159.475629 62.099385 0.000000 12.391258 189.379187 45.749211 256.000000 231.548719 73.907073 85.199971 64.000000 9.676367 83.206198 82.148160 256.000000 250.832613
0.947956 2.850824 0.000000 30.311253 4.612867 8.332322 256.000000 224.621662 151.446165 152.719489 0.000000 31.391186 142.381887 154.908320 256.000000 230.408551 58.780771 46.411242 0.000000 10.459426 62.190153 41.068938 256.000000 243.742061 21.980498 26.896685 64.000000 29.463657 20.862264 37.833138 256.000000 210.707312
153.877229 162.902711 64.000000 62.291885 153.651149 164.894435 256.000000 181.011319 187.348636 27.720556 64.000000 10.717577 188.270122 25.712145 256.000000 235.369357 69.241518 79.585076 0.000000 17.997441 72.583980 90.443456 256.000000 229.040350 68.027591 77.811578 64.000000 16.323761 65.143104 76.330189 256.000000 247.889690
9.379298 173.432851 0.000000 13.527123 12.155849 177.451769 256.000000 257.023940 27.088107 73.284698 64.000000 19.404365 24.444744 69.556618 256.000000 240.911002 33.074387 133.408133 0.000000 57.985062 37.764327 133.033509 256.000000 194.904156 119.029505 138.226840 64.000000 17.562887 118.002580 137.358964 256.000000 223.580452
157.543418 117.825015 64.000000 12.713947 160.341291 115.621169 256.000000 243.569960 94.506133 105.529787 0.000000 21.710516 94.159422 103.381629 256.000000 249.038463 106.293267 73.439235 64.000000 16.969139 104.143700 71.778035 256.000000 235.941592 151.010216 121.704836 0.000000 14.972770 150.976073 119.644971 256.000000 239.813860
83.095093 53.948709 64.000000 16.685173 84.520042 45.816391 256.000000 217.242840 16.518871 58.171058 64.000000 23.203490 21.380204 59.078296 256.000000 230.159005 26.818151 53.496820 0.000000 13.832602 23.386589 57.437762 256.000000 261.107031 24.845113 30.073053 0.000000 9.061107 16.153091 15.217713 256.000000 257.161620
51.339338 60.796651 0.000000 13.591661 51.084987 54.647935 256.000000 233.635441 19.706342 165.206973 64.000000 26.533641 15.966849 161.911420 256.000000 232.508181 32.627616 38.468147 64.000000 19.873340 35.252684 38.644676 256.000000 240.523776 133.756925 68.398456 64.000000 17.339156 133.293251 69.241476 256.000000 240.799137
25.599495 85.417035 64.000000 11.522149 24.066764 82.741711 256.000000 257.402562 45.783578 62.109553 0.000000 11.801812 42.982778 64.253960 256.000000 253.809957 72.238771 101.133478 64.000000 14.404837 75.927527 98.108040 256.000000 52.477836 67.180845 88.996735 0.000000 8.738418 69.785591 85.458329 256.000000 247.928412
81.390229 137.047847 64.000000 12.055661 79.605222 138.995145 256.000000 236.543945 188.082965 59.999178 0.000000 31.941908 185.146349 58.989671 256.000000 212.049698 30.363607 19.849955 0.000000 12.339627 31.059984 21.458738 256.000000 236.371844 45.458933 138.201802 64.000000 60.080389 45.562527 137.298789 256.000000 200.247886
52.253673 218.870271 0.000000 36.240126 39.232549 210.818764 256.000000 226.837459 100.332040 95.078782 64.000000 14.671593 139.164876 90.035280 256.000000 218.813260 69.754976 100.307191 0.000000 18.436298 74.462145 97.452338 256.000000 235.597390 22.851545 50.075529 0.000000 43.735116 13.478780 44.748844 256.000000 185.296629
58.726013 100.350331 64.000000 17.683357 66.840471 96.155435 256.000000 237.021524 67.748985 111.604560 0.000000 11.195157 60.514551 109.137133 256.000000 226.097426 168.220205 67.506122 64.000000 57.847381 155.965465 65.607033 256.000000 194.719148 16.412989 82.842938 0.000000 15.037307 11.401558 91.574504 256.000000 224.397931
60.288956 46.268758 64.000000 27.579153 96.437015 52.291064 256.000000 227.358064 13.265045 39.016956 0.000000 23.134650 16.421145 41.516256 256.000000 236.896751 44.226613 81.267673 64.000000 10.614317 46.529649 79.916935 256.000000 260.345485 103.450771 205.792969 0.000000 9.233208 103.033980 207.822158 256.000000 235.334936
10.870955 149.726604 64.000000 14.572635 7.486042 149.378356 256.000000 240.863675 129.904482 76.413853 64.000000 24.249003 123.265073 55.015707 256.000000 235.907172 15.954905 124.190318 64.000000 17.063794 19.191171 123.168720 256.000000 243.135405 90.386780 130.897556 64.000000 50.034005 92.475251 139.258216 256.000000 230.365526
22.076067 155.262211 64.000000 30.913606 27.291138 152.517435 256.000000 231.811173 41.657442 37.392520 64.000000 21.947155 42.290584 41.641018 256.000000 236.888146 63.179915 146.470889 0.000000 16.302248 69.227951 144.200251 256.000000 211.890505 49.885091 119.559242 64.000000 26.340027 47.290105 115.830956 256.000000 230.034232
38.465531 24.717051 0.000000 11.384468 38.233862 21.852053 256.000000 255.044781 103.068551 190.441102 64.000000 22.747423 92.310358 208.247235 256.000000 229.724450 150.091502 110.363545 64.000000 22.252633 150.409635 105.560676 256.000000 236.556852 13.476255 76.350595 64.000000 24.502851 19.089242 77.472098 256.000000 232.030601
107.981827 157.480871 0.000000 23.237911 107.476584 152.200029 256.000000 234.689558 49.921345 75.505645 0.000000 10.386283 47.683880 77.378364 256.000000 243.032145 110.796727 82.435969 0.000000 27.518918 106.904756 78.346173 256.000000 233.265424 150.157320 171.957704 64.000000 30.616732 150.713065 160.331165 256.000000 224.389326
131.511256 95.366715 64.000000 46.574779 135.294275 94.324384 256.000000 218.004386 63.031642 191.715509 64.000000 25.819423 46.462198 196.692745 256.000000 224.574334 39.762093 36.088331 0.000000 10.777813 41.876635 37.553860 256.000000 257.346629 61.327762 97.307067 64.000000 9.577410 62.191680 95.845491 256.000000 239.736414
25.675795 61.913976 64.000000 9.456939 29.558096 61.259249 256.000000 244.968279 60.684555 58.460573 64.000000 11.642619 61.158209 51.818402 256.000000 226.772922 150.379762 136.279678 64.000000 35.125773 145.195724 136.252169 256.000000 224.122569 38.531262 139.901615 0.000000 9.009477 32.591716 147.580916 256.000000 261.507166
5.744835 54.428362 64.000000 14.585543 5.269593 56.770425 256.000000 229.866434 46.471756 148.689376 64.000000 16.590517 47.204900 147.818342 256.000000 225.594031 9.267062 20.964173 0.000000 39.096999 148.260442 79.160940 256.000000 218.916520 149.990075 73.149047 64.000000 23.311053 151.287745 78.148645 256.000000 247.627236
69.412076 71.001931 0.000000 9.048200 68.706918 71.620505 256.000000 256.456007 117.644735 80.892209 0.000000 48.824997 107.854322 60.464051 256.000000 208.108590 100.621965 80.913535 0.000000 45.998241 103.110373 80.420998 256.000000 207.544960 34.766696 108.665462 0.000000 27.269372 35.709822 102.247949 256.000000 227.685056
48.715444 102.749345 64.000000 11.134922 50.791027 104.315775 256.000000 248.010160 96.109967 79.163733 64.000000 45.421704 94.951395 78.679838 256.000000 197.782542 72.942876 174.510153 64.000000 8.678183 72.935331 175.652227 256.000000 243.307506 42.886829 80.329722 64.000000 14.572635 43.617031 84.323867 256.000000 262.320342
124.827124 135.111280 0.000000 15.988164 119.556015 154.168536 256.000000 258.344813 141.656595 22.043058 64.000000 76.421360 146.198676 23.311813 256.000000 173.757270 82.122811 103.064245 64.000000 16.633542 89.065105 96.489956 256.000000 223.769763 58.373785 77.497036 0.000000 20.828499 53.697153 80.490620 256.000000 244.538027
86.182885 73.409018 0.000000 27.174716 82.317402 46.179342 256.000000 235.007945 161.442542 40.856015 64.000000 24.881473 159.380556 43.045298 256.000000 225.193897 82.678247 78.629227 64.000000 14.297274 91.618587 75.255325 256.000000 256.989520 85.443644 95.256945 64.000000 18.711659 85.115593 105.632136 256.000000 242.076985
98.324007 109.864767 0.000000 9.310653 127.810304 128.243756 256.000000 260.969351 100.508065 13.801982 0.000000 23.668163 99.291687 16.992275 256.000000 221.356049 58.552840 68.627649 0.000000 14.168198 54.684716 66.679809 256.000000 243.862531 41.298895 70.664705 0.000000 12.683829 39.700147 65.054145 256.000000 259.076242
156.198555 143.840356 0.000000 16.513072 159.704675 138.990362 256.000000 244.671405 59.018656 41.933965 0.000000 29.162481 81.145153 39.994233 256.000000 228.166938 168.725611 43.962753 0.000000 31.812833 165.283189 42.737645 256.000000 226.665359 101.686853 195.261138 64.000000 33.542446 100.233896 194.658505 256.000000 231.763845
131.229369 99.171653 0.000000 31.692362 124.735569 97.548769 256.000000 225.611241 54.142391 72.779409 0.000000 29.024800 47.639385 67.197124 256.000000 219.940520 140.305331 57.665624 0.000000 17.975929 141.904100 62.363633 256.000000 250.836916 114.967793 122.156824 0.000000 9.091225 115.208696 120.222082 256.000000 235.825424
23.352513 102.057207 64.000000 17.941508 26.549416 100.385138 256.000000 242.838531 71.829467 61.462331 64.000000 16.904601 69.284693 56.986518 256.000000 231.157190 35.886185 179.490585 64.000000 12.034148 35.315335 178.429455 256.000000 231.505694 14.998062 35.212365 0.000000 20.432667 22.140667 36.819595 256.000000 226.880485
68.965715 173.786771 64.000000 12.739762 59.749856 182.907320 256.000000 223.442771 12.881842 105.930407 64.000000 11.608199 8.669916 114.052153 256.000000 220.951612 31.318065 140.058853 0.000000 45.262510 40.614947 143.040667 256.000000 205.660456 29.068447 54.366605 64.000000 10.906888 30.122345 56.865356 256.000000 238.256348
