38.081918 160.600520 0.000000 14.249946 39.261840 159.307067 256.000000 243.002027 22.302367 13.780002 64.000000 34.093168 21.065949 20.882975 256.000000 238.170297 50.033649 161.175104 0.000000 14.163896 46.902880 161.201298 256.000000 260.306763 14.392018 201.673547 64.000000 9.951729 13.891536 202.058235 256.000000 262.664543
27.809251 37.434085 0.000000 22.170886 32.371575 38.034895 256.000000 224.053729 151.010216 121.704836 0.000000 14.972770 150.976073 119.644971 256.000000 239.813860 36.697475 76.571371 0.000000 46.772695 33.326629 75.521553 256.000000 216.291983 110.342593 176.102935 64.000000 10.691762 110.248924 176.638753 256.000000 245.148985
44.517056 49.237293 64.000000 14.641476 40.114182 49.017720 256.000000 227.198871 119.029505 138.226840 64.000000 17.562887 118.002580 137.358964 256.000000 223.580452 77.131278 58.960256 0.000000 12.688131 76.795344 61.449791 256.000000 239.387910 185.563185 99.238276 64.000000 46.346745 180.505309 101.188209 256.000000 202.657297
79.160867 108.490873 64.000000 20.940365 80.316225 103.260384 256.000000 210.423346 126.987675 119.396747 64.000000 17.463929 126.028576 118.636569 256.000000 248.100513 98.349309 138.631836 64.000000 14.241341 97.198009 138.062347 256.000000 251.383336 142.953402 96.998153 0.000000 15.807458 155.708320 80.019495 256.000000 243.324716
57.575771 68.164435 0.000000 21.998785 49.157636 63.772373 256.000000 234.233491 146.404731 78.182707 0.000000 10.222788 148.831656 82.190160 256.000000 228.511140 82.396724 102.091376 0.000000 10.330351 80.729275 103.111909 256.000000 237.765860 79.631989 10.382756 0.000000 26.499221 75.923649 12.036235 256.000000 238.316583
42.057367 86.834884 0.000000 11.539359 45.510091 90.364731 256.000000 232.684584 56.939424 48.462965 0.000000 12.266485 67.427185 38.394342 256.000000 245.075842 88.569618 89.013815 64.000000 21.392129 85.179122 86.753004 256.000000 239.400818 31.153305 176.368505 0.000000 21.056533 21.794084 181.319244 256.000000 240.657154
70.675113 96.419605 0.000000 11.074686 72.369653 104.238335 256.000000 242.270599 110.401729 175.759833 64.000000 11.586686 109.389691 177.446720 256.000000 61.315213 111.657409 68.406251 64.000000 20.927457 112.543155 50.986387 256.000000 212.652051 39.971284 178.184240 0.000000 34.342715 114.526695 104.304522 256.000000 200.648020
100.332040 95.078782 64.000000 14.671593 139.164876 90.035280 256.000000 218.813260 1.583180 74.269195 64.000000 21.275961 20.620696 82.690951 256.000000 226.248014 75.312740 12.966951 64.000000 10.829443 78.306480 12.798785 256.000000 229.715845 26.053915 137.631820 0.000000 11.010149 30.503336 140.961449 256.000000 240.549591
106.500104 13.520082 64.000000 10.278720 115.499509 4.555662 256.000000 237.886331 98.719675 17.192345 0.000000 9.207393 104.946087 19.220536 256.000000 243.354834 22.586236 125.889958 64.000000 12.610686 21.454209 124.750631 256.000000 225.383208 124.178229 198.738962 0.000000 24.438314 126.459202 193.708084 256.000000 248.900782
82.350756 61.347507 64.000000 14.387627 88.450467 51.017342 256.000000 241.939305 156.828725 23.579238 64.000000 55.003416 155.217329 24.364844 256.000000 193.630610 159.622700 40.634956 64.000000 19.623794 159.394805 40.847284 256.000000 248.999740 56.800791 182.492545 0.000000 11.083292 57.420520 182.318491 256.000000 231.540114
114.220584 108.074269 0.000000 10.016267 117.968395 112.939251 256.000000 234.538970 50.134136 3.463867 0.000000 10.958518 51.506767 3.544225 256.000000 254.188579 46.903309 71.728085 64.000000 11.909375 52.831480 67.899195 256.000000 245.587842 173.199235 127.235856 64.000000 29.889606 165.315213 132.759365 256.000000 229.199543
118.195075 20.684700 0.000000 22.059020 117.845020 20.696298 256.000000 225.856485 12.074464 143.144422 0.000000 16.013979 7.312744 141.304293 256.000000 224.307578 27.188191 22.442229 64.000000 23.263726 63.717607 37.750664 256.000000 237.968079 131.104744 147.444176 64.000000 24.365171 128.429340 147.548987 256.000000 204.275045
106.875553 18.551487 0.000000 22.502180 108.435431 23.815624 256.000000 221.080688 14.217020 142.817329 0.000000 11.694249 19.934987 148.222665 256.000000 233.682769 2.317280 151.081180 64.000000 22.248331 1.006342 149.302020 256.000000 210.388925 154.141022 74.239222 64.000000 82.974098 163.877820 79.589105 256.000000 183.055016
84.084380 57.956956 0.000000 31.881673 57.218660 33.392400 256.000000 236.419171 62.919975 95.139313 0.000000 11.629712 66.446815 94.249202 256.000000 234.272214 155.662235 67.794187 64.000000 13.019426 155.675089 67.320353 256.000000 246.676379 71.916251 75.374965 64.000000 25.049271 66.209195 78.252682 256.000000 232.254332
173.826325 86.343700 64.000000 40.293100 164.016867 75.063773 256.000000 206.641431 174.820789 25.125349 64.000000 26.099086 172.631455 24.796078 256.000000 208.001027 163.367113 58.669175 64.000000 29.162481 160.824184 58.805540 256.000000 214.958202 5.163127 127.129047 64.000000 33.034749 12.071676 121.352980 256.000000 222.517729
179.207438 18.132211 0.000000 34.669706 163.233793 19.172838 256.000000 228.644518 93.769435 43.266522 0.000000 46.028359 65.008236 48.115425 256.000000 232.955643 40.526467 31.338609 0.000000 15.893509 38.588982 34.124676 256.000000 220.129831 107.926615 194.824993 64.000000 19.881945 110.190704 192.663433 256.000000 235.235978
114.050225 138.351149 64.000000 23.483154 115.022115 135.786033 256.000000 254.993150 155.521615 37.703571 0.000000 13.965980 163.280215 46.213355 256.000000 249.038463 151.416867 19.853464 64.000000 15.936534 152.022404 21.110580 320.000000 256.352747 77.259071 36.252785 0.000000 24.756700 79.858482 43.144155 256.000000 236.823608
56.216573 55.302718 64.000000 31.012564 49.895987 54.377133 256.000000 210.965463 103.032411 57.848993 0.000000 15.347089 101.988296 59.277973 256.000000 232.947038 46.155164 184.400431 64.000000 9.035292 48.500418 187.267662 256.000000 249.103000 11.680253 70.392700 0.000000 19.486113 10.211235 63.082120 256.000000 231.389526
132.946947 144.205098 0.000000 20.312197 130.994229 144.956507 256.000000 240.226902 133.393718 165.741291 0.000000 42.930545 129.989842 160.935971 256.000000 232.026299 124.456796 20.712153 64.000000 13.944467 126.527349 10.190551 256.000000 243.402161 84.597991 144.566538 0.000000 20.798382 80.620395 146.643769 256.000000 255.999940
30.671849 106.610867 0.000000 13.501308 37.389607 114.350785 256.000000 243.957187 78.044680 161.285582 0.000000 16.900299 69.572356 165.528936 256.000000 243.027842 84.101858 151.321804 0.000000 12.477308 84.344827 150.229436 256.000000 241.543473 12.593742 25.548544 0.000000 10.054989 9.894156 19.598156 256.000000 241.995237
14.969855 76.519402 64.000000 20.148701 23.040969 70.603035 256.000000 221.816419 75.475818 19.049284 0.000000 13.957375 74.825027 22.295689 256.000000 233.786029 24.642498 12.323085 0.000000 22.635558 31.728138 13.537602 256.000000 240.678666 26.734111 222.828575 0.000000 16.878786 30.150269 225.449875 256.000000 240.997053
76.733167 40.926531 64.000000 36.222916 77.461407 53.732055 256.000000 230.748450 13.622524 208.336789 0.000000 44.466544 39.434007 191.496649 256.000000 224.204317 3.210391 109.571593 64.000000 34.123286 9.343884 110.192595 256.000000 232.417828 54.832407 188.552382 0.000000 27.592061 58.797882 184.788067 256.000000 228.012047
143.075353 68.552007 0.000000 17.330551 150.792107 70.077338 256.000000 228.179846 59.372300 111.012384 64.000000 23.401406 60.199887 105.850555 256.000000 239.646061 38.498740 70.830453 64.000000 17.012164 33.762356 69.470255 256.000000 236.991407 177.367100 46.604535 64.000000 10.536871 177.644009 47.025838 256.000000 241.939305
31.466451 111.848115 64.000000 14.047728 33.644885 110.475518 256.000000 246.323573 62.236318 165.995322 0.000000 28.839792 53.503720 161.958231 256.000000 212.165866 62.749395 68.768475 64.000000 16.870181 68.445724 69.464407 256.000000 229.268383 13.651300 4.527822 64.000000 9.792536 14.959084 3.914278 256.000000 250.961689
79.800715 159.033807 0.000000 26.137809 76.794038 157.952244 256.000000 229.169425 52.063596 202.047165 64.000000 25.948498 50.290705 199.790916 256.000000 221.313024 16.518871 58.171058 64.000000 23.203490 21.380204 59.078296 256.000000 230.159005 36.803989 68.999505 64.000000 13.707829 32.946824 71.777545 256.000000 247.472345
104.852309 154.741280 64.000000 15.114753 116.107822 155.384298 256.000000 236.221256 15.325745 54.599267 0.000000 16.607727 16.104395 57.975176 256.000000 229.410366 74.490836 168.381029 0.000000 12.176132 96.983411 164.893136 256.000000 207.695548 168.783373 140.140029 0.000000 50.541702 161.636398 134.392633 256.000000 204.580523
12.484849 59.108718 64.000000 20.918852 15.814996 57.915140 256.000000 239.284650 168.265993 66.234905 0.000000 15.342786 168.765796 69.914485 256.000000 262.367670 62.985836 151.033058 0.000000 22.725911 69.647449 147.308520 256.000000 231.854198 5.356402 55.670316 64.000000 41.661301 12.051458 56.211045 256.000000 225.279947
30.633320 147.416102 0.000000 10.227090 36.986136 150.178504 256.000000 231.402433 33.479500 165.327069 0.000000 56.375920 7.668302 148.384945 256.000000 214.063278 137.946167 109.218802 0.000000 61.259280 126.656758 98.545716 256.000000 199.877869 57.617836 81.584022 64.000000 24.167255 58.257111 77.797447 256.000000 234.943407
70.389482 188.853487 0.000000 19.412970 69.231745 188.717593 256.000000 245.596447 120.854078 28.714929 0.000000 10.906888 120.115735 26.942740 256.000000 246.641959 25.599495 85.417035 64.000000 11.522149 24.066764 82.741711 256.000000 257.402562 109.555258 68.136449 64.000000 15.334181 107.701353 64.161651 256.000000 236.647205
20.273304 132.337924 64.000000 13.497005 23.141575 151.243013 256.000000 247.480950 84.477769 86.978847 64.000000 18.776197 85.290113 82.619273 256.000000 243.230061 165.625760 117.238489 64.000000 38.189168 162.125598 117.489647 256.000000 218.748722 159.815622 107.648411 64.000000 18.427693 159.003949 112.403364 256.000000 227.203174
137.827935 171.202647 0.000000 44.862376 134.974913 162.018784 256.000000 204.029801 73.320389 15.663595 64.000000 10.016267 74.424591 16.025498 256.000000 241.096011 25.697802 177.816249 0.000000 18.492231 23.762302 175.991015 256.000000 226.510468 21.024187 192.143004 64.000000 29.123758 15.268413 190.704620 256.000000 236.948381
186.581918 115.775871 64.000000 12.206249 187.352098 115.047849 320.000000 244.159405 28.601515 115.262644 64.000000 30.255321 34.710469 104.515171 256.000000 210.285665 36.422422 150.738224 0.000000 9.771023 31.242305 153.318320 256.000000 253.831470 98.526733 100.014049 0.000000 42.104461 78.807127 90.335205 256.000000 227.534468
