10.676987 88.213555 64.000000 44.604225 17.375604 80.148707 256.000000 227.142938 29.694536 47.710027 64.000000 25.182650 17.141520 41.389595 256.000000 259.609754 165.222055 14.368304 64.000000 46.144527 153.140287 8.989713 256.000000 214.459109 58.044673 98.990267 64.000000 18.530954 61.916280 93.534705 256.000000 230.800080
156.749382 58.024435 64.000000 31.434211 153.765280 57.189662 256.000000 226.041493 45.863222 182.546398 0.000000 11.294115 60.562124 195.353315 256.000000 249.408479 68.401271 95.283536 64.000000 10.885376 66.842531 96.287007 256.000000 231.548719 104.968340 48.248435 64.000000 28.594548 98.099460 49.973287 256.000000 230.197728
73.997307 120.758804 0.000000 10.330351 74.055360 117.998982 256.000000 224.070939 92.313202 199.718473 64.000000 10.093712 91.044607 201.676736 256.000000 239.753624 47.926016 99.294693 64.000000 14.921139 47.673933 95.688778 256.000000 240.007473 99.089029 73.494718 64.000000 39.114209 53.255862 54.557236 256.000000 229.517929
75.785991 39.740342 0.000000 47.542846 71.951884 41.619989 256.000000 202.308793 115.195935 46.579553 0.000000 20.368130 115.966793 58.107180 256.000000 229.582467 47.404124 56.782093 0.000000 27.867422 47.423016 61.003991 256.000000 215.668118 129.904482 76.413853 64.000000 24.249003 123.265073 55.015707 256.000000 235.907172
67.207098 114.751053 0.000000 18.543861 67.195098 111.633829 256.000000 248.694261 84.697391 224.212200 64.000000 16.706685 88.005298 224.987984 256.000000 230.864618 32.049758 4.973905 64.000000 9.891493 33.376600 4.871907 256.000000 236.944079 65.419469 153.279822 64.000000 21.822381 68.252616 152.761847 256.000000 219.940520
114.756555 17.650269 64.000000 13.286182 113.724267 21.688500 256.000000 244.925254 49.921345 75.505645 0.000000 10.386283 47.683880 77.378364 256.000000 243.032145 110.403438 120.472965 64.000000 18.070584 109.402216 125.930116 256.000000 220.667646 110.276427 103.907011 0.000000 59.228490 110.634889 107.782682 256.000000 192.434510
5.744835 54.428362 64.000000 14.585543 5.269593 56.770425 256.000000 229.866434 114.050225 138.351149 64.000000 23.483154 115.022115 135.786033 256.000000 254.993150 77.329744 59.770865 0.000000 15.979559 75.291253 35.729687 256.000000 249.916177 114.045678 69.214302 64.000000 9.913006 113.976055 69.028915 256.000000 259.975468
81.332311 23.054516 0.000000 9.147158 81.020665 24.700953 320.000000 233.854870 127.641767 161.080665 0.000000 29.704598 127.685655 158.390493 256.000000 245.157590 48.611135 84.537205 0.000000 15.213711 47.496384 82.312307 256.000000 242.911674 62.749395 68.768475 64.000000 16.870181 68.445724 69.464407 256.000000 229.268383
85.967036 190.469607 0.000000 23.397104 115.944211 178.732200 256.000000 229.122098 67.062444 184.588085 64.000000 39.815520 66.708545 178.657651 256.000000 216.317798 69.768313 35.611485 64.000000 48.312997 106.186405 169.711800 256.000000 170.947725 78.439509 195.180655 64.000000 19.860432 84.059453 194.415425 256.000000 250.083975
176.501855 130.775667 0.000000 9.065410 179.014991 129.714200 256.000000 242.094195 44.134824 213.181225 0.000000 14.185408 37.592673 217.151091 256.000000 256.477520 49.734855 31.232984 0.000000 24.378078 47.512440 38.642784 256.000000 216.838403 105.815225 52.562211 64.000000 21.796566 103.997995 53.940725 256.000000 250.105488
89.785916 43.429000 64.000000 33.034749 88.112218 47.741267 256.000000 212.686471 165.753133 84.286129 64.000000 20.755356 164.058055 80.330836 256.000000 241.866162 145.722400 107.301498 0.000000 26.490616 146.534785 98.552553 256.000000 249.305219 26.688709 206.425647 0.000000 36.446647 21.504569 196.305678 256.000000 224.238737
66.581571 87.358213 64.000000 10.833745 67.119818 95.958876 256.000000 235.816819 151.442293 107.671864 64.000000 25.552666 150.375382 108.788444 256.000000 232.340383 84.373558 175.106660 0.000000 32.006446 82.464393 173.531896 256.000000 232.353290 60.761216 16.128760 64.000000 39.862848 57.535487 16.953255 256.000000 200.372659
107.327693 20.001711 0.000000 10.859560 106.929507 22.111682 256.000000 223.339511 174.820789 25.125349 64.000000 26.099086 172.631455 24.796078 256.000000 208.001027 34.824840 95.730522 64.000000 17.098214 29.133589 101.166058 256.000000 234.095811 97.913656 31.982647 64.000000 16.758315 101.231558 36.370458 256.000000 253.513083
152.635251 39.261951 64.000000 15.011492 152.336173 39.033353 256.000000 266.300173 28.233175 185.454556 0.000000 20.703726 35.988427 184.451696 256.000000 250.518530 52.540149 188.787756 0.000000 23.711188 20.196544 194.739711 256.000000 239.951540 30.778744 83.552795 0.000000 13.415257 34.380373 80.334900 256.000000 250.105488
17.695435 158.722247 0.000000 12.619291 20.932733 161.241327 256.000000 228.941392 68.187982 30.004047 0.000000 31.391186 64.635811 30.338049 256.000000 225.615544 43.324318 43.309385 0.000000 33.421975 40.050900 45.835367 256.000000 223.666502 118.789080 103.718982 0.000000 17.485441 117.735893 102.700645 256.000000 216.584554
79.286187 86.091378 0.000000 22.923827 76.262496 91.452329 256.000000 242.055473 137.580589 85.048947 64.000000 51.341971 136.812022 86.169258 256.000000 195.429063 11.105455 222.572656 0.000000 16.805643 12.502147 222.603687 256.000000 247.141051 52.346904 132.246356 0.000000 20.948970 60.052349 128.208524 256.000000 247.321757
131.234224 15.926940 64.000000 12.886047 128.869653 11.524420 256.000000 246.246127 154.655360 156.803089 64.000000 28.370817 150.622560 159.133275 256.000000 200.006945 27.188191 22.442229 64.000000 23.263726 63.717607 37.750664 256.000000 237.968079 53.759091 104.932195 0.000000 21.960062 44.897562 106.000480 256.000000 220.172856
172.700120 105.203080 64.000000 17.618819 173.383487 111.564767 256.000000 251.576949 180.400020 37.103678 64.000000 42.267956 177.416622 37.804056 256.000000 209.928556 94.650325 193.325262 64.000000 12.649409 86.701016 214.280115 256.000000 241.121826 124.143615 23.482011 0.000000 26.688532 120.660775 24.310958 256.000000 222.629595
178.058829 77.974862 64.000000 18.135122 168.864556 77.221022 256.000000 246.986161 14.784453 182.812158 0.000000 66.559984 19.165618 175.499438 256.000000 178.270614 16.451427 70.838936 0.000000 17.442416 17.785898 77.314669 256.000000 245.230732 146.562520 152.422600 64.000000 37.212495 144.198062 149.418115 256.000000 210.074842
97.304304 12.048496 64.000000 16.065610 91.853062 15.975922 256.000000 237.916448 51.496393 200.818249 0.000000 55.502508 54.810955 191.838584 256.000000 209.472489 75.577900 192.186353 64.000000 36.197101 78.581713 184.134404 256.000000 210.384623 184.485104 22.577491 0.000000 8.729813 246.110587 47.141845 256.000000 250.858429
46.052729 118.608520 0.000000 15.678383 38.172271 119.564787 256.000000 226.544888 79.800715 159.033807 0.000000 26.137809 76.794038 157.952244 256.000000 229.169425 110.769693 129.124869 64.000000 10.257208 111.337471 129.250256 256.000000 235.343541 80.983925 61.557275 64.000000 23.293843 75.659500 56.919067 256.000000 236.952684
0.056676 107.772167 64.000000 29.850884 4.112976 95.806347 256.000000 223.158805 61.681987 19.305855 64.000000 16.457139 65.373782 23.141476 256.000000 245.566329 50.967238 62.188538 64.000000 8.699695 49.592733 59.912065 256.000000 255.251302 135.825845 92.773973 64.000000 20.931760 133.175720 98.332656 256.000000 236.014735
75.518304 171.905247 0.000000 21.590045 74.835389 170.914315 256.000000 235.184348 21.361878 76.456105 64.000000 12.709644 18.311453 80.054353 256.000000 257.350931 43.585251 143.427771 0.000000 13.669106 53.183687 145.771256 256.000000 254.967335 182.054687 100.129787 64.000000 39.781100 116.746145 65.961356 256.000000 220.095411
63.031642 191.715509 64.000000 25.819423 46.462198 196.692745 256.000000 224.574334 121.905204 149.244460 64.000000 9.499964 123.538280 148.079947 256.000000 251.469386 86.544967 118.230467 0.000000 21.942852 84.877275 117.538678 256.000000 246.194497 27.452424 133.138002 64.000000 23.190583 31.059193 129.880605 256.000000 224.036519
128.952976 147.381224 64.000000 20.114281 131.898395 143.924013 256.000000 234.921895 3.699545 10.324275 0.000000 17.700567 3.589558 13.583329 256.000000 228.166938 89.487287 147.545038 64.000000 37.462042 79.760413 132.315362 256.000000 211.077329 59.947264 78.735467 64.000000 23.577810 57.188405 63.809562 256.000000 242.373859
44.464851 172.984720 0.000000 30.414514 48.782596 175.995935 256.000000 261.507166 55.710364 21.494082 64.000000 32.974513 59.813431 27.896309 256.000000 247.945623 131.568742 81.351798 64.000000 14.891022 131.614380 87.796035 256.000000 234.672348 162.396082 157.166169 64.000000 35.186009 159.418980 153.910520 256.000000 238.755440
122.622000 195.077075 0.000000 31.425606 113.144467 197.893682 256.000000 231.824080 179.207438 18.132211 0.000000 34.669706 163.233793 19.172838 256.000000 228.644518 130.833116 153.031973 0.000000 14.598450 130.255984 152.440907 256.000000 235.498432 107.173578 85.154125 0.000000 20.613373 104.785133 85.571400 256.000000 232.271542
185.809175 80.042507 64.000000 42.513200 179.344753 75.887973 256.000000 229.909459 100.282307 78.513936 0.000000 10.338956 102.562902 83.556682 256.000000 246.564514 78.187447 83.806511 64.000000 10.575594 76.698942 83.350284 256.000000 264.815803 88.481100 11.678998 64.000000 10.653040 90.163145 12.399587 256.000000 234.095811
1.917722 166.973631 0.000000 38.791520 5.371216 165.772051 256.000000 223.137292 39.566238 99.110196 64.000000 28.848397 50.694376 89.868204 256.000000 227.934602 13.995740 66.305984 64.000000 40.013436 51.781107 24.213858 256.000000 230.382736 121.158158 70.727585 0.000000 24.003759 119.187722 80.728087 256.000000 230.584954
62.909633 97.187435 64.000000 27.665204 58.158573 84.806785 256.000000 225.667174 42.799125 150.224695 0.000000 16.887391 46.191645 148.552109 256.000000 234.255004 134.451662 190.570024 0.000000 28.788161 134.307729 186.378338 256.000000 230.847408 92.374869 204.941980 0.000000 32.230177 96.575704 202.006015 256.000000 206.710271
99.964427 65.037027 64.000000 8.794351 102.680489 66.606560 256.000000 256.864747 132.621142 47.638173 64.000000 12.193342 132.793142 48.535264 256.000000 246.607539 88.394333 141.505998 0.000000 22.984062 86.661536 143.775362 256.000000 205.707784 110.987427 86.211798 0.000000 27.979288 107.569058 73.634915 256.000000 231.953156
37.787542 79.687278 0.000000 11.104804 40.687669 77.216804 256.000000 242.627708 167.958551 102.734515 64.000000 35.074143 169.665905 86.873975 256.000000 11.096199 47.963940 6.511338 0.000000 39.815520 45.474304 18.112791 256.000000 228.519745 31.318065 140.058853 0.000000 45.262510 40.614947 143.040667 256.000000 205.660456
