65.440067 14.076458 0.000000 8.721208 68.973962 12.070816 256.000000 239.116852 57.001665 80.077602 64.000000 39.385268 43.034880 82.926980 256.000000 208.895951 51.337493 55.841242 64.000000 25.113809 70.824207 57.257882 256.000000 249.610698 20.501624 207.123064 0.000000 13.350720 23.276420 197.984784 256.000000 241.225086
98.719675 17.192345 0.000000 9.207393 104.946087 19.220536 256.000000 243.354834 170.489527 69.569338 0.000000 32.221572 166.560180 74.591991 256.000000 220.289024 80.469416 185.926373 0.000000 37.513672 78.412244 181.744404 256.000000 225.598334 67.046991 127.827973 0.000000 16.564702 65.176187 129.762689 256.000000 233.467643
46.831578 45.719949 64.000000 11.220972 42.747238 40.526605 256.000000 240.506565 39.859284 42.727444 64.000000 19.765777 54.200749 48.898438 256.000000 214.330034 97.913656 31.982647 64.000000 16.758315 101.231558 36.370458 256.000000 253.513083 39.339520 190.269891 64.000000 16.762618 39.082633 189.195998 256.000000 244.796178
15.931602 131.644269 64.000000 11.513544 13.473002 131.712433 256.000000 231.738030 10.891485 114.408235 0.000000 8.807258 4.643218 118.886333 256.000000 244.925254 50.114744 29.301131 0.000000 22.588230 45.057295 26.449707 256.000000 244.150800 11.048927 40.141433 0.000000 14.792064 11.507427 43.371684 256.000000 241.474632
41.894729 128.676638 0.000000 26.770279 55.655640 115.037045 256.000000 214.334336 104.599913 202.186678 0.000000 9.517174 102.669380 204.977955 256.000000 241.861859 82.192055 221.843425 64.000000 15.609543 84.863675 220.734840 256.000000 238.587642 116.242722 64.678438 0.000000 27.678111 109.275975 65.386627 256.000000 218.469058
154.722829 30.315882 0.000000 24.033877 151.791002 25.546089 256.000000 236.354634 25.823909 87.685482 0.000000 12.176132 29.892762 87.371789 256.000000 223.141595 90.623665 76.589364 0.000000 11.453308 89.523520 75.939436 256.000000 253.530294 180.565675 49.925264 0.000000 35.599050 175.744987 52.588249 256.000000 218.103344
74.914142 150.424442 64.000000 32.475421 82.964829 136.717625 256.000000 218.430335 139.068671 170.719782 64.000000 14.611358 147.766949 167.312345 256.000000 253.547504 14.933191 12.650040 0.000000 12.752669 7.379285 13.048869 256.000000 241.199271 133.393718 165.741291 0.000000 42.930545 129.989842 160.935971 256.000000 232.026299
10.676987 88.213555 64.000000 44.604225 17.375604 80.148707 256.000000 227.142938 121.647325 125.253231 0.000000 16.590517 119.820315 127.809096 256.000000 229.758871 72.675980 95.396744 0.000000 14.607055 72.508698 92.366136 256.000000 244.856413 174.198398 35.695847 0.000000 9.469847 175.382056 32.866160 256.000000 245.019909
53.140173 12.335458 64.000000 32.402278 52.753300 18.934149 256.000000 230.572047 149.490084 172.727353 0.000000 20.406852 147.461636 174.041707 256.000000 240.033288 142.202940 85.072442 0.000000 10.214182 141.535887 85.068822 256.000000 251.103672 127.679980 168.588975 0.000000 32.419488 127.414318 166.252578 256.000000 240.394700
97.167262 37.518827 0.000000 27.759859 96.986453 40.940113 256.000000 227.491442 10.303135 4.294389 64.000000 28.190111 19.182160 3.171773 256.000000 225.826367 2.183447 106.188162 64.000000 36.334781 14.056255 102.728391 256.000000 211.653866 59.490242 153.203640 64.000000 17.803828 76.521733 156.625462 256.000000 233.867777
101.686853 195.261138 64.000000 33.542446 100.233896 194.658505 256.000000 231.763845 86.345122 194.990869 64.000000 24.016667 45.345547 218.577109 256.000000 220.676251 76.912062 24.338924 0.000000 14.512400 72.432998 20.887469 256.000000 238.553221 103.450771 205.792969 0.000000 9.233208 103.033980 207.822158 256.000000 235.334936
40.958264 138.690184 64.000000 23.276633 49.830764 133.852236 256.000000 214.519345 53.484460 165.016847 0.000000 34.725639 61.722278 153.786036 256.000000 198.440827 146.022342 65.184469 64.000000 32.273203 137.681942 61.783749 256.000000 214.988319 97.825793 170.093336 0.000000 10.459426 224.307900 225.397573 256.000000 251.589857
24.344376 34.909791 0.000000 10.437914 0.733487 29.365676 256.000000 234.921895 28.279951 124.210575 0.000000 22.480667 28.494655 121.001169 256.000000 242.735271 62.710680 117.146860 64.000000 11.741577 59.271480 124.146995 256.000000 238.622062 132.025476 43.446855 0.000000 23.014179 130.472587 43.472065 256.000000 247.175471
138.719820 131.456416 0.000000 19.950785 140.865015 127.971267 256.000000 227.168753 155.733487 49.415509 0.000000 23.057205 159.773731 45.326771 256.000000 240.373187 187.348636 27.720556 64.000000 10.717577 188.270122 25.712145 256.000000 235.369357 89.487287 147.545038 64.000000 37.462042 79.760413 132.315362 256.000000 211.077329
28.759756 220.549487 0.000000 36.894109 35.434116 216.386576 256.000000 223.077057 72.134393 58.652611 64.000000 13.621778 81.874384 53.172458 256.000000 234.952012 2.679135 106.029835 64.000000 17.734987 4.327113 104.193325 256.000000 234.969222 75.998571 58.705878 64.000000 17.674752 73.947280 56.214180 256.000000 241.749994
64.134102 44.910782 0.000000 9.164368 70.862358 39.742631 256.000000 241.887674 26.767735 100.509040 64.000000 24.158650 34.611675 97.846275 256.000000 237.735743 19.256665 20.994462 64.000000 14.047728 23.530936 19.781402 320.000000 243.367741 47.962040 33.564035 0.000000 20.759659 39.736256 42.857185 256.000000 230.985089
52.915431 59.181100 0.000000 9.844166 51.823020 62.176018 256.000000 240.902397 113.254827 8.670596 0.000000 24.799725 111.758084 9.849851 256.000000 236.229861 110.884967 134.383600 64.000000 25.957103 103.539127 142.088709 256.000000 229.896551 165.994309 95.377364 64.000000 45.361468 138.321240 111.177962 256.000000 212.307849
42.596765 186.016191 0.000000 19.967995 38.965478 184.887505 256.000000 237.851911 187.323293 46.449589 0.000000 20.862919 187.892516 49.807495 256.000000 227.801224 54.009875 119.562365 64.000000 18.135122 37.436749 213.492235 256.000000 242.743876 67.439509 115.580562 0.000000 12.649409 67.551038 111.647540 256.000000 220.258906
7.665985 166.410100 64.000000 18.991323 6.955175 165.139015 256.000000 243.918464 81.242320 48.158545 64.000000 17.132635 79.009900 47.323480 256.000000 239.878398 95.943493 222.522989 64.000000 12.765577 93.164756 225.938267 256.000000 237.073155 75.405413 96.421722 64.000000 17.610214 74.174098 96.916300 256.000000 241.655338
31.316693 133.275080 64.000000 45.331351 22.293304 130.921407 256.000000 219.673764 14.852133 105.945835 0.000000 20.914550 28.529904 97.159033 256.000000 231.824080 81.946353 49.389855 0.000000 14.925442 81.150960 33.450696 256.000000 230.688215 47.657336 37.843978 0.000000 11.612501 45.787087 38.885891 256.000000 247.149656
22.716860 50.697636 0.000000 11.504938 25.135127 49.011104 256.000000 234.272214 69.241518 79.585076 0.000000 17.997441 72.583980 90.443456 256.000000 229.040350 82.763475 121.662993 64.000000 43.971754 79.117640 119.301962 256.000000 208.229060 47.737896 179.992589 64.000000 26.288397 52.527415 178.588125 256.000000 236.926869
83.095093 53.948709 64.000000 16.685173 84.520042 45.816391 256.000000 217.242840 15.799413 62.172425 64.000000 14.865207 6.166602 61.106196 256.000000 253.465756 78.277104 69.011047 64.000000 24.494246 75.784653 68.152935 256.000000 244.770363 172.700120 105.203080 64.000000 17.618819 173.383487 111.564767 256.000000 251.576949
168.227713 86.638702 64.000000 17.924298 166.219473 86.277838 256.000000 238.165995 28.136462 186.115193 0.000000 18.918180 37.678809 191.971800 256.000000 228.842434 134.043578 154.824127 64.000000 17.317643 138.955380 149.716720 256.000000 219.746906 5.988435 179.693427 0.000000 15.962349 11.974409 188.253905 256.000000 246.667774
59.368589 211.359625 64.000000 15.269643 56.544825 212.494982 256.000000 248.797522 123.165989 128.758367 0.000000 19.942180 119.408358 132.889098 256.000000 222.035847 77.850887 108.959182 64.000000 24.115625 75.704853 106.097731 256.000000 244.090565 20.948491 153.372344 0.000000 21.779356 26.143158 150.250769 256.000000 226.286737
194.709915 55.586649 0.000000 28.839792 195.113953 59.811620 256.000000 231.041021 8.702293 178.268000 0.000000 35.762546 14.497282 171.700444 256.000000 201.616087 74.153193 167.339555 0.000000 23.814448 57.889880 170.657751 256.000000 221.420587 168.265993 66.234905 0.000000 15.342786 168.765796 69.914485 256.000000 262.367670
138.180147 146.572015 64.000000 31.270715 134.197495 147.151211 256.000000 216.253260 43.971589 9.083276 64.000000 43.283351 52.534462 21.499160 256.000000 219.290839 7.790649 12.633595 64.000000 14.865207 14.198675 9.394529 256.000000 235.756583 50.134136 3.463867 0.000000 10.958518 51.506767 3.544225 256.000000 254.188579
74.284711 169.308493 0.000000 23.431524 71.546975 167.965365 256.000000 234.668046 4.654775 52.965800 0.000000 12.778484 6.345891 55.615051 256.000000 254.575806 2.372933 169.499325 0.000000 31.980631 6.331631 167.897811 256.000000 217.729025 71.153607 160.700920 64.000000 11.117712 70.956113 160.993973 256.000000 245.381321
139.238309 175.074536 64.000000 33.189639 134.848182 175.626096 256.000000 228.016350 147.297891 124.143489 64.000000 20.720936 147.060984 122.271573 256.000000 251.370428 38.980758 157.954495 64.000000 39.449806 39.166742 153.083765 256.000000 215.771378 58.120975 109.854256 0.000000 12.412770 64.847978 109.772811 256.000000 249.503135
66.957269 196.973951 64.000000 16.977744 76.775687 197.127349 256.000000 243.535540 30.904289 102.899113 0.000000 35.568933 31.413405 92.519473 256.000000 238.729625 72.449498 129.064207 64.000000 74.566974 68.949367 130.917298 256.000000 198.230004 23.079665 119.896364 64.000000 30.311253 22.858191 113.349829 256.000000 235.347844
24.845113 30.073053 0.000000 9.061107 16.153091 15.217713 256.000000 257.161620 70.432151 84.458938 64.000000 14.370417 71.337058 73.247193 256.000000 246.396715 77.474265 26.134558 0.000000 10.769208 74.655696 33.081100 256.000000 224.195712 21.434338 106.635644 64.000000 23.504667 22.198865 103.332280 256.000000 232.525391
175.303536 11.550082 64.000000 12.481611 175.001291 3.088404 256.000000 230.636585 48.157249 144.147985 64.000000 12.146014 47.918496 142.553751 256.000000 249.920479 88.394333 141.505998 0.000000 22.984062 86.661536 143.775362 256.000000 205.707784 86.631647 30.014638 0.000000 31.851556 83.685418 31.022940 256.000000 237.232348
165.287056 55.697962 0.000000 13.114081 166.013711 56.938884 256.000000 259.764645 126.851396 14.740515 64.000000 23.422919 125.088982 12.192540 256.000000 226.346972 73.839067 175.622813 64.000000 22.433339 74.441098 174.214558 256.000000 230.124585 135.400716 93.344376 64.000000 25.062179 131.407433 100.341082 256.000000 231.570231
