53.509220 93.366769 64.000000 12.658014 52.992551 92.115531 256.000000 235.743676 137.368495 43.392511 0.000000 22.893709 138.365158 47.399511 256.000000 223.610569 15.517616 153.336365 64.000000 17.412298 4.977609 154.664753 256.000000 243.690430 110.796727 82.435969 0.000000 27.518918 106.904756 78.346173 256.000000 233.265424
7.938798 104.321625 0.000000 22.622650 13.311209 97.605391 256.000000 218.150672 1.078058 55.351053 64.000000 10.597107 3.034707 56.710411 256.000000 232.189794 88.546400 23.517980 64.000000 19.021441 90.561396 25.435018 256.000000 229.221056 77.604131 78.768571 64.000000 22.738818 73.498882 85.034535 256.000000 244.357321
69.380018 139.367293 0.000000 18.354550 72.203704 137.328740 256.000000 248.896479 152.761169 36.093205 64.000000 40.241470 145.420842 35.643447 256.000000 212.647748 13.813731 137.332780 64.000000 38.240798 37.607516 110.726745 256.000000 202.988591 116.420562 176.236607 0.000000 46.755485 102.588656 151.522051 256.000000 212.368085
161.316671 27.727533 64.000000 11.384468 173.847695 24.261209 256.000000 255.126528 58.052636 225.685075 64.000000 49.466072 57.082967 224.507498 256.000000 231.884315 71.392373 29.217498 0.000000 17.059492 77.115378 37.002013 256.000000 239.340583 21.094405 74.985827 0.000000 14.379022 14.072387 77.396633 256.000000 233.545088
164.988636 74.973093 0.000000 20.570348 165.097602 77.915595 256.000000 240.480750 42.557536 19.329831 64.000000 9.740905 41.343715 19.383675 256.000000 239.241625 46.521562 71.949578 0.000000 11.586686 52.977847 64.880971 256.000000 245.970766 32.866305 33.283258 64.000000 18.909575 31.789291 34.250825 256.000000 233.187979
104.775002 99.918696 64.000000 28.973170 100.961689 96.864324 256.000000 231.432551 50.134136 3.463867 0.000000 10.958518 51.506767 3.544225 256.000000 254.188579 131.540971 86.441609 0.000000 44.178275 109.987515 85.328582 256.000000 214.145025 119.179200 171.379149 64.000000 8.630855 119.548845 180.301878 256.000000 247.295942
135.825845 92.773973 64.000000 20.931760 133.175720 98.332656 256.000000 236.014735 42.886829 80.329722 64.000000 14.572635 43.617031 84.323867 256.000000 262.320342 98.219449 154.243025 64.000000 234.840147 96.511273 150.019949 256.000000 27.097271 18.338807 183.024289 0.000000 26.413170 21.886427 181.749320 256.000000 230.696820
75.063675 7.713065 64.000000 43.692091 55.462804 24.241136 256.000000 213.491042 37.128682 209.947736 64.000000 42.637973 40.818209 200.328075 256.000000 224.875510 31.863636 86.683547 64.000000 14.688803 27.179562 84.842451 256.000000 240.652851 20.740631 54.454364 64.000000 14.895324 23.587220 53.190880 256.000000 253.620646
78.187447 83.806511 64.000000 10.575594 76.698942 83.350284 256.000000 264.815803 132.164051 73.277193 64.000000 30.156363 127.060567 81.047305 256.000000 221.102200 27.831724 197.234445 64.000000 19.421575 29.818404 197.280695 256.000000 242.606195 54.015744 9.430651 64.000000 37.909504 49.837976 14.793824 256.000000 220.005058
151.901049 56.908913 0.000000 26.116296 147.997085 62.667525 256.000000 215.039950 72.748458 213.993187 64.000000 43.765233 68.714138 216.091451 256.000000 212.424017 14.030765 16.218598 64.000000 10.997241 12.600456 16.723575 256.000000 261.201687 86.217084 191.566978 0.000000 27.045641 84.526295 190.508815 256.000000 223.692317
120.317113 97.598700 0.000000 10.076502 132.758327 91.373336 256.000000 251.585554 81.544158 118.756469 0.000000 12.429980 94.701584 138.016618 256.000000 235.042365 84.084380 57.956956 0.000000 31.881673 57.218660 33.392400 256.000000 236.419171 94.650325 193.325262 64.000000 12.649409 86.701016 214.280115 256.000000 241.121826
67.029325 42.250669 0.000000 9.327863 65.479020 42.162305 256.000000 256.912074 148.006478 0.278442 0.000000 54.482811 143.214396 9.506500 256.000000 203.289767 56.456469 88.981484 64.000000 12.283695 55.094705 94.549540 256.000000 255.139436 130.539300 70.144553 0.000000 8.802956 131.964300 74.734276 256.000000 250.608882
145.722400 107.301498 0.000000 26.490616 146.534785 98.552553 256.000000 249.305219 45.371458 191.393325 64.000000 32.548564 45.944835 189.269635 256.000000 237.146297 24.077493 152.098011 0.000000 10.278720 16.234184 155.936204 256.000000 252.273958 60.761216 16.128760 64.000000 39.862848 57.535487 16.953255 256.000000 200.372659
9.250653 11.833258 64.000000 17.089609 10.334025 12.598653 256.000000 248.040278 27.596356 113.769022 0.000000 19.606584 24.688184 109.773665 256.000000 229.147913 113.449831 20.605591 64.000000 13.626081 112.626104 18.324498 256.000000 242.752481 79.286187 86.091378 0.000000 22.923827 76.262496 91.452329 256.000000 242.055473
164.969500 56.547204 64.000000 28.327792 161.786822 57.578282 256.000000 226.983745 65.720940 79.588853 64.000000 11.849140 72.781016 83.275278 256.000000 65.432724 44.179345 103.693007 0.000000 12.589174 43.950387 101.742444 256.000000 223.034032 152.312395 135.787160 64.000000 27.656599 152.673429 137.780225 256.000000 218.314167
44.966851 99.179104 64.000000 13.195829 41.515000 101.531329 256.000000 233.622533 34.824840 95.730522 64.000000 17.098214 29.133589 101.166058 256.000000 234.095811 86.382451 168.375585 0.000000 21.030718 87.688062 168.014135 256.000000 240.799137 90.623665 76.589364 0.000000 11.453308 89.523520 75.939436 256.000000 253.530294
142.760336 74.112133 64.000000 34.665404 80.735189 211.378449 256.000000 251.241353 97.989898 143.792695 64.000000 43.089738 96.881940 135.548073 256.000000 226.755712 122.841618 56.583229 0.000000 26.606784 118.281218 45.986187 256.000000 242.795506 29.956080 122.066191 0.000000 12.868837 32.562662 120.896256 256.000000 247.476648
39.090456 122.459375 0.000000 22.274146 44.244333 116.993493 256.000000 251.516714 175.323685 111.663289 64.000000 13.578753 182.135367 105.025462 256.000000 242.877254 187.323293 46.449589 0.000000 20.862919 187.892516 49.807495 256.000000 227.801224 20.501976 123.457187 0.000000 13.359325 24.101935 125.610425 256.000000 233.919407
151.841298 165.223275 0.000000 11.857745 151.699791 170.095996 256.000000 228.532652 10.322749 26.049905 64.000000 63.780556 8.297311 27.259727 256.000000 204.348187 8.012373 17.407404 64.000000 24.481339 20.014867 16.045113 256.000000 216.958874 25.871275 116.916893 64.000000 14.060635 24.233776 114.469169 256.000000 245.802968
64.286815 50.635289 64.000000 16.052702 62.493636 52.732860 256.000000 243.436582 72.130456 52.445524 64.000000 11.767392 68.567898 42.176740 256.000000 246.267640 46.312676 99.113305 0.000000 10.356166 49.729480 98.056218 256.000000 253.766932 50.267040 9.643025 0.000000 20.699424 63.765180 8.912740 256.000000 240.222599
75.008098 139.277693 0.000000 35.822782 61.855535 131.404798 256.000000 229.156518 155.712265 158.191467 0.000000 16.379694 154.900664 157.715829 320.000000 246.401018 13.995740 66.305984 64.000000 40.013436 51.781107 24.213858 256.000000 230.382736 85.885245 103.005378 64.000000 15.540702 88.346680 99.598531 256.000000 245.704010
2.795878 91.286278 0.000000 12.369745 2.705380 84.749860 256.000000 236.100785 25.034080 52.760007 0.000000 15.506282 26.401822 56.031124 256.000000 233.325660 109.010311 96.435138 64.000000 32.694849 116.407407 90.731064 256.000000 223.382536 26.070609 150.403436 0.000000 17.644635 22.786273 150.544596 256.000000 234.125928
2.806311 105.646904 64.000000 32.432396 9.371475 102.622509 256.000000 228.945694 74.582333 137.709380 0.000000 19.924970 79.512129 144.779805 256.000000 240.566801 95.294035 206.005509 64.000000 21.994482 96.741102 204.844753 256.000000 241.474632 33.755796 37.319493 64.000000 12.877442 34.717216 37.006160 256.000000 255.311537
59.368589 211.359625 64.000000 15.269643 56.544825 212.494982 256.000000 248.797522 12.970364 27.963718 64.000000 8.699695 14.876144 26.065920 256.000000 238.673692 140.305331 57.665624 0.000000 17.975929 141.904100 62.363633 256.000000 250.836916 28.227093 67.502085 0.000000 26.890750 35.349875 59.047953 256.000000 230.632282
79.343991 159.104931 0.000000 30.560800 75.940213 154.874567 256.000000 237.882028 74.327664 71.262573 0.000000 46.320930 71.395198 72.102933 256.000000 214.377362 49.466924 6.033058 0.000000 10.007662 45.242300 4.444564 256.000000 240.282834 136.611689 161.142276 0.000000 10.162552 136.830715 161.401247 256.000000 243.212851
9.884460 14.019413 0.000000 18.642819 15.113724 13.098302 256.000000 222.814603 94.148907 87.847555 64.000000 20.097071 93.539762 83.335596 256.000000 251.934059 20.999393 119.279558 64.000000 17.102517 17.046145 117.726627 256.000000 227.280619 3.589807 96.712311 0.000000 33.662916 34.720880 107.478675 256.000000 234.771306
16.933209 79.529665 0.000000 23.711188 20.921607 63.080289 256.000000 226.002771 151.802473 88.875567 64.000000 28.422447 150.382198 86.795460 256.000000 213.052185 50.924882 101.907676 64.000000 42.749839 55.708311 110.575976 256.000000 207.415884 15.954905 124.190318 64.000000 17.063794 19.191171 123.168720 256.000000 243.135405
74.835955 67.031935 64.000000 9.194485 75.739980 67.593013 320.000000 256.580780 44.517056 49.237293 64.000000 14.641476 40.114182 49.017720 256.000000 227.198871 61.681987 19.305855 64.000000 16.457139 65.373782 23.141476 256.000000 245.566329 24.392829 105.426544 64.000000 9.091225 19.277140 109.523236 256.000000 245.097354
1.451038 67.424847 0.000000 14.323089 4.434645 68.756905 256.000000 252.480479 43.585251 143.427771 0.000000 13.669106 53.183687 145.771256 256.000000 254.967335 5.205269 66.485267 64.000000 10.042082 3.189556 63.327524 256.000000 243.914161 21.322275 195.699245 0.000000 27.802884 2.009745 180.187549 256.000000 223.494401
43.698853 59.863251 0.000000 13.213039 37.904515 54.797520 256.000000 229.096282 3.399960 49.322305 64.000000 9.934519 4.468853 46.371215 256.000000 244.744548 121.295460 84.979211 64.000000 27.359725 117.838256 81.797355 256.000000 223.881628 56.800791 182.492545 0.000000 11.083292 57.420520 182.318491 256.000000 231.540114
143.075353 68.552007 0.000000 17.330551 150.792107 70.077338 256.000000 228.179846 147.272424 172.545504 64.000000 22.020297 150.909822 171.355885 256.000000 255.900982 154.655360 156.803089 64.000000 28.370817 150.622560 159.133275 256.000000 200.006945 113.871618 58.505378 0.000000 9.603225 114.990095 61.005585 256.000000 233.252517
117.976671 81.323738 64.000000 12.270787 115.243102 83.453418 256.000000 236.513827 177.593676 97.659507 64.000000 32.582984 173.568969 93.219445 256.000000 229.083375 48.252062 199.269482 64.000000 24.369473 36.802178 202.660624 256.000000 221.949797 165.172747 84.081820 64.000000 44.470847 154.515055 75.733013 256.000000 201.603180
