18.249973 32.539565 0.000000 10.554082 3.170718 21.309958 256.000000 239.366398 121.687253 144.548058 64.000000 45.778813 121.218380 138.053460 256.000000 213.168353 26.825164 115.401944 0.000000 10.992939 23.260849 115.711682 256.000000 243.978699 82.519460 9.956218 64.000000 12.184737 80.994987 11.113695 256.000000 236.427777
42.240029 49.924167 0.000000 16.728198 37.013631 51.955882 256.000000 225.116451 78.804971 81.486353 0.000000 13.944467 76.353407 86.730913 256.000000 236.526734 5.470371 185.947998 64.000000 20.449878 1.686704 180.753358 256.000000 242.180246 32.466309 42.197318 0.000000 24.253305 40.271478 43.071835 256.000000 237.770163
25.258995 96.375720 0.000000 10.829443 23.884538 92.926949 256.000000 245.463069 22.047587 60.455076 0.000000 18.836433 18.005133 65.316742 256.000000 248.027370 89.700211 94.653529 64.000000 23.973641 92.076336 95.113953 256.000000 215.212050 37.835218 61.834804 0.000000 13.707829 37.273224 66.981462 256.000000 246.710799
26.475280 94.457253 0.000000 14.129476 11.066947 93.779413 256.000000 245.944951 81.361473 204.010049 0.000000 20.277777 76.136909 205.684436 256.000000 239.340583 49.014716 74.386191 0.000000 12.429980 42.592236 84.119576 256.000000 246.082631 41.173127 95.000767 0.000000 8.867494 58.922311 117.388111 256.000000 222.896351
166.879475 35.832795 0.000000 16.349576 165.410560 34.923787 256.000000 251.942664 159.272715 149.674216 0.000000 40.034949 136.460920 146.499356 256.000000 211.559211 19.199209 174.966216 64.000000 14.581240 22.110704 177.375264 256.000000 227.973325 185.595218 68.547236 0.000000 25.526851 182.730076 67.714244 256.000000 194.689030
28.706753 121.950285 64.000000 31.429909 54.737324 132.565645 256.000000 244.176615 63.651904 31.388651 64.000000 26.198044 64.316944 33.089840 256.000000 228.377762 57.887167 74.034560 64.000000 30.969539 46.006238 74.499169 256.000000 219.174671 26.627535 18.861747 0.000000 14.370417 31.750582 16.379738 256.000000 259.738830
66.413038 165.696158 64.000000 18.135122 68.452264 164.440611 256.000000 237.839003 22.016113 95.993664 64.000000 18.049071 26.542911 95.793658 256.000000 238.170297 72.942876 174.510153 64.000000 8.678183 72.935331 175.652227 256.000000 243.307506 164.988636 74.973093 0.000000 20.570348 165.097602 77.915595 256.000000 240.480750
15.441565 60.737100 64.000000 17.197172 19.290629 56.520529 256.000000 232.452248 150.157320 171.957704 64.000000 30.616732 150.713065 160.331165 256.000000 224.389326 28.130504 153.594549 0.000000 19.765777 25.213433 152.043469 256.000000 228.562770 54.150784 60.002016 64.000000 10.799325 57.001325 65.166235 256.000000 223.653595
111.122611 36.102244 64.000000 19.064466 111.699647 38.990669 256.000000 217.634369 10.303135 4.294389 64.000000 28.190111 19.182160 3.171773 256.000000 225.826367 10.972191 26.816889 64.000000 22.459154 13.603804 27.367676 256.000000 222.384351 18.338807 183.024289 0.000000 26.413170 21.886427 181.749320 256.000000 230.696820
63.516565 130.275618 64.000000 13.673409 64.216416 128.633415 256.000000 238.764045 82.643898 29.463705 64.000000 9.981846 82.203918 14.767780 256.000000 248.823337 15.799413 62.172425 64.000000 14.865207 6.166602 61.106196 256.000000 253.465756 27.782458 117.830753 0.000000 25.677439 31.767049 114.080293 256.000000 236.070667
13.621989 86.889236 0.000000 14.774854 13.987833 80.907378 256.000000 238.058432 83.093869 91.705909 64.000000 18.660029 82.185573 91.448764 256.000000 227.039678 163.437736 127.803005 0.000000 12.434283 162.399393 122.902498 256.000000 234.293727 133.659033 94.166764 64.000000 56.599651 119.005035 115.297727 256.000000 194.241568
33.205169 192.485147 64.000000 23.526179 31.253951 190.350936 256.000000 236.789188 4.966942 141.416887 0.000000 14.077845 1.257238 139.361949 256.000000 238.273558 181.112800 115.454598 0.000000 31.318043 175.674740 125.469545 256.000000 220.943007 15.443827 173.900460 0.000000 11.965308 12.701275 174.388029 256.000000 235.627508
18.229096 55.342155 64.000000 20.682214 21.285827 57.559944 256.000000 237.335608 11.680253 70.392700 0.000000 19.486113 10.211235 63.082120 256.000000 231.389526 79.395465 119.694622 0.000000 11.539359 79.161347 119.904685 256.000000 255.900982 89.623795 139.454258 64.000000 10.648737 90.329713 138.307607 256.000000 234.745491
57.632387 160.330416 0.000000 19.111794 57.006187 156.714769 256.000000 241.087406 163.169622 144.090800 0.000000 10.369073 162.944902 146.250655 256.000000 253.431336 100.316613 197.790725 0.000000 12.059964 99.980967 198.044084 256.000000 254.541386 2.679135 106.029835 64.000000 17.734987 4.327113 104.193325 256.000000 234.969222
137.827935 171.202647 0.000000 44.862376 134.974913 162.018784 256.000000 204.029801 92.960904 110.383084 0.000000 37.449134 83.805651 108.003365 256.000000 210.655682 31.112453 25.280509 64.000000 13.139896 30.316035 26.897095 256.000000 246.362295 66.581571 87.358213 64.000000 10.833745 67.119818 95.958876 256.000000 235.816819
84.758864 108.953011 0.000000 11.565174 91.747073 106.610056 256.000000 251.017622 28.112242 6.829707 64.000000 22.011692 30.253731 9.195540 256.000000 232.456551 98.456422 17.175013 0.000000 13.527123 97.023649 13.358880 256.000000 241.612313 24.564615 98.704742 0.000000 14.211224 18.134645 108.095731 256.000000 237.942264
47.124589 10.764462 0.000000 17.364971 56.820447 16.095051 256.000000 232.757727 17.633907 60.549369 64.000000 9.938821 18.487422 61.504064 256.000000 259.149385 153.353987 108.411556 0.000000 44.161065 141.681578 108.448618 256.000000 216.244655 90.623620 190.319689 0.000000 10.795023 88.310375 195.452025 256.000000 231.596047
78.034207 16.350144 0.000000 17.352063 73.823249 7.188024 256.000000 240.454935 13.461918 213.016715 0.000000 15.816064 7.276304 213.228458 256.000000 241.259506 18.793880 116.342107 64.000000 13.062451 20.429240 123.836580 256.000000 250.871336 53.131975 182.546900 64.000000 23.934919 55.912305 181.438762 256.000000 232.297357
122.039611 64.502769 64.000000 16.547492 123.434231 67.466018 256.000000 240.657154 105.769933 71.085262 64.000000 20.320802 104.874318 69.742893 256.000000 232.202702 68.027591 77.811578 64.000000 16.323761 65.143104 76.330189 256.000000 247.889690 23.808085 126.217093 0.000000 9.839863 26.788376 127.805269 256.000000 230.344013
115.216925 89.329218 64.000000 9.104132 120.745680 85.800013 256.000000 252.880613 93.654445 193.146858 64.000000 28.998985 95.606309 190.996396 256.000000 234.883172 177.832591 120.504453 0.000000 13.092568 176.914733 128.518749 256.000000 235.322029 94.251376 167.531333 64.000000 37.294243 83.970120 166.409493 256.000000 216.390941
110.401729 175.759833 64.000000 11.586686 109.389691 177.446720 256.000000 61.315213 8.238425 154.979611 0.000000 8.622250 3.976993 155.641309 256.000000 247.928412 82.470347 151.365082 64.000000 23.147558 79.163060 152.174376 256.000000 256.942192 85.443644 95.256945 64.000000 18.711659 85.115593 105.632136 256.000000 242.076985
16.255262 205.737585 64.000000 11.371560 17.506447 201.964678 256.000000 223.928956 57.360456 121.384876 64.000000 12.386955 57.758487 120.599833 256.000000 236.677323 40.889696 50.948538 0.000000 11.388770 43.166911 53.849415 256.000000 245.183405 127.029964 41.753204 0.000000 23.379894 118.135356 34.721144 256.000000 217.746235
50.674956 121.829155 64.000000 24.253305 49.497775 118.063909 256.000000 218.210907 60.761216 16.128760 64.000000 39.862848 57.535487 16.953255 256.000000 200.372659 46.820093 42.518704 0.000000 9.151460 48.596529 34.339673 256.000000 233.536483 88.705989 182.485582 64.000000 9.826956 88.678933 181.881818 320.000000 263.619703
5.021276 203.031544 0.000000 29.321674 16.870344 197.765195 256.000000 244.503607 44.901253 173.872824 0.000000 28.284766 28.675076 168.090245 256.000000 235.171441 79.792593 21.662415 0.000000 38.060092 76.584016 24.394293 256.000000 211.615144 121.513598 169.304644 64.000000 25.686044 118.851773 170.636102 256.000000 242.218968
57.931995 87.793324 64.000000 11.208065 59.263595 91.552607 256.000000 248.930900 0.438909 134.105980 64.000000 24.864263 1.619302 134.154433 256.000000 234.586298 30.256831 25.515425 0.000000 15.321274 25.947367 28.371718 256.000000 241.642431 67.207098 114.751053 0.000000 18.543861 67.195098 111.633829 256.000000 248.694261
182.368996 133.143409 64.000000 17.593004 181.107029 138.294527 256.000000 243.363439 121.954842 151.493387 64.000000 40.357638 119.416884 144.441493 256.000000 224.139779 113.907176 201.062155 0.000000 33.314412 110.519889 200.504904 256.000000 229.629795 15.251038 88.282773 0.000000 11.225275 7.638380 99.938511 256.000000 244.159405
19.035635 102.820644 64.000000 37.414714 16.591038 97.551607 256.000000 214.033160 152.579013 60.908165 64.000000 35.164496 146.175858 63.428571 256.000000 220.474032 95.560338 131.982384 64.000000 36.795151 96.245467 129.986865 256.000000 220.344957 138.967133 136.604111 64.000000 99.358094 145.510653 151.285293 256.000000 169.024498
61.741060 151.034124 0.000000 33.688732 63.958778 142.013827 256.000000 227.418300 59.947264 78.735467 64.000000 23.577810 57.188405 63.809562 256.000000 242.373859 33.666075 71.164695 64.000000 13.673409 40.102433 74.413885 256.000000 260.586426 173.826325 86.343700 64.000000 40.293100 164.016867 75.063773 256.000000 206.641431
100.299384 151.551629 64.000000 17.016467 111.467009 149.942698 256.000000 245.420043 148.236722 4.904602 0.000000 27.863120 142.849525 8.796605 256.000000 224.139779 45.940813 73.010498 64.000000 32.165640 47.056675 80.176718 256.000000 220.904284 57.820882 88.390396 64.000000 16.177475 55.099602 88.418733 256.000000 247.136749
38.642693 106.380775 64.000000 43.593133 34.592095 102.946591 256.000000 214.132118 10.742836 27.627824 0.000000 9.284838 7.385667 28.892633 256.000000 258.680410 153.700075 142.762785 64.000000 23.706885 151.518924 146.614142 256.000000 234.655138 179.304738 43.537873 64.000000 22.928129 179.420475 33.922804 256.000000 223.898838
39.026744 92.786185 0.000000 16.229105 34.798407 91.434885 256.000000 243.294598 168.059118 53.524882 64.000000 36.278849 165.008598 54.261125 256.000000 197.378105 72.828036 86.729785 0.000000 36.993067 74.143591 95.830815 256.000000 233.880685 80.250662 16.389656 64.000000 25.759187 84.776158 25.431627 256.000000 207.549262
109.356896 214.496005 64.000000 16.822853 117.116356 210.535393 256.000000 250.187235 49.071382 121.038020 64.000000 22.807659 50.663762 119.031224 256.000000 238.161692 38.326205 91.274842 0.000000 13.811089 40.443640 88.092249 256.000000 254.683369 166.374793 140.078702 64.000000 13.152804 166.457475 140.013105 256.000000 253.599134
