86.054456 21.124729 64.000000 39.690747 54.594147 39.677087 256.000000 218.361495 94.723938 119.518218 0.000000 43.653368 82.232989 132.856856 256.000000 208.478607 48.137982 105.288596 0.000000 18.027559 44.245367 101.207942 256.000000 225.464956 13.711691 210.762631 64.000000 10.360468 15.981296 213.930169 256.000000 259.308578
66.263842 52.552549 64.000000 27.394145 25.908942 33.592498 256.000000 224.217225 153.156918 117.995475 0.000000 20.514415 147.714851 128.639500 256.000000 248.139236 137.583022 74.966907 64.000000 15.252433 136.801649 75.411773 256.000000 43.575923 53.470845 194.254196 0.000000 52.460626 54.168636 194.971727 256.000000 214.953899
132.611718 39.715607 0.000000 26.886447 123.742133 25.307864 256.000000 246.814060 175.033747 134.367053 64.000000 82.634199 175.373647 134.322947 256.000000 190.786644 126.017413 92.612355 64.000000 15.446047 125.274185 93.221876 256.000000 233.618231 31.022807 172.318958 64.000000 38.098815 37.522900 158.186909 256.000000 221.553965
142.965671 185.970033 0.000000 23.990852 128.374420 198.523238 256.000000 234.599206 164.101411 93.101604 0.000000 31.718177 133.859329 96.997445 256.000000 222.238066 31.956840 86.672991 0.000000 20.445575 45.048389 90.714458 256.000000 221.683040 96.968420 41.387229 64.000000 14.938349 96.176529 41.394533 256.000000 236.617087
173.573109 77.450638 0.000000 11.281207 186.941595 88.078853 256.000000 282.305547 124.053538 53.369256 0.000000 48.472190 125.107080 52.732958 256.000000 220.525663 88.495811 159.436667 0.000000 12.115896 86.320729 164.451902 256.000000 255.079201 40.938371 146.721080 0.000000 16.964836 40.622140 145.364995 256.000000 253.551806
37.835218 61.834804 0.000000 13.707829 37.273224 66.981462 256.000000 246.710799 2.952198 191.266567 64.000000 9.878586 9.291698 206.502578 256.000000 242.313624 140.562364 84.719956 0.000000 10.721880 145.847924 92.889665 256.000000 239.572919 132.915722 163.544320 64.000000 9.000872 133.550667 162.402296 256.000000 259.480679
118.593547 84.944075 64.000000 9.035292 117.103122 84.730100 256.000000 258.323301 60.969207 61.452349 64.000000 38.090210 65.407462 99.406040 256.000000 223.799880 117.542498 174.683284 64.000000 17.851155 117.573660 173.861036 256.000000 235.455407 22.040473 100.999555 0.000000 13.595963 10.449438 101.290744 256.000000 241.001355
106.775605 171.766160 0.000000 48.941165 106.698498 118.872313 256.000000 206.073498 28.935753 130.093869 0.000000 38.929201 38.129936 108.293460 256.000000 223.997796 2.806311 105.646904 64.000000 32.432396 9.371475 102.622509 256.000000 228.945694 1.541593 120.054835 0.000000 8.897611 1.001002 119.057424 256.000000 249.059975
24.282778 121.690191 0.000000 28.379422 19.602264 117.243742 256.000000 218.507781 93.174325 147.782327 0.000000 11.066081 102.138087 147.492735 256.000000 247.115236 78.065762 97.425749 64.000000 19.266685 86.170007 92.296347 256.000000 232.361895 6.771182 73.503311 0.000000 11.044569 3.621171 68.483876 256.000000 238.488684
13.478856 116.202302 64.000000 12.795694 15.892915 117.796398 256.000000 242.765388 68.693144 110.341615 64.000000 11.952401 75.819742 109.619422 256.000000 227.994837 97.554780 137.052558 0.000000 61.986406 98.580233 137.763589 256.000000 199.124928 70.186109 181.051036 64.000000 12.834417 68.506467 181.893551 256.000000 255.810629
26.872300 89.450760 64.000000 15.174988 29.073358 92.878696 256.000000 235.786701 72.134393 58.652611 64.000000 13.621778 81.874384 53.172458 256.000000 234.952012 103.973642 50.783127 0.000000 12.993610 94.235671 34.254273 256.000000 236.681625 69.407207 148.833780 0.000000 19.425878 60.431453 153.939020 256.000000 238.733927
97.304304 12.048496 64.000000 16.065610 91.853062 15.975922 256.000000 237.916448 138.750482 121.662789 64.000000 8.828771 210.475856 116.605287 256.000000 249.232076 46.082400 217.244378 0.000000 30.530682 42.868331 214.999304 256.000000 222.887746 57.211716 129.462455 64.000000 30.702783 51.195489 129.361476 256.000000 231.277660
49.417305 79.917485 64.000000 36.653168 61.903573 58.233155 256.000000 212.768219 99.229991 206.418760 0.000000 54.616189 84.117907 202.048698 256.000000 180.649907 48.252062 199.269482 64.000000 24.369473 36.802178 202.660624 256.000000 221.949797 21.416464 102.447558 64.000000 18.410483 13.344551 104.592464 256.000000 236.019037
50.924882 101.907676 64.000000 42.749839 55.708311 110.575976 256.000000 207.415884 57.415845 152.323236 0.000000 29.967052 57.303964 145.593122 256.000000 213.594303 16.518871 58.171058 64.000000 23.203490 21.380204 59.078296 256.000000 230.159005 134.867638 175.733113 64.000000 29.756228 131.278053 170.870835 256.000000 212.294942
62.421984 47.819898 0.000000 40.641604 62.913573 45.673271 256.000000 215.754168 98.728236 132.672549 64.000000 25.651624 103.194885 125.272420 256.000000 244.094867 59.475844 130.153620 64.000000 21.917037 55.776482 129.282755 256.000000 228.949997 109.178293 208.820035 0.000000 26.447590 116.202855 206.349249 256.000000 217.234235
27.203595 217.591258 64.000000 21.611558 8.829842 224.207747 256.000000 239.314767 34.925542 6.227609 64.000000 33.039051 37.302764 7.656760 256.000000 222.276788 8.030698 88.901573 0.000000 16.319458 12.486653 88.756542 256.000000 238.923238 141.484129 59.406167 0.000000 8.669578 149.081049 63.577829 256.000000 252.239538
162.245904 114.677978 0.000000 20.583256 164.398287 106.560916 256.000000 199.189466 3.012747 228.442109 0.000000 18.203962 1.309424 227.968338 256.000000 239.370700 41.173127 95.000767 0.000000 8.867494 58.922311 117.388111 256.000000 222.896351 53.640662 157.637787 64.000000 10.683157 57.684220 162.682249 256.000000 253.934730
44.036709 154.400795 64.000000 14.095056 42.259165 154.117025 256.000000 232.860987 96.261216 102.240560 0.000000 9.689275 101.467100 117.393053 256.000000 244.374531 85.461275 127.703453 0.000000 35.241941 78.345653 127.214587 256.000000 195.028929 72.706282 91.703349 0.000000 21.060835 71.305342 90.104680 256.000000 236.935474
151.416867 19.853464 64.000000 15.936534 152.022404 21.110580 320.000000 256.352747 76.739367 192.612287 0.000000 29.054918 74.088898 196.664945 256.000000 231.359408 56.149380 29.693233 64.000000 57.167583 53.212555 49.145013 256.000000 196.857500 163.349582 68.993985 0.000000 23.616532 163.795302 72.958098 256.000000 230.787173
87.349344 199.347393 64.000000 14.353207 84.865456 200.911107 256.000000 226.803039 83.188865 8.827915 0.000000 39.195957 84.687878 27.426624 256.000000 235.291911 101.655829 174.287745 64.000000 12.804300 99.576653 186.577687 256.000000 251.176815 128.952976 147.381224 64.000000 20.114281 131.898395 143.924013 256.000000 234.921895
47.963940 6.511338 0.000000 39.815520 45.474304 18.112791 256.000000 228.519745 23.808085 126.217093 0.000000 9.839863 26.788376 127.805269 256.000000 230.344013 65.204805 100.295509 0.000000 9.913006 64.851556 106.718382 256.000000 247.511068 65.419469 153.279822 64.000000 21.822381 68.252616 152.761847 256.000000 219.940520
5.988435 179.693427 0.000000 15.962349 11.974409 188.253905 256.000000 246.667774 160.296611 75.350218 0.000000 14.052030 159.650173 75.749093 256.000000 243.724850 48.141338 61.704404 0.000000 49.879114 49.092973 63.059100 256.000000 210.965463 133.226416 129.285793 64.000000 19.826012 132.518765 129.250275 256.000000 225.615544
106.500104 13.520082 64.000000 10.278720 115.499509 4.555662 256.000000 237.886331 65.391489 178.651325 64.000000 13.892837 77.305909 187.586278 256.000000 281.918320 95.929687 213.893804 64.000000 25.879658 80.842533 225.604453 256.000000 213.207076 127.641767 161.080665 0.000000 29.704598 127.685655 158.390493 256.000000 245.157590
136.011031 194.102156 0.000000 12.374048 140.654218 192.332324 256.000000 252.420243 149.990075 73.149047 64.000000 23.311053 151.287745 78.148645 256.000000 247.627236 114.910947 89.062380 64.000000 11.436098 117.663478 85.707142 256.000000 257.630595 56.234613 87.309071 0.000000 13.152804 51.210769 84.225020 256.000000 238.531709
50.043402 56.961847 64.000000 28.396632 43.099835 53.450655 256.000000 225.525191 26.825164 115.401944 0.000000 10.992939 23.260849 115.711682 256.000000 243.978699 110.796727 82.435969 0.000000 27.518918 106.904756 78.346173 256.000000 233.265424 112.365862 35.180280 0.000000 26.748767 114.968247 39.595618 256.000000 224.643174
56.500242 102.336145 64.000000 12.206249 59.234082 99.523696 256.000000 256.890562 69.180649 34.423909 64.000000 13.217341 75.598035 36.386091 256.000000 233.097626 45.458933 138.201802 64.000000 60.080389 45.562527 137.298789 256.000000 200.247886 187.516047 113.130964 0.000000 16.706685 188.188105 119.355173 256.000000 248.664143
84.697391 224.212200 64.000000 16.706685 88.005298 224.987984 256.000000 230.864618 97.929387 131.742087 0.000000 23.762818 109.110260 119.680545 256.000000 242.907372 78.331831 218.536478 0.000000 22.644163 75.434613 220.440415 256.000000 228.072283 29.529542 16.034480 64.000000 9.413914 27.816971 16.065698 256.000000 243.019237
26.067302 148.799291 0.000000 28.603153 30.220965 146.584818 256.000000 232.959945 121.880149 176.596587 0.000000 14.138081 123.869029 175.964525 256.000000 251.955571 18.961227 190.167156 0.000000 14.632871 33.268118 197.655020 256.000000 218.103344 93.893076 64.336336 64.000000 29.618548 91.993124 59.600613 256.000000 256.172041
127.819027 147.388564 64.000000 28.758044 111.485202 154.446929 256.000000 222.306906 19.268498 76.583405 0.000000 12.309510 20.192465 72.181071 256.000000 234.934802 9.109938 103.188656 64.000000 59.615717 13.151340 101.263549 256.000000 182.327890 7.889013 47.134002 64.000000 10.046384 7.561920 48.560191 256.000000 249.464412
75.862753 79.106033 64.000000 12.025543 92.114047 40.877536 256.000000 243.453792 76.912062 24.338924 0.000000 14.512400 72.432998 20.887469 256.000000 238.553221 100.707513 154.660242 0.000000 37.556697 99.041516 149.591811 256.000000 237.000012 78.714431 81.779155 64.000000 9.379494 77.498058 85.266055 256.000000 249.735471
4.693642 124.230309 0.000000 15.527795 7.162362 124.965491 256.000000 254.235907 64.145658 214.262895 64.000000 28.125573 31.380571 216.915891 256.000000 224.965863 59.545993 127.158145 0.000000 30.207993 58.410516 122.168515 256.000000 225.219712 31.998435 92.826351 64.000000 16.388299 18.975876 89.892718 256.000000 242.533052
100.056744 194.164093 0.000000 53.613702 96.817725 193.252284 256.000000 205.875582 17.550233 91.741271 64.000000 14.516702 16.074480 97.997413 256.000000 251.835101 47.679822 226.791865 64.000000 21.138281 54.550549 227.757656 256.000000 226.321157 92.278616 86.103753 64.000000 10.270115 94.610516 82.934858 256.000000 234.887474
