19.711635 99.622204 0.000000 16.857273 26.087296 102.134556 256.000000 234.194769 19.268498 76.583405 0.000000 12.309510 20.192465 72.181071 256.000000 234.934802 105.897573 56.397411 64.000000 11.165039 108.012365 53.540315 256.000000 240.945423 43.698853 59.863251 0.000000 13.213039 37.904515 54.797520 256.000000 229.096282
42.400482 22.586820 0.000000 11.513544 54.436205 10.226076 256.000000 225.976955 19.986335 87.858624 0.000000 25.285910 34.566704 61.353236 256.000000 228.975812 39.827191 111.444409 64.000000 12.524636 38.515060 110.268564 256.000000 233.304147 96.968420 41.387229 64.000000 14.938349 96.176529 41.394533 256.000000 236.617087
118.323649 0.285393 64.000000 27.333910 117.966153 3.391458 256.000000 222.603780 93.174325 147.782327 0.000000 11.066081 102.138087 147.492735 256.000000 247.115236 136.355593 110.076091 0.000000 9.409611 136.204238 114.196835 256.000000 240.859372 93.836705 125.603573 64.000000 17.786618 103.904971 123.566700 256.000000 241.478935
21.185689 133.830636 64.000000 30.827556 29.023255 125.734742 256.000000 217.883915 49.611911 134.480593 0.000000 18.956903 46.229509 132.916825 256.000000 238.531709 36.333775 108.164769 0.000000 13.015123 41.984209 110.498958 256.000000 221.708856 14.350007 117.136873 64.000000 11.195157 12.633284 115.492778 256.000000 235.507037
88.673895 31.046265 64.000000 31.124430 89.829105 38.183251 256.000000 226.101729 41.547425 85.556391 64.000000 13.514215 38.849747 87.243618 256.000000 236.853726 121.971251 188.831256 0.000000 27.372632 118.645749 190.643704 256.000000 229.388854 140.194304 180.407896 64.000000 8.643763 140.747471 180.718395 256.000000 261.722292
154.697218 33.937091 64.000000 42.487385 145.230496 37.444760 256.000000 227.818434 109.555258 68.136449 64.000000 15.334181 107.701353 64.161651 256.000000 236.647205 147.993624 116.040238 0.000000 37.926714 140.706900 112.123869 256.000000 239.138364 29.084955 189.013593 0.000000 21.456667 26.828367 188.390431 256.000000 243.402161
72.130456 52.445524 64.000000 11.767392 68.567898 42.176740 256.000000 246.267640 183.018813 42.272142 64.000000 36.145471 181.357131 41.649071 256.000000 226.011376 80.216907 191.181555 64.000000 12.567661 92.987369 203.947911 256.000000 256.722763 109.098785 162.475649 0.000000 23.999457 113.098633 146.865098 256.000000 246.844177
34.925542 6.227609 64.000000 33.039051 37.302764 7.656760 256.000000 222.276788 82.396724 102.091376 0.000000 10.330351 80.729275 103.111909 256.000000 237.765860 117.541393 91.898880 0.000000 35.822782 115.092609 90.073316 256.000000 231.970366 187.323293 46.449589 0.000000 20.862919 187.892516 49.807495 256.000000 227.801224
22.964184 132.653222 64.000000 11.078989 18.934851 133.467976 256.000000 251.654395 170.450138 52.688422 0.000000 13.574451 170.942491 52.354720 256.000000 247.261522 103.068551 190.441102 64.000000 22.747423 92.310358 208.247235 256.000000 229.724450 86.209215 166.836916 0.000000 26.417473 83.775091 165.548505 256.000000 218.120554
70.511225 63.814355 0.000000 24.481339 67.401758 68.055002 256.000000 231.105559 107.981827 157.480871 0.000000 23.237911 107.476584 152.200029 256.000000 234.689558 70.351082 23.945053 64.000000 60.329935 66.278331 28.147976 256.000000 208.254876 99.908520 95.095236 0.000000 15.906416 98.586711 103.165316 256.000000 229.044652
160.157011 5.276680 64.000000 20.970482 159.556962 3.579529 256.000000 238.923238 148.740002 103.166345 64.000000 12.150316 150.509429 100.763251 256.000000 240.579708 79.395465 119.694622 0.000000 11.539359 79.161347 119.904685 256.000000 255.900982 34.540180 128.199375 64.000000 36.283151 31.110851 117.643209 256.000000 228.334736
103.755598 46.055100 0.000000 34.493303 98.749391 50.232645 256.000000 227.108518 86.240676 107.697598 0.000000 17.567189 75.580435 136.538080 256.000000 241.651036 16.718587 59.277605 0.000000 20.905945 6.692265 65.552684 256.000000 228.700451 12.270589 114.880549 64.000000 20.402550 10.415369 113.551918 256.000000 239.689087
121.953300 110.042387 64.000000 11.109107 124.862451 107.788007 256.000000 269.608811 77.842487 142.264985 0.000000 31.941908 74.468849 136.961349 256.000000 225.576821 13.553318 51.330640 64.000000 12.034148 10.946902 50.512678 256.000000 240.631339 96.447595 41.145758 0.000000 15.243828 95.498624 39.183069 256.000000 219.019781
56.800791 182.492545 0.000000 11.083292 57.420520 182.318491 256.000000 231.540114 38.081918 160.600520 0.000000 14.249946 39.261840 159.307067 256.000000 243.002027 96.503227 137.544729 64.000000 32.212967 89.495333 134.836644 256.000000 223.317998 51.145773 39.748740 0.000000 9.697880 56.182845 40.607776 256.000000 248.801824
26.793016 228.415191 64.000000 35.895924 30.495076 226.003158 256.000000 222.513427 104.795047 126.890469 64.000000 41.777469 106.481107 127.444922 256.000000 229.449089 42.799125 150.224695 0.000000 16.887391 46.191645 148.552109 256.000000 234.255004 88.109875 36.412302 0.000000 52.877971 89.813898 26.285031 256.000000 204.799952
181.193525 85.773851 64.000000 9.521477 184.777184 82.159216 256.000000 238.058432 45.448820 219.410891 64.000000 39.712260 52.658175 217.205107 256.000000 208.573262 127.753355 144.554524 0.000000 10.239998 132.674204 143.144071 256.000000 233.837659 22.076067 155.262211 64.000000 30.913606 27.291138 152.517435 256.000000 231.811173
72.709500 94.936333 0.000000 23.569205 69.644238 83.672320 256.000000 236.939776 86.121393 14.505578 0.000000 15.192198 83.573505 7.712885 256.000000 236.117995 163.580989 120.388940 0.000000 49.539215 161.892516 121.031529 256.000000 203.427448 65.966607 108.024138 0.000000 92.740819 66.438907 108.865060 256.000000 162.355592
31.022807 172.318958 64.000000 38.098815 37.522900 158.186909 256.000000 221.553965 19.641027 59.730298 0.000000 10.984334 22.349185 60.807027 256.000000 242.588985 23.079665 119.896364 64.000000 30.311253 22.858191 113.349829 256.000000 235.347844 59.327098 68.003565 64.000000 12.189039 62.064053 63.624916 256.000000 251.129487
168.220205 67.506122 64.000000 57.847381 155.965465 65.607033 256.000000 194.719148 34.012198 13.216204 64.000000 24.773910 71.474385 5.651200 256.000000 235.636113 81.712804 55.989925 64.000000 14.594148 86.219473 59.345944 256.000000 237.589457 184.279813 124.049638 0.000000 40.443688 180.430545 115.849658 256.000000 204.145969
173.890985 37.565131 64.000000 12.877442 180.354458 20.076735 256.000000 249.485925 162.193702 7.106515 0.000000 212.884387 162.422607 6.212891 256.000000 35.495790 149.456396 4.524131 64.000000 37.746008 141.562658 24.179962 256.000000 228.450904 78.845967 25.296516 64.000000 11.362955 79.713209 26.011787 256.000000 232.163979
176.384225 55.683924 0.000000 13.656198 179.662362 48.764924 256.000000 238.174600 172.744796 113.400751 64.000000 33.421975 170.967255 113.522273 256.000000 240.067708 7.790649 12.633595 64.000000 14.865207 14.198675 9.394529 256.000000 235.756583 14.030765 16.218598 64.000000 10.997241 12.600456 16.723575 256.000000 261.201687
76.791427 74.122149 0.000000 37.074815 74.646985 80.433176 256.000000 233.760214 31.455138 206.806145 0.000000 24.799725 34.976915 205.374885 256.000000 235.429592 7.667649 30.992782 64.000000 26.008733 24.016235 29.354564 256.000000 234.418500 14.363144 53.227544 0.000000 46.178947 9.928905 52.256224 256.000000 202.726137
57.632387 160.330416 0.000000 19.111794 57.006187 156.714769 256.000000 241.087406 74.284711 169.308493 0.000000 23.431524 71.546975 167.965365 256.000000 234.668046 28.745509 26.369009 64.000000 20.312197 27.625155 29.692360 256.000000 220.917192 51.473053 77.515998 64.000000 14.387627 53.723489 76.070069 256.000000 241.780111
2.442458 46.940722 64.000000 11.100502 2.412425 48.579965 256.000000 243.625892 47.497091 64.022865 64.000000 15.966652 49.005596 59.416231 256.000000 238.665087 22.302367 13.780002 64.000000 34.093168 21.065949 20.882975 256.000000 238.170297 162.396082 157.166169 64.000000 35.186009 159.418980 153.910520 256.000000 238.755440
45.755667 141.218735 0.000000 14.069240 54.750509 148.338749 256.000000 239.921423 140.516238 76.090400 0.000000 12.193342 142.077456 72.650993 256.000000 257.428377 105.769933 71.085262 64.000000 20.320802 104.874318 69.742893 256.000000 232.202702 77.530216 20.045024 64.000000 11.986821 90.125947 16.597115 256.000000 233.054601
91.212784 12.167238 0.000000 8.906216 97.531929 10.358689 256.000000 252.626764 56.470044 56.806998 64.000000 9.164368 56.512636 58.554900 256.000000 237.722835 132.946947 144.205098 0.000000 20.312197 130.994229 144.956507 256.000000 240.226902 23.612231 94.760198 64.000000 24.421104 32.886558 107.965547 256.000000 231.286265
36.803989 68.999505 64.000000 13.707829 32.946824 71.777545 256.000000 247.472345 113.189873 176.416522 64.000000 20.763962 105.355531 184.973375 256.000000 243.230061 89.461985 209.755156 0.000000 28.499892 86.891244 203.354164 256.000000 247.911202 51.077496 152.710075 0.000000 9.091225 59.288522 156.780133 256.000000 246.125657
188.464609 103.781004 64.000000 16.930416 187.818336 104.734460 256.000000 240.687271 161.774140 76.356115 64.000000 14.525308 160.938340 79.269695 256.000000 245.101657 144.597144 107.601131 64.000000 19.520533 144.016987 107.317347 256.000000 239.676179 159.988660 71.023185 64.000000 21.366314 159.249764 71.982489 256.000000 250.974597
165.641675 15.897291 64.000000 10.412098 166.636422 10.206518 256.000000 224.613057 105.743756 7.283765 64.000000 30.582312 100.690031 6.537680 256.000000 221.893864 74.835955 67.031935 64.000000 9.194485 75.739980 67.593013 320.000000 256.580780 25.922793 23.339127 64.000000 22.295659 0.955447 22.627789 256.000000 223.649292
101.719409 23.537553 64.000000 15.557912 100.411595 21.564780 256.000000 260.199200 64.906593 33.819460 0.000000 18.246987 59.952438 33.324735 256.000000 251.017622 96.612778 173.789153 0.000000 19.202147 96.363655 172.467482 256.000000 254.562898 121.905204 149.244460 64.000000 9.499964 123.538280 148.079947 256.000000 251.469386
140.460662 34.401173 64.000000 13.088266 140.896133 34.964665 256.000000 254.283235 156.828725 23.579238 64.000000 55.003416 155.217329 24.364844 256.000000 193.630610 28.401340 125.611015 64.000000 12.748367 32.770231 128.076513 256.000000 252.192210 161.316227 38.948985 64.000000 34.523420 161.523695 43.058760 256.000000 217.810772
140.562364 84.719956 0.000000 10.721880 145.847924 92.889665 256.000000 239.572919 30.803400 141.084089 64.000000 24.313541 40.990182 140.551540 256.000000 235.360752 45.930360 179.535455 0.000000 9.508569 43.202429 180.051138 256.000000 264.170425 1.033642 157.646918 0.000000 28.917237 7.657093 156.184027 256.000000 221.536755
