86.190631 213.149231 0.000000 10.988636 101.308224 219.073276 256.000000 261.537283 132.915722 163.544320 64.000000 9.000872 133.550667 162.402296 256.000000 259.480679 0.056676 107.772167 64.000000 29.850884 4.112976 95.806347 256.000000 223.158805 88.683056 85.751222 0.000000 25.901170 79.519793 100.146402 256.000000 234.762701
131.577022 102.675576 0.000000 15.359996 138.563091 95.877391 256.000000 256.933587 39.366278 134.066078 0.000000 37.913806 52.126691 122.604282 256.000000 214.700051 146.594469 184.003395 0.000000 25.776397 144.065484 184.331687 256.000000 233.403105 164.054404 50.850473 64.000000 34.433068 164.760091 53.032709 256.000000 228.222871
3.699545 10.324275 0.000000 17.700567 3.589558 13.583329 256.000000 228.166938 40.658213 76.527298 64.000000 8.893309 39.447316 75.319222 256.000000 257.677923 63.578593 142.045444 64.000000 9.018082 62.710493 141.915169 256.000000 245.540514 99.613667 19.819673 64.000000 25.010549 102.315535 34.196420 256.000000 228.506837
78.432885 57.226304 64.000000 17.373576 76.665365 53.007984 256.000000 231.901525 101.137956 31.597565 64.000000 17.390786 100.454415 32.649235 256.000000 242.778296 100.707513 154.660242 0.000000 37.556697 99.041516 149.591811 256.000000 237.000012 73.409611 37.843327 64.000000 9.448334 73.742413 31.072615 256.000000 240.041893
45.281204 180.934733 0.000000 30.453237 90.591564 179.525515 256.000000 210.767547 14.290525 96.595356 64.000000 14.301576 5.753976 98.987444 256.000000 242.812716 147.500175 161.464844 0.000000 25.277305 147.454253 158.061136 256.000000 228.016350 110.636747 149.719025 0.000000 27.919052 98.778967 144.314042 256.000000 224.471073
75.502220 112.963455 64.000000 25.720465 74.815976 108.018075 256.000000 243.333321 154.284380 91.101927 64.000000 9.035292 154.077087 92.738536 256.000000 248.414597 75.741973 65.245789 0.000000 13.191526 80.734222 72.442236 256.000000 242.141523 81.946353 49.389855 0.000000 14.925442 81.150960 33.450696 256.000000 230.688215
116.169195 31.991422 0.000000 23.676768 117.336875 36.883958 256.000000 230.498904 140.845993 43.208095 0.000000 20.492903 146.430696 58.017540 256.000000 213.770706 177.630536 35.698198 64.000000 14.998585 181.986591 40.442238 256.000000 239.942935 35.778347 169.806564 0.000000 24.851356 43.863322 170.468775 256.000000 226.833157
42.434689 107.855144 64.000000 11.801812 45.300769 108.390224 256.000000 252.674092 174.820789 25.125349 64.000000 26.099086 172.631455 24.796078 256.000000 208.001027 110.917571 84.519185 64.000000 38.395688 112.323393 80.582662 256.000000 230.103072 83.658611 68.342885 64.000000 8.716906 83.869751 66.426515 256.000000 254.907100
111.716733 20.589653 0.000000 40.589974 103.463605 23.205078 256.000000 206.602708 24.077493 152.098011 0.000000 10.278720 16.234184 155.936204 256.000000 252.273958 86.217084 191.566978 0.000000 27.045641 84.526295 190.508815 256.000000 223.692317 121.905204 149.244460 64.000000 9.499964 123.538280 148.079947 256.000000 251.469386
16.333580 59.693760 64.000000 11.066081 18.148891 62.566540 256.000000 234.405592 17.764127 158.310864 64.000000 76.886032 22.311607 161.081811 256.000000 177.220799 75.852800 73.298258 0.000000 9.469847 71.886007 75.617285 256.000000 235.679138 43.874738 162.946385 0.000000 42.891822 37.417649 128.111991 256.000000 247.110934
127.819027 147.388564 64.000000 28.758044 111.485202 154.446929 256.000000 222.306906 48.733893 202.187538 64.000000 43.339284 51.565813 171.715415 256.000000 228.597190 139.347180 137.527115 64.000000 28.663388 145.918738 119.289540 256.000000 240.269927 132.876520 133.013911 0.000000 8.794351 138.398207 147.697769 256.000000 241.844649
50.140871 30.609815 0.000000 17.360668 53.412189 31.141480 256.000000 240.119339 62.898238 61.292500 64.000000 34.622378 59.497456 64.661307 256.000000 220.413797 31.521409 76.369736 64.000000 15.992467 33.104307 80.159671 256.000000 253.741117 46.894709 99.521938 0.000000 10.205577 44.141733 101.486815 256.000000 253.607739
69.412076 71.001931 0.000000 9.048200 68.706918 71.620505 256.000000 256.456007 88.673895 31.046265 64.000000 31.124430 89.829105 38.183251 256.000000 226.101729 110.769693 129.124869 64.000000 10.257208 111.337471 129.250256 256.000000 235.343541 27.104142 141.954716 64.000000 12.658014 32.343491 146.555096 256.000000 258.994494
26.872300 89.450760 64.000000 15.174988 29.073358 92.878696 256.000000 235.786701 140.305331 57.665624 0.000000 17.975929 141.904100 62.363633 256.000000 250.836916 93.061676 42.108484 64.000000 15.803156 123.553629 31.814822 256.000000 228.506837 34.144845 123.532260 0.000000 19.081676 37.672464 127.908742 256.000000 235.640415
16.407253 92.508484 64.000000 10.696065 17.107229 99.356711 256.000000 243.483909 39.566238 99.110196 64.000000 28.848397 50.694376 89.868204 256.000000 227.934602 18.793880 116.342107 64.000000 13.062451 20.429240 123.836580 256.000000 250.871336 136.355593 110.076091 0.000000 9.409611 136.204238 114.196835 256.000000 240.859372
31.956840 86.672991 0.000000 20.445575 45.048389 90.714458 256.000000 221.683040 59.490242 153.203640 64.000000 17.803828 76.521733 156.625462 256.000000 233.867777 111.657409 68.406251 64.000000 20.927457 112.543155 50.986387 256.000000 212.652051 26.098249 156.443296 64.000000 21.727726 27.913878 157.807282 256.000000 230.899038
7.790649 12.633595 64.000000 14.865207 14.198675 9.394529 256.000000 235.756583 105.968753 36.521145 0.000000 79.166368 109.292409 39.140331 256.000000 185.210578 83.095093 53.948709 64.000000 16.685173 84.520042 45.816391 256.000000 217.242840 42.265247 82.965505 64.000000 39.376663 56.664509 79.224098 256.000000 224.656082
77.082156 138.597982 64.000000 37.582512 81.091775 127.100889 256.000000 211.137564 36.183893 111.894235 64.000000 25.367658 31.793655 109.080153 256.000000 226.867577 93.684138 38.207685 64.000000 15.385812 99.126371 42.825204 256.000000 252.235235 144.845696 61.023578 0.000000 45.120527 143.464936 55.287875 256.000000 213.598605
1.033642 157.646918 0.000000 28.917237 7.657093 156.184027 256.000000 221.536755 107.926615 194.824993 64.000000 19.881945 110.190704 192.663433 256.000000 235.235978 144.597144 107.601131 64.000000 19.520533 144.016987 107.317347 256.000000 239.676179 56.470044 56.806998 64.000000 9.164368 56.512636 58.554900 256.000000 237.722835
26.512969 107.131907 64.000000 16.715290 29.340222 104.404925 256.000000 245.850295 3.351105 168.902322 64.000000 29.549707 1.942275 168.299724 256.000000 228.166938 65.597255 150.177065 64.000000 13.759459 89.075273 162.729645 256.000000 253.177487 13.461918 213.016715 0.000000 15.816064 7.276304 213.228458 256.000000 241.259506
19.937707 88.025576 64.000000 31.064194 34.100991 77.072924 256.000000 232.353290 63.086496 102.322907 0.000000 91.630768 64.676442 101.286049 256.000000 159.937576 70.304011 111.025769 64.000000 33.013236 42.623371 115.488373 256.000000 240.932515 21.416464 102.447558 64.000000 18.410483 13.344551 104.592464 256.000000 236.019037
126.685978 52.513716 64.000000 13.049543 127.249775 47.647140 256.000000 225.125056 2.701676 129.711416 0.000000 33.671522 9.942500 118.365160 256.000000 229.354434 82.396724 102.091376 0.000000 10.330351 80.729275 103.111909 256.000000 237.765860 166.791573 139.291882 0.000000 17.162752 166.364198 137.962089 256.000000 227.319342
58.448844 58.321016 0.000000 12.189039 53.860471 58.270782 256.000000 229.397459 97.913656 31.982647 64.000000 16.758315 101.231558 36.370458 256.000000 253.513083 16.933209 79.529665 0.000000 23.711188 20.921607 63.080289 256.000000 226.002771 73.907073 85.199971 64.000000 9.676367 83.206198 82.148160 256.000000 250.832613
9.152967 130.897638 64.000000 21.861104 14.392218 131.789358 256.000000 227.736686 143.075353 68.552007 0.000000 17.330551 150.792107 70.077338 256.000000 228.179846 182.368996 133.143409 64.000000 17.593004 181.107029 138.294527 256.000000 243.363439 127.029964 41.753204 0.000000 23.379894 118.135356 34.721144 256.000000 217.746235
44.533098 208.825487 0.000000 8.794351 47.987598 211.600984 256.000000 263.103401 10.372089 99.610429 0.000000 14.619963 10.666113 93.862015 256.000000 213.667446 32.139251 144.616222 0.000000 19.877642 39.568909 145.952455 256.000000 253.775537 15.517616 153.336365 64.000000 17.412298 4.977609 154.664753 256.000000 243.690430
43.310329 174.969855 0.000000 34.114681 41.746644 169.990013 256.000000 215.169025 117.845560 128.212204 64.000000 18.092097 110.823287 146.537649 256.000000 223.984889 63.743193 73.737345 64.000000 12.034148 61.895215 74.265200 256.000000 239.344885 114.810162 205.461840 64.000000 22.261238 114.999440 204.624811 256.000000 235.528550
66.513080 33.341609 0.000000 27.157506 60.694647 37.995367 256.000000 245.312480 170.316742 44.902938 0.000000 33.895253 166.304284 56.071504 256.000000 231.690702 111.581669 146.014815 0.000000 51.045097 106.470185 143.044705 256.000000 226.045796 130.924116 96.402669 0.000000 21.465272 129.605998 96.426053 256.000000 249.150328
23.263935 83.591424 64.000000 9.013779 20.996007 81.061876 256.000000 253.814260 39.349835 123.611287 64.000000 27.488800 12.863336 106.727271 256.000000 232.620046 38.894698 8.981445 0.000000 10.416401 20.254798 0.551256 256.000000 237.283978 127.679980 168.588975 0.000000 32.419488 127.414318 166.252578 256.000000 240.394700
77.263780 164.090958 64.000000 12.524636 70.943175 169.606653 256.000000 236.259978 136.011031 194.102156 0.000000 12.374048 140.654218 192.332324 256.000000 252.420243 66.807429 25.380427 0.000000 16.108635 68.281553 26.040465 256.000000 256.731368 34.341385 79.661265 0.000000 12.976400 37.365235 83.138824 256.000000 245.983673
129.813982 89.579080 0.000000 10.257208 130.975567 85.667891 256.000000 225.959745 20.958000 70.497027 64.000000 23.534784 14.896584 68.157991 256.000000 218.899310 48.888276 3.035969 0.000000 9.082620 57.285416 1.677244 256.000000 245.665287 24.845113 30.073053 0.000000 9.061107 16.153091 15.217713 256.000000 257.161620
111.538225 49.414282 64.000000 11.315628 116.882809 42.972840 256.000000 248.354362 53.268951 4.058127 64.000000 65.665060 52.366829 3.870707 256.000000 178.382479 29.966969 21.006307 64.000000 11.109107 29.601756 21.458960 256.000000 241.160549 13.478856 116.202302 64.000000 12.795694 15.892915 117.796398 256.000000 242.765388
6.841082 177.779858 0.000000 17.799525 14.722051 187.105925 256.000000 243.488212 166.879475 35.832795 0.000000 16.349576 165.410560 34.923787 256.000000 251.942664 37.835218 61.834804 0.000000 13.707829 37.273224 66.981462 256.000000 246.710799 168.265993 66.234905 0.000000 15.342786 168.765796 69.914485 256.000000 262.367670
