111.637507 186.110545 0.000000 25.488128 114.299111 183.536233 256.000000 244.649892 46.902838 93.312545 0.000000 23.586415 46.065838 85.776809 256.000000 243.591472 119.845491 67.785267 0.000000 19.821710 140.649409 2.973449 256.000000 225.430535 110.637009 40.931269 0.000000 29.300161 102.668438 38.463215 256.000000 213.030673
68.187982 30.004047 0.000000 31.391186 64.635811 30.338049 256.000000 225.615544 81.390229 137.047847 64.000000 12.055661 79.605222 138.995145 256.000000 236.543945 54.605349 30.149304 64.000000 16.577610 53.006735 30.230107 256.000000 243.057960 69.470871 80.403971 0.000000 30.087522 52.945062 85.563296 256.000000 222.883444
36.803989 68.999505 64.000000 13.707829 32.946824 71.777545 256.000000 247.472345 78.666462 203.862282 0.000000 18.294315 73.664729 207.155945 256.000000 217.664487 16.937427 128.392409 0.000000 12.782787 21.097769 130.025502 256.000000 251.034832 110.648220 15.079884 64.000000 20.178819 108.106245 14.347255 256.000000 228.339039
136.355593 110.076091 0.000000 9.409611 136.204238 114.196835 256.000000 240.859372 66.590053 51.500922 0.000000 15.054517 61.922827 52.807095 256.000000 233.248214 97.214907 118.392118 0.000000 28.108363 98.051027 114.005069 256.000000 212.247614 14.782733 167.770560 64.000000 11.629712 7.310220 172.142651 256.000000 242.382464
88.673895 31.046265 64.000000 31.124430 89.829105 38.183251 256.000000 226.101729 72.942876 174.510153 64.000000 8.678183 72.935331 175.652227 256.000000 243.307506 54.708089 65.076978 64.000000 19.666819 52.340356 62.341778 256.000000 230.318198 85.959205 190.306304 0.000000 9.968939 85.481605 191.337811 256.000000 238.858700
118.668445 202.129833 0.000000 23.371289 118.867307 198.428758 256.000000 223.231948 114.024345 37.282996 64.000000 15.067425 113.117727 36.661784 256.000000 239.194297 4.240124 193.735335 0.000000 9.018082 8.809062 196.803295 256.000000 221.825024 34.931145 9.648905 64.000000 31.085707 38.173145 16.221518 256.000000 247.407808
8.429744 189.357575 0.000000 15.600938 4.623798 188.966193 256.000000 218.344285 74.025804 59.165813 64.000000 26.675624 71.578065 58.925404 256.000000 212.892992 83.680056 4.101269 0.000000 15.015795 90.260413 5.915067 256.000000 240.928212 128.743496 130.694305 0.000000 17.554282 122.366451 137.741678 256.000000 231.845593
44.914367 155.007224 64.000000 12.055661 45.701784 154.986567 256.000000 241.694061 136.093627 72.736671 64.000000 38.541974 128.262949 73.783840 256.000000 223.980586 44.214676 38.340507 0.000000 12.008333 39.051442 34.188320 256.000000 259.364511 69.932511 41.632251 64.000000 18.298618 73.251469 45.407082 256.000000 240.300045
142.328973 114.009949 0.000000 9.740905 148.152027 109.648893 256.000000 260.698292 162.245904 114.677978 0.000000 20.583256 164.398287 106.560916 256.000000 199.189466 5.470371 185.947998 64.000000 20.449878 1.686704 180.753358 256.000000 242.180246 157.543418 117.825015 64.000000 12.713947 160.341291 115.621169 256.000000 243.569960
49.014716 74.386191 0.000000 12.429980 42.592236 84.119576 256.000000 246.082631 77.653560 13.925771 0.000000 32.819623 79.164693 26.786733 256.000000 217.531109 52.835247 51.781378 64.000000 16.052702 69.583842 68.863142 256.000000 230.692517 23.230136 222.937356 0.000000 9.314956 26.485918 226.674858 256.000000 260.698292
27.782458 117.830753 0.000000 25.677439 31.767049 114.080293 256.000000 236.070667 85.808625 134.040855 0.000000 9.000872 86.307085 133.054605 256.000000 259.880813 57.835878 184.764602 64.000000 8.665275 55.818347 187.807615 256.000000 245.037119 146.444667 37.685045 64.000000 38.851756 106.277769 39.989149 256.000000 195.583954
52.352064 88.770836 0.000000 12.391258 52.619280 85.788418 256.000000 242.175943 8.380000 40.071644 64.000000 10.123830 3.380902 40.818485 256.000000 248.715774 27.596356 113.769022 0.000000 19.606584 24.688184 109.773665 256.000000 229.147913 155.531627 134.972767 0.000000 36.825269 148.151100 134.853240 256.000000 215.569160
14.700300 100.951720 64.000000 14.994282 19.043924 109.312164 256.000000 243.892649 59.812391 80.055664 64.000000 16.069912 56.701885 77.541724 256.000000 249.576278 62.809771 192.068735 64.000000 27.708229 62.983555 190.124918 256.000000 224.927141 126.685978 52.513716 64.000000 13.049543 127.249775 47.647140 256.000000 225.125056
150.157320 171.957704 64.000000 30.616732 150.713065 160.331165 256.000000 224.389326 2.317280 151.081180 64.000000 22.248331 1.006342 149.302020 256.000000 210.388925 156.955900 96.356809 64.000000 24.132835 156.297120 97.753695 256.000000 239.375003 53.759091 104.932195 0.000000 21.960062 44.897562 106.000480 256.000000 220.172856
63.530215 180.970587 64.000000 13.264669 79.526607 196.449776 256.000000 250.131303 121.646745 71.362347 64.000000 14.318787 121.262891 71.133645 256.000000 240.433423 8.320491 47.894367 64.000000 12.666619 4.747907 49.654144 256.000000 254.696276 39.835785 75.258318 64.000000 8.884704 41.575896 75.208858 256.000000 253.229117
69.700184 68.507944 0.000000 11.522149 72.931682 64.103827 256.000000 263.787501 163.580989 120.388940 0.000000 49.539215 161.892516 121.031529 256.000000 203.427448 38.738609 10.988891 64.000000 14.331694 40.498031 11.968520 256.000000 229.814803 187.323293 46.449589 0.000000 20.862919 187.892516 49.807495 256.000000 227.801224
34.786049 72.602835 0.000000 20.036836 39.927136 63.342615 256.000000 236.255676 180.400020 37.103678 64.000000 42.267956 177.416622 37.804056 256.000000 209.928556 121.399242 60.704349 0.000000 16.491559 124.812651 66.438678 256.000000 237.916448 114.644173 195.086160 0.000000 9.999056 118.646240 195.334407 256.000000 236.173928
54.150784 60.002016 64.000000 10.799325 57.001325 65.166235 256.000000 223.653595 170.316742 44.902938 0.000000 33.895253 166.304284 56.071504 256.000000 231.690702 31.455138 206.806145 0.000000 24.799725 34.976915 205.374885 256.000000 235.429592 110.917571 84.519185 64.000000 38.395688 112.323393 80.582662 256.000000 230.103072
81.361473 204.010049 0.000000 20.277777 76.136909 205.684436 256.000000 239.340583 19.711635 99.622204 0.000000 16.857273 26.087296 102.134556 256.000000 234.194769 25.599495 85.417035 64.000000 11.522149 24.066764 82.741711 256.000000 257.402562 99.908520 95.095236 0.000000 15.906416 98.586711 103.165316 256.000000 229.044652
134.815598 195.551707 64.000000 30.956631 133.252640 194.638884 256.000000 217.522504 49.687262 159.698338 64.000000 10.270115 51.537882 161.015209 256.000000 249.146026 21.322275 195.699245 0.000000 27.802884 2.009745 180.187549 256.000000 223.494401 40.341053 154.911600 64.000000 8.768536 33.807640 164.238951 256.000000 243.118195
5.021276 203.031544 0.000000 29.321674 16.870344 197.765195 256.000000 244.503607 40.963700 114.317300 64.000000 26.477708 35.802769 113.961044 256.000000 233.101929 40.807118 137.074545 0.000000 29.158178 38.125115 131.977849 256.000000 230.477391 30.601027 64.010555 0.000000 24.128532 25.637467 51.931947 256.000000 234.074298
67.225387 180.453080 64.000000 20.411155 65.552587 180.273385 256.000000 240.076313 12.270589 114.880549 64.000000 20.402550 10.415369 113.551918 256.000000 239.689087 86.544967 118.230467 0.000000 21.942852 84.877275 117.538678 256.000000 246.194497 100.328793 66.761618 64.000000 16.878786 106.856829 58.299467 256.000000 263.731568
121.513598 169.304644 64.000000 25.686044 118.851773 170.636102 256.000000 242.218968 48.157249 144.147985 64.000000 12.146014 47.918496 142.553751 256.000000 249.920479 95.499567 190.495865 0.000000 23.913406 93.673945 193.031696 256.000000 240.867977 92.168947 143.467780 0.000000 9.121342 92.208745 144.087784 256.000000 235.180046
59.725165 220.897838 0.000000 35.306479 61.405193 215.350700 256.000000 222.414469 122.913582 62.388816 0.000000 16.401206 123.580084 59.200880 256.000000 218.215209 53.833235 131.236007 0.000000 11.763090 57.473884 132.427791 256.000000 250.488412 142.953402 96.998153 0.000000 15.807458 155.708320 80.019495 256.000000 243.324716
146.562520 152.422600 64.000000 37.212495 144.198062 149.418115 256.000000 210.074842 178.709524 67.317640 64.000000 8.747023 181.062636 70.021960 256.000000 238.574734 10.870955 149.726604 64.000000 14.572635 7.486042 149.378356 256.000000 240.863675 97.989898 143.792695 64.000000 43.089738 96.881940 135.548073 256.000000 226.755712
93.884996 109.783707 64.000000 25.991523 88.511631 110.600605 256.000000 233.893592 38.135935 144.541271 64.000000 19.770079 31.734284 143.199116 256.000000 219.811444 27.835733 119.233418 0.000000 14.697408 18.385471 123.348791 256.000000 229.952484 53.244938 85.281584 0.000000 12.662316 62.206411 92.784435 256.000000 245.200615
43.324318 43.309385 0.000000 33.421975 40.050900 45.835367 256.000000 223.666502 186.151082 81.333445 64.000000 38.206378 182.692175 82.136567 256.000000 231.776752 71.321093 45.964907 0.000000 11.935190 67.544124 38.777178 256.000000 255.023268 13.478856 116.202302 64.000000 12.795694 15.892915 117.796398 256.000000 242.765388
96.194053 38.862358 64.000000 17.231593 97.670802 41.942775 256.000000 242.132918 65.419469 153.279822 64.000000 21.822381 68.252616 152.761847 256.000000 219.940520 0.126284 78.851011 0.000000 17.653240 5.340129 78.475291 256.000000 252.820378 48.607022 190.166471 64.000000 15.084635 44.677344 189.900267 256.000000 222.160620
40.938371 146.721080 0.000000 16.964836 40.622140 145.364995 256.000000 253.551806 25.675795 61.913976 64.000000 9.456939 29.558096 61.259249 256.000000 244.968279 89.366560 36.870142 0.000000 18.638517 89.898964 40.459925 256.000000 238.131574 65.462491 119.861738 64.000000 13.002215 68.523924 117.247624 256.000000 240.179574
13.622524 208.336789 0.000000 44.466544 39.434007 191.496649 256.000000 224.204317 24.475782 165.971629 0.000000 12.236367 27.233280 166.993496 256.000000 232.310265 94.548553 102.447311 0.000000 9.413914 98.741955 98.423227 256.000000 251.275773 69.447351 89.849331 64.000000 16.766920 67.641724 91.082913 256.000000 246.693589
95.560338 131.982384 64.000000 36.795151 96.245467 129.986865 256.000000 220.344957 98.408904 82.428738 0.000000 34.368530 96.186482 103.021316 256.000000 213.465227 128.952976 147.381224 64.000000 20.114281 131.898395 143.924013 256.000000 234.921895 72.882442 94.234165 64.000000 15.910719 97.727387 91.469945 256.000000 240.876582
34.218727 67.049482 64.000000 22.411827 32.220713 52.927222 256.000000 233.394500 97.354965 76.647569 64.000000 33.077774 102.223376 75.692107 256.000000 221.016150 74.960144 42.872325 64.000000 18.354550 71.614485 35.894024 256.000000 234.242096 130.133320 150.897453 0.000000 42.582040 128.896280 147.662304 256.000000 218.107646
