58.448844 58.321016 0.000000 12.189039 53.860471 58.270782 256.000000 229.397459 48.765582 93.008555 0.000000 19.886247 85.212809 75.825755 256.000000 242.008145 159.988660 71.023185 64.000000 21.366314 159.249764 71.982489 256.000000 250.974597 150.402936 184.500958 64.000000 63.298674 132.952382 163.588293 256.000000 181.050042
46.190585 138.151553 64.000000 13.518518 37.886489 92.406464 256.000000 244.834901 42.796324 158.781738 0.000000 17.515559 44.187855 158.107242 256.000000 254.068109 72.942876 174.510153 64.000000 8.678183 72.935331 175.652227 256.000000 243.307506 37.034860 29.058287 64.000000 17.386483 38.017929 31.147805 256.000000 223.339511
19.199209 174.966216 64.000000 14.581240 22.110704 177.375264 256.000000 227.973325 121.210825 78.310902 64.000000 38.434411 89.520587 103.407829 256.000000 205.832557 70.758284 173.444356 0.000000 13.316299 151.137287 224.848138 256.000000 259.213922 87.212875 58.930071 64.000000 32.527051 84.424644 50.074751 256.000000 228.016350
175.033747 134.367053 64.000000 82.634199 175.373647 134.322947 256.000000 190.786644 13.461918 213.016715 0.000000 15.816064 7.276304 213.228458 256.000000 241.259506 16.206864 203.503047 64.000000 12.950585 28.679293 233.255189 256.000000 269.686256 23.564007 163.445976 64.000000 12.701039 27.933562 167.245251 256.000000 266.687400
103.755598 46.055100 0.000000 34.493303 98.749391 50.232645 256.000000 227.108518 169.816267 20.145122 64.000000 23.250818 169.491811 22.667358 256.000000 207.932187 30.594424 117.150195 64.000000 42.267956 30.510105 123.355755 256.000000 208.069867 32.467398 6.465049 64.000000 26.800397 40.849496 7.413896 256.000000 251.030529
5.356402 55.670316 64.000000 41.661301 12.051458 56.211045 256.000000 225.279947 79.022662 131.582060 0.000000 22.226818 78.345040 128.328071 256.000000 216.063949 10.054915 71.765058 0.000000 18.152332 2.047698 67.981571 256.000000 249.133118 42.400482 22.586820 0.000000 11.513544 54.436205 10.226076 256.000000 225.976955
25.561853 129.749089 64.000000 17.377878 31.072649 127.752660 256.000000 225.082031 110.728531 118.487585 64.000000 65.062707 108.628373 114.099815 256.000000 201.727953 3.351105 168.902322 64.000000 29.549707 1.942275 168.299724 256.000000 228.166938 126.017413 92.612355 64.000000 15.446047 125.274185 93.221876 256.000000 233.618231
14.869778 19.332051 64.000000 10.941308 17.178911 17.355649 256.000000 257.875839 45.458933 138.201802 64.000000 60.080389 45.562527 137.298789 256.000000 200.247886 60.550665 104.422058 0.000000 41.829099 57.400095 101.759451 256.000000 224.677594 58.044673 98.990267 64.000000 18.530954 61.916280 93.534705 256.000000 230.800080
75.008098 139.277693 0.000000 35.822782 61.855535 131.404798 256.000000 229.156518 108.938509 133.369435 0.000000 25.879658 97.929782 137.753709 256.000000 215.203445 156.488882 52.032149 64.000000 8.884704 157.298800 52.601982 256.000000 245.226430 104.724100 156.169440 64.000000 16.650752 100.969515 159.118905 256.000000 224.780855
58.220095 174.707680 64.000000 11.384468 221.087651 253.837624 256.000000 209.494001 81.242320 48.158545 64.000000 17.132635 79.009900 47.323480 256.000000 239.878398 69.700184 68.507944 0.000000 11.522149 72.931682 64.103827 256.000000 263.787501 17.120158 117.234462 64.000000 22.730213 10.013231 114.091522 256.000000 247.059303
131.869556 115.976300 0.000000 20.445575 134.939680 112.544822 256.000000 236.815003 157.199038 90.543456 0.000000 9.396704 159.097991 95.104860 256.000000 244.150800 123.379702 20.324593 0.000000 30.741505 120.601033 21.062765 256.000000 222.380049 93.082513 66.563940 64.000000 27.906145 95.025660 70.839235 256.000000 221.627108
124.178229 198.738962 0.000000 24.438314 126.459202 193.708084 256.000000 248.900782 8.380000 40.071644 64.000000 10.123830 3.380902 40.818485 256.000000 248.715774 187.516047 113.130964 0.000000 16.706685 188.188105 119.355173 256.000000 248.664143 81.946353 49.389855 0.000000 14.925442 81.150960 33.450696 256.000000 230.688215
58.053496 40.486815 64.000000 36.511185 29.940960 51.480869 256.000000 216.472689 72.207015 61.908698 0.000000 9.172973 72.561862 58.157789 256.000000 248.251101 12.039702 77.171676 64.000000 10.825140 8.762440 76.430444 256.000000 229.264081 74.796209 19.592949 0.000000 18.061979 73.733905 26.293395 256.000000 235.438197
24.564615 98.704742 0.000000 14.211224 18.134645 108.095731 256.000000 237.942264 13.893111 20.264813 0.000000 25.354750 5.259384 26.044336 256.000000 236.298701 38.465531 24.717051 0.000000 11.384468 38.233862 21.852053 256.000000 255.044781 20.710113 58.075004 64.000000 24.730885 29.373673 52.053996 256.000000 219.643646
60.706916 138.540953 64.000000 11.922283 60.495215 137.696773 256.000000 238.221927 105.743756 7.283765 64.000000 30.582312 100.690031 6.537680 256.000000 221.893864 79.901436 106.024035 0.000000 15.299761 85.631133 102.335940 256.000000 237.150600 67.180845 88.996735 0.000000 8.738418 69.785591 85.458329 256.000000 247.928412
37.655033 153.227924 64.000000 13.234552 33.636993 154.167338 256.000000 224.853998 53.640662 157.637787 64.000000 10.683157 57.684220 162.682249 256.000000 253.934730 49.719665 43.831056 64.000000 27.308094 52.056500 51.723853 256.000000 239.086734 89.560045 183.848382 64.000000 10.747695 88.494069 183.940885 256.000000 226.355577
19.205027 211.750049 64.000000 44.802141 15.435109 203.913884 256.000000 199.271214 168.220205 67.506122 64.000000 57.847381 155.965465 65.607033 256.000000 194.719148 137.144115 48.046775 0.000000 24.937406 136.813062 49.071924 256.000000 241.397187 152.579013 60.908165 64.000000 35.164496 146.175858 63.428571 256.000000 220.474032
68.808522 99.461944 64.000000 21.207121 101.942725 212.950325 256.000000 237.481894 174.797795 102.959762 64.000000 39.578881 171.058205 100.350580 256.000000 205.505565 137.978304 82.724676 0.000000 16.211895 147.448305 105.106871 256.000000 233.484853 186.581918 115.775871 64.000000 12.206249 187.352098 115.047849 320.000000 244.159405
25.392820 133.274922 0.000000 9.482754 26.938238 133.834724 256.000000 253.883100 77.131278 58.960256 0.000000 12.688131 76.795344 61.449791 256.000000 239.387910 114.050225 138.351149 64.000000 23.483154 115.022115 135.786033 256.000000 254.993150 103.068551 190.441102 64.000000 22.747423 92.310358 208.247235 256.000000 229.724450
152.094071 105.263680 64.000000 18.100702 151.206073 105.905960 256.000000 231.096954 15.163807 110.402044 64.000000 15.566517 13.531762 110.427789 256.000000 241.956515 65.103224 44.182833 64.000000 9.865678 64.819998 40.162247 256.000000 247.769219 78.804971 81.486353 0.000000 13.944467 76.353407 86.730913 256.000000 236.526734
1.639402 42.378987 0.000000 30.844766 17.879560 26.650825 256.000000 230.481694 116.760175 30.452893 0.000000 32.380766 116.362685 36.902824 256.000000 246.646262 52.835247 51.781378 64.000000 16.052702 69.583842 68.863142 256.000000 230.692517 72.544691 92.294555 64.000000 16.715290 73.480340 87.675265 256.000000 230.714030
42.053733 42.138829 64.000000 27.910447 49.382280 46.503724 256.000000 225.301460 20.604051 212.788242 64.000000 41.932360 22.452251 202.415471 256.000000 217.100857 76.791427 74.122149 0.000000 37.074815 74.646985 80.433176 256.000000 233.760214 59.327098 68.003565 64.000000 12.189039 62.064053 63.624916 256.000000 251.129487
93.060740 84.295367 64.000000 10.011964 93.294835 89.459287 256.000000 250.682025 154.697218 33.937091 64.000000 42.487385 145.230496 37.444760 256.000000 227.818434 61.189087 59.670809 0.000000 20.944667 89.657305 53.948840 256.000000 240.278532 83.881080 179.399960 0.000000 35.874412 84.544349 174.426575 256.000000 213.749194
51.162758 0.610736 64.000000 12.490216 49.840502 1.288200 256.000000 233.084718 88.683056 85.751222 0.000000 25.901170 79.519793 100.146402 256.000000 234.762701 86.790564 11.581613 64.000000 17.554282 79.572135 6.318925 256.000000 219.333865 27.323335 125.379529 64.000000 11.109107 24.412125 125.734645 256.000000 258.628780
39.349835 123.611287 64.000000 27.488800 12.863336 106.727271 256.000000 232.620046 70.222724 60.143493 0.000000 15.562215 67.047804 62.929629 256.000000 222.530637 20.659878 95.350716 64.000000 12.326720 21.410673 101.232367 256.000000 266.708912 74.490836 168.381029 0.000000 12.176132 96.983411 164.893136 256.000000 207.695548
98.526733 100.014049 0.000000 42.104461 78.807127 90.335205 256.000000 227.534468 84.281791 49.582184 64.000000 47.723552 73.992580 63.011451 256.000000 206.908187 87.384409 35.407878 0.000000 12.128804 89.055658 36.643133 256.000000 234.827239 52.007027 47.781640 64.000000 18.410483 56.414258 28.284340 256.000000 245.385623
3.781776 49.709664 0.000000 10.334653 1.319605 52.413598 256.000000 245.368413 41.088935 22.458271 64.000000 24.292028 38.248191 24.667556 256.000000 231.690702 63.531215 46.181540 64.000000 25.875355 51.510355 44.914173 256.000000 237.000012 44.226613 81.267673 64.000000 10.614317 46.529649 79.916935 256.000000 260.345485
100.934615 51.768831 64.000000 17.532769 99.247660 50.494000 256.000000 231.793962 166.374793 140.078702 64.000000 13.152804 166.457475 140.013105 256.000000 253.599134 27.782458 117.830753 0.000000 25.677439 31.767049 114.080293 256.000000 236.070667 107.574095 4.365413 0.000000 13.978887 107.070902 5.146773 256.000000 252.730025
53.759091 104.932195 0.000000 21.960062 44.897562 106.000480 256.000000 220.172856 165.222055 14.368304 64.000000 46.144527 153.140287 8.989713 256.000000 214.459109 108.862473 157.229380 0.000000 12.954888 106.402300 159.318560 256.000000 244.348716 32.522851 108.533384 64.000000 20.333710 34.882400 105.742916 256.000000 243.471002
84.796022 155.880051 0.000000 12.881745 93.171815 154.248184 256.000000 262.535468 58.552840 68.627649 0.000000 14.168198 54.684716 66.679809 256.000000 243.862531 36.652802 95.104833 64.000000 9.792536 41.236985 95.820011 256.000000 240.442028 95.879473 38.480520 64.000000 18.234080 93.231335 39.147356 256.000000 226.011376
24.132382 176.895027 64.000000 33.404765 21.194095 174.309673 256.000000 219.376890 84.155249 37.458182 0.000000 30.569405 85.198633 42.290051 256.000000 243.526935 33.479500 165.327069 0.000000 56.375920 7.668302 148.384945 256.000000 214.063278 45.748011 14.723320 64.000000 20.277777 47.710165 14.722842 256.000000 228.975812
29.529542 16.034480 64.000000 9.413914 27.816971 16.065698 256.000000 243.019237 109.900485 41.488485 0.000000 10.881073 114.498718 44.667855 256.000000 239.392213 82.854584 159.863300 0.000000 37.604025 78.893164 153.371364 256.000000 224.570031 165.287056 55.697962 0.000000 13.114081 166.013711 56.938884 256.000000 259.764645
