165.136844 88.379500 64.000000 47.383653 142.320258 84.697042 256.000000 198.587113 15.785791 225.167324 64.000000 29.325976 15.739805 223.739704 256.000000 230.800080 103.906342 0.936804 64.000000 52.159450 89.145633 39.366002 256.000000 212.669261 49.780922 40.245220 64.000000 54.990508 62.544525 52.060309 256.000000 213.495345
137.580589 85.048947 64.000000 51.341971 136.812022 86.169258 256.000000 195.429063 27.452424 133.138002 64.000000 23.190583 31.059193 129.880605 256.000000 224.036519 113.254827 8.670596 0.000000 24.799725 111.758084 9.849851 256.000000 236.229861 54.832407 188.552382 0.000000 27.592061 58.797882 184.788067 256.000000 228.012047
21.021851 196.182185 0.000000 55.549836 28.367453 161.529993 256.000000 191.625636 30.973882 5.381245 0.000000 15.781643 35.100095 4.878649 256.000000 237.043037 95.033109 55.801145 0.000000 25.703254 93.563573 54.023420 256.000000 235.786701 33.666075 71.164695 64.000000 13.673409 40.102433 74.413885 256.000000 260.586426
106.500104 13.520082 64.000000 10.278720 115.499509 4.555662 256.000000 237.886331 44.149500 90.699769 64.000000 13.170014 48.481331 93.808324 256.000000 236.247071 28.783671 111.590424 0.000000 11.302720 25.462935 111.602475 256.000000 251.155302 34.341385 79.661265 0.000000 12.976400 37.365235 83.138824 256.000000 245.983673
94.888725 140.321900 64.000000 43.838376 88.362362 140.031658 256.000000 221.304419 136.011031 194.102156 0.000000 12.374048 140.654218 192.332324 256.000000 252.420243 104.147424 158.642073 64.000000 17.894181 105.577182 158.112356 256.000000 244.133590 16.718587 59.277605 0.000000 20.905945 6.692265 65.552684 256.000000 228.700451
104.499053 145.678376 64.000000 25.509641 101.103455 146.167935 256.000000 255.698764 151.391944 36.772813 0.000000 16.048400 151.930191 41.185549 256.000000 243.514027 92.174264 98.764740 0.000000 29.971354 92.206942 133.457560 256.000000 221.850839 102.185115 137.966235 0.000000 20.419760 103.455755 133.771395 256.000000 234.233491
92.131244 112.625362 64.000000 19.425878 92.042005 112.283964 256.000000 242.593288 76.775320 121.437031 0.000000 39.329335 66.930407 116.192222 256.000000 227.865762 104.160093 115.248535 64.000000 35.121471 122.232162 106.482204 256.000000 227.482837 22.076067 155.262211 64.000000 30.913606 27.291138 152.517435 256.000000 231.811173
40.341053 154.911600 64.000000 8.768536 33.807640 164.238951 256.000000 243.118195 47.751684 69.775609 64.000000 23.655255 45.642691 72.342200 256.000000 249.434294 46.695131 22.464902 0.000000 23.990852 32.772991 29.688725 256.000000 252.093252 49.719665 43.831056 64.000000 27.308094 52.056500 51.723853 256.000000 239.086734
114.855331 29.471231 0.000000 36.300361 104.284420 45.244284 256.000000 237.382936 84.477769 86.978847 64.000000 18.776197 85.290113 82.619273 256.000000 243.230061 77.889853 85.567953 64.000000 16.285038 80.469011 80.094949 256.000000 244.641287 77.334853 72.742089 64.000000 14.723223 80.683835 61.928562 256.000000 238.630667
39.566238 99.110196 64.000000 28.848397 50.694376 89.868204 256.000000 227.934602 154.141022 74.239222 64.000000 82.974098 163.877820 79.589105 256.000000 183.055016 0.947956 2.850824 0.000000 30.311253 4.612867 8.332322 256.000000 224.621662 36.819338 206.405027 64.000000 41.540831 32.576715 201.103616 256.000000 216.713630
140.397078 39.189145 64.000000 93.984247 139.811302 37.024555 256.000000 169.278347 34.972565 132.696405 0.000000 17.524164 41.282658 130.684051 256.000000 229.178030 78.789209 38.798069 64.000000 40.899755 69.968349 42.150224 256.000000 224.286065 94.266642 125.244471 0.000000 33.925370 66.352280 121.228765 256.000000 218.348587
24.564615 98.704742 0.000000 14.211224 18.134645 108.095731 256.000000 237.942264 3.605233 89.829051 0.000000 19.606584 1.326402 77.063624 256.000000 229.294198 96.968420 41.387229 64.000000 14.938349 96.176529 41.394533 256.000000 236.617087 36.422422 150.738224 0.000000 9.771023 31.242305 153.318320 256.000000 253.831470
52.352064 88.770836 0.000000 12.391258 52.619280 85.788418 256.000000 242.175943 174.797795 102.959762 64.000000 39.578881 171.058205 100.350580 256.000000 205.505565 33.015522 41.874109 64.000000 21.035020 32.117800 44.377793 256.000000 245.652379 67.546869 5.642018 0.000000 19.955088 64.991044 7.361489 256.000000 229.741660
62.096035 95.335895 0.000000 11.956703 57.406738 94.117065 256.000000 256.378562 48.137982 105.288596 0.000000 18.027559 44.245367 101.207942 256.000000 225.464956 0.729242 123.579647 64.000000 15.635358 3.636278 125.899165 256.000000 237.972381 45.940813 73.010498 64.000000 32.165640 47.056675 80.176718 256.000000 220.904284
85.856175 89.203447 64.000000 25.526851 82.553251 91.437209 256.000000 236.010432 78.454029 50.187958 64.000000 22.213911 78.492311 56.937940 256.000000 227.973325 5.071325 68.272918 64.000000 19.714147 8.970362 70.132353 256.000000 234.345357 78.714431 81.779155 64.000000 9.379494 77.498058 85.266055 256.000000 249.735471
134.043578 154.824127 64.000000 17.317643 138.955380 149.716720 256.000000 219.746906 3.699545 10.324275 0.000000 17.700567 3.589558 13.583329 256.000000 228.166938 73.258085 84.299040 64.000000 21.400734 72.378600 77.572285 256.000000 233.596718 144.215498 19.641382 0.000000 10.063594 139.672693 12.737285 256.000000 230.115980
80.180335 55.398258 0.000000 9.177275 78.581524 55.731649 256.000000 251.030529 42.400482 22.586820 0.000000 11.513544 54.436205 10.226076 256.000000 225.976955 75.149773 150.736220 64.000000 45.933704 74.603380 143.938525 256.000000 220.332049 66.581571 87.358213 64.000000 10.833745 67.119818 95.958876 256.000000 235.816819
34.012198 13.216204 64.000000 24.773910 71.474385 5.651200 256.000000 235.636113 8.320491 47.894367 64.000000 12.666619 4.747907 49.654144 256.000000 254.696276 56.872687 141.665075 0.000000 39.652024 54.075995 129.489362 256.000000 221.033360 41.657442 37.392520 64.000000 21.947155 42.290584 41.641018 256.000000 236.888146
71.321093 45.964907 0.000000 11.935190 67.544124 38.777178 256.000000 255.023268 157.201389 74.905749 0.000000 10.420703 158.467556 74.513027 256.000000 246.921623 56.149380 29.693233 64.000000 57.167583 53.212555 49.145013 256.000000 196.857500 94.284065 63.992133 0.000000 15.704198 91.327338 60.708511 256.000000 235.851239
28.130504 153.594549 0.000000 19.765777 25.213433 152.043469 256.000000 228.562770 107.477842 197.815785 64.000000 44.247116 105.497600 190.272575 256.000000 203.659784 182.054687 100.129787 64.000000 39.781100 116.746145 65.961356 256.000000 220.095411 95.929687 213.893804 64.000000 25.879658 80.842533 225.604453 256.000000 213.207076
72.768691 183.442273 0.000000 22.540902 85.008535 179.415085 256.000000 236.380449 121.295460 84.979211 64.000000 27.359725 117.838256 81.797355 256.000000 223.881628 111.932389 111.608315 64.000000 63.918237 108.807040 113.132864 256.000000 203.578036 26.462947 72.630391 0.000000 19.813105 25.329373 66.076705 256.000000 216.623277
57.211716 129.462455 64.000000 30.702783 51.195489 129.361476 256.000000 231.277660 57.001665 80.077602 64.000000 39.385268 43.034880 82.926980 256.000000 208.895951 75.862753 79.106033 64.000000 12.025543 92.114047 40.877536 256.000000 243.453792 83.080105 52.841676 64.000000 10.588502 85.822713 56.711007 256.000000 254.524176
101.455913 38.546889 0.000000 8.768536 101.687258 39.058967 256.000000 246.921623 69.447351 89.849331 64.000000 16.766920 67.641724 91.082913 256.000000 246.693589 78.647229 104.157975 0.000000 24.012364 75.583829 101.986873 256.000000 236.784886 38.980758 157.954495 64.000000 39.449806 39.166742 153.083765 256.000000 215.771378
125.762238 30.841602 64.000000 9.753813 130.985618 35.231709 256.000000 245.639472 121.867304 35.997375 0.000000 20.957575 122.641545 37.634295 256.000000 251.645790 69.700184 68.507944 0.000000 11.522149 72.931682 64.103827 256.000000 263.787501 42.081087 111.896287 64.000000 13.135594 39.210564 114.513091 256.000000 233.248214
21.937913 -0.000004 0.000000 14.194013 16.653593 0.043845 256.000000 232.753424 100.282307 78.513936 0.000000 10.338956 102.562902 83.556682 256.000000 246.564514 104.500402 85.448445 64.000000 19.765777 103.286240 84.321731 256.000000 246.986161 32.475382 6.541356 64.000000 9.302048 29.503955 3.167431 256.000000 244.688615
16.206691 55.065833 64.000000 21.465272 8.386422 57.140327 256.000000 235.231676 172.250418 71.563167 0.000000 19.129004 171.455998 69.903000 256.000000 242.683641 98.870684 134.597911 0.000000 12.292300 97.568776 136.159311 256.000000 254.752209 194.709915 55.586649 0.000000 28.839792 195.113953 59.811620 256.000000 231.041021
72.918265 70.390338 0.000000 13.815392 116.049187 104.100233 256.000000 245.949253 11.200864 93.048440 0.000000 14.736131 9.096205 102.741642 256.000000 257.806998 36.803989 68.999505 64.000000 13.707829 32.946824 71.777545 256.000000 247.472345 17.336764 130.080367 0.000000 24.890078 25.744127 126.834776 256.000000 245.712615
55.833224 50.972642 64.000000 9.499964 58.986071 50.294145 256.000000 260.027099 131.383833 1.460915 0.000000 67.760387 82.822922 43.402340 256.000000 192.309736 29.013856 114.445456 64.000000 15.751526 31.069520 111.506675 256.000000 227.831342 179.304738 43.537873 64.000000 22.928129 179.420475 33.922804 256.000000 223.898838
17.934540 60.642004 0.000000 17.128332 19.568229 55.065742 256.000000 254.300445 40.338493 112.022138 64.000000 8.716906 38.303893 112.217038 256.000000 244.946766 64.662605 11.181360 0.000000 44.939821 55.699544 34.915304 256.000000 196.220727 28.424735 113.891418 0.000000 18.156634 24.725631 112.322067 256.000000 248.139236
145.077609 25.702138 64.000000 46.191855 142.308993 25.561271 256.000000 200.884659 39.366278 134.066078 0.000000 37.913806 52.126691 122.604282 256.000000 214.700051 137.583022 74.966907 64.000000 15.252433 136.801649 75.411773 256.000000 43.575923 34.799767 138.618947 0.000000 22.639860 52.441535 132.254211 256.000000 232.994366
15.799413 62.172425 64.000000 14.865207 6.166602 61.106196 256.000000 253.465756 30.633320 147.416102 0.000000 10.227090 36.986136 150.178504 256.000000 231.402433 53.509220 93.366769 64.000000 12.658014 52.992551 92.115531 256.000000 235.743676 77.693225 143.632307 0.000000 8.901914 77.130242 142.372467 256.000000 256.335537
172.700120 105.203080 64.000000 17.618819 173.383487 111.564767 256.000000 251.576949 89.705833 20.274925 64.000000 29.153876 87.514033 21.352495 256.000000 228.795106 79.800715 159.033807 0.000000 26.137809 76.794038 157.952244 256.000000 229.169425 39.362096 172.338411 64.000000 14.155291 34.278104 172.827585 256.000000 226.510468
