13.324131 58.957018 64.000000 32.888463 3.053933 54.555411 256.000000 225.206804 151.391944 36.772813 0.000000 16.048400 151.930191 41.185549 256.000000 243.514027 104.499053 145.678376 64.000000 25.509641 101.103455 146.167935 256.000000 255.698764 59.372300 111.012384 64.000000 23.401406 60.199887 105.850555 256.000000 239.646061
16.064929 98.631024 0.000000 26.834817 17.581584 95.331318 256.000000 216.687815 15.403065 129.376216 0.000000 42.564830 19.625831 131.507342 256.000000 205.406607 56.800791 182.492545 0.000000 11.083292 57.420520 182.318491 256.000000 231.540114 155.426913 160.143784 64.000000 11.978216 155.783631 159.557398 256.000000 256.180646
78.647229 104.157975 0.000000 24.012364 75.583829 101.986873 256.000000 236.784886 141.612211 79.407922 0.000000 11.565174 148.297515 88.217416 256.000000 234.001155 102.185115 137.966235 0.000000 20.419760 103.455755 133.771395 256.000000 234.233491 60.061962 136.356849 64.000000 14.370417 49.133547 148.239076 256.000000 238.449961
37.694705 131.867860 64.000000 37.651353 42.489371 128.005567 256.000000 211.434438 117.919722 159.897760 0.000000 27.359725 138.322982 138.570109 256.000000 226.592216 178.709524 67.317640 64.000000 8.747023 181.062636 70.021960 256.000000 238.574734 47.404124 56.782093 0.000000 27.867422 47.423016 61.003991 256.000000 215.668118
30.359931 154.112727 64.000000 11.853443 28.870515 153.343060 256.000000 248.513555 107.826658 49.240525 0.000000 21.086651 103.235115 53.739053 256.000000 234.005458 1.233144 119.627404 0.000000 42.100158 7.022495 115.315484 256.000000 208.788388 63.289105 16.359409 64.000000 26.675624 74.311955 20.541496 256.000000 222.707040
83.247120 133.500016 0.000000 23.668163 80.855547 133.305169 256.000000 217.673092 53.178049 90.813253 0.000000 17.674752 32.722609 192.048045 256.000000 231.738030 121.834673 90.374844 0.000000 14.684501 120.632485 88.024182 256.000000 233.058903 53.973185 170.981429 64.000000 23.556297 69.816095 171.340127 256.000000 238.277860
165.287056 55.697962 0.000000 13.114081 166.013711 56.938884 256.000000 259.764645 19.832740 68.273069 0.000000 21.525508 22.135431 69.780500 256.000000 226.519073 152.635251 39.261951 64.000000 15.011492 152.336173 39.033353 256.000000 266.300173 33.234049 110.014884 64.000000 17.872668 33.733976 105.940980 256.000000 235.649020
62.738049 59.141696 64.000000 43.111250 52.687965 61.073667 256.000000 216.614672 32.467398 6.465049 64.000000 26.800397 40.849496 7.413896 256.000000 251.030529 67.180845 88.996735 0.000000 8.738418 69.785591 85.458329 256.000000 247.928412 103.123578 77.453435 64.000000 14.383324 101.734740 79.157969 256.000000 245.777152
38.894698 8.981445 0.000000 10.416401 20.254798 0.551256 256.000000 237.283978 30.347891 39.125967 64.000000 14.551123 23.225496 46.690949 256.000000 227.379577 7.629267 101.391305 0.000000 21.486785 9.283584 97.280656 256.000000 238.669389 61.741060 151.034124 0.000000 33.688732 63.958778 142.013827 256.000000 227.418300
34.453484 82.291742 0.000000 15.226618 29.613811 84.743878 256.000000 236.311608 4.240124 193.735335 0.000000 9.018082 8.809062 196.803295 256.000000 221.825024 17.267704 103.464891 0.000000 34.996698 32.604165 90.571778 256.000000 220.943007 88.705989 182.485582 64.000000 9.826956 88.678933 181.881818 320.000000 263.619703
98.728236 132.672549 64.000000 25.651624 103.194885 125.272420 256.000000 244.094867 106.151464 67.056064 0.000000 35.706613 28.370449 102.971085 256.000000 226.828854 94.434027 171.674604 0.000000 36.210008 62.868331 154.969798 256.000000 215.960689 73.997307 120.758804 0.000000 10.330351 74.055360 117.998982 256.000000 224.070939
56.456469 88.981484 64.000000 12.283695 55.094705 94.549540 256.000000 255.139436 131.343136 101.392327 64.000000 17.554282 130.179824 103.665585 256.000000 250.363639 14.299993 195.929140 0.000000 9.310653 9.643233 198.879960 256.000000 241.814532 100.520978 195.631129 64.000000 16.323761 98.756440 196.658058 256.000000 244.658497
18.229096 55.342155 64.000000 20.682214 21.285827 57.559944 256.000000 237.335608 29.956080 122.066191 0.000000 12.868837 32.562662 120.896256 256.000000 247.476648 99.964427 65.037027 64.000000 8.794351 102.680489 66.606560 256.000000 256.864747 44.816851 94.994595 64.000000 33.030446 40.199949 81.098571 256.000000 218.529293
49.921345 75.505645 0.000000 10.386283 47.683880 77.378364 256.000000 243.032145 129.389435 79.868800 0.000000 18.259895 129.046084 86.194867 256.000000 230.481694 21.047604 93.199838 0.000000 16.530282 20.598718 86.734373 256.000000 250.367941 94.258531 41.483262 0.000000 9.439729 197.872493 80.437365 256.000000 251.456479
38.483122 82.871542 0.000000 14.017610 43.642791 77.601478 256.000000 230.692517 141.061316 74.974935 64.000000 14.013308 169.625020 88.290347 256.000000 228.364854 146.758138 91.130095 64.000000 37.049000 140.427147 62.078965 256.000000 246.977556 164.233749 155.660415 0.000000 23.422919 159.875860 163.635224 256.000000 221.003242
74.582333 137.709380 0.000000 19.924970 79.512129 144.779805 256.000000 240.566801 66.513080 33.341609 0.000000 27.157506 60.694647 37.995367 256.000000 245.312480 93.060740 84.295367 64.000000 10.011964 93.294835 89.459287 256.000000 250.682025 75.998571 58.705878 64.000000 17.674752 73.947280 56.214180 256.000000 241.749994
148.236722 4.904602 0.000000 27.863120 142.849525 8.796605 256.000000 224.139779 87.388289 135.514242 64.000000 22.046112 84.256416 133.996405 256.000000 220.736486 98.865836 79.969220 0.000000 20.419760 102.049502 72.049715 256.000000 222.384351 87.006205 105.639373 64.000000 14.155291 86.594949 105.020378 256.000000 243.234363
68.490182 196.402231 64.000000 18.711659 69.354405 194.976616 256.000000 239.099641 138.203596 158.412851 64.000000 36.524092 135.302318 156.882522 256.000000 208.543144 15.443827 173.900460 0.000000 11.965308 12.701275 174.388029 256.000000 235.627508 58.251909 218.871456 64.000000 28.056733 58.119220 216.725662 256.000000 238.824280
64.002536 193.795205 64.000000 23.706885 57.397611 194.005345 256.000000 231.613257 33.479500 165.327069 0.000000 56.375920 7.668302 148.384945 256.000000 214.063278 14.784453 182.812158 0.000000 66.559984 19.165618 175.499438 256.000000 178.270614 175.323685 111.663289 64.000000 13.578753 182.135367 105.025462 256.000000 242.877254
170.842029 23.821291 0.000000 46.669434 167.617171 17.426333 256.000000 229.720148 73.409611 37.843327 64.000000 9.448334 73.742413 31.072615 256.000000 240.041893 2.183447 106.188162 64.000000 36.334781 14.056255 102.728391 256.000000 211.653866 60.896091 222.667844 0.000000 10.859560 67.294905 225.239976 256.000000 233.394500
32.466309 42.197318 0.000000 24.253305 40.271478 43.071835 256.000000 237.770163 187.323293 46.449589 0.000000 20.862919 187.892516 49.807495 256.000000 227.801224 24.845113 30.073053 0.000000 9.061107 16.153091 15.217713 256.000000 257.161620 53.759091 104.932195 0.000000 21.960062 44.897562 106.000480 256.000000 220.172856
16.206864 203.503047 64.000000 12.950585 28.679293 233.255189 256.000000 269.686256 60.524124 186.992545 64.000000 21.607255 61.289087 185.507338 256.000000 249.417084 21.937913 -0.000004 0.000000 14.194013 16.653593 0.043845 256.000000 232.753424 157.966233 41.789145 0.000000 12.524636 157.920071 42.034105 256.000000 248.255404
38.642693 106.380775 64.000000 43.593133 34.592095 102.946591 256.000000 214.132118 57.001665 80.077602 64.000000 39.385268 43.034880 82.926980 256.000000 208.895951 43.389196 15.282133 64.000000 10.343258 41.361282 16.054664 256.000000 238.148785 2.806311 105.646904 64.000000 32.432396 9.371475 102.622509 256.000000 228.945694
79.770724 217.950949 0.000000 20.763962 85.337900 215.953082 256.000000 241.276717 98.456422 17.175013 0.000000 13.527123 97.023649 13.358880 256.000000 241.612313 22.380451 133.679298 64.000000 10.274418 21.531140 132.988784 256.000000 235.601693 48.235713 18.860096 64.000000 21.689003 48.195111 21.396524 256.000000 250.195841
83.080105 52.841676 64.000000 10.588502 85.822713 56.711007 256.000000 254.524176 13.478856 116.202302 64.000000 12.795694 15.892915 117.796398 256.000000 242.765388 118.695635 114.105515 64.000000 29.128060 116.722551 111.776100 256.000000 229.414669 56.242111 42.000722 64.000000 12.817207 62.357973 41.430800 256.000000 249.386967
100.746238 142.186009 0.000000 32.389371 97.216833 131.447536 256.000000 213.581395 159.988660 71.023185 64.000000 21.366314 159.249764 71.982489 256.000000 250.974597 73.907073 85.199971 64.000000 9.676367 83.206198 82.148160 256.000000 250.832613 172.950211 64.139444 64.000000 10.218485 192.167251 49.560585 256.000000 249.339639
79.087798 151.677976 64.000000 41.058948 66.296780 148.088411 256.000000 206.060590 36.652802 95.104833 64.000000 9.792536 41.236985 95.820011 256.000000 240.442028 113.907176 201.062155 0.000000 33.314412 110.519889 200.504904 256.000000 229.629795 27.823949 63.949616 0.000000 8.841679 25.778944 65.926809 256.000000 242.649220
9.379298 173.432851 0.000000 13.527123 12.155849 177.451769 256.000000 257.023940 121.939742 116.471256 0.000000 29.097943 117.652780 116.251302 256.000000 222.199343 42.548493 75.733609 0.000000 9.650552 46.900813 48.657265 256.000000 240.011776 164.611613 152.137153 0.000000 38.584999 159.378476 149.292578 256.000000 222.741460
110.769693 129.124869 64.000000 10.257208 111.337471 129.250256 256.000000 235.343541 3.339758 91.587507 0.000000 30.362884 6.940165 88.311733 256.000000 244.908043 85.201038 94.137667 64.000000 52.159450 88.005147 90.100456 256.000000 200.790003 129.168147 107.378253 0.000000 19.705542 126.218671 90.826649 256.000000 243.772178
87.583602 49.363693 64.000000 15.622450 89.041685 53.979516 256.000000 236.952684 30.803400 141.084089 64.000000 24.313541 40.990182 140.551540 256.000000 235.360752 72.270253 191.500533 64.000000 15.080333 71.314385 190.828155 256.000000 232.172584 127.679980 168.588975 0.000000 32.419488 127.414318 166.252578 256.000000 240.394700
120.652931 161.395182 64.000000 46.217670 109.899380 139.272835 256.000000 203.547919 156.828725 23.579238 64.000000 55.003416 155.217329 24.364844 256.000000 193.630610 0.729242 123.579647 64.000000 15.635358 3.636278 125.899165 256.000000 237.972381 15.537536 151.938358 0.000000 12.223459 12.329438 151.787907 256.000000 233.403105
52.212576 60.657311 64.000000 14.323089 58.825680 59.606633 256.000000 239.960145 62.919975 95.139313 0.000000 11.629712 66.446815 94.249202 256.000000 234.272214 10.054915 71.765058 0.000000 18.152332 2.047698 67.981571 256.000000 249.133118 85.005984 179.346047 0.000000 16.147358 92.355156 177.921355 256.000000 230.597862
