81.811805 129.247435 64.000000 12.675224 79.551275 133.135431 256.000000 244.658497 141.710329 23.462576 64.000000 29.652968 141.023771 31.559071 256.000000 228.937089 172.250418 71.563167 0.000000 19.129004 171.455998 69.903000 256.000000 242.683641 4.875125 86.550467 0.000000 30.423119 12.482235 87.513915 256.000000 220.710671
172.045913 72.252447 64.000000 18.660029 170.577453 76.519153 256.000000 235.963104 32.055738 37.808475 64.000000 11.423191 33.659311 39.624451 256.000000 235.524247 41.921765 182.197856 64.000000 51.707685 38.450113 182.291069 256.000000 201.861331 56.192825 170.607891 64.000000 24.855658 55.774116 169.459795 256.000000 231.772450
59.327098 68.003565 64.000000 12.189039 62.064053 63.624916 256.000000 251.129487 165.753133 84.286129 64.000000 20.755356 164.058055 80.330836 256.000000 241.866162 64.145658 214.262895 64.000000 28.125573 31.380571 216.915891 256.000000 224.965863 160.296611 75.350218 0.000000 14.052030 159.650173 75.749093 256.000000 243.724850
54.832407 188.552382 0.000000 27.592061 58.797882 184.788067 256.000000 228.012047 108.452836 49.837415 64.000000 17.184265 109.023736 51.765467 256.000000 267.887803 75.405413 96.421722 64.000000 17.610214 74.174098 96.916300 256.000000 241.655338 64.906593 33.819460 0.000000 18.246987 59.952438 33.324735 256.000000 251.017622
40.807118 137.074545 0.000000 29.158178 38.125115 131.977849 256.000000 230.477391 9.941307 54.943353 0.000000 11.427493 13.486249 50.052147 256.000000 219.656554 28.628238 77.577960 64.000000 10.764905 28.183820 84.903264 256.000000 245.592144 53.178049 90.813253 0.000000 17.674752 32.722609 192.048045 256.000000 231.738030
78.439509 195.180655 64.000000 19.860432 84.059453 194.415425 256.000000 250.083975 116.734149 86.541982 0.000000 18.888063 115.059240 90.344104 256.000000 237.697020 191.845936 82.146535 0.000000 19.972298 193.118609 109.752218 256.000000 236.819306 55.942131 43.230262 64.000000 29.244228 61.755340 54.428833 256.000000 18.117912
153.207136 13.822047 64.000000 18.875155 152.823493 13.408478 256.000000 236.126600 36.882024 141.057731 64.000000 10.541174 32.254927 151.515064 256.000000 249.326731 68.187982 30.004047 0.000000 31.391186 64.635811 30.338049 256.000000 225.615544 63.849415 16.428629 64.000000 11.771695 65.285344 17.258493 256.000000 249.451505
124.736273 99.645225 0.000000 8.785746 145.680918 101.369289 256.000000 256.021453 150.091502 110.363545 64.000000 22.252633 150.409635 105.560676 256.000000 236.556852 44.517056 49.237293 64.000000 14.641476 40.114182 49.017720 256.000000 227.198871 46.984007 231.106142 64.000000 25.488128 50.700480 227.337616 256.000000 238.243440
110.401729 175.759833 64.000000 11.586686 109.389691 177.446720 256.000000 61.315213 104.500402 85.448445 64.000000 19.765777 103.286240 84.321731 256.000000 246.986161 48.039015 153.966207 0.000000 8.622250 47.479100 153.263924 256.000000 252.428848 94.653415 35.642247 0.000000 9.082620 123.034724 23.979405 256.000000 244.073355
56.003727 88.560378 0.000000 17.519861 60.262858 95.827624 256.000000 248.393085 176.501855 130.775667 0.000000 9.065410 179.014991 129.714200 256.000000 242.094195 27.198942 179.437367 64.000000 47.375048 29.440520 175.246562 256.000000 219.234907 28.491825 29.640015 0.000000 42.676696 24.693718 41.806180 256.000000 220.899982
72.654287 146.215085 0.000000 22.386012 56.808718 154.967075 256.000000 229.397459 113.189873 176.416522 64.000000 20.763962 105.355531 184.973375 256.000000 243.230061 111.966315 66.729235 64.000000 15.841879 112.118400 69.714047 256.000000 251.525319 29.966969 21.006307 64.000000 11.109107 29.601756 21.458960 256.000000 241.160549
77.082156 138.597982 64.000000 37.582512 81.091775 127.100889 256.000000 211.137564 70.732104 98.828684 0.000000 24.287725 62.098518 71.977811 256.000000 230.442971 58.052636 225.685075 64.000000 49.466072 57.082967 224.507498 256.000000 231.884315 159.808167 99.097080 64.000000 11.281207 159.384336 102.718131 256.000000 241.526263
73.662196 49.694669 64.000000 22.910919 75.720978 53.985982 256.000000 233.101929 43.871360 15.724200 0.000000 64.172086 45.776309 12.874615 256.000000 181.790075 169.816267 20.145122 64.000000 23.250818 169.491811 22.667358 256.000000 207.932187 2.768664 166.534965 0.000000 13.010820 2.371824 165.215427 256.000000 248.332849
37.528587 37.932958 64.000000 33.981303 94.991202 151.424098 256.000000 228.954299 42.990380 15.533375 64.000000 31.107220 39.289367 17.975336 256.000000 224.458166 0.605618 34.451922 0.000000 11.268300 2.386611 35.956529 256.000000 244.460581 50.349764 117.879813 64.000000 23.612230 57.903593 115.000471 256.000000 244.791875
23.447707 29.184693 64.000000 12.554753 23.139860 31.034224 256.000000 260.293855 59.453129 229.706502 64.000000 19.120399 62.289287 218.725742 256.000000 233.394500 49.227076 7.000147 64.000000 20.097071 49.274504 7.262571 256.000000 255.599806 53.122098 161.323955 0.000000 25.741977 53.728940 164.495255 256.000000 234.560483
56.800791 182.492545 0.000000 11.083292 57.420520 182.318491 256.000000 231.540114 26.864447 56.054575 0.000000 21.861104 38.404309 35.697082 256.000000 229.139308 127.753355 144.554524 0.000000 10.239998 132.674204 143.144071 256.000000 233.837659 168.220205 67.506122 64.000000 57.847381 155.965465 65.607033 256.000000 194.719148
29.669936 126.116858 64.000000 18.044769 33.509651 126.609618 256.000000 231.316383 52.986509 59.531504 64.000000 27.338212 44.152635 63.194098 256.000000 224.092452 147.993624 116.040238 0.000000 37.926714 140.706900 112.123869 256.000000 239.138364 28.758091 105.061144 64.000000 32.591589 51.712220 65.466175 256.000000 203.044524
34.621905 144.374791 64.000000 12.318115 64.273525 194.261818 256.000000 267.900710 92.764442 30.652949 64.000000 24.610414 90.143807 31.276956 256.000000 227.504350 74.582333 137.709380 0.000000 19.924970 79.512129 144.779805 256.000000 240.566801 75.063675 7.713065 64.000000 43.692091 55.462804 24.241136 256.000000 213.491042
62.818565 67.727082 64.000000 24.257608 60.489845 57.779898 256.000000 226.032888 6.854051 201.030160 0.000000 9.835561 7.654138 200.552518 256.000000 243.694733 76.400231 74.012376 64.000000 11.169342 75.350967 73.451044 256.000000 247.330362 12.615616 41.570536 0.000000 21.753541 11.283289 45.913340 256.000000 239.159877
44.405127 58.302631 64.000000 12.068569 46.370195 61.319327 256.000000 248.939505 78.265722 62.911685 0.000000 27.269372 72.669253 66.207731 256.000000 227.211779 80.988215 110.907913 64.000000 37.449134 75.722393 122.708896 256.000000 210.638472 40.341053 154.911600 64.000000 8.768536 33.807640 164.238951 256.000000 243.118195
82.143225 172.209880 64.000000 15.187896 88.833345 171.622505 256.000000 235.747978 75.568415 138.576705 64.000000 26.770279 79.276976 134.921578 256.000000 243.466699 76.872335 180.209191 0.000000 43.713603 53.170967 160.474029 256.000000 211.356992 36.195558 138.182978 64.000000 52.873668 30.180204 108.928005 256.000000 213.189866
115.342533 170.993565 64.000000 19.834617 121.664140 168.214305 256.000000 236.019037 152.656667 158.998049 64.000000 24.795423 150.535884 162.211825 256.000000 244.744548 180.400020 37.103678 64.000000 42.267956 177.416622 37.804056 256.000000 209.928556 180.808287 125.784229 64.000000 9.732300 182.452813 125.332305 256.000000 253.624949
136.355593 110.076091 0.000000 9.409611 136.204238 114.196835 256.000000 240.859372 46.902838 93.312545 0.000000 23.586415 46.065838 85.776809 256.000000 243.591472 18.388684 126.678331 0.000000 16.693778 21.662318 125.724860 256.000000 231.892920 136.441284 23.169393 0.000000 91.080046 130.696847 27.582215 256.000000 168.232835
8.502069 90.911564 0.000000 15.230921 10.781718 92.459229 256.000000 259.609754 80.180335 55.398258 0.000000 9.177275 78.581524 55.731649 256.000000 251.030529 42.053733 42.138829 64.000000 27.910447 49.382280 46.503724 256.000000 225.301460 107.574095 4.365413 0.000000 13.978887 107.070902 5.146773 256.000000 252.730025
135.400716 93.344376 64.000000 25.062179 131.407433 100.341082 256.000000 231.570231 60.653371 57.813364 0.000000 11.100502 67.828415 55.356360 256.000000 237.856213 91.618011 96.077042 64.000000 41.368730 63.049875 83.136140 256.000000 195.975483 68.490182 196.402231 64.000000 18.711659 69.354405 194.976616 256.000000 239.099641
58.251909 218.871456 64.000000 28.056733 58.119220 216.725662 256.000000 238.824280 61.004900 88.603551 64.000000 18.806315 62.210115 83.504678 256.000000 232.607139 139.658076 88.439284 64.000000 58.677768 137.926760 90.201202 256.000000 201.366541 123.226035 80.912871 64.000000 20.191726 112.594496 97.330516 256.000000 253.285050
8.298171 92.620958 0.000000 22.145070 14.791493 91.080698 256.000000 248.328547 25.546158 87.999747 64.000000 17.360668 28.325422 90.837595 256.000000 261.782527 140.397078 39.189145 64.000000 93.984247 139.811302 37.024555 256.000000 169.278347 63.530215 180.970587 64.000000 13.264669 79.526607 196.449776 256.000000 250.131303
174.838038 113.033160 0.000000 9.431124 175.789980 116.011880 256.000000 242.115708 123.088153 165.292620 64.000000 16.513072 121.605984 165.592045 256.000000 232.228517 72.882442 94.234165 64.000000 15.910719 97.727387 91.469945 256.000000 240.876582 44.149500 90.699769 64.000000 13.170014 48.481331 93.808324 256.000000 236.247071
91.301173 86.562120 64.000000 26.925170 12.670382 85.198067 256.000000 218.172184 166.374793 140.078702 64.000000 13.152804 166.457475 140.013105 256.000000 253.599134 114.045678 69.214302 64.000000 9.913006 113.976055 69.028915 256.000000 259.975468 17.874247 199.284860 0.000000 14.718921 30.161476 201.143727 256.000000 228.524047
66.950535 217.729205 64.000000 19.864735 63.386671 219.008933 256.000000 239.039406 100.509338 178.095718 0.000000 33.288597 100.295702 168.861435 256.000000 226.910602 95.499567 190.495865 0.000000 23.913406 93.673945 193.031696 256.000000 240.867977 14.784453 182.812158 0.000000 66.559984 19.165618 175.499438 256.000000 178.270614
14.969855 76.519402 64.000000 20.148701 23.040969 70.603035 256.000000 221.816419 85.461275 127.703453 0.000000 35.241941 78.345653 127.214587 256.000000 195.028929 137.144115 48.046775 0.000000 24.937406 136.813062 49.071924 256.000000 241.397187 132.025476 43.446855 0.000000 23.014179 130.472587 43.472065 256.000000 247.175471
96.430342 108.813653 64.000000 9.375191 95.302742 110.362271 256.000000 239.276045 38.465531 24.717051 0.000000 11.384468 38.233862 21.852053 256.000000 255.044781 108.938509 133.369435 0.000000 25.879658 97.929782 137.753709 256.000000 215.203445 140.460662 34.401173 64.000000 13.088266 140.896133 34.964665 256.000000 254.283235
