164.969500 56.547204 64.000000 28.327792 161.786822 57.578282 256.000000 226.983745 44.966851 99.179104 64.000000 13.195829 41.515000 101.531329 256.000000 233.622533 37.528587 37.932958 64.000000 33.981303 94.991202 151.424098 256.000000 228.954299 75.747816 185.336402 64.000000 18.505139 72.733284 186.129804 256.000000 232.271542
20.273304 132.337924 64.000000 13.497005 23.141575 151.243013 256.000000 247.480950 54.832407 188.552382 0.000000 27.592061 58.797882 184.788067 256.000000 228.012047 161.316227 38.948985 64.000000 34.523420 161.523695 43.058760 256.000000 217.810772 134.747718 55.433624 0.000000 12.219157 137.303113 59.794524 256.000000 257.751066
9.264344 178.469880 0.000000 18.754685 5.300609 175.881178 256.000000 228.050770 81.361473 204.010049 0.000000 20.277777 76.136909 205.684436 256.000000 239.340583 49.227076 7.000147 64.000000 20.097071 49.274504 7.262571 256.000000 255.599806 173.369822 30.360882 0.000000 20.230449 174.107036 30.669311 256.000000 201.663415
107.981827 157.480871 0.000000 23.237911 107.476584 152.200029 256.000000 234.689558 52.063596 202.047165 64.000000 25.948498 50.290705 199.790916 256.000000 221.313024 76.775320 121.437031 0.000000 39.329335 66.930407 116.192222 256.000000 227.865762 88.675313 120.144640 64.000000 11.784602 87.759976 127.605458 256.000000 245.467371
22.964184 132.653222 64.000000 11.078989 18.934851 133.467976 256.000000 251.654395 135.751795 60.646900 64.000000 13.518518 135.577196 58.976056 256.000000 261.786829 50.134136 3.463867 0.000000 10.958518 51.506767 3.544225 256.000000 254.188579 99.870884 142.082678 64.000000 15.962349 139.385895 235.262789 256.000000 230.051442
13.921880 27.833013 64.000000 8.695393 15.340996 28.094840 256.000000 247.657354 36.676265 179.422151 64.000000 29.519590 44.708624 174.545935 256.000000 254.395100 136.011031 194.102156 0.000000 12.374048 140.654218 192.332324 256.000000 252.420243 68.045887 55.349971 64.000000 12.442888 71.854453 56.422498 256.000000 253.840075
165.222055 14.368304 64.000000 46.144527 153.140287 8.989713 256.000000 214.459109 61.327762 97.307067 64.000000 9.577410 62.191680 95.845491 256.000000 239.736414 64.687129 6.903504 0.000000 27.996498 101.731467 39.558956 256.000000 225.103544 33.434273 104.462471 64.000000 14.546820 13.259400 112.166098 256.000000 233.394500
50.864775 91.942558 0.000000 18.307223 44.109647 97.514236 256.000000 245.041422 52.253673 218.870271 0.000000 36.240126 39.232549 210.818764 256.000000 226.837459 120.154224 79.102171 0.000000 37.517974 98.228556 81.297158 256.000000 207.041565 11.139053 140.219680 64.000000 18.023256 14.246484 139.982996 256.000000 248.492043
190.050496 49.995829 0.000000 33.219757 184.142211 57.174513 256.000000 226.992350 55.942131 43.230262 64.000000 29.244228 61.755340 54.428833 256.000000 18.117912 61.414384 20.505320 64.000000 9.930216 58.837825 17.297424 256.000000 236.100785 132.131129 44.134942 64.000000 19.834617 130.912258 41.784644 256.000000 216.606067
73.343100 11.098700 64.000000 9.990451 72.430671 11.060415 256.000000 234.332449 33.682318 171.988120 64.000000 72.880386 35.508538 169.716615 256.000000 178.941807 31.262835 31.744555 64.000000 19.817407 32.138045 35.180987 256.000000 222.001427 36.688633 231.815058 64.000000 20.600466 32.564958 232.072155 256.000000 246.271942
49.470816 13.199765 64.000000 14.391929 42.371545 5.497920 256.000000 246.512883 13.553318 51.330640 64.000000 12.034148 10.946902 50.512678 256.000000 240.631339 73.662196 49.694669 64.000000 22.910919 75.720978 53.985982 256.000000 233.101929 33.310655 104.446411 0.000000 25.113809 48.469173 96.168082 256.000000 227.745291
57.436098 138.651549 0.000000 36.481067 63.257880 131.053529 256.000000 212.036791 15.157573 170.446331 64.000000 24.507154 14.758825 168.579733 256.000000 229.031745 125.519156 40.587600 64.000000 67.252690 126.723318 55.885340 256.000000 193.897366 111.434924 88.846395 64.000000 26.090481 108.329645 88.081482 256.000000 230.985089
36.697475 76.571371 0.000000 46.772695 33.326629 75.521553 256.000000 216.291983 57.835878 184.764602 64.000000 8.665275 55.818347 187.807615 256.000000 245.037119 74.049742 57.527575 0.000000 12.021241 72.133887 52.705895 256.000000 243.582867 0.461173 172.032280 64.000000 50.003887 22.254338 169.295204 256.000000 209.687615
40.628485 32.672102 64.000000 9.198788 39.844358 32.795158 256.000000 229.350131 130.539300 70.144553 0.000000 8.802956 131.964300 74.734276 256.000000 250.608882 31.998435 92.826351 64.000000 16.388299 18.975876 89.892718 256.000000 242.533052 49.139158 156.175842 0.000000 25.797910 53.660927 151.327691 256.000000 237.834701
71.908678 133.023389 0.000000 8.932032 70.130027 134.287373 256.000000 243.281691 66.263842 52.552549 64.000000 27.394145 25.908942 33.592498 256.000000 224.217225 163.437736 127.803005 0.000000 12.434283 162.399393 122.902498 256.000000 234.293727 13.751682 198.480631 0.000000 35.284967 16.449680 193.237898 256.000000 211.580724
80.988215 110.907913 64.000000 37.449134 75.722393 122.708896 256.000000 210.638472 161.566547 118.253775 0.000000 17.730685 161.588829 116.331696 256.000000 240.708784 43.838033 58.717905 64.000000 18.010349 44.789135 46.405373 256.000000 226.923510 158.883605 148.252447 64.000000 24.829843 158.129485 147.413400 256.000000 229.406064
111.657409 68.406251 64.000000 20.927457 112.543155 50.986387 256.000000 212.652051 165.172747 84.081820 64.000000 44.470847 154.515055 75.733013 256.000000 201.603180 18.172682 155.785416 64.000000 15.953744 18.715269 154.982080 256.000000 240.355977 70.351082 23.945053 64.000000 60.329935 66.278331 28.147976 256.000000 208.254876
20.999393 119.279558 64.000000 17.102517 17.046145 117.726627 256.000000 227.280619 207.341722 47.929733 64.000000 29.579825 227.884289 22.640351 256.000000 225.292855 10.918882 72.038024 0.000000 24.928801 19.156651 43.661551 256.000000 225.340182 78.647229 104.157975 0.000000 24.012364 75.583829 101.986873 256.000000 236.784886
45.940813 73.010498 64.000000 32.165640 47.056675 80.176718 256.000000 220.904284 142.760336 74.112133 64.000000 34.665404 80.735189 211.378449 256.000000 251.241353 87.006205 105.639373 64.000000 14.155291 86.594949 105.020378 256.000000 243.234363 158.145115 134.419740 64.000000 19.288197 157.306040 133.287253 256.000000 229.401761
83.188865 8.827915 0.000000 39.195957 84.687878 27.426624 256.000000 235.291911 155.712265 158.191467 0.000000 16.379694 154.900664 157.715829 320.000000 246.401018 78.277104 69.011047 64.000000 24.494246 75.784653 68.152935 256.000000 244.770363 118.639684 183.737096 0.000000 19.154819 115.838645 185.498747 256.000000 252.028714
97.354965 76.647569 64.000000 33.077774 102.223376 75.692107 256.000000 221.016150 136.093627 72.736671 64.000000 38.541974 128.262949 73.783840 256.000000 223.980586 63.585376 94.611433 64.000000 9.302048 61.028245 97.171473 256.000000 251.658697 191.845936 82.146535 0.000000 19.972298 193.118609 109.752218 256.000000 236.819306
56.141729 198.529125 0.000000 21.202819 48.311473 201.478609 256.000000 255.475033 10.972191 26.816889 64.000000 22.459154 13.603804 27.367676 256.000000 222.384351 160.687711 48.311495 0.000000 21.693306 160.940675 45.327355 256.000000 218.559411 6.679296 196.971751 0.000000 10.584199 21.577867 212.119249 256.000000 238.157390
4.966942 141.416887 0.000000 14.077845 1.257238 139.361949 256.000000 238.273558 94.448531 17.315880 64.000000 12.890350 116.428391 12.718378 256.000000 248.539370 20.501976 123.457187 0.000000 13.359325 24.101935 125.610425 256.000000 233.919407 13.622524 208.336789 0.000000 44.466544 39.434007 191.496649 256.000000 224.204317
67.789969 163.448227 64.000000 24.584599 59.137147 163.196227 256.000000 235.851239 94.309195 185.275762 64.000000 15.385812 94.662751 185.015647 256.000000 252.691302 171.840149 95.520485 0.000000 13.492703 175.012815 89.762778 256.000000 239.172784 83.080105 52.841676 64.000000 10.588502 85.822713 56.711007 256.000000 254.524176
125.762238 30.841602 64.000000 9.753813 130.985618 35.231709 256.000000 245.639472 85.516996 85.848455 64.000000 11.750182 87.561415 91.661093 256.000000 250.264681 116.242722 64.678438 0.000000 27.678111 109.275975 65.386627 256.000000 218.469058 27.823949 63.949616 0.000000 8.841679 25.778944 65.926809 256.000000 242.649220
74.158989 95.495547 0.000000 27.510313 116.420849 77.183544 256.000000 214.373059 16.206691 55.065833 64.000000 21.465272 8.386422 57.140327 256.000000 235.231676 147.272424 172.545504 64.000000 22.020297 150.909822 171.355885 256.000000 255.900982 11.826329 76.868311 64.000000 48.541031 7.807198 75.444485 256.000000 218.395915
30.671849 106.610867 0.000000 13.501308 37.389607 114.350785 256.000000 243.957187 35.751500 7.476555 64.000000 21.086651 35.085953 9.439985 256.000000 247.881085 88.459984 7.086082 0.000000 52.082005 89.308867 9.895433 256.000000 227.392485 17.559000 9.267256 0.000000 29.807859 22.767720 22.227191 256.000000 217.453663
14.045885 184.637504 64.000000 39.183050 12.424127 178.620307 256.000000 222.238066 62.827416 69.142785 0.000000 15.936534 69.344147 63.137593 256.000000 241.754296 32.467398 6.465049 64.000000 26.800397 40.849496 7.413896 256.000000 251.030529 15.225238 88.469391 0.000000 16.939021 5.100496 85.295575 256.000000 247.390597
49.611911 134.480593 0.000000 18.956903 46.229509 132.916825 256.000000 238.531709 163.990195 16.540198 64.000000 20.286382 167.306560 26.790215 256.000000 236.608482 70.799038 75.032696 64.000000 9.930216 69.181987 74.833878 256.000000 245.002699 0.716813 139.336753 64.000000 11.427493 0.494867 138.421009 320.000000 245.734127
163.979844 115.131871 0.000000 39.178747 158.267951 114.744727 256.000000 225.972653 31.331076 199.680395 64.000000 20.953272 30.419884 197.903995 256.000000 222.513427 35.342480 21.728395 64.000000 17.984534 42.766215 21.570473 256.000000 234.263609 75.342238 149.479293 64.000000 11.165039 76.686276 148.235775 256.000000 234.491643
78.065762 97.425749 64.000000 19.266685 86.170007 92.296347 256.000000 232.361895 166.879475 35.832795 0.000000 16.349576 165.410560 34.923787 256.000000 251.942664 16.284620 71.552735 64.000000 30.289741 19.257740 70.593173 256.000000 225.400418 74.888240 21.312807 0.000000 14.929744 71.293665 21.112869 256.000000 224.991678
76.954364 118.284642 64.000000 21.899827 71.157331 122.704824 256.000000 233.063206 135.421536 60.449271 0.000000 15.575122 137.826645 65.887309 256.000000 234.375474 44.914367 155.007224 64.000000 12.055661 45.701784 154.986567 256.000000 241.694061 110.724709 50.019300 64.000000 24.756700 107.803685 50.929584 256.000000 227.676451
