136.093627 72.736671 64.000000 38.541974 128.262949 73.783840 256.000000 223.980586 122.535047 162.632760 0.000000 36.321874 120.550358 157.172467 256.000000 207.751481 117.012438 150.770460 64.000000 13.578753 118.677687 152.242700 256.000000 226.906300 72.706282 91.703349 0.000000 21.060835 71.305342 90.104680 256.000000 236.935474
27.809251 37.434085 0.000000 22.170886 32.371575 38.034895 256.000000 224.053729 144.845696 61.023578 0.000000 45.120527 143.464936 55.287875 256.000000 213.598605 156.198555 143.840356 0.000000 16.513072 159.704675 138.990362 256.000000 244.671405 129.700002 87.811096 0.000000 17.993139 128.066664 88.977318 256.000000 227.771106
53.140173 12.335458 64.000000 32.402278 52.753300 18.934149 256.000000 230.572047 118.865211 28.761565 64.000000 27.299489 110.616838 27.917971 256.000000 240.562498 186.859489 93.003187 0.000000 13.651896 185.430091 95.549695 256.000000 224.776552 134.043578 154.824127 64.000000 17.317643 138.955380 149.716720 256.000000 219.746906
161.774140 76.356115 64.000000 14.525308 160.938340 79.269695 256.000000 245.101657 111.450676 38.638220 0.000000 27.140296 103.887784 29.200589 256.000000 225.129359 89.312647 44.078720 64.000000 76.133091 87.619060 43.496507 256.000000 186.621805 13.524527 207.070151 0.000000 19.993810 13.422815 206.461456 256.000000 240.545288
38.135935 144.541271 64.000000 19.770079 31.734284 143.199116 256.000000 219.811444 109.634384 164.132573 64.000000 17.919996 97.009676 187.852329 256.000000 238.226230 31.110691 148.347162 0.000000 22.213911 28.545585 146.514947 256.000000 216.137092 85.896895 32.699375 0.000000 14.335997 94.612844 46.565147 256.000000 234.732584
114.045678 69.214302 64.000000 9.913006 113.976055 69.028915 256.000000 259.975468 149.856107 180.420089 0.000000 20.479995 147.349976 180.802047 256.000000 229.793291 60.862756 58.119538 0.000000 13.002215 67.261600 62.271905 256.000000 228.640215 82.556413 223.352818 0.000000 19.838920 80.291540 223.642069 256.000000 230.993694
17.617282 4.553747 64.000000 12.967795 16.764169 4.981395 256.000000 250.600277 22.328273 46.549096 64.000000 24.563087 11.323225 51.715009 256.000000 224.397931 14.852133 105.945835 0.000000 20.914550 28.529904 97.159033 256.000000 231.824080 89.623795 139.454258 64.000000 10.648737 90.329713 138.307607 256.000000 234.745491
11.139053 140.219680 64.000000 18.023256 14.246484 139.982996 256.000000 248.492043 107.275082 103.733887 64.000000 27.148901 112.043878 95.747878 256.000000 237.481894 128.092295 123.897553 64.000000 31.034077 127.313840 118.181515 256.000000 230.395643 58.373785 77.497036 0.000000 20.828499 53.697153 80.490620 256.000000 244.538027
29.860005 138.089495 0.000000 16.775525 20.709164 146.977416 256.000000 247.924110 158.953651 47.576444 64.000000 78.921124 155.685420 47.329093 256.000000 183.141066 27.596356 113.769022 0.000000 19.606584 24.688184 109.773665 256.000000 229.147913 165.512616 47.469487 64.000000 26.413170 163.631533 51.985555 256.000000 232.138164
66.950535 217.729205 64.000000 19.864735 63.386671 219.008933 256.000000 239.039406 79.284345 74.961604 0.000000 12.059964 92.453340 65.939716 256.000000 250.324916 49.459344 201.804356 64.000000 11.173644 45.796444 203.579418 256.000000 241.246599 73.115662 177.791065 64.000000 35.478580 113.752104 141.925847 256.000000 213.516858
9.149860 87.675865 64.000000 20.131491 12.331047 86.876873 256.000000 229.832013 76.954364 118.284642 64.000000 21.899827 71.157331 122.704824 256.000000 233.063206 43.389196 15.282133 64.000000 10.343258 41.361282 16.054664 256.000000 238.148785 100.265447 155.312098 0.000000 21.697608 42.005862 177.207344 256.000000 246.848480
51.473053 77.515998 64.000000 14.387627 53.723489 76.070069 256.000000 241.780111 159.988660 71.023185 64.000000 21.366314 159.249764 71.982489 256.000000 250.974597 30.347891 39.125967 64.000000 14.551123 23.225496 46.690949 256.000000 227.379577 185.202273 106.348053 0.000000 9.000872 187.147735 105.299016 256.000000 233.076113
63.772705 32.517511 64.000000 9.151460 63.739524 33.545211 256.000000 243.970094 75.637242 80.115902 64.000000 9.861376 82.064578 78.140298 256.000000 233.867777 84.981818 25.383867 64.000000 41.489200 93.577064 51.111898 256.000000 222.324116 109.178293 208.820035 0.000000 26.447590 116.202855 206.349249 256.000000 217.234235
2.442458 46.940722 64.000000 11.100502 2.412425 48.579965 256.000000 243.625892 110.549725 96.654342 0.000000 23.633742 109.261975 96.022325 256.000000 239.280347 98.526733 100.014049 0.000000 42.104461 78.807127 90.335205 256.000000 227.534468 34.491671 142.342140 0.000000 28.512800 22.526360 136.291269 256.000000 225.761829
67.748985 111.604560 0.000000 11.195157 60.514551 109.137133 256.000000 226.097426 8.012373 17.407404 64.000000 24.481339 20.014867 16.045113 256.000000 216.958874 10.305145 158.306155 64.000000 9.302048 13.138709 162.752987 256.000000 251.559739 134.575671 128.971527 64.000000 26.770279 193.060105 57.957691 256.000000 249.348244
16.463016 76.294175 64.000000 24.425406 29.132931 75.010307 256.000000 218.834772 12.484849 59.108718 64.000000 20.918852 15.814996 57.915140 256.000000 239.284650 90.562525 96.541593 0.000000 33.150917 97.201045 96.559796 256.000000 229.887946 12.970364 27.963718 64.000000 8.699695 14.876144 26.065920 256.000000 238.673692
26.818151 53.496820 0.000000 13.832602 23.386589 57.437762 256.000000 261.107031 107.455458 168.466191 64.000000 10.850955 107.225638 168.654633 256.000000 241.220784 165.287056 55.697962 0.000000 13.114081 166.013711 56.938884 256.000000 259.764645 53.672684 91.742720 0.000000 45.580897 48.315011 93.181129 256.000000 215.031345
44.134824 213.181225 0.000000 14.185408 37.592673 217.151091 256.000000 256.477520 27.198942 179.437367 64.000000 47.375048 29.440520 175.246562 256.000000 219.234907 32.466309 42.197318 0.000000 24.253305 40.271478 43.071835 256.000000 237.770163 75.267622 42.625889 64.000000 11.952401 73.296162 39.557118 256.000000 233.024483
73.651193 77.663751 64.000000 11.965308 72.752651 74.122364 256.000000 251.052042 5.205269 66.485267 64.000000 10.042082 3.189556 63.327524 256.000000 243.914161 86.544967 118.230467 0.000000 21.942852 84.877275 117.538678 256.000000 246.194497 60.761216 16.128760 64.000000 39.862848 57.535487 16.953255 256.000000 200.372659
27.823949 63.949616 0.000000 8.841679 25.778944 65.926809 256.000000 242.649220 51.945402 152.580724 0.000000 8.854586 57.146653 154.970947 256.000000 276.738086 7.657787 146.166144 0.000000 26.520733 5.554765 142.049376 256.000000 237.232348 124.456796 20.712153 64.000000 13.944467 126.527349 10.190551 256.000000 243.402161
152.052822 84.103220 64.000000 26.210952 149.486902 91.305484 256.000000 227.934602 14.299993 195.929140 0.000000 9.310653 9.643233 198.879960 256.000000 241.814532 39.733024 143.936327 0.000000 16.758315 37.658924 140.843585 256.000000 244.989791 60.706916 138.540953 64.000000 11.922283 60.495215 137.696773 256.000000 238.221927
132.131129 44.134942 64.000000 19.834617 130.912258 41.784644 256.000000 216.606067 95.686764 40.861300 64.000000 28.667691 97.710589 45.241753 256.000000 207.725666 45.930360 179.535455 0.000000 9.508569 43.202429 180.051138 256.000000 264.170425 5.286307 5.892498 0.000000 13.772367 1.775676 6.862902 256.000000 236.638600
13.093662 127.743164 0.000000 10.928401 16.370362 129.791913 256.000000 248.689959 117.835844 146.331633 64.000000 10.657342 135.091704 160.822471 256.000000 243.088077 94.251376 167.531333 64.000000 37.294243 83.970120 166.409493 256.000000 216.390941 149.490084 172.727353 0.000000 20.406852 147.461636 174.041707 256.000000 240.033288
12.151195 143.453371 0.000000 16.177475 9.006469 137.030282 256.000000 243.638800 23.248864 228.949076 64.000000 27.923355 25.105575 224.136253 256.000000 215.564857 18.645460 36.934367 0.000000 9.869981 18.154593 37.575458 256.000000 246.422530 78.454029 50.187958 64.000000 22.213911 78.492311 56.937940 256.000000 227.973325
150.369575 122.179767 64.000000 10.377678 152.552218 121.064765 256.000000 249.658026 13.750282 10.684022 64.000000 22.420432 23.384805 11.923582 256.000000 240.549591 179.846202 121.911469 64.000000 38.460226 152.037485 119.449115 256.000000 231.256147 96.176180 211.030749 64.000000 22.037507 95.305153 209.990640 256.000000 241.100313
100.227675 25.756709 64.000000 19.154819 97.630991 24.695044 256.000000 250.342126 160.687711 48.311495 0.000000 21.693306 160.940675 45.327355 256.000000 218.559411 186.581918 115.775871 64.000000 12.206249 187.352098 115.047849 320.000000 244.159405 55.559758 225.370135 0.000000 8.970754 57.007693 227.077245 256.000000 259.545216
166.705898 36.838571 64.000000 36.915622 166.252258 34.583029 256.000000 225.322972 73.554002 46.150504 64.000000 10.721880 88.989300 35.631925 256.000000 45.473334 38.120913 44.102691 64.000000 23.431524 29.927740 42.458340 256.000000 223.623477 105.658153 47.655338 64.000000 25.987221 98.176578 33.380776 256.000000 237.051642
49.935911 89.968020 64.000000 18.857945 42.513369 88.536138 256.000000 251.064950 53.470845 194.254196 0.000000 52.460626 54.168636 194.971727 256.000000 214.953899 93.587807 185.023909 0.000000 10.326048 94.026664 184.636433 256.000000 236.651508 127.753355 144.554524 0.000000 10.239998 132.674204 143.144071 256.000000 233.837659
105.122256 95.676531 0.000000 9.474149 129.927760 111.348411 256.000000 250.036647 43.455135 158.099945 64.000000 26.886447 47.875031 157.688055 256.000000 237.055944 127.790513 95.847911 64.000000 10.011964 132.727460 91.498209 256.000000 248.677051 28.491825 29.640015 0.000000 42.676696 24.693718 41.806180 256.000000 220.899982
103.068551 190.441102 64.000000 22.747423 92.310358 208.247235 256.000000 229.724450 50.661320 13.343282 0.000000 94.427406 50.759442 17.372767 256.000000 154.550821 106.227833 199.847202 0.000000 9.594620 111.299551 200.618505 256.000000 240.321557 26.141271 48.385215 64.000000 23.100230 44.437356 37.610942 256.000000 236.341726
11.278489 29.342864 64.000000 16.624937 15.689805 27.581660 256.000000 233.058903 66.530349 104.166664 0.000000 11.479123 63.793651 105.098335 256.000000 230.997996 45.783578 62.109553 0.000000 11.801812 42.982778 64.253960 256.000000 253.809957 105.847369 116.797478 64.000000 11.276905 104.499575 115.858493 256.000000 268.369685
148.656927 72.465880 64.000000 13.858417 150.339022 66.545442 256.000000 252.415941 174.797795 102.959762 64.000000 39.578881 171.058205 100.350580 256.000000 205.505565 106.151464 67.056064 0.000000 35.706613 28.370449 102.971085 256.000000 226.828854 3.850358 56.808684 64.000000 13.544333 1.275049 50.796624 256.000000 238.828583
