120.329938 150.496065 64.000000 35.267756 110.424460 153.579725 256.000000 220.598805 27.247493 124.377405 64.000000 13.798182 35.322589 133.638278 256.000000 225.615544 185.862455 76.177904 64.000000 18.135122 184.838684 75.613564 256.000000 225.817762 43.185227 26.159485 64.000000 18.100702 48.098829 27.993369 256.000000 243.729153
137.380255 155.574627 0.000000 15.626753 141.056645 150.474584 256.000000 235.218768 48.611135 84.537205 0.000000 15.213711 47.496384 82.312307 256.000000 242.911674 151.300249 153.870095 0.000000 12.756972 146.854976 152.464176 256.000000 228.687543 18.837535 24.747693 64.000000 10.214182 14.520191 22.318515 256.000000 241.268112
36.688633 231.815058 64.000000 20.600466 32.564958 232.072155 256.000000 246.271942 35.479602 214.118636 64.000000 15.902114 40.362047 214.904998 256.000000 239.671877 19.058364 203.735855 0.000000 15.562215 23.494800 205.882587 256.000000 223.571847 14.563887 216.525640 0.000000 22.347289 10.195018 214.958569 256.000000 235.782399
101.719409 23.537553 64.000000 15.557912 100.411595 21.564780 256.000000 260.199200 153.462440 31.788015 64.000000 18.789105 152.840687 31.011302 256.000000 228.209963 91.193245 211.969540 0.000000 22.420432 59.338162 195.962605 256.000000 210.074842 51.684540 110.577536 64.000000 14.572635 54.024842 110.175095 256.000000 230.529022
62.951735 51.813664 0.000000 11.552266 66.781045 51.882369 256.000000 255.926797 66.590053 51.500922 0.000000 15.054517 61.922827 52.807095 256.000000 233.248214 126.017413 92.612355 64.000000 15.446047 125.274185 93.221876 256.000000 233.618231 99.911958 132.491129 0.000000 28.396632 113.437431 116.568575 256.000000 226.665359
46.631578 21.601269 64.000000 31.761203 45.127693 31.239198 256.000000 226.609426 79.631989 10.382756 0.000000 26.499221 75.923649 12.036235 256.000000 238.316583 51.945402 152.580724 0.000000 8.854586 57.146653 154.970947 256.000000 276.738086 57.787293 57.263756 64.000000 12.253577 57.912429 59.420358 256.000000 265.469787
104.708433 0.756931 64.000000 13.733644 104.629253 0.596242 256.000000 246.986161 54.009875 119.562365 64.000000 18.135122 37.436749 213.492235 256.000000 242.743876 38.498740 70.830453 64.000000 17.012164 33.762356 69.470255 256.000000 236.991407 58.120975 109.854256 0.000000 12.412770 64.847978 109.772811 256.000000 249.503135
57.415845 152.323236 0.000000 29.967052 57.303964 145.593122 256.000000 213.594303 69.620907 59.896633 0.000000 20.023928 85.792611 70.657616 256.000000 239.779440 108.938509 133.369435 0.000000 25.879658 97.929782 137.753709 256.000000 215.203445 10.988336 68.355613 0.000000 9.228905 11.368115 70.763780 256.000000 242.236179
91.625231 59.369316 0.000000 9.710788 97.144800 63.579778 256.000000 248.083303 21.416464 102.447558 64.000000 18.410483 13.344551 104.592464 256.000000 236.019037 6.841082 177.779858 0.000000 17.799525 14.722051 187.105925 256.000000 243.488212 19.256665 20.994462 64.000000 14.047728 23.530936 19.781402 320.000000 243.367741
62.564709 172.780478 0.000000 28.986077 59.449529 170.570662 256.000000 237.826096 62.919975 95.139313 0.000000 11.629712 66.446815 94.249202 256.000000 234.272214 48.036545 135.838311 64.000000 46.536056 50.327805 129.741871 256.000000 213.159748 173.068765 58.004120 0.000000 72.454437 169.674589 56.385384 256.000000 211.774337
47.923200 147.186665 0.000000 20.178819 78.240236 157.326622 256.000000 249.498832 26.462947 72.630391 0.000000 19.813105 25.329373 66.076705 256.000000 216.623277 45.804642 150.757478 0.000000 47.822510 27.596793 121.606171 256.000000 205.789532 72.918265 70.390338 0.000000 13.815392 116.049187 104.100233 256.000000 245.949253
140.427405 137.635998 64.000000 12.731157 139.585753 141.169060 256.000000 263.215266 72.207015 61.908698 0.000000 9.172973 72.561862 58.157789 256.000000 248.251101 111.966315 66.729235 64.000000 15.841879 112.118400 69.714047 256.000000 251.525319 100.328793 66.761618 64.000000 16.878786 106.856829 58.299467 256.000000 263.731568
18.793880 116.342107 64.000000 13.062451 20.429240 123.836580 256.000000 250.871336 183.212531 99.909835 0.000000 17.438114 189.160625 89.402245 256.000000 220.491242 28.130504 153.594549 0.000000 19.765777 25.213433 152.043469 256.000000 228.562770 22.338982 52.499553 0.000000 16.736803 30.623811 55.126027 256.000000 224.501191
152.872691 123.111327 0.000000 15.403022 153.275125 128.540925 256.000000 252.725722 138.388160 88.469353 64.000000 21.869709 137.630013 89.454436 256.000000 235.205861 66.598675 69.759415 0.000000 28.671993 57.290647 64.069295 256.000000 205.410910 152.263036 119.037633 0.000000 11.698552 158.868607 134.156949 256.000000 241.242296
182.368996 133.143409 64.000000 17.593004 181.107029 138.294527 256.000000 243.363439 157.415973 160.637811 0.000000 8.751326 158.073685 162.645442 256.000000 262.139636 54.965055 58.268042 0.000000 22.484970 93.410031 32.730662 256.000000 237.451776 75.578382 88.042127 64.000000 25.191255 72.764747 92.560487 256.000000 249.227774
50.674956 121.829155 64.000000 24.253305 49.497775 118.063909 256.000000 218.210907 130.924116 96.402669 0.000000 21.465272 129.605998 96.426053 256.000000 249.150328 131.527216 122.963213 64.000000 38.305336 122.757565 103.821824 256.000000 219.738301 92.278616 86.103753 64.000000 10.270115 94.610516 82.934858 256.000000 234.887474
41.928820 101.312849 64.000000 15.304064 46.245891 101.398636 256.000000 240.123641 6.400200 12.614965 0.000000 43.872796 11.777736 26.763136 256.000000 233.144954 94.653415 35.642247 0.000000 9.082620 123.034724 23.979405 256.000000 244.073355 146.542284 144.357918 64.000000 18.354550 146.778833 143.178253 256.000000 246.074026
104.584565 154.030913 64.000000 24.838448 99.435751 157.263889 256.000000 236.006130 82.763475 121.662993 64.000000 43.971754 79.117640 119.301962 256.000000 208.229060 89.487287 147.545038 64.000000 37.462042 79.760413 132.315362 256.000000 211.077329 40.217449 80.783911 64.000000 14.039123 41.231451 96.204969 256.000000 223.812788
114.756555 17.650269 64.000000 13.286182 113.724267 21.688500 256.000000 244.925254 109.952689 33.821436 0.000000 10.674552 108.853456 31.638195 256.000000 238.574734 44.179345 103.693007 0.000000 12.589174 43.950387 101.742444 256.000000 223.034032 40.341053 154.911600 64.000000 8.768536 33.807640 164.238951 256.000000 243.118195
66.747329 138.622520 64.000000 40.125302 73.366047 150.043260 256.000000 212.991950 51.649022 124.440407 64.000000 11.999728 39.733211 135.014116 256.000000 238.669389 178.365764 18.641527 64.000000 12.012636 185.600584 21.865107 256.000000 232.628651 93.146887 127.232491 0.000000 33.056261 85.909820 126.843378 256.000000 228.515442
22.302367 13.780002 64.000000 34.093168 21.065949 20.882975 256.000000 238.170297 96.491229 200.211304 0.000000 20.346617 100.589638 197.788845 256.000000 240.300045 74.796209 19.592949 0.000000 18.061979 73.733905 26.293395 256.000000 235.438197 72.458542 81.759647 0.000000 12.645106 69.238944 81.793969 256.000000 228.816619
141.061316 74.974935 64.000000 14.013308 169.625020 88.290347 256.000000 228.364854 125.519156 40.587600 64.000000 67.252690 126.723318 55.885340 256.000000 193.897366 77.964065 95.354667 64.000000 31.640732 54.589147 88.954742 256.000000 211.047211 108.173004 161.623525 64.000000 10.067897 112.719587 161.493844 256.000000 225.064821
72.104104 58.358636 0.000000 12.782787 71.608455 60.779049 256.000000 232.921223 173.985500 141.017144 0.000000 10.657342 180.057058 136.199664 256.000000 241.861859 95.135831 195.090295 64.000000 9.818351 100.592029 196.401156 256.000000 237.021524 44.901253 173.872824 0.000000 28.284766 28.675076 168.090245 256.000000 235.171441
20.999393 119.279558 64.000000 17.102517 17.046145 117.726627 256.000000 227.280619 132.948542 81.915120 0.000000 31.756900 129.881844 81.158320 256.000000 223.657897 42.330402 37.655415 0.000000 21.211424 56.758864 49.063316 256.000000 244.628380 110.210865 13.316127 0.000000 50.481467 116.592729 15.847740 256.000000 184.023083
81.544158 118.756469 0.000000 12.429980 94.701584 138.016618 256.000000 235.042365 64.019231 151.090075 0.000000 35.448462 61.520258 145.173715 256.000000 222.268183 23.248864 228.949076 64.000000 27.923355 25.105575 224.136253 256.000000 215.564857 49.921345 75.505645 0.000000 10.386283 47.683880 77.378364 256.000000 243.032145
13.813731 137.332780 64.000000 38.240798 37.607516 110.726745 256.000000 202.988591 142.953402 96.998153 0.000000 15.807458 155.708320 80.019495 256.000000 243.324716 3.159260 120.385887 0.000000 10.270115 4.538987 123.523689 256.000000 244.895136 62.491029 229.078062 64.000000 19.129004 60.651582 229.096087 256.000000 238.105759
65.597255 150.177065 64.000000 13.759459 89.075273 162.729645 256.000000 253.177487 41.894729 128.676638 0.000000 26.770279 55.655640 115.037045 256.000000 214.334336 151.446165 152.719489 0.000000 31.391186 142.381887 154.908320 256.000000 230.408551 63.031642 191.715509 64.000000 25.819423 46.462198 196.692745 256.000000 224.574334
99.247616 86.645089 0.000000 36.390714 83.799253 91.418087 256.000000 210.866505 129.884696 33.697445 64.000000 24.984734 127.836040 34.679527 256.000000 237.679810 116.734149 86.541982 0.000000 18.888063 115.059240 90.344104 256.000000 237.697020 17.267704 103.464891 0.000000 34.996698 32.604165 90.571778 256.000000 220.943007
24.529409 72.213922 64.000000 11.367258 22.018236 74.149442 256.000000 257.415469 86.190631 213.149231 0.000000 10.988636 101.308224 219.073276 256.000000 261.537283 11.826329 76.868311 64.000000 48.541031 7.807198 75.444485 256.000000 218.395915 59.545993 127.158145 0.000000 30.207993 58.410516 122.168515 256.000000 225.219712
16.407253 92.508484 64.000000 10.696065 17.107229 99.356711 256.000000 243.483909 100.625847 18.063720 64.000000 35.048328 96.218631 13.133847 256.000000 224.660384 35.928876 80.603860 64.000000 39.639117 39.274893 88.138258 256.000000 206.869464 14.799233 206.361040 64.000000 35.525908 16.594611 202.269611 256.000000 245.187707
160.059382 14.989656 0.000000 9.164368 159.984398 13.662815 256.000000 246.177287 135.421536 60.449271 0.000000 15.575122 137.826645 65.887309 256.000000 234.375474 16.678658 44.736020 0.000000 16.513072 15.393980 48.678627 256.000000 223.941863 27.699311 223.360496 64.000000 12.804300 28.403422 223.432184 256.000000 236.031945
17.764127 158.310864 64.000000 76.886032 22.311607 161.081811 256.000000 177.220799 71.587116 37.201785 0.000000 11.917980 66.870815 31.997116 256.000000 231.170097 43.564235 88.838036 0.000000 50.623450 44.300958 79.105024 256.000000 217.075042 48.583065 153.667713 0.000000 14.262854 80.038453 169.902678 256.000000 232.934130
