142.665589 81.746907 64.000000 14.921139 140.675096 82.010513 256.000000 233.992550 165.625760 117.238489 64.000000 38.189168 162.125598 117.489647 256.000000 218.748722 147.421227 130.641256 64.000000 23.896196 146.411138 129.105055 256.000000 220.624621 92.490693 191.286667 0.000000 13.058148 114.015182 190.539340 256.000000 230.335408
51.339338 60.796651 0.000000 13.591661 51.084987 54.647935 256.000000 233.635441 57.927736 67.144704 64.000000 10.141040 59.465233 62.418211 256.000000 248.091908 20.583493 70.354220 64.000000 13.299089 17.056438 69.830698 256.000000 251.856613 154.653144 98.069504 0.000000 27.239254 145.645758 96.071140 256.000000 218.473361
130.691471 114.655087 0.000000 18.281407 130.434216 113.352582 256.000000 240.553893 79.047073 40.867598 0.000000 35.814176 23.629425 63.112305 256.000000 206.271414 54.516300 54.771025 0.000000 13.643291 60.864553 56.003304 256.000000 260.973653 34.144845 123.532260 0.000000 19.081676 37.672464 127.908742 256.000000 235.640415
17.550233 91.741271 64.000000 14.516702 16.074480 97.997413 256.000000 251.835101 151.010216 121.704836 0.000000 14.972770 150.976073 119.644971 256.000000 239.813860 14.799233 206.361040 64.000000 35.525908 16.594611 202.269611 256.000000 245.187707 166.879475 35.832795 0.000000 16.349576 165.410560 34.923787 256.000000 251.942664
39.349835 123.611287 64.000000 27.488800 12.863336 106.727271 256.000000 232.620046 55.833224 50.972642 64.000000 9.499964 58.986071 50.294145 256.000000 260.027099 97.943598 18.903022 64.000000 19.034348 98.183809 21.661776 256.000000 242.184548 1.451038 67.424847 0.000000 14.323089 4.434645 68.756905 256.000000 252.480479
20.254105 134.187629 0.000000 25.552666 24.077431 128.917960 256.000000 210.229732 28.361702 143.574813 0.000000 10.042082 32.654680 146.927524 256.000000 251.396244 105.122256 95.676531 0.000000 9.474149 129.927760 111.348411 256.000000 250.036647 63.289105 16.359409 64.000000 26.675624 74.311955 20.541496 256.000000 222.707040
41.570502 42.362024 0.000000 26.959590 18.637422 53.948271 256.000000 223.679410 65.918182 120.615969 0.000000 13.139896 65.741402 118.790269 256.000000 241.255204 33.682318 171.988120 64.000000 72.880386 35.508538 169.716615 256.000000 178.941807 30.359931 154.112727 64.000000 11.853443 28.870515 153.343060 256.000000 248.513555
149.856107 180.420089 0.000000 20.479995 147.349976 180.802047 256.000000 229.793291 49.227076 7.000147 64.000000 20.097071 49.274504 7.262571 256.000000 255.599806 68.321127 94.754893 0.000000 10.386283 65.276951 96.803535 256.000000 238.006801 113.449831 20.605591 64.000000 13.626081 112.626104 18.324498 256.000000 242.752481
56.192825 170.607891 64.000000 24.855658 55.774116 169.459795 256.000000 231.772450 156.140636 97.274996 0.000000 24.709372 154.839058 99.725629 256.000000 228.446602 4.693642 124.230309 0.000000 15.527795 7.162362 124.965491 256.000000 254.235907 78.065762 97.425749 64.000000 19.266685 86.170007 92.296347 256.000000 232.361895
30.973882 5.381245 0.000000 15.781643 35.100095 4.878649 256.000000 237.043037 179.207438 18.132211 0.000000 34.669706 163.233793 19.172838 256.000000 228.644518 97.929387 131.742087 0.000000 23.762818 109.110260 119.680545 256.000000 242.907372 173.890985 37.565131 64.000000 12.877442 180.354458 20.076735 256.000000 249.485925
69.851945 80.169831 0.000000 17.382181 65.372311 61.783133 256.000000 220.878469 62.719085 89.034095 0.000000 27.966380 57.275456 82.794547 256.000000 231.746635 135.388784 85.391753 0.000000 11.350048 142.696445 94.082167 256.000000 246.280547 97.108227 106.781964 64.000000 8.747023 97.141222 105.962004 256.000000 256.210763
57.986245 112.348387 0.000000 42.999385 68.109024 104.944884 256.000000 211.516186 16.463016 76.294175 64.000000 24.425406 29.132931 75.010307 256.000000 218.834772 113.468633 84.096015 64.000000 12.688131 115.961493 88.334045 256.000000 222.272486 146.621844 103.780524 0.000000 38.240798 149.053042 103.225982 256.000000 207.428792
96.176180 211.030749 64.000000 22.037507 95.305153 209.990640 256.000000 241.100313 163.990195 16.540198 64.000000 20.286382 167.306560 26.790215 256.000000 236.608482 61.546524 207.216045 0.000000 22.355894 62.516567 206.207231 256.000000 230.313896 24.475782 165.971629 0.000000 12.236367 27.233280 166.993496 256.000000 232.310265
52.007027 47.781640 64.000000 18.410483 56.414258 28.284340 256.000000 245.385623 156.884247 27.547645 0.000000 13.965980 158.255411 18.071980 256.000000 241.861859 76.002253 53.184062 64.000000 27.364027 75.529227 72.915515 256.000000 228.631610 10.742836 27.627824 0.000000 9.284838 7.385667 28.892633 256.000000 258.680410
22.899944 162.850936 64.000000 10.717577 22.832182 162.371427 256.000000 233.786029 122.039611 64.502769 64.000000 16.547492 123.434231 67.466018 256.000000 240.657154 119.563222 77.530716 0.000000 15.889206 118.144687 77.751587 256.000000 225.589729 28.706753 121.950285 64.000000 31.429909 54.737324 132.565645 256.000000 244.176615
18.991613 68.448116 64.000000 16.809946 17.026829 62.690295 256.000000 232.310265 135.696373 116.789975 0.000000 27.419960 128.959089 123.292525 256.000000 205.780927 66.413038 165.696158 64.000000 18.135122 68.452264 164.440611 256.000000 237.839003 58.444822 107.412560 0.000000 27.290884 72.155915 92.379602 256.000000 231.583139
160.181080 40.569622 0.000000 13.355022 161.485309 42.465498 256.000000 225.688687 86.182885 73.409018 0.000000 27.174716 82.317402 46.179342 256.000000 235.007945 123.088153 165.292620 64.000000 16.513072 121.605984 165.592045 256.000000 232.228517 111.434924 88.846395 64.000000 26.090481 108.329645 88.081482 256.000000 230.985089
91.071400 93.339320 64.000000 14.968467 91.139722 91.120409 256.000000 240.140851 30.347891 39.125967 64.000000 14.551123 23.225496 46.690949 256.000000 227.379577 100.509338 178.095718 0.000000 33.288597 100.295702 168.861435 256.000000 226.910602 120.317113 97.598700 0.000000 10.076502 132.758327 91.373336 256.000000 251.585554
9.004029 65.018544 0.000000 21.641676 11.981649 54.025704 256.000000 231.664887 178.365764 18.641527 64.000000 12.012636 185.600584 21.865107 256.000000 232.628651 9.149860 87.675865 64.000000 20.131491 12.331047 86.876873 256.000000 229.832013 153.319971 57.742800 0.000000 24.911591 151.904069 78.449427 256.000000 239.607339
56.218849 151.250540 0.000000 15.153475 56.268862 150.566485 256.000000 233.928012 149.080335 89.049538 0.000000 21.189911 151.826773 73.488038 256.000000 232.628651 32.139251 144.616222 0.000000 19.877642 39.568909 145.952455 256.000000 253.775537 146.404731 78.182707 0.000000 10.222788 148.831656 82.190160 256.000000 228.511140
187.516047 113.130964 0.000000 16.706685 188.188105 119.355173 256.000000 248.664143 94.214467 218.486658 64.000000 10.855258 92.502009 219.813825 256.000000 243.049355 80.592340 84.442149 0.000000 14.718921 77.998862 87.980136 256.000000 229.978299 55.710364 21.494082 64.000000 32.974513 59.813431 27.896309 256.000000 247.945623
124.456796 20.712153 64.000000 13.944467 126.527349 10.190551 256.000000 243.402161 38.592873 59.130573 0.000000 8.729813 35.708171 60.596033 256.000000 276.837044 135.399129 23.478411 64.000000 44.797838 119.473100 32.817096 256.000000 221.906772 20.740631 54.454364 64.000000 14.895324 23.587220 53.190880 256.000000 253.620646
25.392820 133.274922 0.000000 9.482754 26.938238 133.834724 256.000000 253.883100 154.965844 137.248031 0.000000 29.360396 145.563056 141.594165 256.000000 217.939848 174.894760 75.232791 64.000000 8.919124 181.177320 66.248387 256.000000 242.132918 72.768691 183.442273 0.000000 22.540902 85.008535 179.415085 256.000000 236.380449
121.513598 169.304644 64.000000 25.686044 118.851773 170.636102 256.000000 242.218968 0.729242 123.579647 64.000000 15.635358 3.636278 125.899165 256.000000 237.972381 95.115367 96.375140 64.000000 16.134450 101.549136 90.896447 256.000000 239.073826 49.734855 31.232984 0.000000 24.378078 47.512440 38.642784 256.000000 216.838403
126.685978 52.513716 64.000000 13.049543 127.249775 47.647140 256.000000 225.125056 16.937427 128.392409 0.000000 12.782787 21.097769 130.025502 256.000000 251.034832 150.369575 122.179767 64.000000 10.377678 152.552218 121.064765 256.000000 249.658026 59.018656 41.933965 0.000000 29.162481 81.145153 39.994233 256.000000 228.166938
18.837535 24.747693 64.000000 10.214182 14.520191 22.318515 256.000000 241.268112 146.701682 106.894422 64.000000 14.353207 147.582804 106.098587 256.000000 237.395844 118.441589 48.513993 0.000000 11.388770 118.479262 43.487067 256.000000 239.392213 58.760845 98.979018 64.000000 32.255992 45.742220 90.178942 256.000000 231.157190
102.085140 169.934447 64.000000 28.142783 98.116220 169.883702 256.000000 240.201087 92.065840 214.577371 0.000000 23.698280 101.333080 211.969775 256.000000 251.336008 106.500104 13.520082 64.000000 10.278720 115.499509 4.555662 256.000000 237.886331 35.751500 7.476555 64.000000 21.086651 35.085953 9.439985 256.000000 247.881085
73.251589 125.913316 0.000000 11.294115 73.610251 122.204698 256.000000 249.705353 21.325813 112.887322 0.000000 14.069240 5.971511 120.541265 256.000000 230.485996 69.407207 148.833780 0.000000 19.425878 60.431453 153.939020 256.000000 238.733927 95.499567 190.495865 0.000000 23.913406 93.673945 193.031696 256.000000 240.867977
51.684540 110.577536 64.000000 14.572635 54.024842 110.175095 256.000000 230.529022 14.654011 82.802125 0.000000 17.545677 15.830796 77.265029 256.000000 254.119739 92.764442 30.652949 64.000000 24.610414 90.143807 31.276956 256.000000 227.504350 143.202071 16.856749 0.000000 28.990380 139.576935 15.368255 256.000000 222.083175
172.896900 89.484569 64.000000 13.570148 175.293160 83.119973 320.000000 234.771306 147.246287 126.182320 64.000000 10.029174 147.451842 126.555060 256.000000 239.263137 110.917571 84.519185 64.000000 38.395688 112.323393 80.582662 256.000000 230.103072 137.735602 108.646315 0.000000 16.745408 140.418202 104.396458 256.000000 235.472617
88.459984 7.086082 0.000000 52.082005 89.308867 9.895433 256.000000 227.392485 9.062067 88.602840 0.000000 13.768064 7.720695 91.371493 256.000000 212.531580 29.258447 27.519633 64.000000 20.609071 31.479393 29.339431 256.000000 249.679538 34.327855 164.249140 64.000000 23.642347 36.126685 161.737185 256.000000 242.317926
48.649087 129.827682 64.000000 11.457611 50.764484 128.594678 256.000000 256.894864 58.190895 106.960424 0.000000 13.372232 65.077900 105.858507 256.000000 263.615400 40.391856 103.092458 0.000000 13.875627 39.582524 100.230753 256.000000 251.955571 187.493262 113.331791 64.000000 13.230249 189.867745 111.154818 256.000000 230.860316
