15.537536 151.938358 0.000000 12.223459 12.329438 151.787907 256.000000 233.403105 59.725165 220.897838 0.000000 35.306479 61.405193 215.350700 256.000000 222.414469 114.548991 102.580769 64.000000 33.727454 143.441762 109.170031 256.000000 192.460325 14.850287 95.366520 0.000000 9.319258 15.986207 98.273255 256.000000 249.791404
33.234049 110.014884 64.000000 17.872668 33.733976 105.940980 256.000000 235.649020 76.954364 118.284642 64.000000 21.899827 71.157331 122.704824 256.000000 233.063206 102.200178 182.719387 64.000000 42.147486 96.730018 177.133100 256.000000 207.549262 82.006600 64.011020 0.000000 23.160465 70.984858 56.617796 256.000000 233.058903
4.463235 19.380567 0.000000 13.613173 7.779067 14.165244 256.000000 225.073426 81.645942 35.124031 64.000000 11.819022 87.654585 37.427033 256.000000 239.805255 111.808555 161.640847 0.000000 32.927186 104.192224 161.358289 256.000000 223.541729 64.687129 6.903504 0.000000 27.996498 101.731467 39.558956 256.000000 225.103544
112.191342 2.475749 64.000000 30.612430 108.917809 4.734758 256.000000 214.304219 14.350007 117.136873 64.000000 11.195157 12.633284 115.492778 256.000000 235.507037 18.316640 171.098609 0.000000 27.187624 19.114044 169.402533 256.000000 233.730096 57.912033 139.387105 0.000000 21.448062 67.389184 129.254851 256.000000 229.918064
43.020565 34.320745 0.000000 19.645306 43.288682 37.976273 256.000000 229.023140 136.951713 124.568604 0.000000 11.547964 145.408365 117.690829 256.000000 253.439941 66.836358 42.210073 0.000000 29.003287 70.883471 56.940798 256.000000 219.781327 20.063862 26.679491 64.000000 14.417745 21.390322 27.271420 256.000000 242.735271
69.754976 100.307191 0.000000 18.436298 74.462145 97.452338 256.000000 235.597390 68.051858 78.787509 0.000000 10.442216 70.307469 82.726427 256.000000 262.965720 180.081069 10.016422 0.000000 10.807930 180.960084 5.652020 256.000000 255.036176 21.021851 196.182185 0.000000 55.549836 28.367453 161.529993 256.000000 191.625636
163.580989 120.388940 0.000000 49.539215 161.892516 121.031529 256.000000 203.427448 156.884247 27.547645 0.000000 13.965980 158.255411 18.071980 256.000000 241.861859 163.169618 162.807631 0.000000 24.511456 154.146571 178.700358 256.000000 211.757127 103.123578 77.453435 64.000000 14.383324 101.734740 79.157969 256.000000 245.777152
47.069705 153.587285 64.000000 12.903257 42.083744 158.445293 256.000000 237.391541 165.035585 14.450569 64.000000 33.241270 163.927831 4.735687 256.000000 248.672748 25.034080 52.760007 0.000000 15.506282 26.401822 56.031124 256.000000 233.325660 37.128682 209.947736 64.000000 42.637973 40.818209 200.328075 256.000000 224.875510
73.237218 38.405280 0.000000 21.284566 63.287504 29.840224 256.000000 240.480750 79.720033 67.062958 64.000000 42.207721 57.651545 81.118605 256.000000 220.951612 136.093627 72.736671 64.000000 38.541974 128.262949 73.783840 256.000000 223.980586 139.988422 153.281815 0.000000 10.786418 144.404969 151.643400 256.000000 244.817691
67.748985 111.604560 0.000000 11.195157 60.514551 109.137133 256.000000 226.097426 60.896091 222.667844 0.000000 10.859560 67.294905 225.239976 256.000000 233.394500 119.029505 138.226840 64.000000 17.562887 118.002580 137.358964 256.000000 223.580452 78.647229 104.157975 0.000000 24.012364 75.583829 101.986873 256.000000 236.784886
29.013856 114.445456 64.000000 15.751526 31.069520 111.506675 256.000000 227.831342 14.869778 19.332051 64.000000 10.941308 17.178911 17.355649 256.000000 257.875839 108.452836 49.837415 64.000000 17.184265 109.023736 51.765467 256.000000 267.887803 74.443505 151.239495 0.000000 28.327792 85.114005 129.550442 256.000000 242.735271
3.400516 120.934451 0.000000 24.330751 5.061380 120.660231 256.000000 238.854398 142.665589 81.746907 64.000000 14.921139 140.675096 82.010513 256.000000 233.992550 73.429309 17.338060 0.000000 9.444031 72.857562 17.730107 256.000000 229.565257 31.570189 68.846085 0.000000 13.329207 31.515015 72.749455 256.000000 255.836444
58.373785 77.497036 0.000000 20.828499 53.697153 80.490620 256.000000 244.538027 11.251509 98.851951 64.000000 22.747423 12.914169 100.737233 256.000000 248.948110 147.384633 183.011729 64.000000 41.003016 101.998853 117.513596 256.000000 189.155989 6.239802 53.172285 64.000000 35.913134 124.684022 49.834662 256.000000 224.970166
4.482585 60.947360 0.000000 28.073943 9.253745 64.017365 256.000000 234.835844 101.392753 13.857004 0.000000 19.511928 108.434198 21.176429 256.000000 229.363039 27.203595 217.591258 64.000000 21.611558 8.829842 224.207747 256.000000 239.314767 77.889853 85.567953 64.000000 16.285038 80.469011 80.094949 256.000000 244.641287
62.096035 95.335895 0.000000 11.956703 57.406738 94.117065 256.000000 256.378562 82.590565 68.732560 0.000000 8.936334 82.512684 70.822567 256.000000 247.528278 63.034380 44.855225 0.000000 40.379150 63.511016 45.605549 256.000000 214.678538 118.639684 183.737096 0.000000 19.154819 115.838645 185.498747 256.000000 252.028714
166.879475 35.832795 0.000000 16.349576 165.410560 34.923787 256.000000 251.942664 28.233175 185.454556 0.000000 20.703726 35.988427 184.451696 256.000000 250.518530 143.202071 16.856749 0.000000 28.990380 139.576935 15.368255 256.000000 222.083175 46.190585 138.151553 64.000000 13.518518 37.886489 92.406464 256.000000 244.834901
39.878509 137.871575 64.000000 27.794279 44.134831 135.943985 256.000000 215.693933 22.899944 162.850936 64.000000 10.717577 22.832182 162.371427 256.000000 233.786029 129.700002 87.811096 0.000000 17.993139 128.066664 88.977318 256.000000 227.771106 127.641767 161.080665 0.000000 29.704598 127.685655 158.390493 256.000000 245.157590
69.963349 98.712593 0.000000 8.932032 68.749775 99.264402 256.000000 243.797993 16.615855 91.183125 64.000000 9.413914 17.478371 91.528740 256.000000 249.606395 40.268573 12.557689 0.000000 21.047928 35.430795 17.604707 256.000000 232.736214 48.607022 190.166471 64.000000 15.084635 44.677344 189.900267 256.000000 222.160620
23.447707 29.184693 64.000000 12.554753 23.139860 31.034224 256.000000 260.293855 149.345276 98.645715 0.000000 23.323961 149.706871 94.562565 256.000000 247.726194 79.896958 84.966682 64.000000 18.539559 76.528782 81.907047 256.000000 215.332521 34.472147 61.112440 64.000000 20.665004 22.999487 67.842980 256.000000 221.304419
123.191898 58.099889 64.000000 9.568804 164.380047 16.179065 256.000000 235.334936 50.349764 117.879813 64.000000 23.612230 57.903593 115.000471 256.000000 244.791875 79.912536 79.472865 0.000000 9.568804 79.731082 81.174744 256.000000 239.852582 3.814902 134.933911 64.000000 24.773910 6.125776 133.970811 256.000000 216.520016
3.339758 91.587507 0.000000 30.362884 6.940165 88.311733 256.000000 244.908043 11.421742 95.545187 0.000000 12.907560 6.978993 95.032204 256.000000 245.381321 154.697218 33.937091 64.000000 42.487385 145.230496 37.444760 256.000000 227.818434 74.158989 95.495547 0.000000 27.510313 116.420849 77.183544 256.000000 214.373059
23.612231 94.760198 64.000000 24.421104 32.886558 107.965547 256.000000 231.286265 15.225238 88.469391 0.000000 16.939021 5.100496 85.295575 256.000000 247.390597 59.372300 111.012384 64.000000 23.401406 60.199887 105.850555 256.000000 239.646061 71.717305 132.805616 0.000000 18.191055 71.641555 133.757524 256.000000 256.309721
104.022325 99.088260 0.000000 24.902986 104.811847 94.821456 256.000000 244.340111 56.987635 76.629335 64.000000 22.011692 50.135184 67.344780 256.000000 250.015135 127.376418 97.344549 0.000000 15.484769 127.829604 94.594200 256.000000 220.267511 145.046724 65.422791 0.000000 17.287525 144.160035 67.327484 256.000000 227.177359
159.622700 40.634956 64.000000 19.623794 159.394805 40.847284 256.000000 248.999740 34.896258 182.892593 64.000000 25.311725 36.549535 181.657213 256.000000 224.307578 72.831809 144.378985 64.000000 73.439714 67.809216 144.734556 256.000000 188.286880 92.960904 110.383084 0.000000 37.449134 83.805651 108.003365 256.000000 210.655682
53.140173 12.335458 64.000000 32.402278 52.753300 18.934149 256.000000 230.572047 49.969625 179.041080 0.000000 15.626753 49.405216 177.409455 256.000000 236.225558 156.125245 116.726785 64.000000 34.015723 153.466513 115.334644 256.000000 231.531509 94.148907 87.847555 64.000000 20.097071 93.539762 83.335596 256.000000 251.934059
60.862756 58.119538 0.000000 13.002215 67.261600 62.271905 256.000000 228.640215 69.806155 115.182895 64.000000 27.351120 69.585222 121.251102 256.000000 243.152615 100.316613 197.790725 0.000000 12.059964 99.980967 198.044084 256.000000 254.541386 173.199235 127.235856 64.000000 29.889606 165.315213 132.759365 256.000000 229.199543
99.964427 65.037027 64.000000 8.794351 102.680489 66.606560 256.000000 256.864747 111.538225 49.414282 64.000000 11.315628 116.882809 42.972840 256.000000 248.354362 79.870527 175.644660 64.000000 33.043354 88.389307 173.444984 256.000000 226.316855 56.192825 170.607891 64.000000 24.855658 55.774116 169.459795 256.000000 231.772450
53.833235 131.236007 0.000000 11.763090 57.473884 132.427791 256.000000 250.488412 64.471196 29.882858 64.000000 20.075558 62.858795 33.901947 256.000000 233.471945 151.148724 58.828400 0.000000 74.829428 148.539413 62.815736 256.000000 182.108462 129.664558 14.607167 0.000000 10.773510 130.885924 7.580882 256.000000 242.356649
16.206864 203.503047 64.000000 12.950585 28.679293 233.255189 256.000000 269.686256 47.751684 69.775609 64.000000 23.655255 45.642691 72.342200 256.000000 249.434294 25.086847 44.216236 0.000000 22.127860 22.591904 45.058098 256.000000 241.775809 61.189087 59.670809 0.000000 20.944667 89.657305 53.948840 256.000000 240.278532
52.008969 48.048593 64.000000 22.992667 48.742478 41.668767 256.000000 258.435166 180.400020 37.103678 64.000000 42.267956 177.416622 37.804056 256.000000 209.928556 96.194053 38.862358 64.000000 17.231593 97.670802 41.942775 256.000000 242.132918 31.174500 203.683615 64.000000 29.510985 26.053256 202.856484 256.000000 234.594903
23.367335 23.716629 64.000000 48.777669 36.381840 43.230727 256.000000 217.389126 53.973185 170.981429 64.000000 23.556297 69.816095 171.340127 256.000000 238.277860 85.959205 190.306304 0.000000 9.968939 85.481605 191.337811 256.000000 238.858700 98.865836 79.969220 0.000000 20.419760 102.049502 72.049715 256.000000 222.384351
105.214025 71.984958 64.000000 36.162681 103.275215 75.369576 256.000000 203.405936 158.883605 148.252447 64.000000 24.829843 158.129485 147.413400 256.000000 229.406064 59.453129 229.706502 64.000000 19.120399 62.289287 218.725742 256.000000 233.394500 97.825793 170.093336 0.000000 10.459426 224.307900 225.397573 256.000000 251.589857
