5.021276 203.031544 0.000000 29.321674 16.870344 197.765195 256.000000 244.503607 153.679927 103.589647 0.000000 26.968195 139.760867 104.106675 256.000000 219.338167 6.651124 103.185187 0.000000 18.070584 3.407520 93.443140 256.000000 240.528078 136.248000 144.723802 0.000000 13.746551 134.835607 145.342985 256.000000 217.152487
119.400125 137.492704 64.000000 11.698552 120.175245 137.461687 256.000000 260.590729 169.906911 35.875727 0.000000 17.756500 169.583738 36.592620 256.000000 236.660113 114.879025 144.677905 64.000000 16.061307 113.676151 145.417282 256.000000 252.764445 47.507925 102.150264 64.000000 17.330551 48.798951 96.072462 256.000000 232.013391
158.082002 61.954004 0.000000 35.160193 155.160453 63.927415 256.000000 236.393356 65.995273 17.603931 64.000000 34.626681 53.849513 26.514911 256.000000 201.310608 107.323982 203.313895 0.000000 37.130748 102.943307 196.974353 256.000000 215.401361 141.221475 44.428722 0.000000 31.980631 125.657727 44.355827 256.000000 208.568960
71.408536 20.798018 0.000000 23.659557 65.144698 20.323435 256.000000 215.990807 63.032120 138.717289 0.000000 18.935391 54.930244 147.083993 256.000000 244.809085 23.564007 163.445976 64.000000 12.701039 27.933562 167.245251 256.000000 266.687400 73.429309 17.338060 0.000000 9.444031 72.857562 17.730107 256.000000 229.565257
142.665589 81.746907 64.000000 14.921139 140.675096 82.010513 256.000000 233.992550 153.462440 31.788015 64.000000 18.789105 152.840687 31.011302 256.000000 228.209963 59.368589 211.359625 64.000000 15.269643 56.544825 212.494982 256.000000 248.797522 65.966607 108.024138 0.000000 92.740819 66.438907 108.865060 256.000000 162.355592
43.324318 43.309385 0.000000 33.421975 40.050900 45.835367 256.000000 223.666502 101.409915 51.733402 0.000000 12.627896 99.888958 49.800718 256.000000 242.825624 16.316124 59.340291 64.000000 12.477308 19.086815 56.692578 256.000000 226.893392 66.836358 42.210073 0.000000 29.003287 70.883471 56.940798 256.000000 219.781327
60.736013 29.296227 0.000000 9.482754 64.182224 23.320040 256.000000 258.250158 101.618240 29.818133 64.000000 9.771023 100.472418 29.351200 256.000000 241.836044 79.387222 110.213298 64.000000 10.072199 89.735778 115.339491 256.000000 243.759271 155.503529 103.224636 0.000000 12.253577 155.578818 103.241340 256.000000 245.949253
13.711691 210.762631 64.000000 10.360468 15.981296 213.930169 256.000000 259.308578 76.954364 118.284642 64.000000 21.899827 71.157331 122.704824 256.000000 233.063206 68.408193 128.905455 0.000000 12.309510 78.928942 113.861480 256.000000 245.996581 111.350638 94.720345 64.000000 36.962949 104.243275 98.867615 256.000000 226.691174
109.952689 33.821436 0.000000 10.674552 108.853456 31.638195 256.000000 238.574734 24.969347 99.398673 0.000000 8.772838 25.026853 98.024476 256.000000 249.709656 185.202273 106.348053 0.000000 9.000872 187.147735 105.299016 256.000000 233.076113 78.044680 161.285582 0.000000 16.900299 69.572356 165.528936 256.000000 243.027842
107.981827 157.480871 0.000000 23.237911 107.476584 152.200029 256.000000 234.689558 135.227167 25.662985 0.000000 39.522949 116.947284 35.087853 256.000000 216.309193 78.034207 16.350144 0.000000 17.352063 73.823249 7.188024 256.000000 240.454935 39.346242 107.190235 64.000000 18.548164 38.393538 105.990764 256.000000 241.737086
25.258995 96.375720 0.000000 10.829443 23.884538 92.926949 256.000000 245.463069 23.612231 94.760198 64.000000 24.421104 32.886558 107.965547 256.000000 231.286265 173.383827 54.054785 0.000000 19.064466 173.347960 55.717825 256.000000 230.369828 22.483109 64.867433 64.000000 11.543661 23.275484 62.874809 256.000000 260.909115
36.803989 68.999505 64.000000 13.707829 32.946824 71.777545 256.000000 247.472345 37.694705 131.867860 64.000000 37.651353 42.489371 128.005567 256.000000 211.434438 3.858224 27.327184 64.000000 14.779156 8.382967 23.625860 256.000000 234.625021 58.330185 140.143935 0.000000 50.786946 59.965555 138.827118 256.000000 208.766875
115.898905 141.016955 0.000000 15.273946 115.587024 139.910907 256.000000 239.869793 25.599495 85.417035 64.000000 11.522149 24.066764 82.741711 256.000000 257.402562 72.828036 86.729785 0.000000 36.993067 74.143591 95.830815 256.000000 233.880685 66.807429 25.380427 0.000000 16.108635 68.281553 26.040465 256.000000 256.731368
132.164051 73.277193 64.000000 30.156363 127.060567 81.047305 256.000000 221.102200 59.913495 58.316842 0.000000 23.534784 54.736604 57.767262 256.000000 233.325660 129.168147 107.378253 0.000000 19.705542 126.218671 90.826649 256.000000 243.772178 14.363144 53.227544 0.000000 46.178947 9.928905 52.256224 256.000000 202.726137
81.811805 129.247435 64.000000 12.675224 79.551275 133.135431 256.000000 244.658497 49.417305 79.917485 64.000000 36.653168 61.903573 58.233155 256.000000 212.768219 36.422422 150.738224 0.000000 9.771023 31.242305 153.318320 256.000000 253.831470 30.803400 141.084089 64.000000 24.313541 40.990182 140.551540 256.000000 235.360752
19.058364 203.735855 0.000000 15.562215 23.494800 205.882587 256.000000 223.571847 59.022624 124.950351 64.000000 25.475221 61.736745 119.810800 256.000000 233.798937 49.363851 83.144456 0.000000 14.572635 57.778165 84.433376 256.000000 229.939576 153.319971 57.742800 0.000000 24.911591 151.904069 78.449427 256.000000 239.607339
66.095044 137.107722 0.000000 20.114281 71.653827 134.339315 256.000000 238.669389 135.755700 36.229218 64.000000 20.966180 130.973596 35.132444 256.000000 225.520888 133.784285 119.429318 64.000000 24.989036 131.650522 120.041176 256.000000 257.613385 10.934598 140.493740 0.000000 19.804500 10.474267 136.759464 256.000000 240.317255
59.277985 172.028795 0.000000 12.868837 78.513427 183.170325 256.000000 255.823537 27.566324 203.639398 64.000000 13.957375 22.463764 206.709980 256.000000 232.112349 115.723735 117.316853 64.000000 26.094784 112.916596 118.088855 256.000000 238.819978 76.733167 40.926531 64.000000 36.222916 77.461407 53.732055 256.000000 230.748450
97.505313 206.358736 0.000000 44.750511 89.411362 196.387076 256.000000 217.995781 7.084416 120.624135 0.000000 20.621978 11.450804 120.421480 256.000000 254.188579 119.615129 0.871302 64.000000 19.993810 116.690051 -0.000004 256.000000 220.306234 84.155249 37.458182 0.000000 30.569405 85.198633 42.290051 256.000000 243.526935
50.864775 91.942558 0.000000 18.307223 44.109647 97.514236 256.000000 245.041422 34.438675 212.674455 64.000000 10.029174 35.939467 213.739004 256.000000 239.331978 59.490242 153.203640 64.000000 17.803828 76.521733 156.625462 256.000000 233.867777 150.379762 136.279678 64.000000 35.125773 145.195724 136.252169 256.000000 224.122569
32.139251 144.616222 0.000000 19.877642 39.568909 145.952455 256.000000 253.775537 111.581669 146.014815 0.000000 51.045097 106.470185 143.044705 256.000000 226.045796 87.798120 159.362447 64.000000 12.214854 88.185938 158.725618 256.000000 256.107503 21.104158 47.340460 64.000000 25.032061 75.702991 62.634087 256.000000 232.921223
131.577022 102.675576 0.000000 15.359996 138.563091 95.877391 256.000000 256.933587 111.808555 161.640847 0.000000 32.927186 104.192224 161.358289 256.000000 223.541729 78.265722 62.911685 0.000000 27.269372 72.669253 66.207731 256.000000 227.211779 36.127033 232.691675 64.000000 23.685373 44.791056 230.726385 256.000000 258.456679
39.878509 137.871575 64.000000 27.794279 44.134831 135.943985 256.000000 215.693933 160.059382 14.989656 0.000000 9.164368 159.984398 13.662815 256.000000 246.177287 137.809202 3.423889 0.000000 19.331222 139.935402 7.296002 256.000000 215.311008 139.233920 86.963915 0.000000 32.565774 136.470338 90.050258 256.000000 224.578636
38.234715 101.464567 0.000000 11.771695 33.615055 104.709889 256.000000 249.597790 5.988435 179.693427 0.000000 15.962349 11.974409 188.253905 256.000000 246.667774 42.330402 37.655415 0.000000 21.211424 56.758864 49.063316 256.000000 244.628380 163.169622 144.090800 0.000000 10.369073 162.944902 146.250655 256.000000 253.431336
156.198555 143.840356 0.000000 16.513072 159.704675 138.990362 256.000000 244.671405 62.372371 9.236544 0.000000 13.398047 69.340824 10.412525 256.000000 239.443843 16.206691 55.065833 64.000000 21.465272 8.386422 57.140327 256.000000 235.231676 21.579144 194.973413 0.000000 29.803556 21.264591 192.494615 256.000000 212.888690
27.835733 119.233418 0.000000 14.697408 18.385471 123.348791 256.000000 229.952484 79.494387 115.163153 64.000000 18.789105 75.601215 116.406633 256.000000 220.706368 30.576245 129.767600 64.000000 13.725039 31.886511 128.416784 256.000000 235.976012 89.461985 209.755156 0.000000 28.499892 86.891244 203.354164 256.000000 247.911202
103.674711 36.950640 0.000000 21.542718 99.366295 37.973304 256.000000 236.789188 48.765582 93.008555 0.000000 19.886247 85.212809 75.825755 256.000000 242.008145 77.842487 142.264985 0.000000 31.941908 74.468849 136.961349 256.000000 225.576821 27.221782 46.299796 0.000000 10.485241 25.805585 46.842780 256.000000 238.325188
40.556811 37.664125 64.000000 23.827356 45.506375 39.457124 256.000000 234.633626 95.686764 40.861300 64.000000 28.667691 97.710589 45.241753 256.000000 207.725666 42.240029 49.924167 0.000000 16.728198 37.013631 51.955882 256.000000 225.116451 180.081069 10.016422 0.000000 10.807930 180.960084 5.652020 256.000000 255.036176
148.765993 7.334509 64.000000 18.939693 146.677049 2.459007 256.000000 242.920279 40.827058 48.406571 64.000000 14.125173 42.325915 43.132398 256.000000 239.904213 40.807118 137.074545 0.000000 29.158178 38.125115 131.977849 256.000000 230.477391 104.968340 48.248435 64.000000 28.594548 98.099460 49.973287 256.000000 230.197728
71.829467 61.462331 64.000000 16.904601 69.284693 56.986518 256.000000 231.157190 10.378567 145.445604 64.000000 13.944467 12.352271 146.608091 256.000000 241.956515 7.938798 104.321625 0.000000 22.622650 13.311209 97.605391 256.000000 218.150672 111.716733 20.589653 0.000000 40.589974 103.463605 23.205078 256.000000 206.602708
173.890985 37.565131 64.000000 12.877442 180.354458 20.076735 256.000000 249.485925 48.612869 53.563091 64.000000 40.133907 48.428425 55.623624 256.000000 207.162035 50.140871 30.609815 0.000000 17.360668 53.412189 31.141480 256.000000 240.119339 42.719627 182.608671 0.000000 44.845166 46.420798 184.730540 256.000000 202.493801
108.173004 161.623525 64.000000 10.067897 112.719587 161.493844 256.000000 225.064821 119.648467 40.002355 0.000000 20.157306 117.670491 40.960775 256.000000 242.911674 54.142391 72.779409 0.000000 29.024800 47.639385 67.197124 256.000000 219.940520 121.939742 116.471256 0.000000 29.097943 117.652780 116.251302 256.000000 222.199343
