14.445035 170.771375 64.000000 18.457811 34.498649 176.156344 256.000000 251.538227 11.139053 140.219680 64.000000 18.023256 14.246484 139.982996 256.000000 248.492043 39.669145 36.135285 0.000000 10.743392 38.885196 37.179896 256.000000 231.264753 68.187982 30.004047 0.000000 31.391186 64.635811 30.338049 256.000000 225.615544
27.198942 179.437367 64.000000 47.375048 29.440520 175.246562 256.000000 219.234907 52.540149 188.787756 0.000000 23.711188 20.196544 194.739711 256.000000 239.951540 48.235713 18.860096 64.000000 21.689003 48.195111 21.396524 256.000000 250.195841 106.151464 67.056064 0.000000 35.706613 28.370449 102.971085 256.000000 226.828854
56.242111 42.000722 64.000000 12.817207 62.357973 41.430800 256.000000 249.386967 64.038195 109.951524 64.000000 18.539559 62.943036 108.487753 256.000000 249.735471 125.017922 11.136875 64.000000 21.787961 125.068467 11.186591 256.000000 241.616616 32.467398 6.465049 64.000000 26.800397 40.849496 7.413896 256.000000 251.030529
97.929387 131.742087 0.000000 23.762818 109.110260 119.680545 256.000000 242.907372 75.312740 12.966951 64.000000 10.829443 78.306480 12.798785 256.000000 229.715845 56.192825 170.607891 64.000000 24.855658 55.774116 169.459795 256.000000 231.772450 48.587464 195.872418 64.000000 23.285238 49.182605 193.615165 256.000000 244.365926
44.599467 160.775507 0.000000 29.652968 46.367947 156.202273 256.000000 210.066236 62.564709 172.780478 0.000000 28.986077 59.449529 170.570662 256.000000 237.826096 90.623665 76.589364 0.000000 11.453308 89.523520 75.939436 256.000000 253.530294 22.716860 50.697636 0.000000 11.504938 25.135127 49.011104 256.000000 234.272214
106.617827 35.059389 64.000000 24.511456 96.387822 12.585675 256.000000 229.040350 35.204924 5.215715 64.000000 24.515759 36.051058 6.800535 256.000000 239.439541 32.522851 108.533384 64.000000 20.333710 34.882400 105.742916 256.000000 243.471002 15.325745 54.599267 0.000000 16.607727 16.104395 57.975176 256.000000 229.410366
67.180845 88.996735 0.000000 8.738418 69.785591 85.458329 256.000000 247.928412 173.573109 77.450638 0.000000 11.281207 186.941595 88.078853 256.000000 282.305547 17.934540 60.642004 0.000000 17.128332 19.568229 55.065742 256.000000 254.300445 60.758109 75.571449 64.000000 30.367186 22.447298 70.982722 256.000000 224.062334
73.523582 162.914169 64.000000 17.584399 57.941073 177.223365 256.000000 222.500519 115.195935 46.579553 0.000000 20.368130 115.966793 58.107180 256.000000 229.582467 37.694705 131.867860 64.000000 37.651353 42.489371 128.005567 256.000000 211.434438 107.455458 168.466191 64.000000 10.850955 107.225638 168.654633 256.000000 241.220784
47.737896 179.992589 64.000000 26.288397 52.527415 178.588125 256.000000 236.926869 60.896091 222.667844 0.000000 10.859560 67.294905 225.239976 256.000000 233.394500 5.021276 203.031544 0.000000 29.321674 16.870344 197.765195 256.000000 244.503607 167.603709 72.528680 64.000000 37.311453 151.483080 66.417885 256.000000 220.327747
163.990195 16.540198 64.000000 20.286382 167.306560 26.790215 256.000000 236.608482 19.150873 147.962645 64.000000 19.572163 20.289055 148.068905 256.000000 237.817490 119.767975 187.331020 64.000000 22.833474 113.900707 193.559456 256.000000 236.591272 57.596967 26.205858 64.000000 10.493846 55.812840 22.991004 256.000000 248.956715
3.583967 33.021016 64.000000 29.829371 26.459756 29.832671 256.000000 216.855613 124.808764 110.281867 0.000000 38.950714 115.917667 110.748651 256.000000 235.623205 8.644393 99.333869 64.000000 10.653040 10.688598 101.302244 256.000000 239.658969 14.217020 142.817329 0.000000 11.694249 19.934987 148.222665 256.000000 233.682769
77.530216 20.045024 64.000000 11.986821 90.125947 16.597115 256.000000 233.054601 24.642498 12.323085 0.000000 22.635558 31.728138 13.537602 256.000000 240.678666 110.724709 50.019300 64.000000 24.756700 107.803685 50.929584 256.000000 227.676451 96.176180 211.030749 64.000000 22.037507 95.305153 209.990640 256.000000 241.100313
26.881496 170.209958 64.000000 18.668634 27.413098 167.638395 256.000000 233.734399 174.198398 35.695847 0.000000 9.469847 175.382056 32.866160 256.000000 245.019909 64.751418 137.416467 0.000000 12.666619 71.910505 137.682371 256.000000 244.383136 185.639733 90.588958 0.000000 34.596563 166.404760 81.104022 256.000000 230.705425
84.697391 224.212200 64.000000 16.706685 88.005298 224.987984 256.000000 230.864618 62.491029 229.078062 64.000000 19.129004 60.651582 229.096087 256.000000 238.105759 121.647325 125.253231 0.000000 16.590517 119.820315 127.809096 256.000000 229.758871 56.500242 102.336145 64.000000 12.206249 59.234082 99.523696 256.000000 256.890562
165.994309 95.377364 64.000000 45.361468 138.321240 111.177962 256.000000 212.307849 24.195180 91.397847 0.000000 17.068097 27.868476 107.730669 256.000000 214.618303 138.388160 88.469353 64.000000 21.869709 137.630013 89.454436 256.000000 235.205861 158.883605 148.252447 64.000000 24.829843 158.129485 147.413400 256.000000 229.406064
39.026744 92.786185 0.000000 16.229105 34.798407 91.434885 256.000000 243.294598 113.899640 112.931518 64.000000 25.436498 114.622802 109.898144 256.000000 234.470130 127.753355 144.554524 0.000000 10.239998 132.674204 143.144071 256.000000 233.837659 6.239802 53.172285 64.000000 35.913134 124.684022 49.834662 256.000000 224.970166
101.392753 13.857004 0.000000 19.511928 108.434198 21.176429 256.000000 229.363039 39.130405 214.491964 64.000000 36.713403 36.783056 208.884767 256.000000 219.949125 169.166065 43.027625 64.000000 23.745608 166.498491 39.978662 256.000000 220.263209 13.651300 4.527822 64.000000 9.792536 14.959084 3.914278 256.000000 250.961689
57.575771 68.164435 0.000000 21.998785 49.157636 63.772373 256.000000 234.233491 63.531215 46.181540 64.000000 25.875355 51.510355 44.914173 256.000000 237.000012 57.912033 139.387105 0.000000 21.448062 67.389184 129.254851 256.000000 229.918064 48.765582 93.008555 0.000000 19.886247 85.212809 75.825755 256.000000 242.008145
154.539476 126.376269 0.000000 39.402478 149.851107 131.688956 256.000000 225.692989 42.240029 49.924167 0.000000 16.728198 37.013631 51.955882 256.000000 225.116451 94.576822 59.458844 0.000000 20.518718 95.000007 66.685713 256.000000 245.316783 16.615855 91.183125 64.000000 9.413914 17.478371 91.528740 256.000000 249.606395
67.748985 111.604560 0.000000 11.195157 60.514551 109.137133 256.000000 226.097426 95.943493 222.522989 64.000000 12.765577 93.164756 225.938267 256.000000 237.073155 166.705898 36.838571 64.000000 36.915622 166.252258 34.583029 256.000000 225.322972 65.223040 58.899631 0.000000 35.039723 57.230173 57.425175 256.000000 217.359008
80.531773 195.532182 64.000000 40.039251 76.005631 198.973893 256.000000 179.242983 155.521615 37.703571 0.000000 13.965980 163.280215 46.213355 256.000000 249.038463 49.969625 179.041080 0.000000 15.626753 49.405216 177.409455 256.000000 236.225558 69.380018 139.367293 0.000000 18.354550 72.203704 137.328740 256.000000 248.896479
44.662424 27.565818 0.000000 85.374904 43.917420 25.724880 256.000000 167.918751 44.533098 208.825487 0.000000 8.794351 47.987598 211.600984 256.000000 263.103401 69.111173 115.141782 64.000000 23.332566 65.434929 111.732473 256.000000 237.172112 1.033642 157.646918 0.000000 28.917237 7.657093 156.184027 256.000000 221.536755
30.026451 59.621100 64.000000 20.071256 19.329796 65.854378 256.000000 237.963776 30.803400 141.084089 64.000000 24.313541 40.990182 140.551540 256.000000 235.360752 141.656595 22.043058 64.000000 76.421360 146.198676 23.311813 256.000000 173.757270 100.509338 178.095718 0.000000 33.288597 100.295702 168.861435 256.000000 226.910602
69.620907 59.896633 0.000000 20.023928 85.792611 70.657616 256.000000 239.779440 58.448844 58.321016 0.000000 12.189039 53.860471 58.270782 256.000000 229.397459 82.854584 159.863300 0.000000 37.604025 78.893164 153.371364 256.000000 224.570031 32.428169 119.435591 64.000000 26.882145 33.380325 115.003138 256.000000 233.893592
207.341722 47.929733 64.000000 29.579825 227.884289 22.640351 256.000000 225.292855 55.942131 43.230262 64.000000 29.244228 61.755340 54.428833 256.000000 18.117912 72.956655 12.436527 64.000000 23.900499 66.317969 16.953136 256.000000 241.573590 8.852495 220.880264 0.000000 27.140296 7.600442 216.164395 256.000000 216.455479
98.526733 100.014049 0.000000 42.104461 78.807127 90.335205 256.000000 227.534468 181.112800 115.454598 0.000000 31.318043 175.674740 125.469545 256.000000 220.943007 22.899944 162.850936 64.000000 10.717577 22.832182 162.371427 256.000000 233.786029 108.143104 5.791636 64.000000 43.821166 100.061705 37.654520 256.000000 199.679953
81.972538 36.510020 0.000000 22.958247 73.752098 23.289231 256.000000 247.786429 131.577022 102.675576 0.000000 15.359996 138.563091 95.877391 256.000000 256.933587 112.060669 36.213835 0.000000 30.646850 101.057571 42.127413 256.000000 219.622133 82.192055 221.843425 64.000000 15.609543 84.863675 220.734840 256.000000 238.587642
55.518949 97.631336 0.000000 21.060835 16.074195 163.566962 256.000000 227.147241 89.881287 165.504169 0.000000 14.572635 97.509929 164.477176 256.000000 228.123913 29.669936 126.116858 64.000000 18.044769 33.509651 126.609618 256.000000 231.316383 186.278844 71.675176 0.000000 36.489672 182.392795 70.995082 256.000000 205.849767
45.863222 182.546398 0.000000 11.294115 60.562124 195.353315 256.000000 249.408479 111.716733 20.589653 0.000000 40.589974 103.463605 23.205078 256.000000 206.602708 96.264164 112.989044 64.000000 27.123086 94.972973 113.882147 256.000000 229.500719 58.567322 87.668222 0.000000 21.770751 52.500033 89.371300 256.000000 237.598062
18.666580 114.842220 64.000000 42.857402 26.320069 109.683573 256.000000 207.153430 85.201038 94.137667 64.000000 52.159450 88.005147 90.100456 256.000000 200.790003 50.967238 62.188538 64.000000 8.699695 49.592733 59.912065 256.000000 255.251302 133.685800 147.539351 0.000000 22.011692 131.633365 148.516713 256.000000 251.323101
105.860751 90.166991 64.000000 20.574651 103.199769 85.817289 256.000000 230.012719 16.206691 55.065833 64.000000 21.465272 8.386422 57.140327 256.000000 235.231676 48.141338 61.704404 0.000000 49.879114 49.092973 63.059100 256.000000 210.965463 51.945402 152.580724 0.000000 8.854586 57.146653 154.970947 256.000000 276.738086
18.530015 42.473191 0.000000 26.933775 15.473658 53.456009 256.000000 213.564185 52.522338 110.110553 64.000000 11.754485 61.592113 121.634275 256.000000 241.293927 72.918265 70.390338 0.000000 13.815392 116.049187 104.100233 256.000000 245.949253 176.501855 130.775667 0.000000 9.065410 179.014991 129.714200 256.000000 242.094195
