91.606991 187.165151 64.000000 33.856530 77.316733 181.319904 256.000000 233.992550 80.368753 80.796496 0.000000 9.052502 86.351784 80.322413 256.000000 247.795034 108.862473 157.229380 0.000000 12.954888 106.402300 159.318560 256.000000 244.348716 40.807118 137.074545 0.000000 29.158178 38.125115 131.977849 256.000000 230.477391
43.564235 88.838036 0.000000 50.623450 44.300958 79.105024 256.000000 217.075042 151.010216 121.704836 0.000000 14.972770 150.976073 119.644971 256.000000 239.813860 24.642498 12.323085 0.000000 22.635558 31.728138 13.537602 256.000000 240.678666 111.019258 9.637267 64.000000 11.393073 116.446024 11.836171 256.000000 241.732784
173.199235 127.235856 64.000000 29.889606 165.315213 132.759365 256.000000 229.199543 95.943493 222.522989 64.000000 12.765577 93.164756 225.938267 256.000000 237.073155 43.585251 143.427771 0.000000 13.669106 53.183687 145.771256 256.000000 254.967335 53.661955 28.600135 0.000000 15.110450 62.388900 31.115484 256.000000 254.851167
68.321127 94.754893 0.000000 10.386283 65.276951 96.803535 256.000000 238.006801 102.435165 101.846835 0.000000 29.476565 106.996255 110.999675 256.000000 220.508453 85.856175 89.203447 64.000000 25.526851 82.553251 91.437209 256.000000 236.010432 62.236318 165.995322 0.000000 28.839792 53.503720 161.958231 256.000000 212.165866
73.662196 49.694669 64.000000 22.910919 75.720978 53.985982 256.000000 233.101929 61.478242 61.721951 64.000000 15.166383 58.795891 61.684858 256.000000 245.407136 111.808555 161.640847 0.000000 32.927186 104.192224 161.358289 256.000000 223.541729 191.315395 89.468302 64.000000 14.658686 196.609640 96.271384 256.000000 248.264009
66.590053 51.500922 0.000000 15.054517 61.922827 52.807095 256.000000 233.248214 118.593547 84.944075 64.000000 9.035292 117.103122 84.730100 256.000000 258.323301 4.982144 93.900595 0.000000 8.755628 1.953247 97.335833 256.000000 253.315168 15.328124 91.622364 0.000000 11.780300 18.447360 91.602898 256.000000 241.311137
51.711527 53.298933 64.000000 13.574451 52.733547 57.017896 256.000000 219.256419 173.985500 141.017144 0.000000 10.657342 180.057058 136.199664 256.000000 241.861859 16.299518 166.911809 64.000000 12.417073 20.312733 173.376262 256.000000 231.066837 96.108780 132.438538 64.000000 27.196229 95.087256 131.429767 256.000000 232.839475
56.234613 87.309071 0.000000 13.152804 51.210769 84.225020 256.000000 238.531709 72.134393 58.652611 64.000000 13.621778 81.874384 53.172458 256.000000 234.952012 151.255405 8.729204 64.000000 11.728670 151.111173 7.973893 256.000000 266.683097 77.421467 108.178056 0.000000 28.607455 88.259784 89.769565 256.000000 237.524919
44.179345 103.693007 0.000000 12.589174 43.950387 101.742444 256.000000 223.034032 2.442458 46.940722 64.000000 11.100502 2.412425 48.579965 256.000000 243.625892 35.479602 214.118636 64.000000 15.902114 40.362047 214.904998 256.000000 239.671877 118.441589 48.513993 0.000000 11.388770 118.479262 43.487067 256.000000 239.392213
15.452033 95.977913 64.000000 9.504267 14.754636 101.175480 256.000000 232.878198 33.434273 104.462471 64.000000 14.546820 13.259400 112.166098 256.000000 233.394500 183.926145 28.614742 64.000000 30.517774 182.609365 32.762067 256.000000 224.479678 53.783345 117.106716 0.000000 12.825812 57.387602 115.798205 256.000000 243.118195
32.866305 33.283258 64.000000 18.909575 31.789291 34.250825 256.000000 233.187979 114.967793 122.156824 0.000000 9.091225 115.208696 120.222082 256.000000 235.825424 16.316124 59.340291 64.000000 12.477308 19.086815 56.692578 256.000000 226.893392 34.341385 79.661265 0.000000 12.976400 37.365235 83.138824 256.000000 245.983673
46.894709 99.521938 0.000000 10.205577 44.141733 101.486815 256.000000 253.607739 11.105455 222.572656 0.000000 16.805643 12.502147 222.603687 256.000000 247.141051 68.458456 97.072009 64.000000 12.860232 76.500327 102.528635 256.000000 237.701322 80.628125 184.905969 0.000000 13.690619 74.208142 199.010944 256.000000 247.016278
118.195075 20.684700 0.000000 22.059020 117.845020 20.696298 256.000000 225.856485 34.766696 108.665462 0.000000 27.269372 35.709822 102.247949 256.000000 227.685056 23.367335 23.716629 64.000000 48.777669 36.381840 43.230727 256.000000 217.389126 93.408082 88.902727 64.000000 21.263054 94.408216 84.817849 256.000000 246.783942
30.594424 117.150195 64.000000 42.267956 30.510105 123.355755 256.000000 208.069867 17.550233 91.741271 64.000000 14.516702 16.074480 97.997413 256.000000 251.835101 39.859284 42.727444 64.000000 19.765777 54.200749 48.898438 256.000000 214.330034 31.521409 76.369736 64.000000 15.992467 33.104307 80.159671 256.000000 253.741117
129.168147 107.378253 0.000000 19.705542 126.218671 90.826649 256.000000 243.772178 100.328793 66.761618 64.000000 16.878786 106.856829 58.299467 256.000000 263.731568 138.203596 158.412851 64.000000 36.524092 135.302318 156.882522 256.000000 208.543144 136.355593 110.076091 0.000000 9.409611 136.204238 114.196835 256.000000 240.859372
52.986509 59.531504 64.000000 27.338212 44.152635 63.194098 256.000000 224.092452 114.004929 196.884325 0.000000 16.762618 114.747185 195.806584 256.000000 237.400146 0.921738 79.650640 64.000000 9.276233 0.921295 77.923387 256.000000 245.260850 69.572307 135.447705 64.000000 16.160265 88.086982 124.405600 256.000000 229.272686
50.674956 121.829155 64.000000 24.253305 49.497775 118.063909 256.000000 218.210907 141.221475 44.428722 0.000000 31.980631 125.657727 44.355827 256.000000 208.568960 96.612778 173.789153 0.000000 19.202147 96.363655 172.467482 256.000000 254.562898 82.143225 172.209880 64.000000 15.187896 88.833345 171.622505 256.000000 235.747978
85.959205 190.306304 0.000000 9.968939 85.481605 191.337811 256.000000 238.858700 47.772602 33.720875 64.000000 8.901914 44.946196 33.599220 256.000000 258.026427 105.071569 14.634342 64.000000 30.431724 108.495265 20.784867 256.000000 206.826439 105.743756 7.283765 64.000000 30.582312 100.690031 6.537680 256.000000 221.893864
106.875553 18.551487 0.000000 22.502180 108.435431 23.815624 256.000000 221.080688 176.501855 130.775667 0.000000 9.065410 179.014991 129.714200 256.000000 242.094195 56.620029 43.182800 0.000000 10.429308 61.308098 45.757582 256.000000 226.239409 102.974115 17.591987 64.000000 14.964165 100.458969 9.297940 256.000000 243.234363
59.475844 130.153620 64.000000 21.917037 55.776482 129.282755 256.000000 228.949997 72.238771 101.133478 64.000000 14.404837 75.927527 98.108040 256.000000 52.477836 48.715444 102.749345 64.000000 11.134922 50.791027 104.315775 256.000000 248.010160 12.039702 77.171676 64.000000 10.825140 8.762440 76.430444 256.000000 229.264081
139.302869 66.163355 64.000000 20.510113 138.646609 69.850055 256.000000 238.660784 3.238300 36.329876 0.000000 12.421375 0.621724 38.460351 256.000000 236.367541 158.824398 44.124885 0.000000 29.751926 158.506927 46.618871 256.000000 233.299844 164.055222 41.706422 64.000000 11.449006 164.696631 42.703036 256.000000 246.637656
17.120158 117.234462 64.000000 22.730213 10.013231 114.091522 256.000000 247.059303 101.392753 13.857004 0.000000 19.511928 108.434198 21.176429 256.000000 229.363039 38.531262 139.901615 0.000000 9.009477 32.591716 147.580916 256.000000 261.507166 74.914142 150.424442 64.000000 32.475421 82.964829 136.717625 256.000000 218.430335
57.912213 36.576029 0.000000 30.285438 33.289078 54.111567 256.000000 239.220112 64.906593 33.819460 0.000000 18.246987 59.952438 33.324735 256.000000 251.017622 52.352064 88.770836 0.000000 12.391258 52.619280 85.788418 256.000000 242.175943 134.867638 175.733113 64.000000 29.756228 131.278053 170.870835 256.000000 212.294942
45.940813 73.010498 64.000000 32.165640 47.056675 80.176718 256.000000 220.904284 79.901436 106.024035 0.000000 15.299761 85.631133 102.335940 256.000000 237.150600 75.900980 129.781500 0.000000 20.979088 69.855029 132.813835 256.000000 251.172513 172.437149 31.840602 64.000000 26.464801 166.798153 26.700680 256.000000 224.363510
94.506133 105.529787 0.000000 21.710516 94.159422 103.381629 256.000000 249.038463 5.536011 138.802484 64.000000 32.234480 3.480125 137.725473 256.000000 222.345629 159.655249 45.624331 64.000000 17.941508 158.225095 45.414704 256.000000 238.643574 73.343100 11.098700 64.000000 9.990451 72.430671 11.060415 256.000000 234.332449
11.680253 70.392700 0.000000 19.486113 10.211235 63.082120 256.000000 231.389526 41.383609 15.572596 64.000000 27.561943 121.777551 83.076318 256.000000 219.678066 14.852133 105.945835 0.000000 20.914550 28.529904 97.159033 256.000000 231.824080 80.469416 185.926373 0.000000 37.513672 78.412244 181.744404 256.000000 225.598334
129.904482 76.413853 64.000000 24.249003 123.265073 55.015707 256.000000 235.907172 99.247616 86.645089 0.000000 36.390714 83.799253 91.418087 256.000000 210.866505 97.304304 12.048496 64.000000 16.065610 91.853062 15.975922 256.000000 237.916448 55.833224 50.972642 64.000000 9.499964 58.986071 50.294145 256.000000 260.027099
146.026838 26.506289 64.000000 9.043897 146.104756 25.603136 256.000000 251.443571 28.361702 143.574813 0.000000 10.042082 32.654680 146.927524 256.000000 251.396244 29.956080 122.066191 0.000000 12.868837 32.562662 120.896256 256.000000 247.476648 40.827058 48.406571 64.000000 14.125173 42.325915 43.132398 256.000000 239.904213
80.501973 55.022824 64.000000 19.864735 77.042729 56.004935 256.000000 238.226230 30.347891 39.125967 64.000000 14.551123 23.225496 46.690949 256.000000 227.379577 18.009453 152.442015 64.000000 25.582784 16.157931 149.460231 256.000000 231.845593 114.548991 102.580769 64.000000 33.727454 143.441762 109.170031 256.000000 192.460325
50.080778 83.394193 64.000000 11.715762 52.459424 81.479516 256.000000 255.242696 116.420562 176.236607 0.000000 46.755485 102.588656 151.522051 256.000000 212.368085 14.729805 113.737736 64.000000 24.571692 21.342771 110.310700 256.000000 237.481894 41.312635 159.526489 64.000000 9.465544 43.598678 160.349695 256.000000 243.699035
63.034380 44.855225 0.000000 40.379150 63.511016 45.605549 256.000000 214.678538 155.348516 72.619209 0.000000 68.302505 155.328738 72.865965 256.000000 184.169369 11.118744 72.995644 64.000000 21.443760 11.578755 75.608025 256.000000 241.573590 4.479284 105.573858 64.000000 22.110650 6.219300 103.285645 256.000000 240.975540
49.139158 156.175842 0.000000 25.797910 53.660927 151.327691 256.000000 237.834701 149.456396 4.524131 64.000000 37.746008 141.562658 24.179962 256.000000 228.450904 32.825522 90.663962 64.000000 11.565174 30.812882 88.473876 256.000000 256.073083 156.749382 58.024435 64.000000 31.434211 153.765280 57.189662 256.000000 226.041493
