120.329938 150.496065 64.000000 35.267756 110.424460 153.579725 256.000000 220.598805 92.764442 30.652949 64.000000 24.610414 90.143807 31.276956 256.000000 227.504350 38.980758 157.954495 64.000000 39.449806 39.166742 153.083765 256.000000 215.771378 80.250662 16.389656 64.000000 25.759187 84.776158 25.431627 256.000000 207.549262
130.539300 70.144553 0.000000 8.802956 131.964300 74.734276 256.000000 250.608882 67.546869 5.642018 0.000000 19.955088 64.991044 7.361489 256.000000 229.741660 25.741325 83.203553 0.000000 12.632199 25.503578 84.724435 256.000000 263.929484 24.025065 138.670669 0.000000 13.815392 8.837680 150.414669 256.000000 241.999540
8.852495 220.880264 0.000000 27.140296 7.600442 216.164395 256.000000 216.455479 156.604135 42.756353 64.000000 12.602081 157.266504 42.951296 256.000000 243.647405 79.903707 99.402847 64.000000 10.119527 77.978391 101.918524 256.000000 252.136277 162.193702 7.106515 0.000000 212.884387 162.422607 6.212891 256.000000 35.495790
108.507429 216.244851 0.000000 10.291628 106.661011 218.322564 256.000000 239.942935 2.895782 173.840875 0.000000 39.970411 2.415033 170.281002 256.000000 213.185563 7.084416 120.624135 0.000000 20.621978 11.450804 120.421480 256.000000 254.188579 77.082156 138.597982 64.000000 37.582512 81.091775 127.100889 256.000000 211.137564
120.154224 79.102171 0.000000 37.517974 98.228556 81.297158 256.000000 207.041565 111.745724 31.557656 64.000000 9.465544 111.742745 32.154975 256.000000 261.804039 98.719675 17.192345 0.000000 9.207393 104.946087 19.220536 256.000000 243.354834 157.783367 171.103318 64.000000 38.064394 144.700933 149.692202 256.000000 215.474504
110.987427 86.211798 0.000000 27.979288 107.569058 73.634915 256.000000 231.953156 64.145658 214.262895 64.000000 28.125573 31.380571 216.915891 256.000000 224.965863 0.605618 34.451922 0.000000 11.268300 2.386611 35.956529 256.000000 244.460581 105.071569 14.634342 64.000000 30.431724 108.495265 20.784867 256.000000 206.826439
13.461918 213.016715 0.000000 15.816064 7.276304 213.228458 256.000000 241.259506 121.954842 151.493387 64.000000 40.357638 119.416884 144.441493 256.000000 224.139779 179.846202 121.911469 64.000000 38.460226 152.037485 119.449115 256.000000 231.256147 63.179915 146.470889 0.000000 16.302248 69.227951 144.200251 256.000000 211.890505
20.624644 194.460856 0.000000 17.132635 24.391878 196.706742 256.000000 244.641287 152.635251 39.261951 64.000000 15.011492 152.336173 39.033353 256.000000 266.300173 43.672933 52.850082 0.000000 17.997441 64.132855 53.001762 256.000000 228.739173 39.362096 172.338411 64.000000 14.155291 34.278104 172.827585 256.000000 226.510468
84.981818 25.383867 64.000000 41.489200 93.577064 51.111898 256.000000 222.324116 49.687262 159.698338 64.000000 10.270115 51.537882 161.015209 256.000000 249.146026 121.647325 125.253231 0.000000 16.590517 119.820315 127.809096 256.000000 229.758871 84.697391 224.212200 64.000000 16.706685 88.005298 224.987984 256.000000 230.864618
62.985836 151.033058 0.000000 22.725911 69.647449 147.308520 256.000000 231.854198 102.185115 137.966235 0.000000 20.419760 103.455755 133.771395 256.000000 234.233491 105.388869 114.415595 64.000000 12.744064 104.406769 118.127204 256.000000 247.003371 97.505313 206.358736 0.000000 44.750511 89.411362 196.387076 256.000000 217.995781
133.393718 165.741291 0.000000 42.930545 129.989842 160.935971 256.000000 232.026299 65.030362 102.853178 0.000000 16.680870 65.243916 99.707951 256.000000 234.091508 63.649609 45.218336 0.000000 23.427221 61.558869 44.521273 256.000000 241.840347 9.280864 66.225465 0.000000 17.029374 6.905862 63.754227 256.000000 237.628180
50.707769 80.554858 64.000000 19.550651 45.507407 81.994980 256.000000 227.827039 30.966696 108.239598 0.000000 12.795694 24.189013 115.099655 256.000000 237.477591 43.585251 143.427771 0.000000 13.669106 53.183687 145.771256 256.000000 254.967335 96.207005 214.100720 0.000000 17.537072 95.215042 214.853131 256.000000 237.245255
72.130456 52.445524 64.000000 11.767392 68.567898 42.176740 256.000000 246.267640 93.243122 127.429802 64.000000 14.968467 93.942469 125.669111 256.000000 248.930900 139.233920 86.963915 0.000000 32.565774 136.470338 90.050258 256.000000 224.578636 171.756169 97.278235 64.000000 50.890207 173.679142 92.712084 256.000000 225.082031
25.753415 139.159595 64.000000 14.477980 30.207600 141.713682 256.000000 239.237322 27.699311 223.360496 64.000000 12.804300 28.403422 223.432184 256.000000 236.031945 42.802107 196.119271 64.000000 11.685644 43.848618 196.549209 256.000000 256.051570 68.408193 128.905455 0.000000 12.309510 78.928942 113.861480 256.000000 245.996581
65.720940 79.588853 64.000000 11.849140 72.781016 83.275278 256.000000 65.432724 181.194167 137.123191 0.000000 37.406109 181.992664 130.967693 256.000000 233.213794 64.002536 193.795205 64.000000 23.706885 57.397611 194.005345 256.000000 231.613257 161.442542 40.856015 64.000000 24.881473 159.380556 43.045298 256.000000 225.193897
8.702293 178.268000 0.000000 35.762546 14.497282 171.700444 256.000000 201.616087 129.252107 124.296596 64.000000 38.976529 112.604829 129.469191 256.000000 221.695948 16.206691 55.065833 64.000000 21.465272 8.386422 57.140327 256.000000 235.231676 168.240135 11.302418 0.000000 41.906545 157.115229 6.542258 256.000000 206.370372
160.196462 118.540664 64.000000 17.373576 158.485171 124.654355 256.000000 232.805055 68.401271 95.283536 64.000000 10.885376 66.842531 96.287007 256.000000 231.548719 71.717305 132.805616 0.000000 18.191055 71.641555 133.757524 256.000000 256.309721 122.841618 56.583229 0.000000 26.606784 118.281218 45.986187 256.000000 242.795506
38.052011 117.575047 64.000000 9.388099 37.053775 120.109520 256.000000 260.995166 110.724709 50.019300 64.000000 24.756700 107.803685 50.929584 256.000000 227.676451 94.448531 17.315880 64.000000 12.890350 116.428391 12.718378 256.000000 248.539370 87.247485 28.948798 64.000000 11.973913 110.669560 31.571611 256.000000 227.173056
132.254745 95.617764 64.000000 18.586886 132.288778 102.900625 256.000000 218.765932 54.503698 94.686460 64.000000 18.522349 61.579213 97.908649 256.000000 236.139508 41.088935 22.458271 64.000000 24.292028 38.248191 24.667556 256.000000 231.690702 14.217020 142.817329 0.000000 11.694249 19.934987 148.222665 256.000000 233.682769
33.884593 99.436165 0.000000 9.667762 35.840022 97.529395 256.000000 248.874967 8.699338 188.126031 0.000000 14.654383 15.404667 191.257300 256.000000 238.544616 18.666580 114.842220 64.000000 42.857402 26.320069 109.683573 256.000000 207.153430 190.050496 49.995829 0.000000 33.219757 184.142211 57.174513 256.000000 226.992350
58.172944 40.653816 0.000000 9.181578 63.734391 37.319909 256.000000 233.824752 58.616905 144.653511 0.000000 31.412699 33.791391 110.735169 256.000000 211.593631 25.871275 116.916893 64.000000 14.060635 24.233776 114.469169 256.000000 245.802968 177.630536 35.698198 64.000000 14.998585 181.986591 40.442238 256.000000 239.942935
69.959264 71.879987 0.000000 29.652968 64.929100 94.237744 256.000000 220.607410 165.479765 29.813153 0.000000 8.914821 166.030249 26.809551 256.000000 231.716517 105.769933 71.085262 64.000000 20.320802 104.874318 69.742893 256.000000 232.202702 56.234613 87.309071 0.000000 13.152804 51.210769 84.225020 256.000000 238.531709
78.439509 195.180655 64.000000 19.860432 84.059453 194.415425 256.000000 250.083975 41.548993 31.532424 64.000000 20.763962 56.945818 26.203604 256.000000 233.549391 72.449498 129.064207 64.000000 74.566974 68.949367 130.917298 256.000000 198.230004 125.762238 30.841602 64.000000 9.753813 130.985618 35.231709 256.000000 245.639472
92.374869 204.941980 0.000000 32.230177 96.575704 202.006015 256.000000 206.710271 66.095044 137.107722 0.000000 20.114281 71.653827 134.339315 256.000000 238.669389 197.757524 60.892205 0.000000 42.065738 194.354502 59.938664 256.000000 206.869464 101.476091 31.544180 64.000000 10.123830 117.105069 24.156165 256.000000 254.833957
1.639402 42.378987 0.000000 30.844766 17.879560 26.650825 256.000000 230.481694 132.948542 81.915120 0.000000 31.756900 129.881844 81.158320 256.000000 223.657897 87.798120 159.362447 64.000000 12.214854 88.185938 158.725618 256.000000 256.107503 152.052822 84.103220 64.000000 26.210952 149.486902 91.305484 256.000000 227.934602
31.316693 133.275080 64.000000 45.331351 22.293304 130.921407 256.000000 219.673764 21.426833 71.801689 0.000000 13.178619 28.353511 73.046296 256.000000 238.682297 48.310635 71.409182 0.000000 13.922955 39.374124 71.066660 256.000000 246.826967 29.581025 78.863189 0.000000 18.612702 23.717509 86.783784 256.000000 231.845593
71.153607 160.700920 64.000000 11.117712 70.956113 160.993973 256.000000 245.381321 42.057367 86.834884 0.000000 11.539359 45.510091 90.364731 256.000000 232.684584 8.429744 189.357575 0.000000 15.600938 4.623798 188.966193 256.000000 218.344285 89.529402 214.700113 64.000000 9.512872 87.640271 216.671535 256.000000 249.029858
45.453065 152.157955 0.000000 22.717306 45.933856 151.730485 256.000000 231.238937 46.650915 226.942393 0.000000 15.863391 51.632902 227.552911 256.000000 238.437053 95.879473 38.480520 64.000000 18.234080 93.231335 39.147356 256.000000 226.011376 150.187825 63.431075 0.000000 16.242013 149.985287 65.688002 256.000000 241.272414
90.170676 58.843735 0.000000 35.078446 84.162544 61.515293 256.000000 207.209363 38.128180 68.294196 0.000000 35.525908 36.802040 68.853938 256.000000 214.519345 134.626435 72.554204 0.000000 10.687460 134.296265 72.321164 256.000000 245.833085 165.512616 47.469487 64.000000 26.413170 163.631533 51.985555 256.000000 232.138164
181.587629 87.649287 64.000000 32.148429 178.454827 99.727796 256.000000 234.517458 14.030765 16.218598 64.000000 10.997241 12.600456 16.723575 256.000000 261.201687 53.759091 104.932195 0.000000 21.960062 44.897562 106.000480 256.000000 220.172856 33.922991 27.599942 64.000000 25.225675 24.517049 36.471291 256.000000 233.579508
108.938509 133.369435 0.000000 25.879658 97.929782 137.753709 256.000000 215.203445 51.337493 55.841242 64.000000 25.113809 70.824207 57.257882 256.000000 249.610698 13.513244 33.821187 64.000000 29.214111 24.690465 38.204073 256.000000 242.348044 156.749382 58.024435 64.000000 31.434211 153.765280 57.189662 256.000000 226.041493
57.986169 70.435680 0.000000 20.583256 68.104260 59.362458 256.000000 239.013591 34.338016 146.669345 64.000000 23.229305 32.444102 143.208464 256.000000 240.790532 102.155133 31.163438 64.000000 10.390586 102.148633 26.658016 256.000000 247.188379 35.588591 58.633684 0.000000 19.357037 39.532822 60.909033 256.000000 239.805255
