45.946125 33.033680 0.000000 27.635086 39.998651 32.524633 256.000000 229.341526 71.153607 160.700920 64.000000 11.117712 70.956113 160.993973 256.000000 245.381321 188.082965 59.999178 0.000000 31.941908 185.146349 58.989671 256.000000 212.049698 5.071325 68.272918 64.000000 19.714147 8.970362 70.132353 256.000000 234.345357
26.793016 228.415191 64.000000 35.895924 30.495076 226.003158 256.000000 222.513427 56.987635 76.629335 64.000000 22.011692 50.135184 67.344780 256.000000 250.015135 2.806311 105.646904 64.000000 32.432396 9.371475 102.622509 256.000000 228.945694 77.762618 145.790369 64.000000 35.654983 96.157613 103.171665 256.000000 198.604323
165.719918 87.681795 0.000000 12.210552 171.576831 98.650355 256.000000 243.191338 26.818151 53.496820 0.000000 13.832602 23.386589 57.437762 256.000000 261.107031 56.567838 196.509396 0.000000 55.760659 55.231724 194.388965 256.000000 199.731583 80.411007 29.077860 0.000000 22.046112 77.330587 28.273902 256.000000 215.607882
84.101858 151.321804 0.000000 12.477308 84.344827 150.229436 256.000000 241.543473 70.675113 96.419605 0.000000 11.074686 72.369653 104.238335 256.000000 242.270599 94.258531 41.483262 0.000000 9.439729 197.872493 80.437365 256.000000 251.456479 74.341785 116.062598 64.000000 15.140568 72.295789 115.678984 256.000000 256.847536
49.014716 74.386191 0.000000 12.429980 42.592236 84.119576 256.000000 246.082631 87.006205 105.639373 64.000000 14.155291 86.594949 105.020378 256.000000 243.234363 52.253673 218.870271 0.000000 36.240126 39.232549 210.818764 256.000000 226.837459 72.942876 174.510153 64.000000 8.678183 72.935331 175.652227 256.000000 243.307506
5.749620 26.921704 0.000000 22.433339 13.165391 27.051478 256.000000 225.417628 26.881496 170.209958 64.000000 18.668634 27.413098 167.638395 256.000000 233.734399 107.323982 203.313895 0.000000 37.130748 102.943307 196.974353 256.000000 215.401361 41.867091 90.432611 0.000000 18.900970 53.292344 97.276129 256.000000 233.820449
22.716860 50.697636 0.000000 11.504938 25.135127 49.011104 256.000000 234.272214 65.558524 67.818427 0.000000 53.041467 76.095796 57.282760 256.000000 205.617431 16.316124 59.340291 64.000000 12.477308 19.086815 56.692578 256.000000 226.893392 39.835785 75.258318 64.000000 8.884704 41.575896 75.208858 256.000000 253.229117
115.195935 46.579553 0.000000 20.368130 115.966793 58.107180 256.000000 229.582467 69.470871 80.403971 0.000000 30.087522 52.945062 85.563296 256.000000 222.883444 43.004689 108.808224 64.000000 28.813976 40.599342 107.416838 256.000000 225.671477 104.968340 48.248435 64.000000 28.594548 98.099460 49.973287 256.000000 230.197728
153.212044 25.188042 0.000000 30.780228 149.074351 37.657642 256.000000 196.371315 18.536084 145.631444 0.000000 24.386683 21.125956 148.255602 256.000000 238.217625 67.225387 180.453080 64.000000 20.411155 65.552587 180.273385 256.000000 240.076313 21.054725 31.612893 0.000000 26.800397 16.330480 7.347451 256.000000 228.429392
53.143509 122.333893 0.000000 13.333509 47.979213 130.723204 256.000000 235.033760 147.297891 124.143489 64.000000 20.720936 147.060984 122.271573 256.000000 251.370428 98.219449 154.243025 64.000000 234.840147 96.511273 150.019949 256.000000 27.097271 140.836731 74.120040 64.000000 32.677639 138.662240 74.737816 256.000000 219.075713
9.062067 88.602840 0.000000 13.768064 7.720695 91.371493 256.000000 212.531580 54.965055 58.268042 0.000000 22.484970 93.410031 32.730662 256.000000 237.451776 46.831578 45.719949 64.000000 11.220972 42.747238 40.526605 256.000000 240.506565 77.641980 124.732633 64.000000 16.078517 79.887307 126.562555 256.000000 207.441699
64.529318 124.844564 0.000000 10.102317 77.772925 131.697300 256.000000 244.951069 2.768664 166.534965 0.000000 13.010820 2.371824 165.215427 256.000000 248.332849 116.760175 30.452893 0.000000 32.380766 116.362685 36.902824 256.000000 246.646262 9.379298 173.432851 0.000000 13.527123 12.155849 177.451769 256.000000 257.023940
81.645942 35.124031 64.000000 11.819022 87.654585 37.427033 256.000000 239.805255 81.972538 36.510020 0.000000 22.958247 73.752098 23.289231 256.000000 247.786429 66.950535 217.729205 64.000000 19.864735 63.386671 219.008933 256.000000 239.039406 13.023582 118.162276 0.000000 18.061979 17.233620 117.933827 256.000000 227.104216
39.026744 92.786185 0.000000 16.229105 34.798407 91.434885 256.000000 243.294598 87.247485 28.948798 64.000000 11.973913 110.669560 31.571611 256.000000 227.173056 164.054404 50.850473 64.000000 34.433068 164.760091 53.032709 256.000000 228.222871 117.000398 2.317711 64.000000 16.143055 116.678162 2.524773 256.000000 229.857828
24.195180 91.397847 0.000000 17.068097 27.868476 107.730669 256.000000 214.618303 117.976671 81.323738 64.000000 12.270787 115.243102 83.453418 256.000000 236.513827 12.039702 77.171676 64.000000 10.825140 8.762440 76.430444 256.000000 229.264081 98.870684 134.597911 0.000000 12.292300 97.568776 136.159311 256.000000 254.752209
23.642853 40.564773 64.000000 11.483426 20.955455 24.413289 256.000000 227.039678 92.937716 60.582467 64.000000 22.824869 89.759685 56.411429 256.000000 218.017293 77.278762 39.951529 0.000000 8.979359 82.319436 41.315673 256.000000 245.966463 53.140173 12.335458 64.000000 32.402278 52.753300 18.934149 256.000000 230.572047
121.523498 163.905013 0.000000 17.476836 120.927553 163.397544 256.000000 234.741189 150.091502 110.363545 64.000000 22.252633 150.409635 105.560676 256.000000 236.556852 124.382680 104.121811 64.000000 34.846109 120.939525 98.889824 256.000000 207.312624 18.338807 183.024289 0.000000 26.413170 21.886427 181.749320 256.000000 230.696820
39.859284 42.727444 64.000000 19.765777 54.200749 48.898438 256.000000 214.330034 32.139251 144.616222 0.000000 19.877642 39.568909 145.952455 256.000000 253.775537 90.906040 34.121867 64.000000 46.213367 88.631035 36.648584 256.000000 201.474104 39.349835 123.611287 64.000000 27.488800 12.863336 106.727271 256.000000 232.620046
127.845804 204.322056 64.000000 36.162681 125.112480 201.901833 256.000000 218.021596 180.400020 37.103678 64.000000 42.267956 177.416622 37.804056 256.000000 209.928556 13.524527 207.070151 0.000000 19.993810 13.422815 206.461456 256.000000 240.545288 41.570502 42.362024 0.000000 26.959590 18.637422 53.948271 256.000000 223.679410
105.158660 101.630282 0.000000 9.517174 103.047302 104.545667 256.000000 247.949925 138.346880 106.933933 0.000000 9.934519 139.268758 107.970231 256.000000 250.484109 15.163807 110.402044 64.000000 15.566517 13.531762 110.427789 256.000000 241.956515 141.484129 59.406167 0.000000 8.669578 149.081049 63.577829 256.000000 252.239538
40.341053 154.911600 64.000000 8.768536 33.807640 164.238951 256.000000 243.118195 48.990553 11.651075 64.000000 16.267828 47.664445 12.576215 256.000000 244.495002 94.148907 87.847555 64.000000 20.097071 93.539762 83.335596 256.000000 251.934059 50.033649 161.175104 0.000000 14.163896 46.902880 161.201298 256.000000 260.306763
32.214858 144.679020 0.000000 9.577410 26.408335 148.205773 256.000000 240.386095 104.852309 154.741280 64.000000 15.114753 116.107822 155.384298 256.000000 236.221256 82.854584 159.863300 0.000000 37.604025 78.893164 153.371364 256.000000 224.570031 50.140871 30.609815 0.000000 17.360668 53.412189 31.141480 256.000000 240.119339
86.121393 14.505578 0.000000 15.192198 83.573505 7.712885 256.000000 236.117995 91.212784 12.167238 0.000000 8.906216 97.531929 10.358689 256.000000 252.626764 46.903309 71.728085 64.000000 11.909375 52.831480 67.899195 256.000000 245.587842 119.058278 32.172189 0.000000 23.668163 117.019845 34.182271 256.000000 229.530837
116.549295 113.902927 64.000000 31.322346 96.423324 114.643404 256.000000 231.574534 115.216925 89.329218 64.000000 9.104132 120.745680 85.800013 256.000000 252.880613 96.062287 105.025673 64.000000 10.201275 95.346236 105.518513 256.000000 225.675779 131.086298 85.125702 64.000000 15.321274 136.713996 78.798156 256.000000 235.760886
43.618418 62.736093 64.000000 25.376263 31.993635 57.415096 256.000000 232.680282 84.796022 155.880051 0.000000 12.881745 93.171815 154.248184 256.000000 262.535468 58.135338 124.021133 0.000000 21.331894 58.102900 122.507627 256.000000 230.434366 74.025804 59.165813 64.000000 26.675624 71.578065 58.925404 256.000000 212.892992
103.818156 211.669955 0.000000 14.774854 107.793322 210.984502 256.000000 234.995037 19.937707 88.025576 64.000000 31.064194 34.100991 77.072924 256.000000 232.353290 151.941876 50.780047 64.000000 21.882617 150.941267 53.180915 256.000000 243.815203 121.760667 161.875527 0.000000 15.398719 121.404045 161.797715 256.000000 239.189994
59.545993 127.158145 0.000000 30.207993 58.410516 122.168515 256.000000 225.219712 101.455913 38.546889 0.000000 8.768536 101.687258 39.058967 256.000000 246.921623 75.568415 138.576705 64.000000 26.770279 79.276976 134.921578 256.000000 243.466699 36.676265 179.422151 64.000000 29.519590 44.708624 174.545935 256.000000 254.395100
164.101411 93.101604 0.000000 31.718177 133.859329 96.997445 256.000000 222.238066 123.191898 58.099889 64.000000 9.568804 164.380047 16.179065 256.000000 235.334936 31.956840 86.672991 0.000000 20.445575 45.048389 90.714458 256.000000 221.683040 97.499765 36.890596 0.000000 19.438785 92.297222 32.846067 256.000000 234.069996
47.962040 33.564035 0.000000 20.759659 39.736256 42.857185 256.000000 230.985089 103.193967 131.517631 64.000000 12.331022 106.520671 129.030122 256.000000 228.197056 9.149860 87.675865 64.000000 20.131491 12.331047 86.876873 256.000000 229.832013 83.093869 91.705909 64.000000 18.660029 82.185573 91.448764 256.000000 227.039678
72.449498 129.064207 64.000000 74.566974 68.949367 130.917298 256.000000 198.230004 137.633602 107.090860 0.000000 19.073071 137.457584 104.971020 256.000000 224.699107 31.316693 133.275080 64.000000 45.331351 22.293304 130.921407 256.000000 219.673764 162.615222 60.749904 64.000000 11.530754 175.362060 74.243671 256.000000 233.351475
3.837027 65.600167 64.000000 16.564702 6.565978 60.927544 256.000000 244.081960 44.914367 155.007224 64.000000 12.055661 45.701784 154.986567 256.000000 241.694061 104.147424 158.642073 64.000000 17.894181 105.577182 158.112356 256.000000 244.133590 56.500242 102.336145 64.000000 12.206249 59.234082 99.523696 256.000000 256.890562
48.829115 50.525087 0.000000 20.531625 48.732893 55.363551 256.000000 240.183876 90.170676 58.843735 0.000000 35.078446 84.162544 61.515293 256.000000 207.209363 62.818565 67.727082 64.000000 24.257608 60.489845 57.779898 256.000000 226.032888 159.622700 40.634956 64.000000 19.623794 159.394805 40.847284 256.000000 248.999740
