53.268951 4.058127 64.000000 65.665060 52.366829 3.870707 256.000000 178.382479 39.196789 49.265453 0.000000 32.617404 47.321415 69.309607 256.000000 221.084990 109.291585 121.746875 64.000000 21.753541 105.462065 125.780195 256.000000 23.422919 24.282778 121.690191 0.000000 28.379422 19.602264 117.243742 256.000000 218.507781
19.058364 203.735855 0.000000 15.562215 23.494800 205.882587 256.000000 223.571847 59.725165 220.897838 0.000000 35.306479 61.405193 215.350700 256.000000 222.414469 34.341385 79.661265 0.000000 12.976400 37.365235 83.138824 256.000000 245.983673 81.804113 37.236589 0.000000 32.083892 72.668318 25.988891 256.000000 230.757055
32.627616 38.468147 64.000000 19.873340 35.252684 38.644676 256.000000 240.523776 68.408193 128.905455 0.000000 12.309510 78.928942 113.861480 256.000000 245.996581 50.043402 56.961847 64.000000 28.396632 43.099835 53.450655 256.000000 225.525191 144.405364 68.272315 0.000000 18.453508 141.194669 66.344664 256.000000 211.073026
42.336000 130.452362 64.000000 33.998513 39.173491 128.995505 256.000000 216.498504 159.808167 99.097080 64.000000 11.281207 159.384336 102.718131 256.000000 241.526263 69.768313 35.611485 64.000000 48.312997 106.186405 169.711800 256.000000 170.947725 21.554542 105.589580 0.000000 9.835561 22.240209 114.830704 256.000000 249.494530
62.985836 151.033058 0.000000 22.725911 69.647449 147.308520 256.000000 231.854198 1.227538 160.930384 64.000000 27.759859 3.992445 160.228025 256.000000 240.622734 12.574342 115.355069 64.000000 14.120871 2.905271 112.718682 256.000000 232.843777 24.564615 98.704742 0.000000 14.211224 18.134645 108.095731 256.000000 237.942264
172.451571 40.298064 0.000000 11.664132 173.004613 39.114371 256.000000 233.958130 145.722400 107.301498 0.000000 26.490616 146.534785 98.552553 256.000000 249.305219 79.047073 40.867598 0.000000 35.814176 23.629425 63.112305 256.000000 206.271414 128.952976 147.381224 64.000000 20.114281 131.898395 143.924013 256.000000 234.921895
197.784171 80.955765 64.000000 23.689675 196.749293 77.894807 256.000000 244.275573 21.021851 196.182185 0.000000 55.549836 28.367453 161.529993 256.000000 191.625636 49.139158 156.175842 0.000000 25.797910 53.660927 151.327691 256.000000 237.834701 42.719627 182.608671 0.000000 44.845166 46.420798 184.730540 256.000000 202.493801
39.827191 111.444409 64.000000 12.524636 38.515060 110.268564 256.000000 233.304147 59.368589 211.359625 64.000000 15.269643 56.544825 212.494982 256.000000 248.797522 32.105822 101.001431 0.000000 43.524292 36.515749 70.466213 256.000000 223.563242 66.263842 52.552549 64.000000 27.394145 25.908942 33.592498 256.000000 224.217225
161.774140 76.356115 64.000000 14.525308 160.938340 79.269695 256.000000 245.101657 71.112002 13.385680 64.000000 9.000872 82.755035 17.841580 256.000000 255.733184 43.455135 158.099945 64.000000 26.886447 47.875031 157.688055 256.000000 237.055944 104.153620 173.283182 64.000000 11.302720 112.065464 171.966009 256.000000 246.327875
118.695635 114.105515 64.000000 29.128060 116.722551 111.776100 256.000000 229.414669 35.345242 30.536282 64.000000 28.723624 35.489909 35.892005 256.000000 211.369900 160.181080 40.569622 0.000000 13.355022 161.485309 42.465498 256.000000 225.688687 10.295047 160.512218 0.000000 53.970811 9.389993 157.989240 256.000000 200.931987
38.052011 117.575047 64.000000 9.388099 37.053775 120.109520 256.000000 260.995166 62.749395 68.768475 64.000000 16.870181 68.445724 69.464407 256.000000 229.268383 90.722300 206.812796 64.000000 13.471190 93.482000 206.273115 256.000000 242.580380 26.512969 107.131907 64.000000 16.715290 29.340222 104.404925 256.000000 245.850295
163.349582 68.993985 0.000000 23.616532 163.795302 72.958098 256.000000 230.787173 31.956840 86.672991 0.000000 20.445575 45.048389 90.714458 256.000000 221.683040 94.723938 119.518218 0.000000 43.653368 82.232989 132.856856 256.000000 208.478607 91.301173 86.562120 64.000000 26.925170 12.670382 85.198067 256.000000 218.172184
92.294133 17.688755 0.000000 67.188152 92.158975 11.076227 256.000000 172.552565 42.596765 186.016191 0.000000 19.967995 38.965478 184.887505 256.000000 237.851911 148.274682 141.929867 0.000000 30.242413 132.176822 131.090789 256.000000 224.832485 147.221033 52.833153 64.000000 10.747695 153.982162 39.153536 256.000000 229.535139
131.869556 115.976300 0.000000 20.445575 134.939680 112.544822 256.000000 236.815003 139.359196 156.429058 0.000000 27.333910 142.953096 150.496762 256.000000 218.185092 77.641980 124.732633 64.000000 16.078517 79.887307 126.562555 256.000000 207.441699 63.649609 45.218336 0.000000 23.427221 61.558869 44.521273 256.000000 241.840347
4.875125 86.550467 0.000000 30.423119 12.482235 87.513915 256.000000 220.710671 43.004689 108.808224 64.000000 28.813976 40.599342 107.416838 256.000000 225.671477 50.790584 35.975444 0.000000 71.723008 38.066687 30.414613 256.000000 183.889705 64.225620 141.162820 64.000000 22.446247 61.346093 138.701193 256.000000 221.704553
39.568313 77.333111 0.000000 11.070384 39.902313 74.306769 256.000000 250.957387 101.409915 51.733402 0.000000 12.627896 99.888958 49.800718 256.000000 242.825624 41.867091 90.432611 0.000000 18.900970 53.292344 97.276129 256.000000 233.820449 19.150873 147.962645 64.000000 19.572163 20.289055 148.068905 256.000000 237.817490
85.967036 190.469607 0.000000 23.397104 115.944211 178.732200 256.000000 229.122098 47.404124 56.782093 0.000000 27.867422 47.423016 61.003991 256.000000 215.668118 28.185555 105.637638 0.000000 30.775926 35.167456 96.739195 256.000000 222.784486 173.826325 86.343700 64.000000 40.293100 164.016867 75.063773 256.000000 206.641431
69.380018 139.367293 0.000000 18.354550 72.203704 137.328740 256.000000 248.896479 34.766696 108.665462 0.000000 27.269372 35.709822 102.247949 256.000000 227.685056 99.247616 86.645089 0.000000 36.390714 83.799253 91.418087 256.000000 210.866505 49.417665 14.894240 64.000000 13.079661 46.301440 8.690918 256.000000 234.233491
12.593742 25.548544 0.000000 10.054989 9.894156 19.598156 256.000000 241.995237 52.522338 110.110553 64.000000 11.754485 61.592113 121.634275 256.000000 241.293927 32.262931 135.378324 0.000000 21.602953 36.568178 135.071553 256.000000 231.264753 110.149944 84.583931 0.000000 16.254921 116.037622 75.123989 256.000000 254.571503
1.033642 157.646918 0.000000 28.917237 7.657093 156.184027 256.000000 221.536755 75.862753 79.106033 64.000000 12.025543 92.114047 40.877536 256.000000 243.453792 85.885245 103.005378 64.000000 15.540702 88.346680 99.598531 256.000000 245.704010 3.896344 97.206602 64.000000 32.178547 6.227873 81.358724 256.000000 224.027914
123.770253 159.395282 64.000000 35.977672 107.932607 168.820549 256.000000 213.641631 24.529409 72.213922 64.000000 11.367258 22.018236 74.149442 256.000000 257.415469 26.818151 53.496820 0.000000 13.832602 23.386589 57.437762 256.000000 261.107031 86.631647 30.014638 0.000000 31.851556 83.685418 31.022940 256.000000 237.232348
20.501624 207.123064 0.000000 13.350720 23.276420 197.984784 256.000000 241.225086 100.282307 78.513936 0.000000 10.338956 102.562902 83.556682 256.000000 246.564514 98.349309 138.631836 64.000000 14.241341 97.198009 138.062347 256.000000 251.383336 16.451427 70.838936 0.000000 17.442416 17.785898 77.314669 256.000000 245.230732
139.671945 185.229656 64.000000 15.936534 144.578418 191.684131 256.000000 231.256147 56.234613 87.309071 0.000000 13.152804 51.210769 84.225020 256.000000 238.531709 27.566324 203.639398 64.000000 13.957375 22.463764 206.709980 256.000000 232.112349 130.133320 150.897453 0.000000 42.582040 128.896280 147.662304 256.000000 218.107646
70.432151 84.458938 64.000000 14.370417 71.337058 73.247193 256.000000 246.396715 174.198398 35.695847 0.000000 9.469847 175.382056 32.866160 256.000000 245.019909 141.656595 22.043058 64.000000 76.421360 146.198676 23.311813 256.000000 173.757270 5.536011 138.802484 64.000000 32.234480 3.480125 137.725473 256.000000 222.345629
2.507265 170.963735 0.000000 43.825469 4.644995 166.098387 256.000000 207.433094 42.796324 158.781738 0.000000 17.515559 44.187855 158.107242 256.000000 254.068109 168.240135 11.302418 0.000000 41.906545 157.115229 6.542258 256.000000 206.370372 90.170676 58.843735 0.000000 35.078446 84.162544 61.515293 256.000000 207.209363
98.719675 17.192345 0.000000 9.207393 104.946087 19.220536 256.000000 243.354834 40.338493 112.022138 64.000000 8.716906 38.303893 112.217038 256.000000 244.946766 153.207136 13.822047 64.000000 18.875155 152.823493 13.408478 256.000000 236.126600 10.322749 26.049905 64.000000 63.780556 8.297311 27.259727 256.000000 204.348187
40.963700 114.317300 64.000000 26.477708 35.802769 113.961044 256.000000 233.101929 70.071464 81.608049 0.000000 8.970754 70.774315 79.532845 256.000000 223.933258 130.691471 114.655087 0.000000 18.281407 130.434216 113.352582 256.000000 240.553893 80.501973 55.022824 64.000000 19.864735 77.042729 56.004935 256.000000 238.226230
152.263036 119.037633 0.000000 11.698552 158.868607 134.156949 256.000000 241.242296 76.002253 53.184062 64.000000 27.364027 75.529227 72.915515 256.000000 228.631610 165.348235 20.892671 64.000000 17.119727 164.736238 20.136209 256.000000 244.968279 80.180335 55.398258 0.000000 9.177275 78.581524 55.731649 256.000000 251.030529
34.638475 92.951553 64.000000 16.285038 38.269567 95.297475 256.000000 250.273286 63.086496 102.322907 0.000000 91.630768 64.676442 101.286049 256.000000 159.937576 72.590818 166.390344 0.000000 12.881745 71.052045 166.887513 256.000000 245.428648 42.335064 13.234591 0.000000 71.727311 42.084591 9.950822 256.000000 192.778711
47.962040 33.564035 0.000000 20.759659 39.736256 42.857185 256.000000 230.985089 96.491229 200.211304 0.000000 20.346617 100.589638 197.788845 256.000000 240.300045 72.956655 12.436527 64.000000 23.900499 66.317969 16.953136 256.000000 241.573590 68.932429 169.682015 64.000000 20.045441 67.563140 168.974276 256.000000 215.431479
72.882442 94.234165 64.000000 15.910719 97.727387 91.469945 256.000000 240.876582 146.621844 103.780524 0.000000 38.240798 149.053042 103.225982 256.000000 207.428792 70.732104 98.828684 0.000000 24.287725 62.098518 71.977811 256.000000 230.442971 54.057385 129.659835 64.000000 11.027359 52.982258 129.559938 256.000000 249.451505
17.837431 16.989916 0.000000 10.691762 14.855482 18.272404 256.000000 255.117923 163.367113 58.669175 64.000000 29.162481 160.824184 58.805540 256.000000 214.958202 32.214858 144.679020 0.000000 9.577410 26.408335 148.205773 256.000000 240.386095 29.669936 126.116858 64.000000 18.044769 33.509651 126.609618 256.000000 231.316383
