17.695435 158.722247 0.000000 12.619291 20.932733 161.241327 256.000000 228.941392 3.238300 36.329876 0.000000 12.421375 0.621724 38.460351 256.000000 236.367541 130.833116 153.031973 0.000000 14.598450 130.255984 152.440907 256.000000 235.498432 29.946147 153.844311 64.000000 9.362284 31.836524 155.488087 256.000000 242.976212
130.329238 148.849509 0.000000 15.261038 130.940582 141.934791 256.000000 232.314567 44.464851 172.984720 0.000000 30.414514 48.782596 175.995935 256.000000 261.507166 88.481100 11.678998 64.000000 10.653040 90.163145 12.399587 256.000000 234.095811 14.729805 113.737736 64.000000 24.571692 21.342771 110.310700 256.000000 237.481894
132.948542 81.915120 0.000000 31.756900 129.881844 81.158320 256.000000 223.657897 59.400756 66.257655 0.000000 17.455324 53.912031 65.897824 256.000000 230.739845 68.387075 108.106693 0.000000 19.757172 65.763811 106.050015 256.000000 235.326331 24.392829 105.426544 64.000000 9.091225 19.277140 109.523236 256.000000 245.097354
46.665349 99.270213 64.000000 58.441129 45.774451 97.515585 256.000000 191.741804 76.191195 98.129945 0.000000 13.316299 82.417433 92.809682 256.000000 230.189123 186.859489 93.003187 0.000000 13.651896 185.430091 95.549695 256.000000 224.776552 54.965055 58.268042 0.000000 22.484970 93.410031 32.730662 256.000000 237.451776
14.030765 16.218598 64.000000 10.997241 12.600456 16.723575 256.000000 261.201687 99.180745 15.923224 0.000000 15.846181 92.159591 17.977493 256.000000 242.064078 69.874396 15.963285 0.000000 18.139424 63.353415 14.466315 256.000000 231.935946 161.316671 27.727533 64.000000 11.384468 173.847695 24.261209 256.000000 255.126528
65.440067 14.076458 0.000000 8.721208 68.973962 12.070816 256.000000 239.116852 32.866305 33.283258 64.000000 18.909575 31.789291 34.250825 256.000000 233.187979 62.236318 165.995322 0.000000 28.839792 53.503720 161.958231 256.000000 212.165866 17.149898 17.441598 0.000000 43.593133 15.685915 18.975369 256.000000 209.868321
46.471756 148.689376 64.000000 16.590517 47.204900 147.818342 256.000000 225.594031 165.287056 55.697962 0.000000 13.114081 166.013711 56.938884 256.000000 259.764645 39.026744 92.786185 0.000000 16.229105 34.798407 91.434885 256.000000 243.294598 28.998175 10.119724 0.000000 9.233208 25.867293 10.235164 256.000000 241.259506
95.879473 38.480520 64.000000 18.234080 93.231335 39.147356 256.000000 226.011376 53.833235 131.236007 0.000000 11.763090 57.473884 132.427791 256.000000 250.488412 103.906342 0.936804 64.000000 52.159450 89.145633 39.366002 256.000000 212.669261 58.135338 124.021133 0.000000 21.331894 58.102900 122.507627 256.000000 230.434366
162.018649 173.535336 64.000000 38.227890 159.539758 173.632935 256.000000 219.914705 103.464347 23.560178 0.000000 12.335325 102.290080 21.920531 256.000000 258.465284 94.214467 218.486658 64.000000 10.855258 92.502009 219.813825 256.000000 243.049355 175.303536 11.550082 64.000000 12.481611 175.001291 3.088404 256.000000 230.636585
67.789969 163.448227 64.000000 24.584599 59.137147 163.196227 256.000000 235.851239 77.604131 78.768571 64.000000 22.738818 73.498882 85.034535 256.000000 244.357321 20.956245 184.605898 0.000000 19.305407 28.108864 184.591960 256.000000 228.033560 169.481160 114.341538 64.000000 41.743049 162.836040 107.508276 256.000000 228.278804
77.493964 121.814936 0.000000 12.997913 77.062753 120.699315 256.000000 246.882900 170.450138 52.688422 0.000000 13.574451 170.942491 52.354720 256.000000 247.261522 13.995740 66.305984 64.000000 40.013436 51.781107 24.213858 256.000000 230.382736 46.631578 21.601269 64.000000 31.761203 45.127693 31.239198 256.000000 226.609426
139.347180 137.527115 64.000000 28.663388 145.918738 119.289540 256.000000 240.269927 141.018589 73.088109 64.000000 8.850284 133.899555 72.077964 256.000000 236.939776 161.946647 42.646807 64.000000 26.572364 161.525224 43.618820 256.000000 237.370028 106.151464 67.056064 0.000000 35.706613 28.370449 102.971085 256.000000 226.828854
59.478576 86.928327 0.000000 31.959119 48.646847 86.509744 256.000000 229.272686 85.150622 13.599844 64.000000 22.063323 82.363233 10.367373 256.000000 254.266024 162.006562 36.291051 0.000000 21.275961 162.120491 39.549605 256.000000 240.579708 58.535091 204.942804 64.000000 22.192398 56.708960 204.681511 256.000000 241.500448
127.819027 147.388564 64.000000 28.758044 111.485202 154.446929 256.000000 222.306906 175.543178 85.086227 0.000000 19.963693 174.736551 86.618920 256.000000 235.455407 127.376418 97.344549 0.000000 15.484769 127.829604 94.594200 256.000000 220.267511 91.165540 140.214647 0.000000 51.432324 90.236245 138.926111 256.000000 205.023683
69.806155 115.182895 64.000000 27.351120 69.585222 121.251102 256.000000 243.152615 43.838033 58.717905 64.000000 18.010349 44.789135 46.405373 256.000000 226.923510 122.295560 143.283089 64.000000 13.105476 121.604047 144.447544 256.000000 236.608482 148.006478 0.278442 0.000000 54.482811 143.214396 9.506500 256.000000 203.289767
93.795107 199.928233 64.000000 25.109507 83.412109 202.157756 256.000000 32.187152 160.687711 48.311495 0.000000 21.693306 160.940675 45.327355 256.000000 218.559411 144.215498 19.641382 0.000000 10.063594 139.672693 12.737285 256.000000 230.115980 135.751795 60.646900 64.000000 13.518518 135.577196 58.976056 256.000000 261.786829
94.357235 14.574693 64.000000 10.932703 92.307151 11.642522 256.000000 260.138964 186.494567 66.827056 64.000000 13.987493 187.780115 63.350522 256.000000 246.233220 18.316640 171.098609 0.000000 27.187624 19.114044 169.402533 256.000000 233.730096 18.536084 145.631444 0.000000 24.386683 21.125956 148.255602 256.000000 238.217625
80.628125 184.905969 0.000000 13.690619 74.208142 199.010944 256.000000 247.016278 12.970364 27.963718 64.000000 8.699695 14.876144 26.065920 256.000000 238.673692 82.006600 64.011020 0.000000 23.160465 70.984858 56.617796 256.000000 233.058903 45.174371 94.850118 0.000000 41.213839 58.268271 91.865520 256.000000 205.793834
4.240124 193.735335 0.000000 9.018082 8.809062 196.803295 256.000000 221.825024 69.932511 41.632251 64.000000 18.298618 73.251469 45.407082 256.000000 240.300045 90.170676 58.843735 0.000000 35.078446 84.162544 61.515293 256.000000 207.209363 56.234613 87.309071 0.000000 13.152804 51.210769 84.225020 256.000000 238.531709
29.087244 16.646427 64.000000 22.975457 32.816845 16.406905 256.000000 252.002899 132.946947 144.205098 0.000000 20.312197 130.994229 144.956507 256.000000 240.226902 37.005765 21.943620 64.000000 13.230249 36.310262 23.348309 256.000000 237.770163 20.710113 58.075004 64.000000 24.730885 29.373673 52.053996 256.000000 219.643646
78.688636 209.415004 0.000000 25.759187 73.828622 205.086965 256.000000 225.744619 33.074387 133.408133 0.000000 57.985062 37.764327 133.033509 256.000000 194.904156 101.409915 51.733402 0.000000 12.627896 99.888958 49.800718 256.000000 242.825624 8.500004 194.436164 0.000000 8.940637 3.697340 198.214171 256.000000 247.635841
31.538922 7.244607 64.000000 31.640732 29.229636 12.810291 256.000000 225.641359 21.004871 196.292951 64.000000 20.656399 18.750184 195.534818 256.000000 232.650164 54.922053 118.752878 0.000000 27.084363 51.834118 111.124515 256.000000 214.338639 93.174325 147.782327 0.000000 11.066081 102.138087 147.492735 256.000000 247.115236
42.557536 19.329831 64.000000 9.740905 41.343715 19.383675 256.000000 239.241625 88.100320 85.151018 64.000000 9.667762 87.544695 88.225415 256.000000 243.707640 30.671849 106.610867 0.000000 13.501308 37.389607 114.350785 256.000000 243.957187 154.722829 30.315882 0.000000 24.033877 151.791002 25.546089 256.000000 236.354634
76.011825 165.580747 0.000000 32.273203 78.301642 166.587213 256.000000 231.243240 166.879475 35.832795 0.000000 16.349576 165.410560 34.923787 256.000000 251.942664 17.998135 186.481667 0.000000 19.533441 17.967498 184.172540 256.000000 237.193625 17.120158 117.234462 64.000000 22.730213 10.013231 114.091522 256.000000 247.059303
33.506224 54.487496 0.000000 11.827627 26.313100 52.038780 256.000000 248.634026 131.234224 15.926940 64.000000 12.886047 128.869653 11.524420 256.000000 246.246127 151.841298 165.223275 0.000000 11.857745 151.699791 170.095996 256.000000 228.532652 35.204924 5.215715 64.000000 24.515759 36.051058 6.800535 256.000000 239.439541
3.012747 228.442109 0.000000 18.203962 1.309424 227.968338 256.000000 239.370700 167.235191 135.983467 64.000000 16.689475 165.646640 135.794740 256.000000 235.038063 154.655360 156.803089 64.000000 28.370817 150.622560 159.133275 256.000000 200.006945 132.442878 41.438422 64.000000 14.822181 134.209129 43.463771 256.000000 261.782527
35.751500 7.476555 64.000000 21.086651 35.085953 9.439985 256.000000 247.881085 40.996749 33.131669 0.000000 36.635958 19.828495 57.781724 256.000000 217.685999 2.544538 105.740947 0.000000 38.993739 23.165204 100.272358 256.000000 223.292183 31.660936 36.500387 0.000000 19.739962 41.366436 20.282347 256.000000 241.466027
30.601027 64.010555 0.000000 24.128532 25.637467 51.931947 256.000000 234.074298 55.559758 225.370135 0.000000 8.970754 57.007693 227.077245 256.000000 259.545216 123.379702 20.324593 0.000000 30.741505 120.601033 21.062765 256.000000 222.380049 42.265247 82.965505 64.000000 39.376663 56.664509 79.224098 256.000000 224.656082
64.122562 120.417496 0.000000 10.751997 69.759885 122.276655 256.000000 243.608682 10.742836 27.627824 0.000000 9.284838 7.385667 28.892633 256.000000 258.680410 72.882442 94.234165 64.000000 15.910719 97.727387 91.469945 256.000000 240.876582 39.762093 36.088331 0.000000 10.777813 41.876635 37.553860 256.000000 257.346629
90.906040 34.121867 64.000000 46.213367 88.631035 36.648584 256.000000 201.474104 31.174500 203.683615 64.000000 29.510985 26.053256 202.856484 256.000000 234.594903 11.118744 72.995644 64.000000 21.443760 11.578755 75.608025 256.000000 241.573590 110.403438 120.472965 64.000000 18.070584 109.402216 125.930116 256.000000 220.667646
96.062287 105.025673 64.000000 10.201275 95.346236 105.518513 256.000000 225.675779 97.929387 131.742087 0.000000 23.762818 109.110260 119.680545 256.000000 242.907372 35.345242 30.536282 64.000000 28.723624 35.489909 35.892005 256.000000 211.369900 97.989898 143.792695 64.000000 43.089738 96.881940 135.548073 256.000000 226.755712
88.569618 89.013815 64.000000 21.392129 85.179122 86.753004 256.000000 239.400818 96.000478 152.877460 0.000000 9.538687 109.635931 205.049907 256.000000 246.865690 3.837027 65.600167 64.000000 16.564702 6.565978 60.927544 256.000000 244.081960 77.641980 124.732633 64.000000 16.078517 79.887307 126.562555 256.000000 207.441699
