111.019258 9.637267 64.000000 11.393073 116.446024 11.836171 256.000000 241.732784 114.967793 122.156824 0.000000 9.091225 115.208696 120.222082 256.000000 235.825424 66.263842 52.552549 64.000000 27.394145 25.908942 33.592498 256.000000 224.217225 50.043402 56.961847 64.000000 28.396632 43.099835 53.450655 256.000000 225.525191
79.903707 99.402847 64.000000 10.119527 77.978391 101.918524 256.000000 252.136277 118.789080 103.718982 0.000000 17.485441 117.735893 102.700645 256.000000 216.584554 60.969207 61.452349 64.000000 38.090210 65.407462 99.406040 256.000000 223.799880 39.350029 84.671098 0.000000 23.577810 38.806664 69.937787 256.000000 242.464212
108.583824 189.215696 64.000000 22.893709 106.953207 188.123215 256.000000 215.736958 39.835785 75.258318 64.000000 8.884704 41.575896 75.208858 256.000000 253.229117 152.052822 84.103220 64.000000 26.210952 149.486902 91.305484 256.000000 227.934602 170.489527 69.569338 0.000000 32.221572 166.560180 74.591991 256.000000 220.289024
115.342533 170.993565 64.000000 19.834617 121.664140 168.214305 256.000000 236.019037 10.155067 131.231324 64.000000 28.573035 14.609642 128.645198 256.000000 217.849495 91.301173 86.562120 64.000000 26.925170 12.670382 85.198067 256.000000 218.172184 68.490764 22.267918 0.000000 32.436698 64.191864 25.417991 256.000000 227.766804
182.054687 100.129787 64.000000 39.781100 116.746145 65.961356 256.000000 220.095411 31.174500 203.683615 64.000000 29.510985 26.053256 202.856484 256.000000 234.594903 158.953651 47.576444 64.000000 78.921124 155.685420 47.329093 256.000000 183.141066 140.734818 86.341296 0.000000 17.201475 139.336578 90.106462 256.000000 251.495202
97.929387 131.742087 0.000000 23.762818 109.110260 119.680545 256.000000 242.907372 57.596967 26.205858 64.000000 10.493846 55.812840 22.991004 256.000000 248.956715 34.824840 95.730522 64.000000 17.098214 29.133589 101.166058 256.000000 234.095811 58.760845 98.979018 64.000000 32.255992 45.742220 90.178942 256.000000 231.157190
45.848940 97.579100 64.000000 30.930816 52.911318 88.678998 256.000000 250.023740 2.806311 105.646904 64.000000 32.432396 9.371475 102.622509 256.000000 228.945694 17.874247 199.284860 0.000000 14.718921 30.161476 201.143727 256.000000 228.524047 20.805662 95.547607 0.000000 12.399863 22.098913 94.096278 256.000000 228.541257
117.432560 152.088035 0.000000 9.530082 114.005309 155.856393 256.000000 244.748850 93.966353 162.751149 64.000000 8.708300 94.984880 184.638104 256.000000 236.328819 110.769693 129.124869 64.000000 10.257208 111.337471 129.250256 256.000000 235.343541 27.555158 168.445885 0.000000 12.498821 12.534344 202.058020 256.000000 255.703066
19.706342 165.206973 64.000000 26.533641 15.966849 161.911420 256.000000 232.508181 18.666580 114.842220 64.000000 42.857402 26.320069 109.683573 256.000000 207.153430 4.285720 177.997860 0.000000 14.404837 4.489453 181.195715 256.000000 240.657154 81.972538 36.510020 0.000000 22.958247 73.752098 23.289231 256.000000 247.786429
28.361702 143.574813 0.000000 10.042082 32.654680 146.927524 256.000000 251.396244 101.137956 31.597565 64.000000 17.390786 100.454415 32.649235 256.000000 242.778296 133.756925 68.398456 64.000000 17.339156 133.293251 69.241476 256.000000 240.799137 73.327024 68.915895 0.000000 56.767449 71.376355 66.825856 256.000000 198.600021
132.611718 39.715607 0.000000 26.886447 123.742133 25.307864 256.000000 246.814060 48.310635 71.409182 0.000000 13.922955 39.374124 71.066660 256.000000 246.826967 150.402936 184.500958 64.000000 63.298674 132.952382 163.588293 256.000000 181.050042 45.458933 138.201802 64.000000 60.080389 45.562527 137.298789 256.000000 200.247886
57.835878 184.764602 64.000000 8.665275 55.818347 187.807615 256.000000 245.037119 40.628485 32.672102 64.000000 9.198788 39.844358 32.795158 256.000000 229.350131 26.893675 14.432065 64.000000 17.700567 25.493556 17.304205 256.000000 233.687071 48.495924 154.585929 64.000000 37.001672 46.166982 153.873549 256.000000 216.601764
121.880149 176.596587 0.000000 14.138081 123.869029 175.964525 256.000000 251.955571 75.568415 138.576705 64.000000 26.770279 79.276976 134.921578 256.000000 243.466699 56.470044 56.806998 64.000000 9.164368 56.512636 58.554900 256.000000 237.722835 166.374793 140.078702 64.000000 13.152804 166.457475 140.013105 256.000000 253.599134
178.441715 38.285291 64.000000 11.681342 193.660116 47.709729 256.000000 243.105288 158.178264 174.542102 64.000000 14.938349 153.535516 196.122684 256.000000 247.868177 21.330265 88.056145 64.000000 25.556969 28.146900 85.063984 256.000000 219.548991 39.802667 160.423693 64.000000 23.934919 24.487031 157.056038 256.000000 230.662400
54.009875 119.562365 64.000000 18.135122 37.436749 213.492235 256.000000 242.743876 123.770253 159.395282 64.000000 35.977672 107.932607 168.820549 256.000000 213.641631 23.808085 126.217093 0.000000 9.839863 26.788376 127.805269 256.000000 230.344013 89.321740 155.343540 0.000000 17.240198 90.192105 153.414264 256.000000 249.507437
49.969625 179.041080 0.000000 15.626753 49.405216 177.409455 256.000000 236.225558 31.318065 140.058853 0.000000 45.262510 40.614947 143.040667 256.000000 205.660456 121.953300 110.042387 64.000000 11.109107 124.862451 107.788007 256.000000 269.608811 12.687660 105.952944 0.000000 8.987964 14.906531 107.180940 256.000000 237.899238
168.265993 66.234905 0.000000 15.342786 168.765796 69.914485 256.000000 262.367670 99.613667 19.819673 64.000000 25.010549 102.315535 34.196420 256.000000 228.506837 186.151082 81.333445 64.000000 38.206378 182.692175 82.136567 256.000000 231.776752 71.302495 108.580689 64.000000 23.952129 70.795615 101.881067 256.000000 215.280891
42.330402 37.655415 0.000000 21.211424 56.758864 49.063316 256.000000 244.628380 131.568742 81.351798 64.000000 14.891022 131.614380 87.796035 256.000000 234.672348 77.565922 8.814140 0.000000 10.076502 73.164125 5.977558 256.000000 244.843506 47.737896 179.992589 64.000000 26.288397 52.527415 178.588125 256.000000 236.926869
84.155249 37.458182 0.000000 30.569405 85.198633 42.290051 256.000000 243.526935 34.925542 6.227609 64.000000 33.039051 37.302764 7.656760 256.000000 222.276788 64.687129 6.903504 0.000000 27.996498 101.731467 39.558956 256.000000 225.103544 74.888240 21.312807 0.000000 14.929744 71.293665 21.112869 256.000000 224.991678
48.141338 61.704404 0.000000 49.879114 49.092973 63.059100 256.000000 210.965463 65.642622 131.641896 64.000000 10.205577 67.518142 130.515493 256.000000 234.999340 14.319947 211.071262 0.000000 11.651224 21.839251 215.318816 256.000000 252.562227 100.265447 155.312098 0.000000 21.697608 42.005862 177.207344 256.000000 246.848480
63.031642 191.715509 64.000000 25.819423 46.462198 196.692745 256.000000 224.574334 108.269135 30.678375 64.000000 27.131691 115.198393 39.756293 256.000000 224.823880 88.618120 25.502664 64.000000 24.119927 85.280796 23.907898 256.000000 221.825024 28.706753 121.950285 64.000000 31.429909 54.737324 132.565645 256.000000 244.176615
117.835844 146.331633 64.000000 10.657342 135.091704 160.822471 256.000000 243.088077 19.256665 20.994462 64.000000 14.047728 23.530936 19.781402 320.000000 243.367741 169.816267 20.145122 64.000000 23.250818 169.491811 22.667358 256.000000 207.932187 35.204924 5.215715 64.000000 24.515759 36.051058 6.800535 256.000000 239.439541
54.616044 0.193547 0.000000 26.383053 46.917902 11.652038 256.000000 215.461597 21.279987 50.342884 64.000000 10.007662 17.944264 50.554445 256.000000 252.045924 121.399242 60.704349 0.000000 16.491559 124.812651 66.438678 256.000000 237.916448 39.181495 122.603773 64.000000 15.403022 43.709013 123.401373 256.000000 252.742932
172.045913 72.252447 64.000000 18.660029 170.577453 76.519153 256.000000 235.963104 153.561538 171.973191 0.000000 36.442344 151.285382 168.335444 256.000000 217.135277 103.906342 0.936804 64.000000 52.159450 89.145633 39.366002 256.000000 212.669261 91.039027 30.508669 64.000000 29.584128 91.129353 31.471673 256.000000 219.505965
28.759756 220.549487 0.000000 36.894109 35.434116 216.386576 256.000000 223.077057 41.414605 50.706958 64.000000 14.916837 35.294895 48.668585 256.000000 242.279204 107.357842 164.456444 0.000000 16.409811 111.253740 163.561815 256.000000 224.841090 25.971676 219.507631 0.000000 21.275961 27.021558 218.214795 256.000000 245.574934
42.632949 164.737391 64.000000 46.437098 39.801280 154.872471 256.000000 220.116923 57.887167 74.034560 64.000000 30.969539 46.006238 74.499169 256.000000 219.174671 168.240135 11.302418 0.000000 41.906545 157.115229 6.542258 256.000000 206.370372 62.993362 60.839411 0.000000 9.736603 69.209945 61.415104 256.000000 246.211707
64.286815 50.635289 64.000000 16.052702 62.493636 52.732860 256.000000 243.436582 5.071325 68.272918 64.000000 19.714147 8.970362 70.132353 256.000000 234.345357 143.637673 176.206000 64.000000 16.470047 143.462527 179.996942 256.000000 238.579037 27.924545 199.728842 64.000000 12.507426 37.471269 208.744664 256.000000 243.754968
29.956080 122.066191 0.000000 12.868837 32.562662 120.896256 256.000000 247.476648 111.122611 36.102244 64.000000 19.064466 111.699647 38.990669 256.000000 217.634369 83.080105 52.841676 64.000000 10.588502 85.822713 56.711007 256.000000 254.524176 89.461985 209.755156 0.000000 28.499892 86.891244 203.354164 256.000000 247.911202
27.323335 125.379529 64.000000 11.109107 24.412125 125.734645 256.000000 258.628780 84.957700 22.063360 0.000000 50.386812 80.985255 24.727738 256.000000 197.898710 29.713513 92.919611 0.000000 25.113809 35.026853 91.475105 256.000000 235.438197 6.651124 103.185187 0.000000 18.070584 3.407520 93.443140 256.000000 240.528078
76.838942 181.165769 64.000000 18.483626 75.656056 180.336693 256.000000 235.347844 85.516996 85.848455 64.000000 11.750182 87.561415 91.661093 256.000000 250.264681 3.699545 10.324275 0.000000 17.700567 3.589558 13.583329 256.000000 228.166938 58.093862 120.111551 64.000000 16.616332 57.811069 118.066047 256.000000 243.062262
20.708456 100.869973 0.000000 12.253577 17.106507 98.555240 256.000000 250.996109 90.028933 86.139129 0.000000 8.712603 90.394191 86.657938 256.000000 251.301588 171.253438 51.658509 64.000000 17.519861 174.438636 57.400975 256.000000 238.819978 141.710329 23.462576 64.000000 29.652968 141.023771 31.559071 256.000000 228.937089
13.751682 198.480631 0.000000 35.284967 16.449680 193.237898 256.000000 211.580724 62.710680 117.146860 64.000000 11.741577 59.271480 124.146995 256.000000 238.622062 20.740631 54.454364 64.000000 14.895324 23.587220 53.190880 256.000000 253.620646 4.992951 181.424720 0.000000 19.202147 20.148673 187.752198 256.000000 249.240681
