54.965055 58.268042 0.000000 22.484970 93.410031 32.730662 256.000000 237.451776 127.376418 97.344549 0.000000 15.484769 127.829604 94.594200 256.000000 220.267511 128.952976 147.381224 64.000000 20.114281 131.898395 143.924013 256.000000 234.921895 81.532856 157.029420 64.000000 36.227218 58.154502 151.748836 256.000000 216.141395
159.475629 62.099385 0.000000 12.391258 189.379187 45.749211 256.000000 231.548719 117.771189 84.190098 0.000000 17.214383 122.831749 87.467305 256.000000 235.932987 119.179200 171.379149 64.000000 8.630855 119.548845 180.301878 256.000000 247.295942 3.416065 89.442167 0.000000 36.915622 13.249758 79.175929 256.000000 220.495545
105.897573 56.397411 64.000000 11.165039 108.012365 53.540315 256.000000 240.945423 44.914367 155.007224 64.000000 12.055661 45.701784 154.986567 256.000000 241.694061 103.906342 0.936804 64.000000 52.159450 89.145633 39.366002 256.000000 212.669261 179.846202 121.911469 64.000000 38.460226 152.037485 119.449115 256.000000 231.256147
87.966331 128.340711 64.000000 18.900970 76.491693 135.948353 256.000000 230.791475 9.379298 173.432851 0.000000 13.527123 12.155849 177.451769 256.000000 257.023940 53.509220 93.366769 64.000000 12.658014 52.992551 92.115531 256.000000 235.743676 73.320389 15.663595 64.000000 10.016267 74.424591 16.025498 256.000000 241.096011
127.819027 147.388564 64.000000 28.758044 111.485202 154.446929 256.000000 222.306906 61.741060 151.034124 0.000000 33.688732 63.958778 142.013827 256.000000 227.418300 15.441565 60.737100 64.000000 17.197172 19.290629 56.520529 256.000000 232.452248 93.884996 109.783707 64.000000 25.991523 88.511631 110.600605 256.000000 233.893592
57.001665 80.077602 64.000000 39.385268 43.034880 82.926980 256.000000 208.895951 165.287056 55.697962 0.000000 13.114081 166.013711 56.938884 256.000000 259.764645 48.451271 62.107658 64.000000 22.265541 42.227267 60.676765 256.000000 236.376146 6.321005 100.111393 0.000000 17.175660 9.165342 96.651213 256.000000 234.810029
161.442542 40.856015 64.000000 24.881473 159.380556 43.045298 256.000000 225.193897 79.047073 40.867598 0.000000 35.814176 23.629425 63.112305 256.000000 206.271414 74.582333 137.709380 0.000000 19.924970 79.512129 144.779805 256.000000 240.566801 39.878509 137.871575 64.000000 27.794279 44.134831 135.943985 256.000000 215.693933
3.605233 89.829051 0.000000 19.606584 1.326402 77.063624 256.000000 229.294198 62.951735 51.813664 0.000000 11.552266 66.781045 51.882369 256.000000 255.926797 10.870955 149.726604 64.000000 14.572635 7.486042 149.378356 256.000000 240.863675 80.469416 185.926373 0.000000 37.513672 78.412244 181.744404 256.000000 225.598334
96.207005 214.100720 0.000000 17.537072 95.215042 214.853131 256.000000 237.245255 22.998995 59.695896 0.000000 17.416601 27.872796 59.257025 256.000000 247.317455 21.361878 76.456105 64.000000 12.709644 18.311453 80.054353 256.000000 257.350931 64.670518 69.867222 0.000000 14.060635 62.682458 69.769160 256.000000 247.123841
168.783373 140.140029 0.000000 50.541702 161.636398 134.392633 256.000000 204.580523 101.476091 31.544180 64.000000 10.123830 117.105069 24.156165 256.000000 254.833957 45.121409 180.409398 64.000000 9.844166 62.696398 194.160133 256.000000 239.280347 8.030698 88.901573 0.000000 16.319458 12.486653 88.756542 256.000000 238.923238
33.884593 99.436165 0.000000 9.667762 35.840022 97.529395 256.000000 248.874967 59.453129 229.706502 64.000000 19.120399 62.289287 218.725742 256.000000 233.394500 8.238425 154.979611 0.000000 8.622250 3.976993 155.641309 256.000000 247.928412 114.910947 89.062380 64.000000 11.436098 117.663478 85.707142 256.000000 257.630595
4.479284 105.573858 64.000000 22.110650 6.219300 103.285645 256.000000 240.975540 164.054404 50.850473 64.000000 34.433068 164.760091 53.032709 256.000000 228.222871 34.808618 77.658471 0.000000 21.938549 44.048896 77.742629 256.000000 220.689158 76.394438 87.966216 64.000000 16.117240 75.379951 95.895389 256.000000 249.296614
75.267622 42.625889 64.000000 11.952401 73.296162 39.557118 256.000000 233.024483 133.065567 43.853702 64.000000 36.102445 128.945265 44.125162 256.000000 207.544960 137.216629 17.402938 64.000000 18.634214 135.695451 15.337847 256.000000 233.897895 42.802107 196.119271 64.000000 11.685644 43.848618 196.549209 256.000000 256.051570
123.770253 159.395282 64.000000 35.977672 107.932607 168.820549 256.000000 213.641631 3.781776 49.709664 0.000000 10.334653 1.319605 52.413598 256.000000 245.368413 24.438327 108.965918 0.000000 10.962821 18.804429 115.202533 256.000000 249.124513 183.212531 99.909835 0.000000 17.438114 189.160625 89.402245 256.000000 220.491242
47.737896 179.992589 64.000000 26.288397 52.527415 178.588125 256.000000 236.926869 62.656262 147.225169 64.000000 21.065138 59.139804 147.653849 256.000000 246.121354 68.037273 80.097335 0.000000 8.635158 71.657493 76.931622 256.000000 256.378562 1.227775 55.553544 64.000000 21.594348 0.440296 61.168384 256.000000 247.924110
31.318065 140.058853 0.000000 45.262510 40.614947 143.040667 256.000000 205.660456 71.023216 63.951844 0.000000 20.828499 72.865535 60.527355 256.000000 255.100713 91.039027 30.508669 64.000000 29.584128 91.129353 31.471673 256.000000 219.505965 110.648220 15.079884 64.000000 20.178819 108.106245 14.347255 256.000000 228.339039
30.026451 59.621100 64.000000 20.071256 19.329796 65.854378 256.000000 237.963776 111.895833 86.860556 64.000000 38.309638 102.186047 90.160902 256.000000 226.553493 47.772602 33.720875 64.000000 8.901914 44.946196 33.599220 256.000000 258.026427 24.529409 72.213922 64.000000 11.367258 22.018236 74.149442 256.000000 257.415469
3.699545 10.324275 0.000000 17.700567 3.589558 13.583329 256.000000 228.166938 152.263036 119.037633 0.000000 11.698552 158.868607 134.156949 256.000000 241.242296 32.825522 90.663962 64.000000 11.565174 30.812882 88.473876 256.000000 256.073083 60.594265 28.603562 64.000000 12.812905 65.239616 30.453502 256.000000 230.485996
62.719085 89.034095 0.000000 27.966380 57.275456 82.794547 256.000000 231.746635 1.841678 148.296351 64.000000 19.722752 3.164545 147.599755 256.000000 216.674907 108.452836 49.837415 64.000000 17.184265 109.023736 51.765467 256.000000 267.887803 157.783367 171.103318 64.000000 38.064394 144.700933 149.692202 256.000000 215.474504
48.765582 93.008555 0.000000 19.886247 85.212809 75.825755 256.000000 242.008145 73.226153 125.661675 64.000000 17.373576 97.698358 126.813696 256.000000 252.041622 7.790649 12.633595 64.000000 14.865207 14.198675 9.394529 256.000000 235.756583 2.507265 170.963735 0.000000 43.825469 4.644995 166.098387 256.000000 207.433094
58.373785 77.497036 0.000000 20.828499 53.697153 80.490620 256.000000 244.538027 146.553898 83.978105 64.000000 36.889806 138.145969 89.678995 256.000000 219.437125 0.605618 34.451922 0.000000 11.268300 2.386611 35.956529 256.000000 244.460581 108.583824 189.215696 64.000000 22.893709 106.953207 188.123215 256.000000 215.736958
180.400020 37.103678 64.000000 42.267956 177.416622 37.804056 256.000000 209.928556 19.937707 88.025576 64.000000 31.064194 34.100991 77.072924 256.000000 232.353290 26.098249 156.443296 64.000000 21.727726 27.913878 157.807282 256.000000 230.899038 97.770882 177.678844 0.000000 24.868566 97.492076 165.598325 256.000000 222.074570
30.359931 154.112727 64.000000 11.853443 28.870515 153.343060 256.000000 248.513555 24.077493 152.098011 0.000000 10.278720 16.234184 155.936204 256.000000 252.273958 85.351931 103.371545 64.000000 32.178547 82.915269 98.333304 256.000000 227.194569 118.695635 114.105515 64.000000 29.128060 116.722551 111.776100 256.000000 229.414669
21.047604 93.199838 0.000000 16.530282 20.598718 86.734373 256.000000 250.367941 186.494567 66.827056 64.000000 13.987493 187.780115 63.350522 256.000000 246.233220 65.918182 120.615969 0.000000 13.139896 65.741402 118.790269 256.000000 241.255204 24.227071 73.704742 0.000000 34.192126 21.174500 74.568956 256.000000 212.109933
139.003009 131.048435 0.000000 23.285238 134.918113 121.755336 256.000000 240.407608 62.555984 214.410405 64.000000 19.735659 60.756411 214.733724 256.000000 251.232748 46.519009 48.315947 0.000000 27.131691 42.953356 62.271975 256.000000 224.582939 48.039015 153.966207 0.000000 8.622250 47.479100 153.263924 256.000000 252.428848
88.265982 131.198687 0.000000 13.040938 83.687658 135.297049 256.000000 238.888818 124.552331 18.643693 0.000000 15.699895 125.816549 21.362898 256.000000 242.773994 22.338982 52.499553 0.000000 16.736803 30.623811 55.126027 256.000000 224.501191 125.398836 164.350667 0.000000 16.693778 121.587555 167.779255 256.000000 227.745291
25.871275 116.916893 64.000000 14.060635 24.233776 114.469169 256.000000 245.802968 8.732173 177.810320 0.000000 72.914806 13.220344 185.585609 256.000000 183.179789 36.819338 206.405027 64.000000 41.540831 32.576715 201.103616 256.000000 216.713630 48.888276 3.035969 0.000000 9.082620 57.285416 1.677244 256.000000 245.665287
90.623620 190.319689 0.000000 10.795023 88.310375 195.452025 256.000000 231.596047 119.290305 87.546973 0.000000 14.288669 118.817613 89.562053 256.000000 257.923166 165.994309 95.377364 64.000000 45.361468 138.321240 111.177962 256.000000 212.307849 100.934615 51.768831 64.000000 17.532769 99.247660 50.494000 256.000000 231.793962
4.463235 19.380567 0.000000 13.613173 7.779067 14.165244 256.000000 225.073426 77.530216 20.045024 64.000000 11.986821 90.125947 16.597115 256.000000 233.054601 42.081087 111.896287 64.000000 13.135594 39.210564 114.513091 256.000000 233.248214 31.076109 68.769667 0.000000 13.492703 27.947725 70.860773 256.000000 248.857757
144.405364 68.272315 0.000000 18.453508 141.194669 66.344664 256.000000 211.073026 47.372095 48.746911 0.000000 23.151860 46.006085 51.279120 256.000000 226.093123 130.539300 70.144553 0.000000 8.802956 131.964300 74.734276 256.000000 250.608882 23.248864 228.949076 64.000000 27.923355 25.105575 224.136253 256.000000 215.564857
94.548553 102.447311 0.000000 9.413914 98.741955 98.423227 256.000000 251.275773 78.277104 69.011047 64.000000 24.494246 75.784653 68.152935 256.000000 244.770363 129.813982 89.579080 0.000000 10.257208 130.975567 85.667891 256.000000 225.959745 1.033642 157.646918 0.000000 28.917237 7.657093 156.184027 256.000000 221.536755
117.135942 110.717293 0.000000 44.935519 103.205544 100.836855 256.000000 217.225630 78.187447 83.806511 64.000000 10.575594 76.698942 83.350284 256.000000 264.815803 101.409915 51.733402 0.000000 12.627896 99.888958 49.800718 256.000000 242.825624 100.282307 78.513936 0.000000 10.338956 102.562902 83.556682 256.000000 246.564514
