67.180845 88.996735 0.000000 8.738418 69.785591 85.458329 256.000000 247.928412 65.642622 131.641896 64.000000 10.205577 67.518142 130.515493 256.000000 234.999340 79.047073 40.867598 0.000000 35.814176 23.629425 63.112305 256.000000 206.271414 80.988215 110.907913 64.000000 37.449134 75.722393 122.708896 256.000000 210.638472
30.363607 19.849955 0.000000 12.339627 31.059984 21.458738 256.000000 236.371844 158.824398 44.124885 0.000000 29.751926 158.506927 46.618871 256.000000 233.299844 109.178293 208.820035 0.000000 26.447590 116.202855 206.349249 256.000000 217.234235 80.501973 55.022824 64.000000 19.864735 77.042729 56.004935 256.000000 238.226230
25.288271 88.044671 64.000000 43.300561 32.465227 79.979704 256.000000 206.684456 185.202273 106.348053 0.000000 9.000872 187.147735 105.299016 256.000000 233.076113 128.638389 69.605995 64.000000 80.607712 136.709815 77.394011 256.000000 173.830413 41.208278 19.752285 0.000000 30.479052 17.326915 21.184807 256.000000 217.122369
69.914229 223.583371 64.000000 29.282951 73.785609 221.487202 256.000000 239.689087 59.812391 80.055664 64.000000 16.069912 56.701885 77.541724 256.000000 249.576278 79.800715 159.033807 0.000000 26.137809 76.794038 157.952244 256.000000 229.169425 187.348636 27.720556 64.000000 10.717577 188.270122 25.712145 256.000000 235.369357
42.886829 80.329722 64.000000 14.572635 43.617031 84.323867 256.000000 262.320342 86.209215 166.836916 0.000000 26.417473 83.775091 165.548505 256.000000 218.120554 22.435744 139.690320 64.000000 21.043625 21.471347 138.413524 256.000000 230.447274 93.174325 147.782327 0.000000 11.066081 102.138087 147.492735 256.000000 247.115236
133.065567 43.853702 64.000000 36.102445 128.945265 44.125162 256.000000 207.544960 60.758109 75.571449 64.000000 30.367186 22.447298 70.982722 256.000000 224.062334 86.544967 118.230467 0.000000 21.942852 84.877275 117.538678 256.000000 246.194497 66.836358 42.210073 0.000000 29.003287 70.883471 56.940798 256.000000 219.781327
124.770665 151.260411 64.000000 13.677711 126.822055 150.330655 256.000000 240.424818 99.613667 19.819673 64.000000 25.010549 102.315535 34.196420 256.000000 228.506837 47.751684 69.775609 64.000000 23.655255 45.642691 72.342200 256.000000 249.434294 26.475280 94.457253 0.000000 14.129476 11.066947 93.779413 256.000000 245.944951
155.521615 37.703571 0.000000 13.965980 163.280215 46.213355 256.000000 249.038463 137.216629 17.402938 64.000000 18.634214 135.695451 15.337847 256.000000 233.897895 38.234715 101.464567 0.000000 11.771695 33.615055 104.709889 256.000000 249.597790 40.556811 37.664125 64.000000 23.827356 45.506375 39.457124 256.000000 234.633626
178.441715 38.285291 64.000000 11.681342 193.660116 47.709729 256.000000 243.105288 22.899944 162.850936 64.000000 10.717577 22.832182 162.371427 256.000000 233.786029 68.890420 18.264289 0.000000 20.527323 65.687898 18.653804 256.000000 228.136820 83.080105 52.841676 64.000000 10.588502 85.822713 56.711007 256.000000 254.524176
8.500004 194.436164 0.000000 8.940637 3.697340 198.214171 256.000000 247.635841 134.128107 110.190229 64.000000 27.660901 142.948925 105.582076 256.000000 236.186835 20.999393 119.279558 64.000000 17.102517 17.046145 117.726627 256.000000 227.280619 59.475844 130.153620 64.000000 21.917037 55.776482 129.282755 256.000000 228.949997
36.652802 95.104833 64.000000 9.792536 41.236985 95.820011 256.000000 240.442028 121.646745 71.362347 64.000000 14.318787 121.262891 71.133645 256.000000 240.433423 12.039702 77.171676 64.000000 10.825140 8.762440 76.430444 256.000000 229.264081 87.798120 159.362447 64.000000 12.214854 88.185938 158.725618 256.000000 256.107503
50.080778 83.394193 64.000000 11.715762 52.459424 81.479516 256.000000 255.242696 97.726187 48.260627 0.000000 21.620163 111.064000 58.825716 256.000000 231.901525 177.630536 35.698198 64.000000 14.998585 181.986591 40.442238 256.000000 239.942935 93.893076 64.336336 64.000000 29.618548 91.993124 59.600613 256.000000 256.172041
88.481100 11.678998 64.000000 10.653040 90.163145 12.399587 256.000000 234.095811 19.657180 125.890749 64.000000 28.228834 20.797471 121.354067 256.000000 226.927812 63.772705 32.517511 64.000000 9.151460 63.739524 33.545211 256.000000 243.970094 161.316227 38.948985 64.000000 34.523420 161.523695 43.058760 256.000000 217.810772
74.582333 137.709380 0.000000 19.924970 79.512129 144.779805 256.000000 240.566801 143.966589 124.482551 64.000000 32.552866 140.858622 129.037945 256.000000 232.697492 48.939193 121.161293 64.000000 18.784802 66.084849 120.823855 256.000000 232.417828 100.332040 95.078782 64.000000 14.671593 139.164876 90.035280 256.000000 218.813260
78.430249 16.906520 64.000000 22.790448 77.421595 19.867620 256.000000 256.933587 118.195075 20.684700 0.000000 22.059020 117.845020 20.696298 256.000000 225.856485 70.675113 96.419605 0.000000 11.074686 72.369653 104.238335 256.000000 242.270599 87.388289 135.514242 64.000000 22.046112 84.256416 133.996405 256.000000 220.736486
0.461173 172.032280 64.000000 50.003887 22.254338 169.295204 256.000000 209.687615 24.529409 72.213922 64.000000 11.367258 22.018236 74.149442 256.000000 257.415469 79.022662 131.582060 0.000000 22.226818 78.345040 128.328071 256.000000 216.063949 26.512969 107.131907 64.000000 16.715290 29.340222 104.404925 256.000000 245.850295
41.700735 51.203125 0.000000 11.087594 35.239185 47.821978 256.000000 232.942735 74.049742 57.527575 0.000000 12.021241 72.133887 52.705895 256.000000 243.582867 44.464851 172.984720 0.000000 30.414514 48.782596 175.995935 256.000000 261.507166 4.463235 19.380567 0.000000 13.613173 7.779067 14.165244 256.000000 225.073426
80.411007 29.077860 0.000000 22.046112 77.330587 28.273902 256.000000 215.607882 58.444822 107.412560 0.000000 27.290884 72.155915 92.379602 256.000000 231.583139 49.071382 121.038020 64.000000 22.807659 50.663762 119.031224 256.000000 238.161692 19.256665 20.994462 64.000000 14.047728 23.530936 19.781402 320.000000 243.367741
101.409915 51.733402 0.000000 12.627896 99.888958 49.800718 256.000000 242.825624 130.749885 73.917576 0.000000 12.417073 137.001333 86.876558 256.000000 234.134533 36.056585 76.513500 64.000000 17.842550 32.312773 74.734995 256.000000 254.885587 6.651124 103.185187 0.000000 18.070584 3.407520 93.443140 256.000000 240.528078
78.804971 81.486353 0.000000 13.944467 76.353407 86.730913 256.000000 236.526734 49.417305 79.917485 64.000000 36.653168 61.903573 58.233155 256.000000 212.768219 152.052822 84.103220 64.000000 26.210952 149.486902 91.305484 256.000000 227.934602 50.790584 35.975444 0.000000 71.723008 38.066687 30.414613 256.000000 183.889705
101.721022 62.361316 0.000000 36.369202 91.529267 65.450353 256.000000 229.707240 156.604135 42.756353 64.000000 12.602081 157.266504 42.951296 256.000000 243.647405 46.650915 226.942393 0.000000 15.863391 51.632902 227.552911 256.000000 238.437053 15.251038 88.282773 0.000000 11.225275 7.638380 99.938511 256.000000 244.159405
5.676447 16.418711 0.000000 20.944667 16.208029 15.957409 256.000000 230.757055 94.258531 41.483262 0.000000 9.439729 197.872493 80.437365 256.000000 251.456479 66.598675 69.759415 0.000000 28.671993 57.290647 64.069295 256.000000 205.410910 79.343991 159.104931 0.000000 30.560800 75.940213 154.874567 256.000000 237.882028
177.832591 120.504453 0.000000 13.092568 176.914733 128.518749 256.000000 235.322029 62.098900 194.153253 0.000000 13.182921 61.542473 196.333678 256.000000 241.960817 139.302869 66.163355 64.000000 20.510113 138.646609 69.850055 256.000000 238.660784 140.516238 76.090400 0.000000 12.193342 142.077456 72.650993 256.000000 257.428377
48.888276 3.035969 0.000000 9.082620 57.285416 1.677244 256.000000 245.665287 148.274682 141.929867 0.000000 30.242413 132.176822 131.090789 256.000000 224.832485 66.651055 88.766507 64.000000 16.814248 64.189540 87.712175 256.000000 245.415741 24.227071 73.704742 0.000000 34.192126 21.174500 74.568956 256.000000 212.109933
110.637009 40.931269 0.000000 29.300161 102.668438 38.463215 256.000000 213.030673 10.305145 158.306155 64.000000 9.302048 13.138709 162.752987 256.000000 251.559739 43.838033 58.717905 64.000000 18.010349 44.789135 46.405373 256.000000 226.923510 63.743193 73.737345 64.000000 12.034148 61.895215 74.265200 256.000000 239.344885
13.513244 33.821187 64.000000 29.214111 24.690465 38.204073 256.000000 242.348044 187.323293 46.449589 0.000000 20.862919 187.892516 49.807495 256.000000 227.801224 100.056744 194.164093 0.000000 53.613702 96.817725 193.252284 256.000000 205.875582 67.383767 73.368402 0.000000 19.593676 67.861735 78.403900 256.000000 243.337624
38.894698 8.981445 0.000000 10.416401 20.254798 0.551256 256.000000 237.283978 85.516996 85.848455 64.000000 11.750182 87.561415 91.661093 256.000000 250.264681 91.193245 211.969540 0.000000 22.420432 59.338162 195.962605 256.000000 210.074842 85.150622 13.599844 64.000000 22.063323 82.363233 10.367373 256.000000 254.266024
75.463338 43.785785 0.000000 13.884232 74.352098 45.001156 256.000000 225.490771 34.491671 142.342140 0.000000 28.512800 22.526360 136.291269 256.000000 225.761829 137.268584 15.051349 64.000000 21.099558 134.575720 14.226598 256.000000 235.760886 42.265247 82.965505 64.000000 39.376663 56.664509 79.224098 256.000000 224.656082
19.150873 147.962645 64.000000 19.572163 20.289055 148.068905 256.000000 237.817490 106.617827 35.059389 64.000000 24.511456 96.387822 12.585675 256.000000 229.040350 69.447351 89.849331 64.000000 16.766920 67.641724 91.082913 256.000000 246.693589 92.131244 112.625362 64.000000 19.425878 92.042005 112.283964 256.000000 242.593288
103.068551 190.441102 64.000000 22.747423 92.310358 208.247235 256.000000 229.724450 180.867067 18.677649 64.000000 45.387283 177.914120 20.326091 256.000000 231.174400 103.464347 23.560178 0.000000 12.335325 102.290080 21.920531 256.000000 258.465284 103.193967 131.517631 64.000000 12.331022 106.520671 129.030122 256.000000 228.197056
142.202940 85.072442 0.000000 10.214182 141.535887 85.068822 256.000000 251.103672 132.025476 43.446855 0.000000 23.014179 130.472587 43.472065 256.000000 247.175471 91.618011 96.077042 64.000000 41.368730 63.049875 83.136140 256.000000 195.975483 3.970445 113.541895 0.000000 12.713947 3.927513 112.179229 256.000000 244.576749
19.986335 87.858624 0.000000 25.285910 34.566704 61.353236 256.000000 228.975812 104.724100 156.169440 64.000000 16.650752 100.969515 159.118905 256.000000 224.780855 25.922793 23.339127 64.000000 22.295659 0.955447 22.627789 256.000000 223.649292 118.668445 202.129833 0.000000 23.371289 118.867307 198.428758 256.000000 223.231948
