35.345242 30.536282 64.000000 28.723624 35.489909 35.892005 256.000000 211.369900 143.075353 68.552007 0.000000 17.330551 150.792107 70.077338 256.000000 228.179846 1.413891 173.300456 64.000000 23.108835 39.278069 187.473482 256.000000 220.254604 40.996749 33.131669 0.000000 36.635958 19.828495 57.781724 256.000000 217.685999
97.726187 48.260627 0.000000 21.620163 111.064000 58.825716 256.000000 231.901525 93.282573 29.735924 0.000000 15.501980 115.046247 34.077707 256.000000 241.612313 39.339520 190.269891 64.000000 16.762618 39.082633 189.195998 256.000000 244.796178 10.934598 140.493740 0.000000 19.804500 10.474267 136.759464 256.000000 240.317255
13.524527 207.070151 0.000000 19.993810 13.422815 206.461456 256.000000 240.545288 36.688633 231.815058 64.000000 20.600466 32.564958 232.072155 256.000000 246.271942 13.097144 69.428396 0.000000 15.157778 16.155373 66.858851 256.000000 219.777024 50.153591 84.448087 0.000000 13.759459 46.883793 84.825035 256.000000 257.282091
46.519009 48.315947 0.000000 27.131691 42.953356 62.271975 256.000000 224.582939 45.748011 14.723320 64.000000 20.277777 47.710165 14.722842 256.000000 228.975812 46.312676 99.113305 0.000000 10.356166 49.729480 98.056218 256.000000 253.766932 74.642213 148.151905 0.000000 27.979288 71.921322 146.025013 256.000000 237.679810
17.267704 103.464891 0.000000 34.996698 32.604165 90.571778 256.000000 220.943007 41.897587 199.609415 64.000000 29.881001 41.972384 197.465984 256.000000 250.897151 44.405127 58.302631 64.000000 12.068569 46.370195 61.319327 256.000000 248.939505 31.164604 111.595116 64.000000 21.951457 23.532365 109.004453 256.000000 247.369085
133.226416 129.285793 64.000000 19.826012 132.518765 129.250275 256.000000 225.615544 3.781776 49.709664 0.000000 10.334653 1.319605 52.413598 256.000000 245.368413 148.006478 0.278442 0.000000 54.482811 143.214396 9.506500 256.000000 203.289767 67.046991 127.827973 0.000000 16.564702 65.176187 129.762689 256.000000 233.467643
161.316227 38.948985 64.000000 34.523420 161.523695 43.058760 256.000000 217.810772 137.216629 17.402938 64.000000 18.634214 135.695451 15.337847 256.000000 233.897895 65.267047 158.935607 64.000000 36.644563 66.925573 152.108949 256.000000 220.934402 24.529409 72.213922 64.000000 11.367258 22.018236 74.149442 256.000000 257.415469
29.860005 138.089495 0.000000 16.775525 20.709164 146.977416 256.000000 247.924110 79.284345 74.961604 0.000000 12.059964 92.453340 65.939716 256.000000 250.324916 16.615855 91.183125 64.000000 9.413914 17.478371 91.528740 256.000000 249.606395 3.238300 36.329876 0.000000 12.421375 0.621724 38.460351 256.000000 236.367541
29.956080 122.066191 0.000000 12.868837 32.562662 120.896256 256.000000 247.476648 48.084229 6.813491 64.000000 19.929273 47.013373 8.912018 256.000000 227.827039 111.492527 199.537553 0.000000 80.999242 112.847309 197.111404 256.000000 170.711086 11.680253 70.392700 0.000000 19.486113 10.211235 63.082120 256.000000 231.389526
148.597149 59.613845 64.000000 11.750182 148.617985 56.966515 256.000000 256.305419 3.416065 89.442167 0.000000 36.915622 13.249758 79.175929 256.000000 220.495545 157.195813 84.070553 0.000000 9.022384 157.625667 85.818222 256.000000 246.852782 29.581025 78.863189 0.000000 18.612702 23.717509 86.783784 256.000000 231.845593
138.388160 88.469353 64.000000 21.869709 137.630013 89.454436 256.000000 235.205861 153.679927 103.589647 0.000000 26.968195 139.760867 104.106675 256.000000 219.338167 10.870955 149.726604 64.000000 14.572635 7.486042 149.378356 256.000000 240.863675 135.755700 36.229218 64.000000 20.966180 130.973596 35.132444 256.000000 225.520888
100.299384 151.551629 64.000000 17.016467 111.467009 149.942698 256.000000 245.420043 165.287056 55.697962 0.000000 13.114081 166.013711 56.938884 256.000000 259.764645 75.267622 42.625889 64.000000 11.952401 73.296162 39.557118 256.000000 233.024483 5.021276 203.031544 0.000000 29.321674 16.870344 197.765195 256.000000 244.503607
155.426913 160.143784 64.000000 11.978216 155.783631 159.557398 256.000000 256.180646 27.203595 217.591258 64.000000 21.611558 8.829842 224.207747 256.000000 239.314767 69.932511 41.632251 64.000000 18.298618 73.251469 45.407082 256.000000 240.300045 50.349764 117.879813 64.000000 23.612230 57.903593 115.000471 256.000000 244.791875
43.324318 43.309385 0.000000 33.421975 40.050900 45.835367 256.000000 223.666502 150.990085 103.558278 0.000000 30.500564 148.470456 100.893235 256.000000 237.043037 3.814902 134.933911 64.000000 24.773910 6.125776 133.970811 256.000000 216.520016 36.697475 76.571371 0.000000 46.772695 33.326629 75.521553 256.000000 216.291983
60.797484 221.975636 0.000000 10.141040 62.128973 221.668316 256.000000 251.968479 135.696373 116.789975 0.000000 27.419960 128.959089 123.292525 256.000000 205.780927 111.895833 86.860556 64.000000 38.309638 102.186047 90.160902 256.000000 226.553493 15.188089 47.475756 64.000000 10.825140 10.176431 47.506073 256.000000 244.129287
157.199038 90.543456 0.000000 9.396704 159.097991 95.104860 256.000000 244.150800 19.654171 39.729293 64.000000 12.326720 13.688595 43.806102 256.000000 239.504078 72.828036 86.729785 0.000000 36.993067 74.143591 95.830815 256.000000 233.880685 2.183447 106.188162 64.000000 36.334781 14.056255 102.728391 256.000000 211.653866
68.387075 108.106693 0.000000 19.757172 65.763811 106.050015 256.000000 235.326331 58.072520 28.000818 64.000000 29.601338 62.689567 31.190162 256.000000 254.102529 106.293267 73.439235 64.000000 16.969139 104.143700 71.778035 256.000000 235.941592 40.556811 37.664125 64.000000 23.827356 45.506375 39.457124 256.000000 234.633626
52.271455 39.228616 64.000000 13.845509 54.465058 41.480085 256.000000 249.146026 56.547967 91.962195 0.000000 15.592332 68.678662 90.769460 256.000000 224.428048 74.284711 169.308493 0.000000 23.431524 71.546975 167.965365 256.000000 234.668046 50.206533 105.883635 64.000000 17.812433 52.442360 102.092095 256.000000 231.738030
46.903309 71.728085 64.000000 11.909375 52.831480 67.899195 256.000000 245.587842 4.479284 105.573858 64.000000 22.110650 6.219300 103.285645 256.000000 240.975540 74.835955 67.031935 64.000000 9.194485 75.739980 67.593013 320.000000 256.580780 48.186129 52.887009 64.000000 20.862919 45.726615 40.650320 256.000000 254.386495
138.967133 136.604111 64.000000 99.358094 145.510653 151.285293 256.000000 169.024498 63.530215 180.970587 64.000000 13.264669 79.526607 196.449776 256.000000 250.131303 15.157573 170.446331 64.000000 24.507154 14.758825 168.579733 256.000000 229.031745 122.023353 179.761607 0.000000 21.099558 122.151736 177.342455 256.000000 227.607611
131.527216 122.963213 64.000000 38.305336 122.757565 103.821824 256.000000 219.738301 177.832591 120.504453 0.000000 13.092568 176.914733 128.518749 256.000000 235.322029 6.841082 177.779858 0.000000 17.799525 14.722051 187.105925 256.000000 243.488212 21.054725 31.612893 0.000000 26.800397 16.330480 7.347451 256.000000 228.429392
170.489527 69.569338 0.000000 32.221572 166.560180 74.591991 256.000000 220.289024 121.158158 70.727585 0.000000 24.003759 119.187722 80.728087 256.000000 230.584954 3.858224 27.327184 64.000000 14.779156 8.382967 23.625860 256.000000 234.625021 114.089773 108.639991 64.000000 16.414114 113.902411 106.606358 256.000000 231.303475
12.097740 184.303298 0.000000 16.013979 6.638180 185.440040 256.000000 226.596518 42.990380 15.533375 64.000000 31.107220 39.289367 17.975336 256.000000 224.458166 46.820093 42.518704 0.000000 9.151460 48.596529 34.339673 256.000000 233.536483 42.057367 86.834884 0.000000 11.539359 45.510091 90.364731 256.000000 232.684584
30.633320 147.416102 0.000000 10.227090 36.986136 150.178504 256.000000 231.402433 80.250662 16.389656 64.000000 25.759187 84.776158 25.431627 256.000000 207.549262 110.980307 39.017276 64.000000 29.450749 110.314520 40.880665 256.000000 255.100713 114.181805 87.695629 64.000000 9.792536 114.121525 88.979365 256.000000 246.259035
0.476515 82.515269 64.000000 10.816535 2.513855 87.710658 256.000000 263.976812 77.391462 12.222647 0.000000 22.885104 75.507789 17.225609 256.000000 225.615544 20.063862 26.679491 64.000000 14.417745 21.390322 27.271420 256.000000 242.735271 37.740489 158.670735 64.000000 13.759459 35.730838 159.321831 256.000000 236.281491
54.057385 129.659835 64.000000 11.027359 52.982258 129.559938 256.000000 249.451505 44.252789 159.678071 64.000000 34.303992 43.113545 157.416382 256.000000 224.221527 77.421467 108.178056 0.000000 28.607455 88.259784 89.769565 256.000000 237.524919 96.447595 41.145758 0.000000 15.243828 95.498624 39.183069 256.000000 219.019781
57.986245 112.348387 0.000000 42.999385 68.109024 104.944884 256.000000 211.516186 55.602984 156.592947 64.000000 16.547492 60.414162 154.368520 256.000000 257.531637 103.464347 23.560178 0.000000 12.335325 102.290080 21.920531 256.000000 258.465284 58.444822 107.412560 0.000000 27.290884 72.155915 92.379602 256.000000 231.583139
25.971676 219.507631 0.000000 21.275961 27.021558 218.214795 256.000000 245.574934 139.671945 185.229656 64.000000 15.936534 144.578418 191.684131 256.000000 231.256147 31.460062 39.047487 64.000000 32.337740 31.038407 48.263547 256.000000 226.433023 16.896853 117.744524 0.000000 11.401678 12.399158 117.862753 256.000000 250.884244
127.819027 147.388564 64.000000 28.758044 111.485202 154.446929 256.000000 222.306906 168.240135 11.302418 0.000000 41.906545 157.115229 6.542258 256.000000 206.370372 121.442291 181.548744 0.000000 32.970211 120.713916 180.451158 256.000000 227.185964 111.538225 49.414282 64.000000 11.315628 116.882809 42.972840 256.000000 248.354362
52.999216 60.084933 64.000000 14.568333 56.043005 49.738511 256.000000 272.728138 38.980758 157.954495 64.000000 39.449806 39.166742 153.083765 256.000000 215.771378 85.461275 127.703453 0.000000 35.241941 78.345653 127.214587 256.000000 195.028929 159.789004 167.861336 64.000000 43.390914 143.833838 152.643767 256.000000 220.749394
28.112242 6.829707 64.000000 22.011692 30.253731 9.195540 256.000000 232.456551 185.563185 99.238276 64.000000 46.346745 180.505309 101.188209 256.000000 202.657297 113.474164 117.114655 64.000000 35.564630 106.710496 117.216562 256.000000 228.468115 14.969855 76.519402 64.000000 20.148701 23.040969 70.603035 256.000000 221.816419
84.101858 151.321804 0.000000 12.477308 84.344827 150.229436 256.000000 241.543473 36.938931 70.160118 64.000000 14.555425 36.359825 73.323798 256.000000 242.890162 74.158989 95.495547 0.000000 27.510313 116.420849 77.183544 256.000000 214.373059 110.987427 86.211798 0.000000 27.979288 107.569058 73.634915 256.000000 231.953156
