36.445185 155.893665 64.000000 71.185193 37.965918 144.714700 256.000000 185.391284 74.158989 95.495547 0.000000 27.510313 116.420849 77.183544 256.000000 214.373059 77.474265 26.134558 0.000000 10.769208 74.655696 33.081100 256.000000 224.195712 79.680093 111.185675 64.000000 29.119455 81.814385 103.563220 256.000000 218.830470
84.981818 25.383867 64.000000 41.489200 93.577064 51.111898 256.000000 222.324116 4.479284 105.573858 64.000000 22.110650 6.219300 103.285645 256.000000 240.975540 29.960755 154.808945 64.000000 43.911519 30.030216 151.290580 256.000000 221.837931 54.503698 94.686460 64.000000 18.522349 61.579213 97.908649 256.000000 236.139508
72.942876 174.510153 64.000000 8.678183 72.935331 175.652227 256.000000 243.307506 77.421467 108.178056 0.000000 28.607455 88.259784 89.769565 256.000000 237.524919 3.351105 168.902322 64.000000 29.549707 1.942275 168.299724 256.000000 228.166938 97.354965 76.647569 64.000000 33.077774 102.223376 75.692107 256.000000 221.016150
54.150784 60.002016 64.000000 10.799325 57.001325 65.166235 256.000000 223.653595 65.440067 14.076458 0.000000 8.721208 68.973962 12.070816 256.000000 239.116852 103.193967 131.517631 64.000000 12.331022 106.520671 129.030122 256.000000 228.197056 84.477769 86.978847 64.000000 18.776197 85.290113 82.619273 256.000000 243.230061
21.325813 112.887322 0.000000 14.069240 5.971511 120.541265 256.000000 230.485996 65.918182 120.615969 0.000000 13.139896 65.741402 118.790269 256.000000 241.255204 10.870955 149.726604 64.000000 14.572635 7.486042 149.378356 256.000000 240.863675 86.790564 11.581613 64.000000 17.554282 79.572135 6.318925 256.000000 219.333865
45.545256 14.155000 0.000000 33.705942 46.548500 20.307518 256.000000 222.160620 133.784285 119.429318 64.000000 24.989036 131.650522 120.041176 256.000000 257.613385 176.533204 109.459564 0.000000 12.042753 178.785904 115.100145 256.000000 267.763030 22.667435 74.932415 0.000000 18.888063 27.659396 76.015916 256.000000 210.212522
75.149773 150.736220 64.000000 45.933704 74.603380 143.938525 256.000000 220.332049 38.052011 117.575047 64.000000 9.388099 37.053775 120.109520 256.000000 260.995166 65.552865 121.856040 0.000000 35.302177 60.589653 114.774555 256.000000 216.786773 99.089029 73.494718 64.000000 39.114209 53.255862 54.557236 256.000000 229.517929
119.845491 67.785267 0.000000 19.821710 140.649409 2.973449 256.000000 225.430535 75.008098 139.277693 0.000000 35.822782 61.855535 131.404798 256.000000 229.156518 34.931145 9.648905 64.000000 31.085707 38.173145 16.221518 256.000000 247.407808 105.010367 68.173749 64.000000 14.908232 121.629629 84.296958 256.000000 224.587241
43.698853 59.863251 0.000000 13.213039 37.904515 54.797520 256.000000 229.096282 135.399129 23.478411 64.000000 44.797838 119.473100 32.817096 256.000000 221.906772 117.000398 2.317711 64.000000 16.143055 116.678162 2.524773 256.000000 229.857828 130.539300 70.144553 0.000000 8.802956 131.964300 74.734276 256.000000 250.608882
28.112242 6.829707 64.000000 22.011692 30.253731 9.195540 256.000000 232.456551 47.069705 153.587285 64.000000 12.903257 42.083744 158.445293 256.000000 237.391541 8.380000 40.071644 64.000000 10.123830 3.380902 40.818485 256.000000 248.715774 22.328273 46.549096 64.000000 24.563087 11.323225 51.715009 256.000000 224.397931
19.356131 147.362667 64.000000 17.128332 6.568060 152.601082 256.000000 246.147169 32.825522 90.663962 64.000000 11.565174 30.812882 88.473876 256.000000 256.073083 142.048145 19.378118 0.000000 51.118240 138.303405 22.924809 256.000000 197.571718 19.657180 125.890749 64.000000 28.228834 20.797471 121.354067 256.000000 226.927812
170.873224 72.239276 0.000000 30.973841 170.252569 63.873482 256.000000 216.360823 11.907249 75.571945 0.000000 12.434283 4.979411 76.533891 256.000000 237.283978 71.587116 37.201785 0.000000 11.917980 66.870815 31.997116 256.000000 231.170097 127.376418 97.344549 0.000000 15.484769 127.829604 94.594200 256.000000 220.267511
36.882024 141.057731 64.000000 10.541174 32.254927 151.515064 256.000000 249.326731 68.408193 128.905455 0.000000 12.309510 78.928942 113.861480 256.000000 245.996581 77.278762 39.951529 0.000000 8.979359 82.319436 41.315673 256.000000 245.966463 8.714680 23.891709 0.000000 70.135379 16.421069 25.945640 256.000000 192.266711
4.966942 141.416887 0.000000 14.077845 1.257238 139.361949 256.000000 238.273558 77.693225 143.632307 0.000000 8.901914 77.130242 142.372467 256.000000 256.335537 121.867304 35.997375 0.000000 20.957575 122.641545 37.634295 256.000000 251.645790 78.065762 97.425749 64.000000 19.266685 86.170007 92.296347 256.000000 232.361895
35.886185 179.490585 64.000000 12.034148 35.315335 178.429455 256.000000 231.505694 154.655360 156.803089 64.000000 28.370817 150.622560 159.133275 256.000000 200.006945 9.379298 173.432851 0.000000 13.527123 12.155849 177.451769 256.000000 257.023940 147.297891 124.143489 64.000000 20.720936 147.060984 122.271573 256.000000 251.370428
121.954842 151.493387 64.000000 40.357638 119.416884 144.441493 256.000000 224.139779 98.728236 132.672549 64.000000 25.651624 103.194885 125.272420 256.000000 244.094867 168.265993 66.234905 0.000000 15.342786 168.765796 69.914485 256.000000 262.367670 38.015253 5.082533 64.000000 16.831458 32.586729 4.569671 256.000000 239.762230
88.109875 36.412302 0.000000 52.877971 89.813898 26.285031 256.000000 204.799952 51.449187 130.878785 64.000000 18.776197 47.017778 129.563264 256.000000 234.280819 14.933191 12.650040 0.000000 12.752669 7.379285 13.048869 256.000000 241.199271 136.559795 65.212080 64.000000 60.691347 134.796847 62.119131 256.000000 190.425233
110.769693 129.124869 64.000000 10.257208 111.337471 129.250256 256.000000 235.343541 94.258531 41.483262 0.000000 9.439729 197.872493 80.437365 256.000000 251.456479 21.579144 194.973413 0.000000 29.803556 21.264591 192.494615 256.000000 212.888690 167.626524 73.014195 0.000000 33.357438 164.684542 67.915265 256.000000 226.377090
84.919511 59.400660 0.000000 10.747695 93.667787 60.232098 256.000000 225.344485 70.186109 181.051036 64.000000 12.834417 68.506467 181.893551 256.000000 255.810629 27.782458 117.830753 0.000000 25.677439 31.767049 114.080293 256.000000 236.070667 36.819338 206.405027 64.000000 41.540831 32.576715 201.103616 256.000000 216.713630
9.264344 178.469880 0.000000 18.754685 5.300609 175.881178 256.000000 228.050770 44.914367 155.007224 64.000000 12.055661 45.701784 154.986567 256.000000 241.694061 185.563185 99.238276 64.000000 46.346745 180.505309 101.188209 256.000000 202.657297 148.236722 4.904602 0.000000 27.863120 142.849525 8.796605 256.000000 224.139779
105.388869 114.415595 64.000000 12.744064 104.406769 118.127204 256.000000 247.003371 15.157573 170.446331 64.000000 24.507154 14.758825 168.579733 256.000000 229.031745 118.639684 183.737096 0.000000 19.154819 115.838645 185.498747 256.000000 252.028714 137.633602 107.090860 0.000000 19.073071 137.457584 104.971020 256.000000 224.699107
178.116747 60.423824 64.000000 8.768536 178.867496 59.178478 256.000000 253.405520 25.916238 85.930833 64.000000 8.850284 26.179273 88.327044 256.000000 20.643491 89.700211 94.653529 64.000000 23.973641 92.076336 95.113953 256.000000 215.212050 15.537536 151.938358 0.000000 12.223459 12.329438 151.787907 256.000000 233.403105
17.220373 120.998302 64.000000 26.210952 15.379213 121.959649 256.000000 211.744219 87.006205 105.639373 64.000000 14.155291 86.594949 105.020378 256.000000 243.234363 172.155673 106.013233 64.000000 31.731085 166.980262 108.404240 256.000000 209.562842 11.105455 222.572656 0.000000 16.805643 12.502147 222.603687 256.000000 247.141051
72.104104 58.358636 0.000000 12.782787 71.608455 60.779049 256.000000 232.921223 44.134824 213.181225 0.000000 14.185408 37.592673 217.151091 256.000000 256.477520 47.124589 10.764462 0.000000 17.364971 56.820447 16.095051 256.000000 232.757727 26.627535 18.861747 0.000000 14.370417 31.750582 16.379738 256.000000 259.738830
3.416065 89.442167 0.000000 36.915622 13.249758 79.175929 256.000000 220.495545 108.862473 157.229380 0.000000 12.954888 106.402300 159.318560 256.000000 244.348716 48.587464 195.872418 64.000000 23.285238 49.182605 193.615165 256.000000 244.365926 14.363144 53.227544 0.000000 46.178947 9.928905 52.256224 256.000000 202.726137
182.054687 100.129787 64.000000 39.781100 116.746145 65.961356 256.000000 220.095411 96.207005 214.100720 0.000000 17.537072 95.215042 214.853131 256.000000 237.245255 3.605233 89.829051 0.000000 19.606584 1.326402 77.063624 256.000000 229.294198 43.428876 76.231756 64.000000 13.634686 42.648049 72.821784 256.000000 252.033017
141.420489 23.251624 64.000000 9.646250 142.977849 24.372416 256.000000 266.941248 124.053538 53.369256 0.000000 48.472190 125.107080 52.732958 256.000000 220.525663 183.018813 42.272142 64.000000 36.145471 181.357131 41.649071 256.000000 226.011376 106.496340 54.105207 0.000000 31.584799 103.714418 54.746687 256.000000 241.375675
3.177293 18.759402 64.000000 23.465944 9.577495 21.976011 256.000000 224.268855 49.734855 31.232984 0.000000 24.378078 47.512440 38.642784 256.000000 216.838403 41.928820 101.312849 64.000000 15.304064 46.245891 101.398636 256.000000 240.123641 23.837776 111.246518 64.000000 17.747895 27.467038 115.159189 256.000000 241.065893
52.999216 60.084933 64.000000 14.568333 56.043005 49.738511 256.000000 272.728138 12.151195 143.453371 0.000000 16.177475 9.006469 137.030282 256.000000 243.638800 176.501855 130.775667 0.000000 9.065410 179.014991 129.714200 256.000000 242.094195 31.550964 69.746355 0.000000 12.120199 31.537958 75.051489 256.000000 228.050770
26.893675 14.432065 64.000000 17.700567 25.493556 17.304205 256.000000 233.687071 29.738524 93.756084 64.000000 24.907288 32.267204 92.387242 256.000000 227.956115 188.082965 59.999178 0.000000 31.941908 185.146349 58.989671 256.000000 212.049698 160.687711 48.311495 0.000000 21.693306 160.940675 45.327355 256.000000 218.559411
63.611240 48.527891 0.000000 12.326720 58.643733 49.366709 256.000000 233.347172 97.223549 93.996600 0.000000 24.214583 91.989965 97.758793 256.000000 235.330634 12.171989 25.263164 64.000000 28.551523 22.731307 27.089300 256.000000 230.597862 101.618240 29.818133 64.000000 9.771023 100.472418 29.351200 256.000000 241.836044
16.299518 166.911809 64.000000 12.417073 20.312733 173.376262 256.000000 231.066837 111.492527 199.537553 0.000000 80.999242 112.847309 197.111404 256.000000 170.711086 82.470347 151.365082 64.000000 23.147558 79.163060 152.174376 256.000000 256.942192 146.553898 83.978105 64.000000 36.889806 138.145969 89.678995 256.000000 219.437125
