10.054915 71.765058 0.000000 18.152332 2.047698 67.981571 256.000000 249.133118 160.843309 36.555700 0.000000 18.358853 159.768865 34.572924 256.000000 247.730497 88.675313 120.144640 64.000000 11.784602 87.759976 127.605458 256.000000 245.467371 18.172682 155.785416 64.000000 15.953744 18.715269 154.982080 256.000000 240.355977
8.012373 17.407404 64.000000 24.481339 20.014867 16.045113 256.000000 216.958874 95.943493 222.522989 64.000000 12.765577 93.164756 225.938267 256.000000 237.073155 71.023216 63.951844 0.000000 20.828499 72.865535 60.527355 256.000000 255.100713 101.455913 38.546889 0.000000 8.768536 101.687258 39.058967 256.000000 246.921623
82.402404 136.001809 64.000000 37.685773 85.010120 159.570407 256.000000 225.903813 48.611135 84.537205 0.000000 15.213711 47.496384 82.312307 256.000000 242.911674 79.469556 116.580662 0.000000 15.273946 80.211518 115.131736 256.000000 266.790660 110.796727 82.435969 0.000000 27.518918 106.904756 78.346173 256.000000 233.265424
96.612778 173.789153 0.000000 19.202147 96.363655 172.467482 256.000000 254.562898 41.282485 96.886015 64.000000 10.855258 42.372475 95.191016 256.000000 241.379977 35.588591 58.633684 0.000000 19.357037 39.532822 60.909033 256.000000 239.805255 30.671849 106.610867 0.000000 13.501308 37.389607 114.350785 256.000000 243.957187
40.889696 50.948538 0.000000 11.388770 43.166911 53.849415 256.000000 245.183405 29.694536 47.710027 64.000000 25.182650 17.141520 41.389595 256.000000 259.609754 82.006600 64.011020 0.000000 23.160465 70.984858 56.617796 256.000000 233.058903 34.824840 95.730522 64.000000 17.098214 29.133589 101.166058 256.000000 234.095811
165.512616 47.469487 64.000000 26.413170 163.631533 51.985555 256.000000 232.138164 162.517513 130.771364 0.000000 13.867022 161.404485 133.102918 256.000000 219.312352 27.831724 197.234445 64.000000 19.421575 29.818404 197.280695 256.000000 242.606195 169.906911 35.875727 0.000000 17.756500 169.583738 36.592620 256.000000 236.660113
25.400269 132.593807 64.000000 13.092568 24.035295 130.919633 256.000000 255.539570 137.946167 109.218802 0.000000 61.259280 126.656758 98.545716 256.000000 199.877869 78.432885 57.226304 64.000000 17.373576 76.665365 53.007984 256.000000 231.901525 7.657787 146.166144 0.000000 26.520733 5.554765 142.049376 256.000000 237.232348
15.441565 60.737100 64.000000 17.197172 19.290629 56.520529 256.000000 232.452248 12.512856 120.806447 0.000000 25.647322 13.590209 118.693925 256.000000 221.790603 32.287727 37.178633 64.000000 10.618619 31.692405 30.165527 256.000000 241.823137 1.432409 13.183147 0.000000 23.754213 9.792784 13.175136 256.000000 242.274901
19.035635 102.820644 64.000000 37.414714 16.591038 97.551607 256.000000 214.033160 114.072673 36.623033 0.000000 36.025000 99.112085 39.936271 256.000000 232.632954 109.010311 96.435138 64.000000 32.694849 116.407407 90.731064 256.000000 223.382536 62.564709 172.780478 0.000000 28.986077 59.449529 170.570662 256.000000 237.826096
3.970445 113.541895 0.000000 12.713947 3.927513 112.179229 256.000000 244.576749 99.847335 60.545264 0.000000 13.884232 99.207118 57.788867 256.000000 254.674764 106.151464 67.056064 0.000000 35.706613 28.370449 102.971085 256.000000 226.828854 1.917722 166.973631 0.000000 38.791520 5.371216 165.772051 256.000000 223.137292
137.633602 107.090860 0.000000 19.073071 137.457584 104.971020 256.000000 224.699107 41.971773 31.529531 0.000000 10.523964 51.826876 20.715309 256.000000 225.030401 156.493513 129.362487 0.000000 11.797510 157.320113 129.277773 256.000000 257.742461 132.442878 41.438422 64.000000 14.822181 134.209129 43.463771 256.000000 261.782527
165.753133 84.286129 64.000000 20.755356 164.058055 80.330836 256.000000 241.866162 141.018589 73.088109 64.000000 8.850284 133.899555 72.077964 256.000000 236.939776 141.710329 23.462576 64.000000 29.652968 141.023771 31.559071 256.000000 228.937089 52.352064 88.770836 0.000000 12.391258 52.619280 85.788418 256.000000 242.175943
125.017922 11.136875 64.000000 21.787961 125.068467 11.186591 256.000000 241.616616 42.037045 109.095725 0.000000 12.877442 47.470951 108.203542 256.000000 227.508653 142.983975 56.088962 0.000000 38.821638 141.218182 56.652962 256.000000 231.023811 134.626435 72.554204 0.000000 10.687460 134.296265 72.321164 256.000000 245.833085
48.951427 50.545458 64.000000 11.074686 48.197462 52.050542 256.000000 236.328819 174.894760 75.232791 64.000000 8.919124 181.177320 66.248387 256.000000 242.132918 173.369822 30.360882 0.000000 20.230449 174.107036 30.669311 256.000000 201.663415 106.352396 19.300249 0.000000 13.802484 105.529300 19.672107 256.000000 249.571975
10.918882 72.038024 0.000000 24.928801 19.156651 43.661551 256.000000 225.340182 117.919722 159.897760 0.000000 27.359725 138.322982 138.570109 256.000000 226.592216 80.216907 191.181555 64.000000 12.567661 92.987369 203.947911 256.000000 256.722763 38.980758 157.954495 64.000000 39.449806 39.166742 153.083765 256.000000 215.771378
13.513244 33.821187 64.000000 29.214111 24.690465 38.204073 256.000000 242.348044 35.597676 70.812565 64.000000 16.328063 31.774456 69.988342 256.000000 242.989120 64.947909 193.769133 64.000000 9.185880 64.647456 193.718556 320.000000 254.102529 66.530349 104.166664 0.000000 11.479123 63.793651 105.098335 256.000000 230.997996
72.270253 191.500533 64.000000 15.080333 71.314385 190.828155 256.000000 232.172584 35.509058 54.475393 0.000000 10.450821 38.037085 58.809929 256.000000 231.755240 34.799767 138.618947 0.000000 22.639860 52.441535 132.254211 256.000000 232.994366 75.637242 80.115902 64.000000 9.861376 82.064578 78.140298 256.000000 233.867777
140.516238 76.090400 0.000000 12.193342 142.077456 72.650993 256.000000 257.428377 47.751684 69.775609 64.000000 23.655255 45.642691 72.342200 256.000000 249.434294 104.795047 126.890469 64.000000 41.777469 106.481107 127.444922 256.000000 229.449089 62.372371 9.236544 0.000000 13.398047 69.340824 10.412525 256.000000 239.443843
77.421467 108.178056 0.000000 28.607455 88.259784 89.769565 256.000000 237.524919 31.550964 69.746355 0.000000 12.120199 31.537958 75.051489 256.000000 228.050770 22.483109 64.867433 64.000000 11.543661 23.275484 62.874809 256.000000 260.909115 106.772913 145.713851 64.000000 18.290013 104.826844 145.252331 256.000000 237.172112
11.421742 95.545187 0.000000 12.907560 6.978993 95.032204 256.000000 245.381321 5.205269 66.485267 64.000000 10.042082 3.189556 63.327524 256.000000 243.914161 55.908742 11.989938 64.000000 19.877642 52.715431 11.706631 256.000000 239.065221 75.405413 96.421722 64.000000 17.610214 74.174098 96.916300 256.000000 241.655338
93.684138 38.207685 64.000000 15.385812 99.126371 42.825204 256.000000 252.235235 48.310635 71.409182 0.000000 13.922955 39.374124 71.066660 256.000000 246.826967 35.928876 80.603860 64.000000 39.639117 39.274893 88.138258 256.000000 206.869464 77.604131 78.768571 64.000000 22.738818 73.498882 85.034535 256.000000 244.357321
130.875251 17.905333 64.000000 22.596835 130.069482 18.780515 256.000000 229.862131 163.169622 144.090800 0.000000 10.369073 162.944902 146.250655 256.000000 253.431336 93.061676 42.108484 64.000000 15.803156 123.553629 31.814822 256.000000 228.506837 27.203595 217.591258 64.000000 21.611558 8.829842 224.207747 256.000000 239.314767
21.995098 196.324682 0.000000 36.308966 15.900965 192.580162 256.000000 207.575077 34.925542 6.227609 64.000000 33.039051 37.302764 7.656760 256.000000 222.276788 84.653578 218.273285 0.000000 22.489272 86.015591 217.375867 256.000000 219.686671 34.218727 67.049482 64.000000 22.411827 32.220713 52.927222 256.000000 233.394500
26.872300 89.450760 64.000000 15.174988 29.073358 92.878696 256.000000 235.786701 129.892945 68.038500 64.000000 16.698080 128.010493 64.532669 256.000000 232.348988 94.266642 125.244471 0.000000 33.925370 66.352280 121.228765 256.000000 218.348587 14.654011 82.802125 0.000000 17.545677 15.830796 77.265029 256.000000 254.119739
27.188191 22.442229 64.000000 23.263726 63.717607 37.750664 256.000000 237.968079 147.993624 116.040238 0.000000 37.926714 140.706900 112.123869 256.000000 239.138364 96.968420 41.387229 64.000000 14.938349 96.176529 41.394533 256.000000 236.617087 108.345722 54.498933 0.000000 75.681327 104.814058 54.321002 256.000000 189.698107
82.350756 61.347507 64.000000 14.387627 88.450467 51.017342 256.000000 241.939305 121.687253 144.548058 64.000000 45.778813 121.218380 138.053460 256.000000 213.168353 149.990075 73.149047 64.000000 23.311053 151.287745 78.148645 256.000000 247.627236 16.206864 203.503047 64.000000 12.950585 28.679293 233.255189 256.000000 269.686256
52.274480 107.104035 64.000000 22.773238 46.845367 106.007445 256.000000 231.583139 21.991518 89.476091 0.000000 20.208936 28.650509 87.545947 256.000000 234.211979 8.644393 99.333869 64.000000 10.653040 10.688598 101.302244 256.000000 239.658969 114.879025 144.677905 64.000000 16.061307 113.676151 145.417282 256.000000 252.764445
29.696965 61.576584 0.000000 31.808530 35.435462 58.682685 256.000000 230.954971 138.782155 183.946978 0.000000 31.279320 138.003609 179.953180 256.000000 230.679610 142.953402 96.998153 0.000000 15.807458 155.708320 80.019495 256.000000 243.324716 60.706916 138.540953 64.000000 11.922283 60.495215 137.696773 256.000000 238.221927
27.323335 125.379529 64.000000 11.109107 24.412125 125.734645 256.000000 258.628780 31.118965 34.032187 64.000000 21.882617 33.962080 35.908582 256.000000 234.603508 184.485104 22.577491 0.000000 8.729813 246.110587 47.141845 256.000000 250.858429 92.125876 171.729896 64.000000 26.301305 86.615889 169.568402 256.000000 211.782942
59.022624 124.950351 64.000000 25.475221 61.736745 119.810800 256.000000 233.798937 26.711402 229.198815 0.000000 19.232264 33.897320 230.493016 256.000000 225.464956 135.755700 36.229218 64.000000 20.966180 130.973596 35.132444 256.000000 225.520888 0.114007 130.674262 0.000000 20.144399 0.392925 127.542669 256.000000 236.991407
21.361878 76.456105 64.000000 12.709644 18.311453 80.054353 256.000000 257.350931 21.004871 196.292951 64.000000 20.656399 18.750184 195.534818 256.000000 232.650164 82.556413 223.352818 0.000000 19.838920 80.291540 223.642069 256.000000 230.993694 22.302367 13.780002 64.000000 34.093168 21.065949 20.882975 256.000000 238.170297
72.590818 166.390344 0.000000 12.881745 71.052045 166.887513 256.000000 245.428648 41.346738 188.365358 0.000000 12.442888 41.895271 190.523922 256.000000 252.166395 15.161838 201.886393 0.000000 12.782787 20.434082 206.082456 256.000000 245.454463 172.250418 71.563167 0.000000 19.129004 171.455998 69.903000 256.000000 242.683641
