32.466309 42.197318 0.000000 24.253305 40.271478 43.071835 256.000000 237.770163 42.548493 75.733609 0.000000 9.650552 46.900813 48.657265 256.000000 240.011776 30.423956 11.874464 0.000000 22.876499 30.590880 15.805967 256.000000 260.655267 170.281976 118.606555 64.000000 40.168327 165.353196 116.893511 256.000000 208.470002
95.044875 213.140416 64.000000 13.015123 87.753533 222.686820 256.000000 250.182933 121.971251 188.831256 0.000000 27.372632 118.645749 190.643704 256.000000 229.388854 115.171384 132.500165 0.000000 11.590989 114.915982 131.948744 256.000000 237.154902 176.162336 44.389535 64.000000 32.453908 171.877078 40.972425 256.000000 228.734871
72.768691 183.442273 0.000000 22.540902 85.008535 179.415085 256.000000 236.380449 168.265993 66.234905 0.000000 15.342786 168.765796 69.914485 256.000000 262.367670 56.987635 76.629335 64.000000 22.011692 50.135184 67.344780 256.000000 250.015135 84.373558 175.106660 0.000000 32.006446 82.464393 173.531896 256.000000 232.353290
1.841678 148.296351 64.000000 19.722752 3.164545 147.599755 256.000000 216.674907 37.318147 52.695351 0.000000 15.510585 32.938264 54.333778 256.000000 231.105559 138.388160 88.469353 64.000000 21.869709 137.630013 89.454436 256.000000 235.205861 67.180845 88.996735 0.000000 8.738418 69.785591 85.458329 256.000000 247.928412
66.651055 88.766507 64.000000 16.814248 64.189540 87.712175 256.000000 245.415741 119.563222 77.530716 0.000000 15.889206 118.144687 77.751587 256.000000 225.589729 121.953300 110.042387 64.000000 11.109107 124.862451 107.788007 256.000000 269.608811 72.590818 166.390344 0.000000 12.881745 71.052045 166.887513 256.000000 245.428648
161.566547 118.253775 0.000000 17.730685 161.588829 116.331696 256.000000 240.708784 54.057385 129.659835 64.000000 11.027359 52.982258 129.559938 256.000000 249.451505 33.434273 104.462471 64.000000 14.546820 13.259400 112.166098 256.000000 233.394500 88.265982 131.198687 0.000000 13.040938 83.687658 135.297049 256.000000 238.888818
94.148907 87.847555 64.000000 20.097071 93.539762 83.335596 256.000000 251.934059 85.443644 95.256945 64.000000 18.711659 85.115593 105.632136 256.000000 242.076985 30.256831 25.515425 0.000000 15.321274 25.947367 28.371718 256.000000 241.642431 1.233144 119.627404 0.000000 42.100158 7.022495 115.315484 256.000000 208.788388
52.346904 132.246356 0.000000 20.948970 60.052349 128.208524 256.000000 247.321757 144.215498 19.641382 0.000000 10.063594 139.672693 12.737285 256.000000 230.115980 136.431315 73.021331 64.000000 17.300433 135.691749 71.026082 256.000000 245.355506 104.532796 30.353487 64.000000 14.972770 102.737702 29.692907 256.000000 229.565257
68.045887 55.349971 64.000000 12.442888 71.854453 56.422498 256.000000 253.840075 51.162758 0.610736 64.000000 12.490216 49.840502 1.288200 256.000000 233.084718 48.649087 129.827682 64.000000 11.457611 50.764484 128.594678 256.000000 256.894864 62.372371 9.236544 0.000000 13.398047 69.340824 10.412525 256.000000 239.443843
30.904484 44.759025 64.000000 22.923827 41.732453 52.470291 256.000000 206.193968 48.583065 153.667713 0.000000 14.262854 80.038453 169.902678 256.000000 232.934130 47.737896 179.992589 64.000000 26.288397 52.527415 178.588125 256.000000 236.926869 111.581669 146.014815 0.000000 51.045097 106.470185 143.044705 256.000000 226.045796
17.695435 158.722247 0.000000 12.619291 20.932733 161.241327 256.000000 228.941392 93.174325 147.782327 0.000000 11.066081 102.138087 147.492735 256.000000 247.115236 10.276265 48.949949 0.000000 24.649137 8.105729 56.923951 256.000000 242.989120 29.669936 126.116858 64.000000 18.044769 33.509651 126.609618 256.000000 231.316383
75.342238 149.479293 64.000000 11.165039 76.686276 148.235775 256.000000 234.491643 183.926145 28.614742 64.000000 30.517774 182.609365 32.762067 256.000000 224.479678 93.769435 43.266522 0.000000 46.028359 65.008236 48.115425 256.000000 232.955643 49.640147 113.028795 64.000000 11.074686 51.048415 120.879238 256.000000 235.743676
42.886829 80.329722 64.000000 14.572635 43.617031 84.323867 256.000000 262.320342 58.567322 87.668222 0.000000 21.770751 52.500033 89.371300 256.000000 237.598062 57.835878 184.764602 64.000000 8.665275 55.818347 187.807615 256.000000 245.037119 26.512969 107.131907 64.000000 16.715290 29.340222 104.404925 256.000000 245.850295
101.655829 174.287745 64.000000 12.804300 99.576653 186.577687 256.000000 251.176815 76.394438 87.966216 64.000000 16.117240 75.379951 95.895389 256.000000 249.296614 131.343136 101.392327 64.000000 17.554282 130.179824 103.665585 256.000000 250.363639 26.462947 72.630391 0.000000 19.813105 25.329373 66.076705 256.000000 216.623277
62.880427 109.382278 0.000000 13.742249 60.393487 109.305824 256.000000 240.769019 103.634538 165.620035 64.000000 19.103189 98.331653 169.306302 256.000000 209.136892 69.608513 139.944938 0.000000 23.160465 62.413695 142.583749 256.000000 215.702538 10.891416 96.755140 0.000000 9.491359 11.330620 95.539007 256.000000 232.701794
196.550525 79.651982 0.000000 14.391929 197.291256 75.224929 256.000000 219.553293 76.906100 223.473953 0.000000 17.033677 81.351725 223.329244 256.000000 240.162364 44.252789 159.678071 64.000000 34.303992 43.113545 157.416382 256.000000 224.221527 136.951713 124.568604 0.000000 11.547964 145.408365 117.690829 256.000000 253.439941
93.893076 64.336336 64.000000 29.618548 91.993124 59.600613 256.000000 256.172041 47.657336 37.843978 0.000000 11.612501 45.787087 38.885891 256.000000 247.149656 129.252107 124.296596 64.000000 38.976529 112.604829 129.469191 256.000000 221.695948 49.921345 75.505645 0.000000 10.386283 47.683880 77.378364 256.000000 243.032145
137.216629 17.402938 64.000000 18.634214 135.695451 15.337847 256.000000 233.897895 47.507925 102.150264 64.000000 17.330551 48.798951 96.072462 256.000000 232.013391 99.964427 65.037027 64.000000 8.794351 102.680489 66.606560 256.000000 256.864747 118.433591 133.047058 0.000000 10.024872 120.791416 130.985516 256.000000 232.951340
40.827058 48.406571 64.000000 14.125173 42.325915 43.132398 256.000000 239.904213 75.405413 96.421722 64.000000 17.610214 74.174098 96.916300 256.000000 241.655338 139.238309 175.074536 64.000000 33.189639 134.848182 175.626096 256.000000 228.016350 111.350638 94.720345 64.000000 36.962949 104.243275 98.867615 256.000000 226.691174
166.705898 36.838571 64.000000 36.915622 166.252258 34.583029 256.000000 225.322972 38.531262 139.901615 0.000000 9.009477 32.591716 147.580916 256.000000 261.507166 152.052822 84.103220 64.000000 26.210952 149.486902 91.305484 256.000000 227.934602 82.854584 159.863300 0.000000 37.604025 78.893164 153.371364 256.000000 224.570031
138.346880 106.933933 0.000000 9.934519 139.268758 107.970231 256.000000 250.484109 25.675795 61.913976 64.000000 9.456939 29.558096 61.259249 256.000000 244.968279 68.490182 196.402231 64.000000 18.711659 69.354405 194.976616 256.000000 239.099641 52.787342 221.776605 64.000000 27.587758 56.796698 219.929216 256.000000 247.790732
3.351105 168.902322 64.000000 29.549707 1.942275 168.299724 256.000000 228.166938 41.548993 31.532424 64.000000 20.763962 56.945818 26.203604 256.000000 233.549391 156.604135 42.756353 64.000000 12.602081 157.266504 42.951296 256.000000 243.647405 29.860005 138.089495 0.000000 16.775525 20.709164 146.977416 256.000000 247.924110
43.020565 34.320745 0.000000 19.645306 43.288682 37.976273 256.000000 229.023140 147.500175 161.464844 0.000000 25.277305 147.454253 158.061136 256.000000 228.016350 26.872300 89.450760 64.000000 15.174988 29.073358 92.878696 256.000000 235.786701 45.910551 70.757933 64.000000 32.965908 50.223469 38.376344 256.000000 226.760014
14.030765 16.218598 64.000000 10.997241 12.600456 16.723575 256.000000 261.201687 46.831578 45.719949 64.000000 11.220972 42.747238 40.526605 256.000000 240.506565 44.966851 99.179104 64.000000 13.195829 41.515000 101.531329 256.000000 233.622533 154.379218 70.814216 64.000000 10.631527 155.689215 68.435035 256.000000 245.114564
94.667820 102.690209 64.000000 33.671522 95.388856 90.139018 256.000000 227.938905 170.873224 72.239276 0.000000 30.973841 170.252569 63.873482 256.000000 216.360823 38.465531 24.717051 0.000000 11.384468 38.233862 21.852053 256.000000 255.044781 106.617827 35.059389 64.000000 24.511456 96.387822 12.585675 256.000000 229.040350
43.564235 88.838036 0.000000 50.623450 44.300958 79.105024 256.000000 217.075042 41.971773 31.529531 0.000000 10.523964 51.826876 20.715309 256.000000 225.030401 8.380000 40.071644 64.000000 10.123830 3.380902 40.818485 256.000000 248.715774 27.188191 22.442229 64.000000 23.263726 63.717607 37.750664 256.000000 237.968079
26.893675 14.432065 64.000000 17.700567 25.493556 17.304205 256.000000 233.687071 64.286815 50.635289 64.000000 16.052702 62.493636 52.732860 256.000000 243.436582 90.280398 200.981644 64.000000 18.668634 91.120215 200.948415 256.000000 224.505494 66.413038 165.696158 64.000000 18.135122 68.452264 164.440611 256.000000 237.839003
94.650325 193.325262 64.000000 12.649409 86.701016 214.280115 256.000000 241.121826 117.771189 84.190098 0.000000 17.214383 122.831749 87.467305 256.000000 235.932987 52.965127 133.767973 64.000000 38.348361 45.092216 125.377133 256.000000 223.236250 152.635251 39.261951 64.000000 15.011492 152.336173 39.033353 256.000000 266.300173
23.367335 23.716629 64.000000 48.777669 36.381840 43.230727 256.000000 217.389126 69.534375 51.584762 0.000000 70.819479 90.166595 51.595124 256.000000 171.403792 134.547220 79.241140 64.000000 26.994010 131.490520 71.665055 256.000000 237.546432 18.961227 190.167156 0.000000 14.632871 33.268118 197.655020 256.000000 218.103344
9.250653 11.833258 64.000000 17.089609 10.334025 12.598653 256.000000 248.040278 138.180147 146.572015 64.000000 31.270715 134.197495 147.151211 256.000000 216.253260 82.811735 48.119747 0.000000 36.678983 62.570049 64.930675 256.000000 214.291311 48.607022 190.166471 64.000000 15.084635 44.677344 189.900267 256.000000 222.160620
87.006205 105.639373 64.000000 14.155291 86.594949 105.020378 256.000000 243.234363 24.344376 34.909791 0.000000 10.437914 0.733487 29.365676 256.000000 234.921895 67.383767 73.368402 0.000000 19.593676 67.861735 78.403900 256.000000 243.337624 97.301505 31.731827 64.000000 40.602881 92.174669 36.859913 256.000000 246.168682
2.359631 74.636249 64.000000 16.990651 3.269567 73.087115 256.000000 218.477663 150.043907 177.554867 0.000000 13.329207 149.310547 178.797511 256.000000 261.412510 21.991518 89.476091 0.000000 20.208936 28.650509 87.545947 256.000000 234.211979 44.901253 173.872824 0.000000 28.284766 28.675076 168.090245 256.000000 235.171441
