49.466924 6.033058 0.000000 10.007662 45.242300 4.444564 256.000000 240.282834 140.397078 39.189145 64.000000 93.984247 139.811302 37.024555 256.000000 169.278347 134.209729 79.948745 64.000000 10.704670 133.984449 78.910356 256.000000 237.404449 72.130456 52.445524 64.000000 11.767392 68.567898 42.176740 256.000000 246.267640
133.756925 68.398456 64.000000 17.339156 133.293251 69.241476 256.000000 240.799137 154.379218 70.814216 64.000000 10.631527 155.689215 68.435035 256.000000 245.114564 97.214907 118.392118 0.000000 28.108363 98.051027 114.005069 256.000000 212.247614 63.578593 142.045444 64.000000 9.018082 62.710493 141.915169 256.000000 245.540514
176.997251 130.030389 64.000000 21.456667 176.825187 127.341767 256.000000 228.128215 37.620591 145.142318 64.000000 9.852771 39.259738 151.701467 256.000000 244.284178 25.439902 85.267993 64.000000 9.254721 26.206829 87.478611 256.000000 242.261994 167.699796 156.043395 0.000000 38.778613 165.708720 156.841102 256.000000 209.864018
160.196462 118.540664 64.000000 17.373576 158.485171 124.654355 256.000000 232.805055 119.400125 137.492704 64.000000 11.698552 120.175245 137.461687 256.000000 260.590729 5.419447 133.556233 0.000000 11.827627 7.827202 145.847087 256.000000 239.207204 79.770724 217.950949 0.000000 20.763962 85.337900 215.953082 256.000000 241.276717
31.118965 34.032187 64.000000 21.882617 33.962080 35.908582 256.000000 234.603508 40.341053 154.911600 64.000000 8.768536 33.807640 164.238951 256.000000 243.118195 18.338807 183.024289 0.000000 26.413170 21.886427 181.749320 256.000000 230.696820 34.373513 59.738171 64.000000 9.887191 36.184169 58.059960 256.000000 255.182461
125.042436 23.217098 64.000000 15.897811 133.630949 29.161769 256.000000 239.297557 94.548553 102.447311 0.000000 9.413914 98.741955 98.423227 256.000000 251.275773 175.033747 134.367053 64.000000 82.634199 175.373647 134.322947 256.000000 190.786644 114.855331 29.471231 0.000000 36.300361 104.284420 45.244284 256.000000 237.382936
82.402404 136.001809 64.000000 37.685773 85.010120 159.570407 256.000000 225.903813 53.661955 28.600135 0.000000 15.110450 62.388900 31.115484 256.000000 254.851167 164.988636 74.973093 0.000000 20.570348 165.097602 77.915595 256.000000 240.480750 52.965127 133.767973 64.000000 38.348361 45.092216 125.377133 256.000000 223.236250
29.738524 93.756084 64.000000 24.907288 32.267204 92.387242 256.000000 227.956115 151.416867 19.853464 64.000000 15.936534 152.022404 21.110580 320.000000 256.352747 46.665349 99.270213 64.000000 58.441129 45.774451 97.515585 256.000000 191.741804 19.205027 211.750049 64.000000 44.802141 15.435109 203.913884 256.000000 199.271214
72.768691 183.442273 0.000000 22.540902 85.008535 179.415085 256.000000 236.380449 122.622000 195.077075 0.000000 31.425606 113.144467 197.893682 256.000000 231.824080 114.089773 108.639991 64.000000 16.414114 113.902411 106.606358 256.000000 231.303475 19.475255 101.299287 64.000000 18.061979 23.248405 103.874829 256.000000 233.192281
10.972191 26.816889 64.000000 22.459154 13.603804 27.367676 256.000000 222.384351 122.535047 162.632760 0.000000 36.321874 120.550358 157.172467 256.000000 207.751481 159.475629 62.099385 0.000000 12.391258 189.379187 45.749211 256.000000 231.548719 43.838033 58.717905 64.000000 18.010349 44.789135 46.405373 256.000000 226.923510
108.583824 189.215696 64.000000 22.893709 106.953207 188.123215 256.000000 215.736958 27.857740 83.771762 64.000000 82.165224 33.385389 87.815365 256.000000 194.671820 79.423431 114.561280 0.000000 64.120456 76.715956 112.393089 256.000000 207.179246 62.951735 51.813664 0.000000 11.552266 66.781045 51.882369 256.000000 255.926797
58.567322 87.668222 0.000000 21.770751 52.500033 89.371300 256.000000 237.598062 59.812391 80.055664 64.000000 16.069912 56.701885 77.541724 256.000000 249.576278 99.911958 132.491129 0.000000 28.396632 113.437431 116.568575 256.000000 226.665359 168.783373 140.140029 0.000000 50.541702 161.636398 134.392633 256.000000 204.580523
96.590756 108.846300 0.000000 17.033677 99.727211 102.094949 256.000000 227.637728 137.144115 48.046775 0.000000 24.937406 136.813062 49.071924 256.000000 241.397187 74.025804 59.165813 64.000000 26.675624 71.578065 58.925404 256.000000 212.892992 103.818156 211.669955 0.000000 14.774854 107.793322 210.984502 256.000000 234.995037
44.405127 58.302631 64.000000 12.068569 46.370195 61.319327 256.000000 248.939505 38.465531 24.717051 0.000000 11.384468 38.233862 21.852053 256.000000 255.044781 42.802107 196.119271 64.000000 11.685644 43.848618 196.549209 256.000000 256.051570 24.094909 156.069013 0.000000 18.595491 13.543698 147.584393 256.000000 234.637928
162.006562 36.291051 0.000000 21.275961 162.120491 39.549605 256.000000 240.579708 119.029505 138.226840 64.000000 17.562887 118.002580 137.358964 256.000000 223.580452 128.497947 54.051878 0.000000 18.466416 130.733885 67.674793 256.000000 246.431136 111.745724 31.557656 64.000000 9.465544 111.742745 32.154975 256.000000 261.804039
20.956245 184.605898 0.000000 19.305407 28.108864 184.591960 256.000000 228.033560 41.975587 71.764898 0.000000 19.653911 41.787287 82.948356 256.000000 246.904413 110.401729 175.759833 64.000000 11.586686 109.389691 177.446720 256.000000 61.315213 149.490084 172.727353 0.000000 20.406852 147.461636 174.041707 256.000000 240.033288
95.879473 38.480520 64.000000 18.234080 93.231335 39.147356 256.000000 226.011376 14.729805 113.737736 64.000000 24.571692 21.342771 110.310700 256.000000 237.481894 90.623620 190.319689 0.000000 10.795023 88.310375 195.452025 256.000000 231.596047 72.675980 95.396744 0.000000 14.607055 72.508698 92.366136 256.000000 244.856413
96.503227 137.544729 64.000000 32.212967 89.495333 134.836644 256.000000 223.317998 53.470845 194.254196 0.000000 52.460626 54.168636 194.971727 256.000000 214.953899 78.633282 74.603893 64.000000 13.802484 77.151465 74.256727 256.000000 241.427305 114.756555 17.650269 64.000000 13.286182 113.724267 21.688500 256.000000 244.925254
73.115662 177.791065 64.000000 35.478580 113.752104 141.925847 256.000000 213.516858 187.516047 113.130964 0.000000 16.706685 188.188105 119.355173 256.000000 248.664143 65.855938 48.731964 64.000000 8.936334 67.952740 44.267062 256.000000 260.728409 27.555158 168.445885 0.000000 12.498821 12.534344 202.058020 256.000000 255.703066
138.180147 146.572015 64.000000 31.270715 134.197495 147.151211 256.000000 216.253260 26.734111 222.828575 0.000000 16.878786 30.150269 225.449875 256.000000 240.997053 22.998995 59.695896 0.000000 17.416601 27.872796 59.257025 256.000000 247.317455 136.951713 124.568604 0.000000 11.547964 145.408365 117.690829 256.000000 253.439941
68.387075 108.106693 0.000000 19.757172 65.763811 106.050015 256.000000 235.326331 20.273304 132.337924 64.000000 13.497005 23.141575 151.243013 256.000000 247.480950 186.151082 81.333445 64.000000 38.206378 182.692175 82.136567 256.000000 231.776752 168.227713 86.638702 64.000000 17.924298 166.219473 86.277838 256.000000 238.165995
66.957269 196.973951 64.000000 16.977744 76.775687 197.127349 256.000000 243.535540 67.748985 111.604560 0.000000 11.195157 60.514551 109.137133 256.000000 226.097426 79.286187 86.091378 0.000000 22.923827 76.262496 91.452329 256.000000 242.055473 9.484584 97.905080 64.000000 29.300161 13.292531 95.409595 256.000000 246.246127
54.965055 58.268042 0.000000 22.484970 93.410031 32.730662 256.000000 237.451776 118.441589 48.513993 0.000000 11.388770 118.479262 43.487067 256.000000 239.392213 29.013856 114.445456 64.000000 15.751526 31.069520 111.506675 256.000000 227.831342 9.379298 173.432851 0.000000 13.527123 12.155849 177.451769 256.000000 257.023940
41.657442 37.392520 64.000000 21.947155 42.290584 41.641018 256.000000 236.888146 64.286815 50.635289 64.000000 16.052702 62.493636 52.732860 256.000000 243.436582 114.045678 69.214302 64.000000 9.913006 113.976055 69.028915 256.000000 259.975468 118.789080 103.718982 0.000000 17.485441 117.735893 102.700645 256.000000 216.584554
77.082156 138.597982 64.000000 37.582512 81.091775 127.100889 256.000000 211.137564 24.969347 99.398673 0.000000 8.772838 25.026853 98.024476 256.000000 249.709656 55.559758 225.370135 0.000000 8.970754 57.007693 227.077245 256.000000 259.545216 53.143509 122.333893 0.000000 13.333509 47.979213 130.723204 256.000000 235.033760
45.371458 191.393325 64.000000 32.548564 45.944835 189.269635 256.000000 237.146297 166.791573 139.291882 0.000000 17.162752 166.364198 137.962089 256.000000 227.319342 151.802473 88.875567 64.000000 28.422447 150.382198 86.795460 256.000000 213.052185 6.841082 177.779858 0.000000 17.799525 14.722051 187.105925 256.000000 243.488212
118.668445 202.129833 0.000000 23.371289 118.867307 198.428758 256.000000 223.231948 139.359196 156.429058 0.000000 27.333910 142.953096 150.496762 256.000000 218.185092 50.033649 161.175104 0.000000 14.163896 46.902880 161.201298 256.000000 260.306763 146.404731 78.182707 0.000000 10.222788 148.831656 82.190160 256.000000 228.511140
65.251740 120.387402 0.000000 10.635829 60.711985 124.179115 256.000000 239.331978 4.763985 131.091376 0.000000 11.337140 8.067956 133.378438 256.000000 252.859100 100.553756 172.119669 0.000000 11.134922 141.902824 184.039627 256.000000 239.693389 82.143225 172.209880 64.000000 15.187896 88.833345 171.622505 256.000000 235.747978
150.043907 177.554867 0.000000 13.329207 149.310547 178.797511 256.000000 261.412510 167.603709 72.528680 64.000000 37.311453 151.483080 66.417885 256.000000 220.327747 48.612869 53.563091 64.000000 40.133907 48.428425 55.623624 256.000000 207.162035 75.312740 12.966951 64.000000 10.829443 78.306480 12.798785 256.000000 229.715845
13.524527 207.070151 0.000000 19.993810 13.422815 206.461456 256.000000 240.545288 47.497091 64.022865 64.000000 15.966652 49.005596 59.416231 256.000000 238.665087 88.100320 85.151018 64.000000 9.667762 87.544695 88.225415 256.000000 243.707640 100.934615 51.768831 64.000000 17.532769 99.247660 50.494000 256.000000 231.793962
72.238771 101.133478 64.000000 14.404837 75.927527 98.108040 256.000000 52.477836 92.764442 30.652949 64.000000 24.610414 90.143807 31.276956 256.000000 227.504350 148.576569 79.538273 64.000000 16.001072 145.584018 82.853556 256.000000 230.103072 95.294035 206.005509 64.000000 21.994482 96.741102 204.844753 256.000000 241.474632
60.996771 102.697642 64.000000 10.308838 64.664429 105.205053 256.000000 248.616816 90.386780 130.897556 64.000000 50.034005 92.475251 139.258216 256.000000 230.365526 44.840044 62.719467 0.000000 14.860904 36.394969 51.736760 256.000000 229.444787 48.039015 153.966207 0.000000 8.622250 47.479100 153.263924 256.000000 252.428848
