138.750482 121.662789 64.000000 8.828771 210.475856 116.605287 256.000000 249.232076 92.294133 17.688755 0.000000 67.188152 92.158975 11.076227 256.000000 172.552565 104.785604 18.724473 64.000000 21.663188 118.663820 26.782029 256.000000 239.740717 170.600222 104.232847 64.000000 17.524164 172.744616 99.252076 256.000000 243.152615
49.624867 137.102402 64.000000 17.670450 67.491335 147.298295 256.000000 236.879541 5.021276 203.031544 0.000000 29.321674 16.870344 197.765195 256.000000 244.503607 105.658153 47.655338 64.000000 25.987221 98.176578 33.380776 256.000000 237.051642 56.216573 55.302718 64.000000 31.012564 49.895987 54.377133 256.000000 210.965463
81.645942 35.124031 64.000000 11.819022 87.654585 37.427033 256.000000 239.805255 107.868685 160.927658 64.000000 40.904058 102.078180 158.922391 256.000000 225.030401 91.301173 86.562120 64.000000 26.925170 12.670382 85.198067 256.000000 218.172184 46.471756 148.689376 64.000000 16.590517 47.204900 147.818342 256.000000 225.594031
19.035635 102.820644 64.000000 37.414714 16.591038 97.551607 256.000000 214.033160 132.254745 95.617764 64.000000 18.586886 132.288778 102.900625 256.000000 218.765932 108.938509 133.369435 0.000000 25.879658 97.929782 137.753709 256.000000 215.203445 44.149500 90.699769 64.000000 13.170014 48.481331 93.808324 256.000000 236.247071
10.303135 4.294389 64.000000 28.190111 19.182160 3.171773 256.000000 225.826367 97.825793 170.093336 0.000000 10.459426 224.307900 225.397573 256.000000 251.589857 18.793880 116.342107 64.000000 13.062451 20.429240 123.836580 256.000000 250.871336 54.009875 119.562365 64.000000 18.135122 37.436749 213.492235 256.000000 242.743876
185.202273 106.348053 0.000000 9.000872 187.147735 105.299016 256.000000 233.076113 103.634538 165.620035 64.000000 19.103189 98.331653 169.306302 256.000000 209.136892 144.215498 19.641382 0.000000 10.063594 139.672693 12.737285 256.000000 230.115980 47.926016 99.294693 64.000000 14.921139 47.673933 95.688778 256.000000 240.007473
42.240029 49.924167 0.000000 16.728198 37.013631 51.955882 256.000000 225.116451 64.068427 31.294415 0.000000 27.893237 63.823462 34.800502 256.000000 213.908387 42.557536 19.329831 64.000000 9.740905 41.343715 19.383675 256.000000 239.241625 46.082400 217.244378 0.000000 30.530682 42.868331 214.999304 256.000000 222.887746
152.171862 46.451996 0.000000 18.948298 147.548582 43.290236 320.000000 231.849895 116.901824 55.167865 64.000000 18.948298 128.195413 77.873984 256.000000 246.999068 41.547425 85.556391 64.000000 13.514215 38.849747 87.243618 256.000000 236.853726 15.225238 88.469391 0.000000 16.939021 5.100496 85.295575 256.000000 247.390597
85.885245 103.005378 64.000000 15.540702 88.346680 99.598531 256.000000 245.704010 46.984007 231.106142 64.000000 25.488128 50.700480 227.337616 256.000000 238.243440 93.884996 109.783707 64.000000 25.991523 88.511631 110.600605 256.000000 233.893592 138.346880 106.933933 0.000000 9.934519 139.268758 107.970231 256.000000 250.484109
104.153620 173.283182 64.000000 11.302720 112.065464 171.966009 256.000000 246.327875 49.885091 119.559242 64.000000 26.340027 47.290105 115.830956 256.000000 230.034232 34.925542 6.227609 64.000000 33.039051 37.302764 7.656760 256.000000 222.276788 132.424755 13.621927 64.000000 35.943252 142.069160 16.830816 256.000000 225.335880
160.059382 14.989656 0.000000 9.164368 159.984398 13.662815 256.000000 246.177287 5.378222 113.953811 64.000000 23.823053 19.588169 117.065044 256.000000 235.352147 121.513598 169.304644 64.000000 25.686044 118.851773 170.636102 256.000000 242.218968 74.803342 161.609838 64.000000 17.747895 74.118962 160.430584 256.000000 237.296886
27.203595 217.591258 64.000000 21.611558 8.829842 224.207747 256.000000 239.314767 123.226035 80.912871 64.000000 20.191726 112.594496 97.330516 256.000000 253.285050 100.934615 51.768831 64.000000 17.532769 99.247660 50.494000 256.000000 231.793962 1.233144 119.627404 0.000000 42.100158 7.022495 115.315484 256.000000 208.788388
4.240124 193.735335 0.000000 9.018082 8.809062 196.803295 256.000000 221.825024 138.005691 60.712909 0.000000 11.147829 139.299060 62.237858 256.000000 246.439741 100.805047 73.027649 0.000000 29.205506 85.628064 64.617882 256.000000 236.926869 110.149944 84.583931 0.000000 16.254921 116.037622 75.123989 256.000000 254.571503
3.858224 27.327184 64.000000 14.779156 8.382967 23.625860 256.000000 234.625021 115.065707 123.381444 0.000000 31.034077 113.618075 123.153858 256.000000 225.972653 3.351105 168.902322 64.000000 29.549707 1.942275 168.299724 256.000000 228.166938 114.756555 17.650269 64.000000 13.286182 113.724267 21.688500 256.000000 244.925254
75.637242 80.115902 64.000000 9.861376 82.064578 78.140298 256.000000 233.867777 177.650442 4.594627 0.000000 35.078446 174.132042 4.972740 256.000000 228.063678 35.204924 5.215715 64.000000 24.515759 36.051058 6.800535 256.000000 239.439541 9.558311 51.145711 64.000000 10.403493 8.112055 52.238038 256.000000 257.720948
71.153607 160.700920 64.000000 11.117712 70.956113 160.993973 256.000000 245.381321 28.112242 6.829707 64.000000 22.011692 30.253731 9.195540 256.000000 232.456551 39.174573 23.124373 64.000000 26.503523 37.330111 25.536676 256.000000 230.726938 128.975316 9.342176 64.000000 32.918581 129.588589 10.907895 256.000000 236.875239
64.122562 120.417496 0.000000 10.751997 69.759885 122.276655 256.000000 243.608682 58.718605 173.916425 64.000000 27.514615 53.293745 173.070125 256.000000 222.246671 131.869556 115.976300 0.000000 20.445575 134.939680 112.544822 256.000000 236.815003 84.533445 101.803485 64.000000 13.290484 102.088102 101.833925 256.000000 238.252045
125.836678 24.706549 64.000000 28.525708 123.879165 24.558331 256.000000 221.188251 15.954905 124.190318 64.000000 17.063794 19.191171 123.168720 256.000000 243.135405 37.694705 131.867860 64.000000 37.651353 42.489371 128.005567 256.000000 211.434438 69.221236 71.078984 64.000000 25.935591 63.253809 65.758380 256.000000 232.314567
102.974115 17.591987 64.000000 14.964165 100.458969 9.297940 256.000000 243.234363 28.759756 220.549487 0.000000 36.894109 35.434116 216.386576 256.000000 223.077057 19.058364 203.735855 0.000000 15.562215 23.494800 205.882587 256.000000 223.571847 148.576569 79.538273 64.000000 16.001072 145.584018 82.853556 256.000000 230.103072
73.523582 162.914169 64.000000 17.584399 57.941073 177.223365 256.000000 222.500519 121.953300 110.042387 64.000000 11.109107 124.862451 107.788007 256.000000 269.608811 21.791989 75.227451 0.000000 15.566517 26.627236 78.584315 256.000000 245.712615 160.157011 5.276680 64.000000 20.970482 159.556962 3.579529 256.000000 238.923238
28.706753 121.950285 64.000000 31.429909 54.737324 132.565645 256.000000 244.176615 2.183447 106.188162 64.000000 36.334781 14.056255 102.728391 256.000000 211.653866 31.331076 199.680395 64.000000 20.953272 30.419884 197.903995 256.000000 222.513427 101.081582 100.192813 64.000000 29.054918 97.308027 97.135184 256.000000 237.098970
62.491029 229.078062 64.000000 19.129004 60.651582 229.096087 256.000000 238.105759 52.008969 48.048593 64.000000 22.992667 48.742478 41.668767 256.000000 258.435166 20.224455 122.869455 0.000000 19.658214 21.056564 121.324204 256.000000 234.082903 49.417665 14.894240 64.000000 13.079661 46.301440 8.690918 256.000000 234.233491
92.678140 121.839024 0.000000 26.314212 92.213302 116.312642 256.000000 233.351475 48.310635 71.409182 0.000000 13.922955 39.374124 71.066660 256.000000 246.826967 165.945882 78.191609 64.000000 20.811289 165.316131 79.457242 256.000000 219.604923 49.470816 13.199765 64.000000 14.391929 42.371545 5.497920 256.000000 246.512883
134.867638 175.733113 64.000000 29.756228 131.278053 170.870835 256.000000 212.294942 50.707769 80.554858 64.000000 19.550651 45.507407 81.994980 256.000000 227.827039 139.003009 131.048435 0.000000 23.285238 134.918113 121.755336 256.000000 240.407608 130.329238 148.849509 0.000000 15.261038 130.940582 141.934791 256.000000 232.314567
37.835218 61.834804 0.000000 13.707829 37.273224 66.981462 256.000000 246.710799 1.451038 67.424847 0.000000 14.323089 4.434645 68.756905 256.000000 252.480479 61.050662 131.050965 0.000000 12.429980 71.946013 130.583458 256.000000 221.467914 96.261216 102.240560 0.000000 9.689275 101.467100 117.393053 256.000000 244.374531
127.641767 161.080665 0.000000 29.704598 127.685655 158.390493 256.000000 245.157590 96.176180 211.030749 64.000000 22.037507 95.305153 209.990640 256.000000 241.100313 125.398836 164.350667 0.000000 16.693778 121.587555 167.779255 256.000000 227.745291 151.010216 121.704836 0.000000 14.972770 150.976073 119.644971 256.000000 239.813860
51.189600 88.129040 0.000000 9.654855 55.022227 94.940976 256.000000 255.315839 71.829467 61.462331 64.000000 16.904601 69.284693 56.986518 256.000000 231.157190 80.501973 55.022824 64.000000 19.864735 77.042729 56.004935 256.000000 238.226230 6.321005 100.111393 0.000000 17.175660 9.165342 96.651213 256.000000 234.810029
62.809771 192.068735 64.000000 27.708229 62.983555 190.124918 256.000000 224.927141 29.956080 122.066191 0.000000 12.868837 32.562662 120.896256 256.000000 247.476648 114.910947 89.062380 64.000000 11.436098 117.663478 85.707142 256.000000 257.630595 114.024345 37.282996 64.000000 15.067425 113.117727 36.661784 256.000000 239.194297
85.985198 106.362442 0.000000 24.304935 85.139358 102.937055 256.000000 229.427576 77.278762 39.951529 0.000000 8.979359 82.319436 41.315673 256.000000 245.966463 85.443644 95.256945 64.000000 18.711659 85.115593 105.632136 256.000000 242.076985 82.122811 103.064245 64.000000 16.633542 89.065105 96.489956 256.000000 223.769763
46.521562 71.949578 0.000000 11.586686 52.977847 64.880971 256.000000 245.970766 166.879475 35.832795 0.000000 16.349576 165.410560 34.923787 256.000000 251.942664 14.350007 117.136873 64.000000 11.195157 12.633284 115.492778 256.000000 235.507037 79.800715 159.033807 0.000000 26.137809 76.794038 157.952244 256.000000 229.169425
96.430342 108.813653 64.000000 9.375191 95.302742 110.362271 256.000000 239.276045 158.191911 1.183898 64.000000 22.209608 159.918331 4.186024 256.000000 232.719004 75.990789 20.417165 64.000000 18.092097 74.838164 21.240980 256.000000 220.349259 88.652798 117.228875 0.000000 43.713603 77.585624 64.212338 256.000000 205.574406
99.530796 66.998975 64.000000 20.905945 97.359785 66.493645 256.000000 223.903141 44.901253 173.872824 0.000000 28.284766 28.675076 168.090245 256.000000 235.171441 99.180745 15.923224 0.000000 15.846181 92.159591 17.977493 256.000000 242.064078 142.751244 152.214238 64.000000 23.969339 142.147807 150.697493 256.000000 228.941392
