58.044673 98.990267 64.000000 18.530954 61.916280 93.534705 256.000000 230.800080 58.135338 124.021133 0.000000 21.331894 58.102900 122.507627 256.000000 230.434366 185.373695 123.401415 64.000000 33.357438 183.118020 122.683873 256.000000 239.375003 116.760175 30.452893 0.000000 32.380766 116.362685 36.902824 256.000000 246.646262
25.675795 61.913976 64.000000 9.456939 29.558096 61.259249 256.000000 244.968279 170.281976 118.606555 64.000000 40.168327 165.353196 116.893511 256.000000 208.470002 73.360764 53.173465 64.000000 15.902114 74.362509 53.423875 256.000000 225.069124 86.209215 166.836916 0.000000 26.417473 83.775091 165.548505 256.000000 218.120554
60.996771 102.697642 64.000000 10.308838 64.664429 105.205053 256.000000 248.616816 80.557082 100.517693 0.000000 21.874012 76.359676 99.274653 256.000000 248.573790 7.790649 12.633595 64.000000 14.865207 14.198675 9.394529 256.000000 235.756583 68.051858 78.787509 0.000000 10.442216 70.307469 82.726427 256.000000 262.965720
110.796727 82.435969 0.000000 27.518918 106.904756 78.346173 256.000000 233.265424 93.490675 78.416520 0.000000 14.456467 104.487905 67.863205 256.000000 253.590529 165.994309 95.377364 64.000000 45.361468 138.321240 111.177962 256.000000 212.307849 164.611613 152.137153 0.000000 38.584999 159.378476 149.292578 256.000000 222.741460
93.356744 85.838062 64.000000 15.742921 91.269049 87.936707 256.000000 225.503678 80.593551 159.330324 0.000000 10.218485 81.930224 158.629809 256.000000 224.075242 126.685978 52.513716 64.000000 13.049543 127.249775 47.647140 256.000000 225.125056 107.574095 4.365413 0.000000 13.978887 107.070902 5.146773 256.000000 252.730025
3.284702 105.068487 64.000000 13.548635 4.367922 103.477844 256.000000 231.221727 61.546524 207.216045 0.000000 22.355894 62.516567 206.207231 256.000000 230.313896 76.191195 98.129945 0.000000 13.316299 82.417433 92.809682 256.000000 230.189123 35.017213 23.356598 0.000000 11.074686 38.275025 17.827604 256.000000 244.538027
135.421536 60.449271 0.000000 15.575122 137.826645 65.887309 256.000000 234.375474 168.725611 43.962753 0.000000 31.812833 165.283189 42.737645 256.000000 226.665359 149.632862 2.573600 64.000000 10.227090 168.498476 11.383124 256.000000 242.472817 0.476515 82.515269 64.000000 10.816535 2.513855 87.710658 256.000000 263.976812
13.622524 208.336789 0.000000 44.466544 39.434007 191.496649 256.000000 224.204317 90.350904 11.028051 0.000000 20.406852 85.184633 9.819584 256.000000 233.747307 1.227538 160.930384 64.000000 27.759859 3.992445 160.228025 256.000000 240.622734 8.300127 89.801678 64.000000 19.296802 6.376993 99.236922 256.000000 255.556780
43.004689 108.808224 64.000000 28.813976 40.599342 107.416838 256.000000 225.671477 23.352513 102.057207 64.000000 17.941508 26.549416 100.385138 256.000000 242.838531 99.089029 73.494718 64.000000 39.114209 53.255862 54.557236 256.000000 229.517929 74.796209 19.592949 0.000000 18.061979 73.733905 26.293395 256.000000 235.438197
14.563887 216.525640 0.000000 22.347289 10.195018 214.958569 256.000000 235.782399 85.572673 23.943569 64.000000 14.594148 84.446675 24.315627 256.000000 205.415212 159.477900 67.901533 0.000000 11.160737 159.894556 70.253567 256.000000 255.105016 35.928876 80.603860 64.000000 39.639117 39.274893 88.138258 256.000000 206.869464
108.452836 49.837415 64.000000 17.184265 109.023736 51.765467 256.000000 267.887803 32.635696 54.748567 0.000000 44.453637 29.924009 65.402095 256.000000 192.094610 26.067302 148.799291 0.000000 28.603153 30.220965 146.584818 256.000000 232.959945 59.018656 41.933965 0.000000 29.162481 81.145153 39.994233 256.000000 228.166938
109.634384 164.132573 64.000000 17.919996 97.009676 187.852329 256.000000 238.226230 83.216415 152.896895 64.000000 27.566246 80.995709 148.958987 256.000000 235.451104 163.990195 16.540198 64.000000 20.286382 167.306560 26.790215 256.000000 236.608482 19.822600 176.154644 0.000000 19.180634 21.522284 174.915238 256.000000 237.976684
149.856107 180.420089 0.000000 20.479995 147.349976 180.802047 256.000000 229.793291 39.362096 172.338411 64.000000 14.155291 34.278104 172.827585 256.000000 226.510468 72.956655 12.436527 64.000000 23.900499 66.317969 16.953136 256.000000 241.573590 68.408193 128.905455 0.000000 12.309510 78.928942 113.861480 256.000000 245.996581
18.388684 126.678331 0.000000 16.693778 21.662318 125.724860 256.000000 231.892920 80.353758 53.508256 0.000000 17.326248 78.369678 45.292502 256.000000 234.440012 78.432885 57.226304 64.000000 17.373576 76.665365 53.007984 256.000000 231.901525 178.709524 67.317640 64.000000 8.747023 181.062636 70.021960 256.000000 238.574734
91.618011 96.077042 64.000000 41.368730 63.049875 83.136140 256.000000 195.975483 129.168147 107.378253 0.000000 19.705542 126.218671 90.826649 256.000000 243.772178 66.590053 51.500922 0.000000 15.054517 61.922827 52.807095 256.000000 233.248214 175.033747 134.367053 64.000000 82.634199 175.373647 134.322947 256.000000 190.786644
130.506791 127.606509 64.000000 26.064666 129.787873 126.545849 256.000000 245.949253 21.325813 112.887322 0.000000 14.069240 5.971511 120.541265 256.000000 230.485996 13.995740 66.305984 64.000000 40.013436 51.781107 24.213858 256.000000 230.382736 15.732433 71.100818 0.000000 36.993067 34.618465 56.096369 256.000000 210.629867
128.497947 54.051878 0.000000 18.466416 130.733885 67.674793 256.000000 246.431136 80.250662 16.389656 64.000000 25.759187 84.776158 25.431627 256.000000 207.549262 165.625760 117.238489 64.000000 38.189168 162.125598 117.489647 256.000000 218.748722 16.206864 203.503047 64.000000 12.950585 28.679293 233.255189 256.000000 269.686256
48.990553 11.651075 64.000000 16.267828 47.664445 12.576215 256.000000 244.495002 96.109967 79.163733 64.000000 45.421704 94.951395 78.679838 256.000000 197.782542 29.068447 54.366605 64.000000 10.906888 30.122345 56.865356 256.000000 238.256348 58.121231 92.188902 64.000000 54.577466 59.308316 96.001102 256.000000 202.248558
29.013856 114.445456 64.000000 15.751526 31.069520 111.506675 256.000000 227.831342 3.339758 91.587507 0.000000 30.362884 6.940165 88.311733 256.000000 244.908043 53.140173 12.335458 64.000000 32.402278 52.753300 18.934149 256.000000 230.572047 139.359196 156.429058 0.000000 27.333910 142.953096 150.496762 256.000000 218.185092
169.816267 20.145122 64.000000 23.250818 169.491811 22.667358 256.000000 207.932187 38.234715 101.464567 0.000000 11.771695 33.615055 104.709889 256.000000 249.597790 52.787342 221.776605 64.000000 27.587758 56.796698 219.929216 256.000000 247.790732 105.071569 14.634342 64.000000 30.431724 108.495265 20.784867 256.000000 206.826439
91.625231 59.369316 0.000000 9.710788 97.144800 63.579778 256.000000 248.083303 29.669936 126.116858 64.000000 18.044769 33.509651 126.609618 256.000000 231.316383 145.623549 57.938465 64.000000 9.039595 145.500780 57.546065 256.000000 251.675907 4.158878 4.415322 0.000000 21.267356 5.439978 7.520665 256.000000 218.215209
25.823909 87.685482 0.000000 12.176132 29.892762 87.371789 256.000000 223.141595 159.475629 62.099385 0.000000 12.391258 189.379187 45.749211 256.000000 231.548719 121.523498 163.905013 0.000000 17.476836 120.927553 163.397544 256.000000 234.741189 74.803342 161.609838 64.000000 17.747895 74.118962 160.430584 256.000000 237.296886
111.434924 88.846395 64.000000 26.090481 108.329645 88.081482 256.000000 230.985089 52.999216 60.084933 64.000000 14.568333 56.043005 49.738511 256.000000 272.728138 30.026451 59.621100 64.000000 20.071256 19.329796 65.854378 256.000000 237.963776 15.785791 225.167324 64.000000 29.325976 15.739805 223.739704 256.000000 230.800080
43.185227 26.159485 64.000000 18.100702 48.098829 27.993369 256.000000 243.729153 127.845804 204.322056 64.000000 36.162681 125.112480 201.901833 256.000000 218.021596 71.408536 20.798018 0.000000 23.659557 65.144698 20.323435 256.000000 215.990807 75.149773 150.736220 64.000000 45.933704 74.603380 143.938525 256.000000 220.332049
160.181080 40.569622 0.000000 13.355022 161.485309 42.465498 256.000000 225.688687 0.716813 139.336753 64.000000 11.427493 0.494867 138.421009 320.000000 245.734127 77.259071 36.252785 0.000000 24.756700 79.858482 43.144155 256.000000 236.823608 59.947264 78.735467 64.000000 23.577810 57.188405 63.809562 256.000000 242.373859
97.554780 137.052558 0.000000 61.986406 98.580233 137.763589 256.000000 199.124928 108.269135 30.678375 64.000000 27.131691 115.198393 39.756293 256.000000 224.823880 188.082965 59.999178 0.000000 31.941908 185.146349 58.989671 256.000000 212.049698 4.693642 124.230309 0.000000 15.527795 7.162362 124.965491 256.000000 254.235907
109.098785 162.475649 0.000000 23.999457 113.098633 146.865098 256.000000 246.844177 48.036545 135.838311 64.000000 46.536056 50.327805 129.741871 256.000000 213.159748 36.919415 113.141022 64.000000 33.822110 47.836253 85.006742 256.000000 233.372987 31.316693 133.275080 64.000000 45.331351 22.293304 130.921407 256.000000 219.673764
117.771189 84.190098 0.000000 17.214383 122.831749 87.467305 256.000000 235.932987 82.350756 61.347507 64.000000 14.387627 88.450467 51.017342 256.000000 241.939305 10.155067 131.231324 64.000000 28.573035 14.609642 128.645198 256.000000 217.849495 158.191911 1.183898 64.000000 22.209608 159.918331 4.186024 256.000000 232.719004
40.217449 80.783911 64.000000 14.039123 41.231451 96.204969 256.000000 223.812788 146.758138 91.130095 64.000000 37.049000 140.427147 62.078965 256.000000 246.977556 138.005691 60.712909 0.000000 11.147829 139.299060 62.237858 256.000000 246.439741 82.122811 103.064245 64.000000 16.633542 89.065105 96.489956 256.000000 223.769763
75.518304 171.905247 0.000000 21.590045 74.835389 170.914315 256.000000 235.184348 145.748951 134.024447 64.000000 29.248531 135.611013 147.474765 256.000000 215.250773 88.439415 91.243116 0.000000 17.136937 91.540305 85.807149 256.000000 240.308650 36.056585 76.513500 64.000000 17.842550 32.312773 74.734995 256.000000 254.885587
110.403438 120.472965 64.000000 18.070584 109.402216 125.930116 256.000000 220.667646 60.524124 186.992545 64.000000 21.607255 61.289087 185.507338 256.000000 249.417084 90.386780 130.897556 64.000000 50.034005 92.475251 139.258216 256.000000 230.365526 51.337493 55.841242 64.000000 25.113809 70.824207 57.257882 256.000000 249.610698
24.227071 73.704742 0.000000 34.192126 21.174500 74.568956 256.000000 212.109933 104.724100 156.169440 64.000000 16.650752 100.969515 159.118905 256.000000 224.780855 60.143769 149.743200 64.000000 25.010549 59.805822 147.700695 256.000000 227.805526 137.357720 82.995456 64.000000 28.826884 134.777480 82.831547 256.000000 230.627980
