62.710680 117.146860 64.000000 11.741577 59.271480 124.146995 256.000000 238.622062 54.965055 58.268042 0.000000 22.484970 93.410031 32.730662 256.000000 237.451776 36.803989 68.999505 64.000000 13.707829 32.946824 71.777545 256.000000 247.472345 157.636865 128.740796 64.000000 12.653711 157.658216 128.167076 256.000000 244.645590
153.319971 57.742800 0.000000 24.911591 151.904069 78.449427 256.000000 239.607339 5.286307 5.892498 0.000000 13.772367 1.775676 6.862902 256.000000 236.638600 9.267062 20.964173 0.000000 39.096999 148.260442 79.160940 256.000000 218.916520 56.218849 151.250540 0.000000 15.153475 56.268862 150.566485 256.000000 233.928012
110.987427 86.211798 0.000000 27.979288 107.569058 73.634915 256.000000 231.953156 69.874396 15.963285 0.000000 18.139424 63.353415 14.466315 256.000000 231.935946 44.464851 172.984720 0.000000 30.414514 48.782596 175.995935 256.000000 261.507166 114.181805 87.695629 64.000000 9.792536 114.121525 88.979365 256.000000 246.259035
150.990085 103.558278 0.000000 30.500564 148.470456 100.893235 256.000000 237.043037 177.832591 120.504453 0.000000 13.092568 176.914733 128.518749 256.000000 235.322029 18.065640 105.683287 64.000000 20.376735 16.410825 102.677824 256.000000 239.766532 70.718375 21.785533 0.000000 36.407924 59.130627 27.580813 256.000000 211.533396
14.290525 96.595356 64.000000 14.301576 5.753976 98.987444 256.000000 242.812716 37.452625 69.032404 64.000000 11.905073 44.365120 68.353469 256.000000 248.879269 74.586067 104.770325 64.000000 54.577466 78.019969 104.089387 256.000000 226.656754 92.439795 65.796035 64.000000 15.902114 90.910322 62.362502 256.000000 241.281019
19.822600 176.154644 0.000000 19.180634 21.522284 174.915238 256.000000 237.976684 20.273304 132.337924 64.000000 13.497005 23.141575 151.243013 256.000000 247.480950 69.806155 115.182895 64.000000 27.351120 69.585222 121.251102 256.000000 243.152615 32.139251 144.616222 0.000000 19.877642 39.568909 145.952455 256.000000 253.775537
169.481160 114.341538 64.000000 41.743049 162.836040 107.508276 256.000000 228.278804 100.920725 116.924640 64.000000 12.279392 110.426282 128.914495 256.000000 251.052042 104.795047 126.890469 64.000000 41.777469 106.481107 127.444922 256.000000 229.449089 93.587807 185.023909 0.000000 10.326048 94.026664 184.636433 256.000000 236.651508
141.221475 44.428722 0.000000 31.980631 125.657727 44.355827 256.000000 208.568960 119.897605 12.175644 0.000000 26.008733 116.501420 14.585964 256.000000 232.620046 207.341722 47.929733 64.000000 29.579825 227.884289 22.640351 256.000000 225.292855 141.041827 75.185195 64.000000 15.097543 140.389524 76.721962 256.000000 253.741117
26.512969 107.131907 64.000000 16.715290 29.340222 104.404925 256.000000 245.850295 107.606258 91.857258 64.000000 21.951457 109.809005 86.129151 256.000000 237.860516 156.198555 143.840356 0.000000 16.513072 159.704675 138.990362 256.000000 244.671405 31.118965 34.032187 64.000000 21.882617 33.962080 35.908582 256.000000 234.603508
72.238771 101.133478 64.000000 14.404837 75.927527 98.108040 256.000000 52.477836 66.957269 196.973951 64.000000 16.977744 76.775687 197.127349 256.000000 243.535540 21.791989 75.227451 0.000000 15.566517 26.627236 78.584315 256.000000 245.712615 119.879175 70.464253 0.000000 22.515087 117.308413 73.066993 256.000000 227.280619
121.513598 169.304644 64.000000 25.686044 118.851773 170.636102 256.000000 242.218968 124.808764 110.281867 0.000000 38.950714 115.917667 110.748651 256.000000 235.623205 60.288956 46.268758 64.000000 27.579153 96.437015 52.291064 256.000000 227.358064 30.162336 15.381273 64.000000 62.618876 31.658516 16.504993 256.000000 211.322572
68.676755 97.329518 0.000000 10.893981 80.071449 97.603189 256.000000 262.789317 80.250662 16.389656 64.000000 25.759187 84.776158 25.431627 256.000000 207.549262 122.348936 110.995287 0.000000 11.143527 119.890209 113.292418 256.000000 244.447674 87.388289 135.514242 64.000000 22.046112 84.256416 133.996405 256.000000 220.736486
22.716860 50.697636 0.000000 11.504938 25.135127 49.011104 256.000000 234.272214 45.930360 179.535455 0.000000 9.508569 43.202429 180.051138 256.000000 264.170425 71.916251 75.374965 64.000000 25.049271 66.209195 78.252682 256.000000 232.254332 28.758091 105.061144 64.000000 32.591589 51.712220 65.466175 256.000000 203.044524
59.812391 80.055664 64.000000 16.069912 56.701885 77.541724 256.000000 249.576278 68.027591 77.811578 64.000000 16.323761 65.143104 76.330189 256.000000 247.889690 71.153607 160.700920 64.000000 11.117712 70.956113 160.993973 256.000000 245.381321 131.869556 115.976300 0.000000 20.445575 134.939680 112.544822 256.000000 236.815003
168.240135 11.302418 0.000000 41.906545 157.115229 6.542258 256.000000 206.370372 80.628125 184.905969 0.000000 13.690619 74.208142 199.010944 256.000000 247.016278 24.282778 121.690191 0.000000 28.379422 19.602264 117.243742 256.000000 218.507781 191.315395 89.468302 64.000000 14.658686 196.609640 96.271384 256.000000 248.264009
154.976873 53.046124 0.000000 43.631855 152.827073 49.478507 256.000000 233.644046 105.743756 7.283765 64.000000 30.582312 100.690031 6.537680 256.000000 221.893864 98.719675 17.192345 0.000000 9.207393 104.946087 19.220536 256.000000 243.354834 69.963349 98.712593 0.000000 8.932032 68.749775 99.264402 256.000000 243.797993
49.611911 134.480593 0.000000 18.956903 46.229509 132.916825 256.000000 238.531709 48.829115 50.525087 0.000000 20.531625 48.732893 55.363551 256.000000 240.183876 85.516996 85.848455 64.000000 11.750182 87.561415 91.661093 256.000000 250.264681 124.564520 70.362989 64.000000 19.464600 123.012136 70.618020 256.000000 239.951540
147.384633 183.011729 64.000000 41.003016 101.998853 117.513596 256.000000 189.155989 23.966789 52.730016 64.000000 45.348561 25.986380 52.428940 256.000000 209.468186 115.685365 86.907631 0.000000 17.532769 114.181987 85.446993 256.000000 226.824552 49.969625 179.041080 0.000000 15.626753 49.405216 177.409455 256.000000 236.225558
164.055222 41.706422 64.000000 11.449006 164.696631 42.703036 256.000000 246.637656 160.059382 14.989656 0.000000 9.164368 159.984398 13.662815 256.000000 246.177287 173.383827 54.054785 0.000000 19.064466 173.347960 55.717825 256.000000 230.369828 38.642693 106.380775 64.000000 43.593133 34.592095 102.946591 256.000000 214.132118
72.882442 94.234165 64.000000 15.910719 97.727387 91.469945 256.000000 240.876582 48.607022 190.166471 64.000000 15.084635 44.677344 189.900267 256.000000 222.160620 98.360329 74.379551 0.000000 26.297002 94.694455 76.318693 256.000000 232.594231 18.793880 116.342107 64.000000 13.062451 20.429240 123.836580 256.000000 250.871336
56.872687 141.665075 0.000000 39.652024 54.075995 129.489362 256.000000 221.033360 10.742836 27.627824 0.000000 9.284838 7.385667 28.892633 256.000000 258.680410 96.612778 173.789153 0.000000 19.202147 96.363655 172.467482 256.000000 254.562898 160.470915 29.340304 64.000000 49.349904 146.298467 31.481889 256.000000 196.965063
21.579144 194.973413 0.000000 29.803556 21.264591 192.494615 256.000000 212.888690 85.351931 103.371545 64.000000 32.178547 82.915269 98.333304 256.000000 227.194569 47.069705 153.587285 64.000000 12.903257 42.083744 158.445293 256.000000 237.391541 67.180845 88.996735 0.000000 8.738418 69.785591 85.458329 256.000000 247.928412
68.965715 173.786771 64.000000 12.739762 59.749856 182.907320 256.000000 223.442771 5.021276 203.031544 0.000000 29.321674 16.870344 197.765195 256.000000 244.503607 135.751795 60.646900 64.000000 13.518518 135.577196 58.976056 256.000000 261.786829 90.427344 94.205740 64.000000 14.675896 90.358964 92.491453 256.000000 234.526063
85.461275 127.703453 0.000000 35.241941 78.345653 127.214587 256.000000 195.028929 55.602984 156.592947 64.000000 16.547492 60.414162 154.368520 256.000000 257.531637 139.347180 137.527115 64.000000 28.663388 145.918738 119.289540 256.000000 240.269927 10.972191 26.816889 64.000000 22.459154 13.603804 27.367676 256.000000 222.384351
166.879475 35.832795 0.000000 16.349576 165.410560 34.923787 256.000000 251.942664 79.912536 79.472865 0.000000 9.568804 79.731082 81.174744 256.000000 239.852582 25.561853 129.749089 64.000000 17.377878 31.072649 127.752660 256.000000 225.082031 0.438909 134.105980 64.000000 24.864263 1.619302 134.154433 256.000000 234.586298
84.653578 218.273285 0.000000 22.489272 86.015591 217.375867 256.000000 219.686671 77.772633 95.398865 64.000000 9.715090 82.387287 93.358367 256.000000 242.881557 58.052636 225.685075 64.000000 49.466072 57.082967 224.507498 256.000000 231.884315 90.906040 34.121867 64.000000 46.213367 88.631035 36.648584 256.000000 201.474104
9.941307 54.943353 0.000000 11.427493 13.486249 50.052147 256.000000 219.656554 99.247616 86.645089 0.000000 36.390714 83.799253 91.418087 256.000000 210.866505 43.874738 162.946385 0.000000 42.891822 37.417649 128.111991 256.000000 247.110934 148.274682 141.929867 0.000000 30.242413 132.176822 131.090789 256.000000 224.832485
136.530042 62.118431 64.000000 15.458954 140.978960 54.573778 256.000000 253.491571 49.227076 7.000147 64.000000 20.097071 49.274504 7.262571 256.000000 255.599806 85.985198 106.362442 0.000000 24.304935 85.139358 102.937055 256.000000 229.427576 75.008098 139.277693 0.000000 35.822782 61.855535 131.404798 256.000000 229.156518
115.162349 88.949987 0.000000 33.766177 103.117051 112.694204 256.000000 242.391069 48.252062 199.269482 64.000000 24.369473 36.802178 202.660624 256.000000 221.949797 10.918882 72.038024 0.000000 24.928801 19.156651 43.661551 256.000000 225.340182 168.529113 91.601300 64.000000 13.053846 168.218013 90.800018 256.000000 251.903941
184.485104 22.577491 0.000000 8.729813 246.110587 47.141845 256.000000 250.858429 90.280398 200.981644 64.000000 18.668634 91.120215 200.948415 256.000000 224.505494 17.457973 139.377976 64.000000 32.643219 32.364325 142.490380 256.000000 228.541257 36.056585 76.513500 64.000000 17.842550 32.312773 74.734995 256.000000 254.885587
72.458542 81.759647 0.000000 12.645106 69.238944 81.793969 256.000000 228.816619 98.526733 100.014049 0.000000 42.104461 78.807127 90.335205 256.000000 227.534468 102.200178 182.719387 64.000000 42.147486 96.730018 177.133100 256.000000 207.549262 174.820789 25.125349 64.000000 26.099086 172.631455 24.796078 256.000000 208.001027
34.931145 9.648905 64.000000 31.085707 38.173145 16.221518 256.000000 247.407808 15.954905 124.190318 64.000000 17.063794 19.191171 123.168720 256.000000 243.135405 36.623047 220.726891 0.000000 10.373376 38.544073 219.966227 256.000000 229.380249 129.389435 79.868800 0.000000 18.259895 129.046084 86.194867 256.000000 230.481694
