111.787004 173.242725 0.000000 36.334781 110.296604 171.861860 256.000000 217.277260 69.963349 98.712593 0.000000 8.932032 68.749775 99.264402 256.000000 243.797993 24.836069 121.766304 64.000000 31.696665 22.029535 114.847582 256.000000 211.886202 54.832407 188.552382 0.000000 27.592061 58.797882 184.788067 256.000000 228.012047
87.798120 159.362447 64.000000 12.214854 88.185938 158.725618 256.000000 256.107503 45.748011 14.723320 64.000000 20.277777 47.710165 14.722842 256.000000 228.975812 38.135935 144.541271 64.000000 19.770079 31.734284 143.199116 256.000000 219.811444 106.414075 104.362025 0.000000 24.705070 103.753538 109.786471 256.000000 246.900110
130.506791 127.606509 64.000000 26.064666 129.787873 126.545849 256.000000 245.949253 173.068765 58.004120 0.000000 72.454437 169.674589 56.385384 256.000000 211.774337 121.905204 149.244460 64.000000 9.499964 123.538280 148.079947 256.000000 251.469386 128.866589 82.499996 64.000000 35.917437 123.414240 75.571740 256.000000 233.239609
116.549295 113.902927 64.000000 31.322346 96.423324 114.643404 256.000000 231.574534 70.351082 23.945053 64.000000 60.329935 66.278331 28.147976 256.000000 208.254876 54.057385 129.659835 64.000000 11.027359 52.982258 129.559938 256.000000 249.451505 132.025476 43.446855 0.000000 23.014179 130.472587 43.472065 256.000000 247.175471
146.621844 103.780524 0.000000 38.240798 149.053042 103.225982 256.000000 207.428792 99.180745 15.923224 0.000000 15.846181 92.159591 17.977493 256.000000 242.064078 78.331831 218.536478 0.000000 22.644163 75.434613 220.440415 256.000000 228.072283 62.809771 192.068735 64.000000 27.708229 62.983555 190.124918 256.000000 224.927141
84.477769 86.978847 64.000000 18.776197 85.290113 82.619273 256.000000 243.230061 48.127987 124.251355 64.000000 29.080733 63.843180 127.881425 256.000000 212.720891 104.785604 18.724473 64.000000 21.663188 118.663820 26.782029 256.000000 239.740717 185.496556 132.705613 64.000000 32.415186 184.539244 130.231300 256.000000 224.780855
79.788011 128.326651 0.000000 19.752869 78.554109 127.227833 256.000000 232.211307 42.796324 158.781738 0.000000 17.515559 44.187855 158.107242 256.000000 254.068109 74.153193 167.339555 0.000000 23.814448 57.889880 170.657751 256.000000 221.420587 98.408904 82.428738 0.000000 34.368530 96.186482 103.021316 256.000000 213.465227
63.516565 130.275618 64.000000 13.673409 64.216416 128.633415 256.000000 238.764045 78.580771 29.415876 0.000000 30.414514 41.367289 62.637673 256.000000 231.161492 84.387898 16.284607 0.000000 28.340699 91.824376 27.616747 256.000000 231.996181 180.081069 10.016422 0.000000 10.807930 180.960084 5.652020 256.000000 255.036176
42.632949 164.737391 64.000000 46.437098 39.801280 154.872471 256.000000 220.116923 99.964427 65.037027 64.000000 8.794351 102.680489 66.606560 256.000000 256.864747 172.135624 27.147853 0.000000 11.212367 172.859731 21.144073 256.000000 235.575878 46.894709 99.521938 0.000000 10.205577 44.141733 101.486815 256.000000 253.607739
143.075353 68.552007 0.000000 17.330551 150.792107 70.077338 256.000000 228.179846 142.751244 152.214238 64.000000 23.969339 142.147807 150.697493 256.000000 228.941392 54.215078 92.453676 0.000000 19.154819 74.975095 86.169638 256.000000 219.746906 104.724100 156.169440 64.000000 16.650752 100.969515 159.118905 256.000000 224.780855
62.555984 214.410405 64.000000 19.735659 60.756411 214.733724 256.000000 251.232748 51.077496 152.710075 0.000000 9.091225 59.288522 156.780133 256.000000 246.125657 134.128107 110.190229 64.000000 27.660901 142.948925 105.582076 256.000000 236.186835 20.805662 95.547607 0.000000 12.399863 22.098913 94.096278 256.000000 228.541257
72.586358 113.054887 0.000000 22.889406 70.152636 109.747233 256.000000 238.191810 13.711691 210.762631 64.000000 10.360468 15.981296 213.930169 256.000000 259.308578 142.202940 85.072442 0.000000 10.214182 141.535887 85.068822 256.000000 251.103672 64.225620 141.162820 64.000000 22.446247 61.346093 138.701193 256.000000 221.704553
19.654171 39.729293 64.000000 12.326720 13.688595 43.806102 256.000000 239.504078 67.439509 115.580562 0.000000 12.649409 67.551038 111.647540 256.000000 220.258906 27.566324 203.639398 64.000000 13.957375 22.463764 206.709980 256.000000 232.112349 86.345122 194.990869 64.000000 24.016667 45.345547 218.577109 256.000000 220.676251
60.653371 57.813364 0.000000 11.100502 67.828415 55.356360 256.000000 237.856213 134.451662 190.570024 0.000000 28.788161 134.307729 186.378338 256.000000 230.847408 76.733167 40.926531 64.000000 36.222916 77.461407 53.732055 256.000000 230.748450 22.435744 139.690320 64.000000 21.043625 21.471347 138.413524 256.000000 230.447274
40.526467 31.338609 0.000000 15.893509 38.588982 34.124676 256.000000 220.129831 47.192353 84.051324 64.000000 22.743121 42.675522 79.665087 256.000000 240.050498 116.901824 55.167865 64.000000 18.948298 128.195413 77.873984 256.000000 246.999068 65.419469 153.279822 64.000000 21.822381 68.252616 152.761847 256.000000 219.940520
100.056744 194.164093 0.000000 53.613702 96.817725 193.252284 256.000000 205.875582 130.539300 70.144553 0.000000 8.802956 131.964300 74.734276 256.000000 250.608882 3.970445 113.541895 0.000000 12.713947 3.927513 112.179229 256.000000 244.576749 103.193967 131.517631 64.000000 12.331022 106.520671 129.030122 256.000000 228.197056
74.341785 116.062598 64.000000 15.140568 72.295789 115.678984 256.000000 256.847536 99.852451 83.127598 0.000000 14.292971 118.388578 63.542069 256.000000 250.342126 11.118744 72.995644 64.000000 21.443760 11.578755 75.608025 256.000000 241.573590 170.873224 72.239276 0.000000 30.973841 170.252569 63.873482 256.000000 216.360823
75.065669 73.987202 64.000000 13.148501 76.383904 71.513509 256.000000 254.618831 138.967133 136.604111 64.000000 99.358094 145.510653 151.285293 256.000000 169.024498 78.432885 57.226304 64.000000 17.373576 76.665365 53.007984 256.000000 231.901525 66.513080 33.341609 0.000000 27.157506 60.694647 37.995367 256.000000 245.312480
109.291585 121.746875 64.000000 21.753541 105.462065 125.780195 256.000000 23.422919 56.872687 141.665075 0.000000 39.652024 54.075995 129.489362 256.000000 221.033360 20.224455 122.869455 0.000000 19.658214 21.056564 121.324204 256.000000 234.082903 135.564816 60.733785 64.000000 50.485770 126.600527 61.435467 256.000000 220.349259
98.360329 74.379551 0.000000 26.297002 94.694455 76.318693 256.000000 232.594231 25.058431 61.405380 64.000000 34.088866 24.791035 63.617433 256.000000 210.113564 71.023216 63.951844 0.000000 20.828499 72.865535 60.527355 256.000000 255.100713 96.503227 137.544729 64.000000 32.212967 89.495333 134.836644 256.000000 223.317998
91.476133 161.349276 0.000000 35.844294 85.764629 158.032751 256.000000 218.658369 31.538922 7.244607 64.000000 31.640732 29.229636 12.810291 256.000000 225.641359 12.171989 25.263164 64.000000 28.551523 22.731307 27.089300 256.000000 230.597862 86.550169 102.615980 64.000000 16.775525 101.133958 101.724747 256.000000 239.788045
47.404124 56.782093 0.000000 27.867422 47.423016 61.003991 256.000000 215.668118 81.419949 72.489691 64.000000 20.084163 87.647044 48.056416 256.000000 235.020852 109.057264 50.377209 64.000000 9.796838 109.973702 50.032700 256.000000 244.787573 112.226209 192.366913 64.000000 10.433611 117.396813 197.045798 256.000000 245.329690
129.700002 87.811096 0.000000 17.993139 128.066664 88.977318 256.000000 227.771106 98.456422 17.175013 0.000000 13.527123 97.023649 13.358880 256.000000 241.612313 60.736013 29.296227 0.000000 9.482754 64.182224 23.320040 256.000000 258.250158 71.916251 75.374965 64.000000 25.049271 66.209195 78.252682 256.000000 232.254332
10.372089 99.610429 0.000000 14.619963 10.666113 93.862015 256.000000 213.667446 32.055738 37.808475 64.000000 11.423191 33.659311 39.624451 256.000000 235.524247 33.074387 133.408133 0.000000 57.985062 37.764327 133.033509 256.000000 194.904156 56.939424 48.462965 0.000000 12.266485 67.427185 38.394342 256.000000 245.075842
64.947909 193.769133 64.000000 9.185880 64.647456 193.718556 320.000000 254.102529 117.919722 159.897760 0.000000 27.359725 138.322982 138.570109 256.000000 226.592216 16.718587 59.277605 0.000000 20.905945 6.692265 65.552684 256.000000 228.700451 103.123578 77.453435 64.000000 14.383324 101.734740 79.157969 256.000000 245.777152
91.618011 96.077042 64.000000 41.368730 63.049875 83.136140 256.000000 195.975483 77.334853 72.742089 64.000000 14.723223 80.683835 61.928562 256.000000 238.630667 79.498115 93.164222 64.000000 20.277777 80.716235 87.634195 256.000000 246.869993 131.240740 83.606082 0.000000 21.086651 129.436236 84.686356 256.000000 240.695876
182.054687 100.129787 64.000000 39.781100 116.746145 65.961356 256.000000 220.095411 25.258995 96.375720 0.000000 10.829443 23.884538 92.926949 256.000000 245.463069 146.542284 144.357918 64.000000 18.354550 146.778833 143.178253 256.000000 246.074026 131.577022 102.675576 0.000000 15.359996 138.563091 95.877391 256.000000 256.933587
23.564007 163.445976 64.000000 12.701039 27.933562 167.245251 256.000000 266.687400 38.483122 82.871542 0.000000 14.017610 43.642791 77.601478 256.000000 230.692517 33.375735 146.919649 64.000000 21.181306 32.973700 145.102915 256.000000 225.335880 45.930360 179.535455 0.000000 9.508569 43.202429 180.051138 256.000000 264.170425
150.379762 136.279678 64.000000 35.125773 145.195724 136.252169 256.000000 224.122569 96.000478 152.877460 0.000000 9.538687 109.635931 205.049907 256.000000 246.865690 72.270253 191.500533 64.000000 15.080333 71.314385 190.828155 256.000000 232.172584 79.489549 124.826296 64.000000 17.623122 78.620104 123.338245 256.000000 233.123441
38.052011 117.575047 64.000000 9.388099 37.053775 120.109520 256.000000 260.995166 72.869818 92.369965 0.000000 17.846853 72.768142 83.334385 256.000000 238.062734 14.700300 100.951720 64.000000 14.994282 19.043924 109.312164 256.000000 243.892649 86.240676 107.697598 0.000000 17.567189 75.580435 136.538080 256.000000 241.651036
92.757333 191.152113 0.000000 15.033005 95.058691 191.437778 256.000000 236.776281 155.662235 67.794187 64.000000 13.019426 155.675089 67.320353 256.000000 246.676379 142.983975 56.088962 0.000000 38.821638 141.218182 56.652962 256.000000 231.023811 74.642213 148.151905 0.000000 27.979288 71.921322 146.025013 256.000000 237.679810
52.169651 12.179229 0.000000 20.338012 55.766925 12.636495 256.000000 248.203774 29.966969 21.006307 64.000000 11.109107 29.601756 21.458960 256.000000 241.160549 195.208287 94.690565 64.000000 17.248803 194.819473 95.400975 256.000000 242.477120 61.189087 59.670809 0.000000 20.944667 89.657305 53.948840 256.000000 240.278532
