34.638475 92.951553 64.000000 16.285038 38.269567 95.297475 256.000000 250.273286 53.833235 131.236007 0.000000 11.763090 57.473884 132.427791 256.000000 250.488412 42.265247 82.965505 64.000000 39.376663 56.664509 79.224098 256.000000 224.656082 50.033649 161.175104 0.000000 14.163896 46.902880 161.201298 256.000000 260.306763
32.049758 4.973905 64.000000 9.891493 33.376600 4.871907 256.000000 236.944079 36.938931 70.160118 64.000000 14.555425 36.359825 73.323798 256.000000 242.890162 99.701680 43.436165 64.000000 24.339356 103.188205 47.995915 256.000000 246.560211 12.484849 59.108718 64.000000 20.918852 15.814996 57.915140 256.000000 239.284650
41.631918 93.208747 0.000000 29.265741 31.009296 90.580989 256.000000 225.989863 88.323542 100.934291 0.000000 9.947426 86.655818 100.619905 256.000000 254.433823 93.893076 64.336336 64.000000 29.618548 91.993124 59.600613 256.000000 256.172041 77.493964 121.814936 0.000000 12.997913 77.062753 120.699315 256.000000 246.882900
15.157573 170.446331 64.000000 24.507154 14.758825 168.579733 256.000000 229.031745 175.323685 111.663289 64.000000 13.578753 182.135367 105.025462 256.000000 242.877254 99.613667 19.819673 64.000000 25.010549 102.315535 34.196420 256.000000 228.506837 100.316613 197.790725 0.000000 12.059964 99.980967 198.044084 256.000000 254.541386
170.317200 45.992345 0.000000 25.501036 168.730695 44.934558 256.000000 235.593088 146.594469 184.003395 0.000000 25.776397 144.065484 184.331687 256.000000 233.403105 106.783965 58.334618 0.000000 13.458283 111.159164 48.874620 256.000000 246.241825 55.710364 21.494082 64.000000 32.974513 59.813431 27.896309 256.000000 247.945623
90.839356 130.963618 64.000000 41.403150 92.251387 128.158002 256.000000 193.174543 3.781776 49.709664 0.000000 10.334653 1.319605 52.413598 256.000000 245.368413 42.733471 98.508684 64.000000 20.436970 43.264304 93.270805 256.000000 242.270599 11.048927 40.141433 0.000000 14.792064 11.507427 43.371684 256.000000 241.474632
151.010216 121.704836 0.000000 14.972770 150.976073 119.644971 256.000000 239.813860 139.068671 170.719782 64.000000 14.611358 147.766949 167.312345 256.000000 253.547504 24.243549 140.261405 64.000000 14.082148 28.745489 142.299055 256.000000 253.943335 62.098900 194.153253 0.000000 13.182921 61.542473 196.333678 256.000000 241.960817
110.149944 84.583931 0.000000 16.254921 116.037622 75.123989 256.000000 254.571503 29.656916 94.649611 64.000000 17.567189 39.809969 88.065207 256.000000 244.606867 43.618418 62.736093 64.000000 25.376263 31.993635 57.415096 256.000000 232.680282 172.950211 64.139444 64.000000 10.218485 192.167251 49.560585 256.000000 249.339639
132.611718 39.715607 0.000000 26.886447 123.742133 25.307864 256.000000 246.814060 48.603187 79.903195 64.000000 13.772367 46.241973 82.862196 256.000000 241.831742 52.915431 59.181100 0.000000 9.844166 51.823020 62.176018 256.000000 240.902397 69.447351 89.849331 64.000000 16.766920 67.641724 91.082913 256.000000 246.693589
50.080778 83.394193 64.000000 11.715762 52.459424 81.479516 256.000000 255.242696 106.775605 171.766160 0.000000 48.941165 106.698498 118.872313 256.000000 206.073498 100.934615 51.768831 64.000000 17.532769 99.247660 50.494000 256.000000 231.793962 25.741325 83.203553 0.000000 12.632199 25.503578 84.724435 256.000000 263.929484
150.402936 184.500958 64.000000 63.298674 132.952382 163.588293 256.000000 181.050042 156.198555 143.840356 0.000000 16.513072 159.704675 138.990362 256.000000 244.671405 51.077496 152.710075 0.000000 9.091225 59.288522 156.780133 256.000000 246.125657 64.471196 29.882858 64.000000 20.075558 62.858795 33.901947 256.000000 233.471945
67.383767 73.368402 0.000000 19.593676 67.861735 78.403900 256.000000 243.337624 41.383609 15.572596 64.000000 27.561943 121.777551 83.076318 256.000000 219.678066 77.918525 134.758082 0.000000 18.780500 111.121629 132.958445 256.000000 221.278604 3.850358 56.808684 64.000000 13.544333 1.275049 50.796624 256.000000 238.828583
64.225620 141.162820 64.000000 22.446247 61.346093 138.701193 256.000000 221.704553 86.209215 166.836916 0.000000 26.417473 83.775091 165.548505 256.000000 218.120554 47.679822 226.791865 64.000000 21.138281 54.550549 227.757656 256.000000 226.321157 14.869778 19.332051 64.000000 10.941308 17.178911 17.355649 256.000000 257.875839
88.569618 89.013815 64.000000 21.392129 85.179122 86.753004 256.000000 239.400818 37.273273 105.354007 0.000000 40.637301 32.429335 98.061404 256.000000 220.065293 133.226416 129.285793 64.000000 19.826012 132.518765 129.250275 256.000000 225.615544 154.697218 33.937091 64.000000 42.487385 145.230496 37.444760 256.000000 227.818434
118.323649 0.285393 64.000000 27.333910 117.966153 3.391458 256.000000 222.603780 50.349764 117.879813 64.000000 23.612230 57.903593 115.000471 256.000000 244.791875 72.918265 70.390338 0.000000 13.815392 116.049187 104.100233 256.000000 245.949253 13.711691 210.762631 64.000000 10.360468 15.981296 213.930169 256.000000 259.308578
42.336000 130.452362 64.000000 33.998513 39.173491 128.995505 256.000000 216.498504 148.597149 59.613845 64.000000 11.750182 148.617985 56.966515 256.000000 256.305419 91.709065 69.476822 64.000000 10.863863 90.823562 68.257062 256.000000 248.672748 138.719820 131.456416 0.000000 19.950785 140.865015 127.971267 256.000000 227.168753
72.134393 58.652611 64.000000 13.621778 81.874384 53.172458 256.000000 234.952012 65.333235 27.066009 0.000000 11.066081 74.567629 25.605458 256.000000 240.657154 68.045887 55.349971 64.000000 12.442888 71.854453 56.422498 256.000000 253.840075 72.706282 91.703349 0.000000 21.060835 71.305342 90.104680 256.000000 236.935474
47.124589 10.764462 0.000000 17.364971 56.820447 16.095051 256.000000 232.757727 161.316227 38.948985 64.000000 34.523420 161.523695 43.058760 256.000000 217.810772 86.182885 73.409018 0.000000 27.174716 82.317402 46.179342 256.000000 235.007945 119.179200 171.379149 64.000000 8.630855 119.548845 180.301878 256.000000 247.295942
170.842029 23.821291 0.000000 46.669434 167.617171 17.426333 256.000000 229.720148 17.120158 117.234462 64.000000 22.730213 10.013231 114.091522 256.000000 247.059303 111.966315 66.729235 64.000000 15.841879 112.118400 69.714047 256.000000 251.525319 28.758091 105.061144 64.000000 32.591589 51.712220 65.466175 256.000000 203.044524
54.922053 118.752878 0.000000 27.084363 51.834118 111.124515 256.000000 214.338639 3.339758 91.587507 0.000000 30.362884 6.940165 88.311733 256.000000 244.908043 156.309765 105.320293 0.000000 10.016267 157.380147 103.466429 256.000000 223.640687 94.723938 119.518218 0.000000 43.653368 82.232989 132.856856 256.000000 208.478607
30.904484 44.759025 64.000000 22.923827 41.732453 52.470291 256.000000 206.193968 69.768313 35.611485 64.000000 48.312997 106.186405 169.711800 256.000000 170.947725 31.311664 3.335707 64.000000 13.342115 35.148936 1.302473 256.000000 263.679938 186.859489 93.003187 0.000000 13.651896 185.430091 95.549695 256.000000 224.776552
97.505313 206.358736 0.000000 44.750511 89.411362 196.387076 256.000000 217.995781 62.775556 61.175355 0.000000 14.056333 84.230760 59.227985 256.000000 237.740045 8.644393 99.333869 64.000000 10.653040 10.688598 101.302244 256.000000 239.658969 16.333580 59.693760 64.000000 11.066081 18.148891 62.566540 256.000000 234.405592
8.238425 154.979611 0.000000 8.622250 3.976993 155.641309 256.000000 247.928412 63.578593 142.045444 64.000000 9.018082 62.710493 141.915169 256.000000 245.540514 152.635251 39.261951 64.000000 15.011492 152.336173 39.033353 256.000000 266.300173 149.490084 172.727353 0.000000 20.406852 147.461636 174.041707 256.000000 240.033288
156.955900 96.356809 64.000000 24.132835 156.297120 97.753695 256.000000 239.375003 58.760845 98.979018 64.000000 32.255992 45.742220 90.178942 256.000000 231.157190 46.984007 231.106142 64.000000 25.488128 50.700480 227.337616 256.000000 238.243440 72.942876 174.510153 64.000000 8.678183 72.935331 175.652227 256.000000 243.307506
119.879175 70.464253 0.000000 22.515087 117.308413 73.066993 256.000000 227.280619 69.963349 98.712593 0.000000 8.932032 68.749775 99.264402 256.000000 243.797993 104.775002 99.918696 64.000000 28.973170 100.961689 96.864324 256.000000 231.432551 137.978304 82.724676 0.000000 16.211895 147.448305 105.106871 256.000000 233.484853
34.931145 9.648905 64.000000 31.085707 38.173145 16.221518 256.000000 247.407808 78.789209 38.798069 64.000000 40.899755 69.968349 42.150224 256.000000 224.286065 121.880149 176.596587 0.000000 14.138081 123.869029 175.964525 256.000000 251.955571 8.012373 17.407404 64.000000 24.481339 20.014867 16.045113 256.000000 216.958874
26.662476 56.202618 0.000000 10.377678 30.467562 51.099275 256.000000 247.046396 15.732433 71.100818 0.000000 36.993067 34.618465 56.096369 256.000000 210.629867 49.227076 7.000147 64.000000 20.097071 49.274504 7.262571 256.000000 255.599806 33.015522 41.874109 64.000000 21.035020 32.117800 44.377793 256.000000 245.652379
15.537536 151.938358 0.000000 12.223459 12.329438 151.787907 256.000000 233.403105 153.116820 29.783218 64.000000 12.081476 153.689389 30.702705 256.000000 244.211035 47.507925 102.150264 64.000000 17.330551 48.798951 96.072462 256.000000 232.013391 0.438909 134.105980 64.000000 24.864263 1.619302 134.154433 256.000000 234.586298
150.091502 110.363545 64.000000 22.252633 150.409635 105.560676 256.000000 236.556852 100.227675 25.756709 64.000000 19.154819 97.630991 24.695044 256.000000 250.342126 27.596356 113.769022 0.000000 19.606584 24.688184 109.773665 256.000000 229.147913 98.665180 24.831395 0.000000 11.836233 103.069560 27.066578 256.000000 251.430664
105.743756 7.283765 64.000000 30.582312 100.690031 6.537680 256.000000 221.893864 134.575671 128.971527 64.000000 26.770279 193.060105 57.957691 256.000000 249.348244 105.968753 36.521145 0.000000 79.166368 109.292409 39.140331 256.000000 185.210578 117.574671 112.150369 0.000000 16.211895 123.395164 106.296160 256.000000 243.204246
21.094405 74.985827 0.000000 14.379022 14.072387 77.396633 256.000000 233.545088 137.515229 186.284080 0.000000 47.968795 127.094740 183.355207 256.000000 201.293398 170.281976 118.606555 64.000000 40.168327 165.353196 116.893511 256.000000 208.470002 16.206691 55.065833 64.000000 21.465272 8.386422 57.140327 256.000000 235.231676
69.608513 139.944938 0.000000 23.160465 62.413695 142.583749 256.000000 215.702538 21.361878 76.456105 64.000000 12.709644 18.311453 80.054353 256.000000 257.350931 15.931602 131.644269 64.000000 11.513544 13.473002 131.712433 256.000000 231.738030 65.720940 79.588853 64.000000 11.849140 72.781016 83.275278 256.000000 65.432724
