104.599913 202.186678 0.000000 9.517174 102.669380 204.977955 256.000000 241.861859 49.640147 113.028795 64.000000 11.074686 51.048415 120.879238 256.000000 235.743676 44.464851 172.984720 0.000000 30.414514 48.782596 175.995935 256.000000 261.507166 52.965127 133.767973 64.000000 38.348361 45.092216 125.377133 256.000000 223.236250
97.989898 143.792695 64.000000 43.089738 96.881940 135.548073 256.000000 226.755712 94.448531 17.315880 64.000000 12.890350 116.428391 12.718378 256.000000 248.539370 11.105455 222.572656 0.000000 16.805643 12.502147 222.603687 256.000000 247.141051 10.870955 149.726604 64.000000 14.572635 7.486042 149.378356 256.000000 240.863675
69.932511 41.632251 64.000000 18.298618 73.251469 45.407082 256.000000 240.300045 130.833116 153.031973 0.000000 14.598450 130.255984 152.440907 256.000000 235.498432 28.774467 37.713642 64.000000 10.571292 27.133800 38.544455 256.000000 241.922095 39.669145 36.135285 0.000000 10.743392 38.885196 37.179896 256.000000 231.264753
43.383265 120.411653 0.000000 11.410283 47.831362 132.017058 256.000000 261.425418 88.652798 117.228875 0.000000 43.713603 77.585624 64.212338 256.000000 205.574406 109.575876 19.426349 64.000000 11.522149 108.179529 16.076033 256.000000 253.508781 185.809175 80.042507 64.000000 42.513200 179.344753 75.887973 256.000000 229.909459
88.495811 159.436667 0.000000 12.115896 86.320729 164.451902 256.000000 255.079201 92.757333 191.152113 0.000000 15.033005 95.058691 191.437778 256.000000 236.776281 9.558311 51.145711 64.000000 10.403493 8.112055 52.238038 256.000000 257.720948 22.964184 132.653222 64.000000 11.078989 18.934851 133.467976 256.000000 251.654395
23.263935 83.591424 64.000000 9.013779 20.996007 81.061876 256.000000 253.814260 31.174500 203.683615 64.000000 29.510985 26.053256 202.856484 256.000000 234.594903 94.309195 185.275762 64.000000 15.385812 94.662751 185.015647 256.000000 252.691302 133.784285 119.429318 64.000000 24.989036 131.650522 120.041176 256.000000 257.613385
101.392753 13.857004 0.000000 19.511928 108.434198 21.176429 256.000000 229.363039 65.642622 131.641896 64.000000 10.205577 67.518142 130.515493 256.000000 234.999340 73.554002 46.150504 64.000000 10.721880 88.989300 35.631925 256.000000 45.473334 174.198398 35.695847 0.000000 9.469847 175.382056 32.866160 256.000000 245.019909
71.112002 13.385680 64.000000 9.000872 82.755035 17.841580 256.000000 255.733184 127.790513 95.847911 64.000000 10.011964 132.727460 91.498209 256.000000 248.677051 132.025476 43.446855 0.000000 23.014179 130.472587 43.472065 256.000000 247.175471 75.747816 185.336402 64.000000 18.505139 72.733284 186.129804 256.000000 232.271542
60.143769 149.743200 64.000000 25.010549 59.805822 147.700695 256.000000 227.805526 156.493513 129.362487 0.000000 11.797510 157.320113 129.277773 256.000000 257.742461 130.691471 114.655087 0.000000 18.281407 130.434216 113.352582 256.000000 240.553893 93.408082 88.902727 64.000000 21.263054 94.408216 84.817849 256.000000 246.783942
132.946947 144.205098 0.000000 20.312197 130.994229 144.956507 256.000000 240.226902 83.858400 77.567622 64.000000 44.707485 77.469244 83.440865 256.000000 203.590944 68.932429 169.682015 64.000000 20.045441 67.563140 168.974276 256.000000 215.431479 3.699545 10.324275 0.000000 17.700567 3.589558 13.583329 256.000000 228.166938
24.529409 72.213922 64.000000 11.367258 22.018236 74.149442 256.000000 257.415469 44.179345 103.693007 0.000000 12.589174 43.950387 101.742444 256.000000 223.034032 47.772602 33.720875 64.000000 8.901914 44.946196 33.599220 256.000000 258.026427 182.368996 133.143409 64.000000 17.593004 181.107029 138.294527 256.000000 243.363439
137.368495 43.392511 0.000000 22.893709 138.365158 47.399511 256.000000 223.610569 120.566702 171.174675 0.000000 38.077302 119.743285 169.171515 256.000000 230.214938 23.248864 228.949076 64.000000 27.923355 25.105575 224.136253 256.000000 215.564857 4.479284 105.573858 64.000000 22.110650 6.219300 103.285645 256.000000 240.975540
108.239642 97.626555 64.000000 8.979359 108.832544 96.815222 256.000000 253.607739 170.842029 23.821291 0.000000 46.669434 167.617171 17.426333 256.000000 229.720148 12.970364 27.963718 64.000000 8.699695 14.876144 26.065920 256.000000 238.673692 43.185227 26.159485 64.000000 18.100702 48.098829 27.993369 256.000000 243.729153
16.206691 55.065833 64.000000 21.465272 8.386422 57.140327 256.000000 235.231676 76.906100 223.473953 0.000000 17.033677 81.351725 223.329244 256.000000 240.162364 180.565675 49.925264 0.000000 35.599050 175.744987 52.588249 256.000000 218.103344 100.934615 51.768831 64.000000 17.532769 99.247660 50.494000 256.000000 231.793962
42.632949 164.737391 64.000000 46.437098 39.801280 154.872471 256.000000 220.116923 91.625231 59.369316 0.000000 9.710788 97.144800 63.579778 256.000000 248.083303 46.903309 71.728085 64.000000 11.909375 52.831480 67.899195 256.000000 245.587842 75.862753 79.106033 64.000000 12.025543 92.114047 40.877536 256.000000 243.453792
41.000551 62.106598 0.000000 40.245772 8.264296 70.235424 256.000000 202.467986 29.239680 149.739835 64.000000 12.821510 33.341464 150.186856 256.000000 257.191738 51.189600 88.129040 0.000000 9.654855 55.022227 94.940976 256.000000 255.315839 15.325745 54.599267 0.000000 16.607727 16.104395 57.975176 256.000000 229.410366
101.686853 195.261138 64.000000 33.542446 100.233896 194.658505 256.000000 231.763845 29.262478 204.425760 0.000000 17.631727 32.984402 205.756916 256.000000 253.883100 62.096035 95.335895 0.000000 11.956703 57.406738 94.117065 256.000000 256.378562 78.329767 199.098889 64.000000 29.222716 71.789960 196.888847 256.000000 236.827911
108.862473 157.229380 0.000000 12.954888 106.402300 159.318560 256.000000 244.348716 22.483109 64.867433 64.000000 11.543661 23.275484 62.874809 256.000000 260.909115 110.648220 15.079884 64.000000 20.178819 108.106245 14.347255 256.000000 228.339039 69.180649 34.423909 64.000000 13.217341 75.598035 36.386091 256.000000 233.097626
120.886653 25.189740 0.000000 24.016667 130.826069 32.251265 256.000000 240.781927 13.553318 51.330640 64.000000 12.034148 10.946902 50.512678 256.000000 240.631339 14.850287 95.366520 0.000000 9.319258 15.986207 98.273255 256.000000 249.791404 14.563887 216.525640 0.000000 22.347289 10.195018 214.958569 256.000000 235.782399
31.466451 111.848115 64.000000 14.047728 33.644885 110.475518 256.000000 246.323573 64.038195 109.951524 64.000000 18.539559 62.943036 108.487753 256.000000 249.735471 123.379702 20.324593 0.000000 30.741505 120.601033 21.062765 256.000000 222.380049 82.192055 221.843425 64.000000 15.609543 84.863675 220.734840 256.000000 238.587642
55.518949 97.631336 0.000000 21.060835 16.074195 163.566962 256.000000 227.147241 41.346738 188.365358 0.000000 12.442888 41.895271 190.523922 256.000000 252.166395 134.043578 154.824127 64.000000 17.317643 138.955380 149.716720 256.000000 219.746906 82.114258 189.108198 64.000000 14.611358 82.421942 188.768529 320.000000 237.456079
54.965055 58.268042 0.000000 22.484970 93.410031 32.730662 256.000000 237.451776 111.122611 36.102244 64.000000 19.064466 111.699647 38.990669 256.000000 217.634369 11.376520 82.770564 0.000000 21.448062 18.509400 87.987765 256.000000 246.577421 13.478856 116.202302 64.000000 12.795694 15.892915 117.796398 256.000000 242.765388
102.872460 23.274853 0.000000 17.549979 101.235611 24.527093 256.000000 255.031873 85.461275 127.703453 0.000000 35.241941 78.345653 127.214587 256.000000 195.028929 187.323293 46.449589 0.000000 20.862919 187.892516 49.807495 256.000000 227.801224 11.897767 45.138449 0.000000 16.414114 6.494055 48.661905 256.000000 237.271070
163.990195 16.540198 64.000000 20.286382 167.306560 26.790215 256.000000 236.608482 109.178293 208.820035 0.000000 26.447590 116.202855 206.349249 256.000000 217.234235 65.462491 119.861738 64.000000 13.002215 68.523924 117.247624 256.000000 240.179574 27.555158 168.445885 0.000000 12.498821 12.534344 202.058020 256.000000 255.703066
34.218727 67.049482 64.000000 22.411827 32.220713 52.927222 256.000000 233.394500 155.531627 134.972767 0.000000 36.825269 148.151100 134.853240 256.000000 215.569160 20.948491 153.372344 0.000000 21.779356 26.143158 150.250769 256.000000 226.286737 42.548493 75.733609 0.000000 9.650552 46.900813 48.657265 256.000000 240.011776
51.818644 50.501831 64.000000 11.707157 54.268296 42.928416 256.000000 228.851039 162.245904 114.677978 0.000000 20.583256 164.398287 106.560916 256.000000 199.189466 98.829856 81.614907 64.000000 35.560328 97.698396 91.313265 256.000000 236.939776 34.808618 77.658471 0.000000 21.938549 44.048896 77.742629 256.000000 220.689158
31.318065 140.058853 0.000000 45.262510 40.614947 143.040667 256.000000 205.660456 32.055738 37.808475 64.000000 11.423191 33.659311 39.624451 256.000000 235.524247 163.367113 58.669175 64.000000 29.162481 160.824184 58.805540 256.000000 214.958202 34.472147 61.112440 64.000000 20.665004 22.999487 67.842980 256.000000 221.304419
143.966589 124.482551 64.000000 32.552866 140.858622 129.037945 256.000000 232.697492 136.611689 161.142276 0.000000 10.162552 136.830715 161.401247 256.000000 243.212851 116.525573 176.648889 64.000000 9.267628 115.742251 177.558209 256.000000 236.944079 48.990553 11.651075 64.000000 16.267828 47.664445 12.576215 256.000000 244.495002
39.566238 99.110196 64.000000 28.848397 50.694376 89.868204 256.000000 227.934602 20.009416 189.991613 0.000000 49.018610 27.314880 187.306785 256.000000 213.899782 49.867045 72.522993 64.000000 16.560399 52.914371 68.374784 256.000000 231.927341 155.426913 160.143784 64.000000 11.978216 155.783631 159.557398 256.000000 256.180646
52.787342 221.776605 64.000000 27.587758 56.796698 219.929216 256.000000 247.790732 72.748458 213.993187 64.000000 43.765233 68.714138 216.091451 256.000000 212.424017 53.398900 83.365705 0.000000 17.808130 45.555049 86.423829 256.000000 240.016078 83.093869 91.705909 64.000000 18.660029 82.185573 91.448764 256.000000 227.039678
126.722202 34.362833 64.000000 9.000872 126.344235 32.906193 256.000000 251.989991 62.909633 97.187435 64.000000 27.665204 58.158573 84.806785 256.000000 225.667174 148.548847 96.899904 64.000000 16.895996 150.210502 95.991184 256.000000 232.125257 99.530796 66.998975 64.000000 20.905945 97.359785 66.493645 256.000000 223.903141
120.154224 79.102171 0.000000 37.517974 98.228556 81.297158 256.000000 207.041565 2.372933 169.499325 0.000000 31.980631 6.331631 167.897811 256.000000 217.729025 42.434689 107.855144 64.000000 11.801812 45.300769 108.390224 256.000000 252.674092 103.123578 77.453435 64.000000 14.383324 101.734740 79.157969 256.000000 245.777152
