55.710364 21.494082 64.000000 32.974513 59.813431 27.896309 256.000000 247.945623 27.198942 179.437367 64.000000 47.375048 29.440520 175.246562 256.000000 219.234907 157.543418 117.825015 64.000000 12.713947 160.341291 115.621169 256.000000 243.569960 66.836358 42.210073 0.000000 29.003287 70.883471 56.940798 256.000000 219.781327
19.252420 134.098738 64.000000 15.545005 8.807758 139.724531 256.000000 241.534868 13.656287 63.185929 0.000000 10.532569 11.295011 66.024895 256.000000 237.714230 128.866589 82.499996 64.000000 35.917437 123.414240 75.571740 256.000000 233.239609 62.710680 117.146860 64.000000 11.741577 59.271480 124.146995 256.000000 238.622062
36.333775 108.164769 0.000000 13.015123 41.984209 110.498958 256.000000 221.708856 23.079665 119.896364 64.000000 30.311253 22.858191 113.349829 256.000000 235.347844 71.023216 63.951844 0.000000 20.828499 72.865535 60.527355 256.000000 255.100713 31.153305 176.368505 0.000000 21.056533 21.794084 181.319244 256.000000 240.657154
109.575876 19.426349 64.000000 11.522149 108.179529 16.076033 256.000000 253.508781 30.162336 15.381273 64.000000 62.618876 31.658516 16.504993 256.000000 211.322572 84.919511 59.400660 0.000000 10.747695 93.667787 60.232098 256.000000 225.344485 48.765582 93.008555 0.000000 19.886247 85.212809 75.825755 256.000000 242.008145
22.998995 59.695896 0.000000 17.416601 27.872796 59.257025 256.000000 247.317455 28.227093 67.502085 0.000000 26.890750 35.349875 59.047953 256.000000 230.632282 124.774651 38.559727 64.000000 39.208865 118.427867 35.499958 256.000000 225.654266 129.700002 87.811096 0.000000 17.993139 128.066664 88.977318 256.000000 227.771106
58.535515 21.703302 0.000000 25.440801 55.598349 27.464729 256.000000 221.674435 84.758864 108.953011 0.000000 11.565174 91.747073 106.610056 256.000000 251.017622 135.388784 85.391753 0.000000 11.350048 142.696445 94.082167 256.000000 246.280547 27.088107 73.284698 64.000000 19.404365 24.444744 69.556618 256.000000 240.911002
43.971589 9.083276 64.000000 43.283351 52.534462 21.499160 256.000000 219.290839 80.353758 53.508256 0.000000 17.326248 78.369678 45.292502 256.000000 234.440012 96.973056 41.684207 64.000000 14.379022 95.741269 37.503840 256.000000 246.495673 3.814902 134.933911 64.000000 24.773910 6.125776 133.970811 256.000000 216.520016
96.491229 200.211304 0.000000 20.346617 100.589638 197.788845 256.000000 240.300045 9.264344 178.469880 0.000000 18.754685 5.300609 175.881178 256.000000 228.050770 89.366560 36.870142 0.000000 18.638517 89.898964 40.459925 256.000000 238.131574 87.798120 159.362447 64.000000 12.214854 88.185938 158.725618 256.000000 256.107503
74.327664 71.262573 0.000000 46.320930 71.395198 72.102933 256.000000 214.377362 65.103224 44.182833 64.000000 9.865678 64.819998 40.162247 256.000000 247.769219 39.669145 36.135285 0.000000 10.743392 38.885196 37.179896 256.000000 231.264753 70.675113 96.419605 0.000000 11.074686 72.369653 104.238335 256.000000 242.270599
143.202071 16.856749 0.000000 28.990380 139.576935 15.368255 256.000000 222.083175 78.044680 161.285582 0.000000 16.900299 69.572356 165.528936 256.000000 243.027842 46.519009 48.315947 0.000000 27.131691 42.953356 62.271975 256.000000 224.582939 72.586358 113.054887 0.000000 22.889406 70.152636 109.747233 256.000000 238.191810
88.202884 102.429004 64.000000 9.353678 94.212578 103.139895 256.000000 274.522289 71.321093 45.964907 0.000000 11.935190 67.544124 38.777178 256.000000 255.023268 127.679980 168.588975 0.000000 32.419488 127.414318 166.252578 256.000000 240.394700 11.897767 45.138449 0.000000 16.414114 6.494055 48.661905 256.000000 237.271070
155.662235 67.794187 64.000000 13.019426 155.675089 67.320353 256.000000 246.676379 39.568313 77.333111 0.000000 11.070384 39.902313 74.306769 256.000000 250.957387 78.265722 62.911685 0.000000 27.269372 72.669253 66.207731 256.000000 227.211779 76.011825 165.580747 0.000000 32.273203 78.301642 166.587213 256.000000 231.243240
3.670638 119.854302 0.000000 18.165239 12.205184 130.190871 256.000000 239.271742 121.210825 78.310902 64.000000 38.434411 89.520587 103.407829 256.000000 205.832557 37.835218 61.834804 0.000000 13.707829 37.273224 66.981462 256.000000 246.710799 86.240676 107.697598 0.000000 17.567189 75.580435 136.538080 256.000000 241.651036
65.552865 121.856040 0.000000 35.302177 60.589653 114.774555 256.000000 216.786773 55.828980 34.006345 0.000000 11.986821 59.985369 35.944773 256.000000 238.927541 176.501855 130.775667 0.000000 9.065410 179.014991 129.714200 256.000000 242.094195 69.806155 115.182895 64.000000 27.351120 69.585222 121.251102 256.000000 243.152615
13.555787 59.993227 64.000000 16.655055 17.883084 57.413640 256.000000 232.632954 138.877693 121.401920 64.000000 40.886848 130.541631 101.905971 256.000000 208.078472 170.450138 52.688422 0.000000 13.574451 170.942491 52.354720 256.000000 247.261522 38.642693 106.380775 64.000000 43.593133 34.592095 102.946591 256.000000 214.132118
24.969347 99.398673 0.000000 8.772838 25.026853 98.024476 256.000000 249.709656 85.959205 190.306304 0.000000 9.968939 85.481605 191.337811 256.000000 238.858700 122.023353 179.761607 0.000000 21.099558 122.151736 177.342455 256.000000 227.607611 42.330402 37.655415 0.000000 21.211424 56.758864 49.063316 256.000000 244.628380
172.950211 64.139444 64.000000 10.218485 192.167251 49.560585 256.000000 249.339639 6.523698 77.110531 0.000000 23.655255 10.385933 75.120715 256.000000 239.964448 8.298171 92.620958 0.000000 22.145070 14.791493 91.080698 256.000000 248.328547 133.065567 43.853702 64.000000 36.102445 128.945265 44.125162 256.000000 207.544960
123.734142 91.028853 0.000000 31.361068 117.004102 102.132605 256.000000 225.985560 142.983975 56.088962 0.000000 38.821638 141.218182 56.652962 256.000000 231.023811 81.962985 53.185318 0.000000 18.371760 81.113389 50.663324 256.000000 258.555637 28.136462 186.115193 0.000000 18.918180 37.678809 191.971800 256.000000 228.842434
91.212784 12.167238 0.000000 8.906216 97.531929 10.358689 256.000000 252.626764 119.648467 40.002355 0.000000 20.157306 117.670491 40.960775 256.000000 242.911674 141.200056 42.114124 64.000000 52.172358 140.061833 38.980856 256.000000 208.534539 60.524124 186.992545 64.000000 21.607255 61.289087 185.507338 256.000000 249.417084
4.158878 4.415322 0.000000 21.267356 5.439978 7.520665 256.000000 218.215209 101.452973 44.527807 64.000000 28.882817 96.066711 55.293458 256.000000 216.472689 45.418075 12.638735 64.000000 19.421575 41.598425 13.417487 256.000000 232.753424 81.332311 23.054516 0.000000 9.147158 81.020665 24.700953 320.000000 233.854870
96.207005 214.100720 0.000000 17.537072 95.215042 214.853131 256.000000 237.245255 60.797484 221.975636 0.000000 10.141040 62.128973 221.668316 256.000000 251.968479 76.912062 24.338924 0.000000 14.512400 72.432998 20.887469 256.000000 238.553221 29.084955 189.013593 0.000000 21.456667 26.828367 188.390431 256.000000 243.402161
92.278616 86.103753 64.000000 10.270115 94.610516 82.934858 256.000000 234.887474 13.751682 198.480631 0.000000 35.284967 16.449680 193.237898 256.000000 211.580724 3.858224 27.327184 64.000000 14.779156 8.382967 23.625860 256.000000 234.625021 56.003727 88.560378 0.000000 17.519861 60.262858 95.827624 256.000000 248.393085
66.581571 87.358213 64.000000 10.833745 67.119818 95.958876 256.000000 235.816819 50.023753 84.927885 0.000000 23.754213 44.734071 89.999855 256.000000 230.679610 168.265993 66.234905 0.000000 15.342786 168.765796 69.914485 256.000000 262.367670 101.618240 29.818133 64.000000 9.771023 100.472418 29.351200 256.000000 241.836044
14.350007 117.136873 64.000000 11.195157 12.633284 115.492778 256.000000 235.507037 162.411309 109.305433 64.000000 15.992467 162.289307 110.974229 256.000000 243.810901 134.867638 175.733113 64.000000 29.756228 131.278053 170.870835 256.000000 212.294942 76.686089 94.682004 64.000000 13.376535 74.836489 95.817151 256.000000 233.381592
100.625847 18.063720 64.000000 35.048328 96.218631 13.133847 256.000000 224.660384 169.481160 114.341538 64.000000 41.743049 162.836040 107.508276 256.000000 228.278804 85.896895 32.699375 0.000000 14.335997 94.612844 46.565147 256.000000 234.732584 34.472147 61.112440 64.000000 20.665004 22.999487 67.842980 256.000000 221.304419
49.417665 14.894240 64.000000 13.079661 46.301440 8.690918 256.000000 234.233491 88.323542 100.934291 0.000000 9.947426 86.655818 100.619905 256.000000 254.433823 18.316640 171.098609 0.000000 27.187624 19.114044 169.402533 256.000000 233.730096 141.277691 73.545915 0.000000 17.020769 143.946927 69.409100 256.000000 229.337224
53.122098 161.323955 0.000000 25.741977 53.728940 164.495255 256.000000 234.560483 73.115662 177.791065 64.000000 35.478580 113.752104 141.925847 256.000000 213.516858 129.047360 119.633291 64.000000 26.619691 124.054211 118.494016 256.000000 231.957458 30.904484 44.759025 64.000000 22.923827 41.732453 52.470291 256.000000 206.193968
57.211716 129.462455 64.000000 30.702783 51.195489 129.361476 256.000000 231.277660 29.710844 229.773376 64.000000 39.720865 29.313622 224.282460 256.000000 217.126672 73.554002 46.150504 64.000000 10.721880 88.989300 35.631925 256.000000 45.473334 36.195558 138.182978 64.000000 52.873668 30.180204 108.928005 256.000000 213.189866
26.734111 222.828575 0.000000 16.878786 30.150269 225.449875 256.000000 240.997053 72.956655 12.436527 64.000000 23.900499 66.317969 16.953136 256.000000 241.573590 0.438909 134.105980 64.000000 24.864263 1.619302 134.154433 256.000000 234.586298 39.859284 42.727444 64.000000 19.765777 54.200749 48.898438 256.000000 214.330034
48.939193 121.161293 64.000000 18.784802 66.084849 120.823855 256.000000 232.417828 34.824313 65.163980 64.000000 12.021241 38.346375 66.236680 256.000000 253.091436 62.827416 69.142785 0.000000 15.936534 69.344147 63.137593 256.000000 241.754296 114.855331 29.471231 0.000000 36.300361 104.284420 45.244284 256.000000 237.382936
35.461485 74.628578 64.000000 20.518718 38.604484 64.038153 256.000000 243.057960 116.741838 106.678200 0.000000 24.085507 115.533627 104.107596 256.000000 236.660113 151.841298 165.223275 0.000000 11.857745 151.699791 170.095996 256.000000 228.532652 79.901436 106.024035 0.000000 15.299761 85.631133 102.335940 256.000000 237.150600
23.837776 111.246518 64.000000 17.747895 27.467038 115.159189 256.000000 241.065893 107.477842 197.815785 64.000000 44.247116 105.497600 190.272575 256.000000 203.659784 82.470347 151.365082 64.000000 23.147558 79.163060 152.174376 256.000000 256.942192 86.631647 30.014638 0.000000 31.851556 83.685418 31.022940 256.000000 237.232348
