64.919264 32.561102 0.000000 10.773510 70.359025 32.777520 256.000000 251.714630 160.296611 75.350218 0.000000 14.052030 159.650173 75.749093 256.000000 243.724850 29.713513 92.919611 0.000000 25.113809 35.026853 91.475105 256.000000 235.438197 7.657787 146.166144 0.000000 26.520733 5.554765 142.049376 256.000000 237.232348
134.111089 70.571556 0.000000 41.114881 128.373804 73.512116 256.000000 225.817762 25.258995 96.375720 0.000000 10.829443 23.884538 92.926949 256.000000 245.463069 89.321740 155.343540 0.000000 17.240198 90.192105 153.414264 256.000000 249.507437 16.270458 34.220911 0.000000 14.379022 17.385667 24.841049 256.000000 237.907843
58.535091 204.942804 64.000000 22.192398 56.708960 204.681511 256.000000 241.500448 168.227713 86.638702 64.000000 17.924298 166.219473 86.277838 256.000000 238.165995 13.476255 76.350595 64.000000 24.502851 19.089242 77.472098 256.000000 232.030601 3.699545 10.324275 0.000000 17.700567 3.589558 13.583329 256.000000 228.166938
69.380018 139.367293 0.000000 18.354550 72.203704 137.328740 256.000000 248.896479 67.758640 82.435720 64.000000 31.090010 56.862264 72.994607 256.000000 233.437525 102.185115 137.966235 0.000000 20.419760 103.455755 133.771395 256.000000 234.233491 119.179200 171.379149 64.000000 8.630855 119.548845 180.301878 256.000000 247.295942
44.914367 155.007224 64.000000 12.055661 45.701784 154.986567 256.000000 241.694061 97.214907 118.392118 0.000000 28.108363 98.051027 114.005069 256.000000 212.247614 58.190895 106.960424 0.000000 13.372232 65.077900 105.858507 256.000000 263.615400 130.329238 148.849509 0.000000 15.261038 130.940582 141.934791 256.000000 232.314567
95.974967 107.349995 64.000000 9.667762 95.454144 107.572164 256.000000 241.612313 64.109078 170.855984 64.000000 31.675152 61.882016 169.720016 256.000000 224.182805 155.733487 49.415509 0.000000 23.057205 159.773731 45.326771 256.000000 240.373187 159.272715 149.674216 0.000000 40.034949 136.460920 146.499356 256.000000 211.559211
120.652931 161.395182 64.000000 46.217670 109.899380 139.272835 256.000000 203.547919 151.245767 158.374260 64.000000 23.039995 151.359020 157.521287 256.000000 239.529893 28.628238 77.577960 64.000000 10.764905 28.183820 84.903264 256.000000 245.592144 83.720505 137.598227 0.000000 32.230177 72.188998 146.475255 256.000000 223.778368
78.439509 195.180655 64.000000 19.860432 84.059453 194.415425 256.000000 250.083975 66.598675 69.759415 0.000000 28.671993 57.290647 64.069295 256.000000 205.410910 85.985198 106.362442 0.000000 24.304935 85.139358 102.937055 256.000000 229.427576 13.656287 63.185929 0.000000 10.532569 11.295011 66.024895 256.000000 237.714230
172.950211 64.139444 64.000000 10.218485 192.167251 49.560585 256.000000 249.339639 16.412989 82.842938 0.000000 15.037307 11.401558 91.574504 256.000000 224.397931 71.023216 63.951844 0.000000 20.828499 72.865535 60.527355 256.000000 255.100713 85.351931 103.371545 64.000000 32.178547 82.915269 98.333304 256.000000 227.194569
111.434924 88.846395 64.000000 26.090481 108.329645 88.081482 256.000000 230.985089 160.470915 29.340304 64.000000 49.349904 146.298467 31.481889 256.000000 196.965063 161.566547 118.253775 0.000000 17.730685 161.588829 116.331696 256.000000 240.708784 21.047604 93.199838 0.000000 16.530282 20.598718 86.734373 256.000000 250.367941
16.933209 79.529665 0.000000 23.711188 20.921607 63.080289 256.000000 226.002771 60.862756 58.119538 0.000000 13.002215 67.261600 62.271905 256.000000 228.640215 98.456422 17.175013 0.000000 13.527123 97.023649 13.358880 256.000000 241.612313 141.612211 79.407922 0.000000 11.565174 148.297515 88.217416 256.000000 234.001155
92.174264 98.764740 0.000000 29.971354 92.206942 133.457560 256.000000 221.850839 38.483122 82.871542 0.000000 14.017610 43.642791 77.601478 256.000000 230.692517 105.010367 68.173749 64.000000 14.908232 121.629629 84.296958 256.000000 224.587241 18.172682 155.785416 64.000000 15.953744 18.715269 154.982080 256.000000 240.355977
88.109875 36.412302 0.000000 52.877971 89.813898 26.285031 256.000000 204.799952 34.144845 123.532260 0.000000 19.081676 37.672464 127.908742 256.000000 235.640415 121.052676 94.079282 0.000000 10.631527 125.678235 100.523535 256.000000 244.611170 175.033747 134.367053 64.000000 82.634199 175.373647 134.322947 256.000000 190.786644
166.879475 35.832795 0.000000 16.349576 165.410560 34.923787 256.000000 251.942664 125.640809 92.240009 64.000000 34.790177 115.589791 95.612336 256.000000 226.884787 84.101858 151.321804 0.000000 12.477308 84.344827 150.229436 256.000000 241.543473 77.329744 59.770865 0.000000 15.979559 75.291253 35.729687 256.000000 249.916177
131.436475 132.259433 0.000000 13.406652 128.352876 132.859693 256.000000 268.133046 54.609775 137.292407 64.000000 8.936334 49.852000 143.404751 256.000000 246.512883 130.539300 70.144553 0.000000 8.802956 131.964300 74.734276 256.000000 250.608882 151.901049 56.908913 0.000000 26.116296 147.997085 62.667525 256.000000 215.039950
69.470871 80.403971 0.000000 30.087522 52.945062 85.563296 256.000000 222.883444 62.827416 69.142785 0.000000 15.936534 69.344147 63.137593 256.000000 241.754296 103.973642 50.783127 0.000000 12.993610 94.235671 34.254273 256.000000 236.681625 51.449187 130.878785 64.000000 18.776197 47.017778 129.563264 256.000000 234.280819
89.450833 99.594858 64.000000 37.367386 75.292851 100.659282 256.000000 224.062334 50.790584 35.975444 0.000000 71.723008 38.066687 30.414613 256.000000 183.889705 73.071093 179.538155 64.000000 31.696665 77.068580 184.090500 256.000000 231.888618 96.207005 214.100720 0.000000 17.537072 95.215042 214.853131 256.000000 237.245255
138.967133 136.604111 64.000000 99.358094 145.510653 151.285293 256.000000 169.024498 121.399242 60.704349 0.000000 16.491559 124.812651 66.438678 256.000000 237.916448 36.445185 155.893665 64.000000 71.185193 37.965918 144.714700 256.000000 185.391284 120.163547 187.166982 0.000000 15.282551 129.337400 184.592896 256.000000 234.947710
55.891318 89.126193 0.000000 19.597979 48.841965 92.939464 256.000000 239.899910 34.925542 6.227609 64.000000 33.039051 37.302764 7.656760 256.000000 222.276788 93.082513 66.563940 64.000000 27.906145 95.025660 70.839235 256.000000 221.627108 151.446165 152.719489 0.000000 31.391186 142.381887 154.908320 256.000000 230.408551
148.548847 96.899904 64.000000 16.895996 150.210502 95.991184 256.000000 232.125257 103.983336 202.966805 0.000000 13.079661 100.440244 205.259064 256.000000 245.493186 141.146607 192.453520 0.000000 35.190311 141.858611 186.901264 256.000000 233.411710 24.438327 108.965918 0.000000 10.962821 18.804429 115.202533 256.000000 249.124513
14.350007 117.136873 64.000000 11.195157 12.633284 115.492778 256.000000 235.507037 91.709065 69.476822 64.000000 10.863863 90.823562 68.257062 256.000000 248.672748 180.910936 79.109511 0.000000 16.904601 182.440811 73.376618 256.000000 242.941792 52.271455 39.228616 64.000000 13.845509 54.465058 41.480085 256.000000 249.146026
107.926615 194.824993 64.000000 19.881945 110.190704 192.663433 256.000000 235.235978 65.597255 150.177065 64.000000 13.759459 89.075273 162.729645 256.000000 253.177487 1.078058 55.351053 64.000000 10.597107 3.034707 56.710411 256.000000 232.189794 79.770724 217.950949 0.000000 20.763962 85.337900 215.953082 256.000000 241.276717
28.774467 37.713642 64.000000 10.571292 27.133800 38.544455 256.000000 241.922095 44.179345 103.693007 0.000000 12.589174 43.950387 101.742444 256.000000 223.034032 26.662476 56.202618 0.000000 10.377678 30.467562 51.099275 256.000000 247.046396 64.687129 6.903504 0.000000 27.996498 101.731467 39.558956 256.000000 225.103544
38.894698 8.981445 0.000000 10.416401 20.254798 0.551256 256.000000 237.283978 67.383767 73.368402 0.000000 19.593676 67.861735 78.403900 256.000000 243.337624 33.682318 171.988120 64.000000 72.880386 35.508538 169.716615 256.000000 178.941807 62.113027 119.317091 0.000000 13.570148 68.498178 117.974380 256.000000 252.631067
90.699891 157.629104 0.000000 37.109235 86.250660 144.016720 256.000000 207.174943 26.881496 170.209958 64.000000 18.668634 27.413098 167.638395 256.000000 233.734399 21.228198 11.986282 64.000000 36.980159 20.187813 11.556365 256.000000 216.958874 43.698853 59.863251 0.000000 13.213039 37.904515 54.797520 256.000000 229.096282
48.715444 102.749345 64.000000 11.134922 50.791027 104.315775 256.000000 248.010160 114.810162 205.461840 64.000000 22.261238 114.999440 204.624811 256.000000 235.528550 37.452625 69.032404 64.000000 11.905073 44.365120 68.353469 256.000000 248.879269 149.632862 2.573600 64.000000 10.227090 168.498476 11.383124 256.000000 242.472817
45.848940 97.579100 64.000000 30.930816 52.911318 88.678998 256.000000 250.023740 98.360329 74.379551 0.000000 26.297002 94.694455 76.318693 256.000000 232.594231 122.023353 179.761607 0.000000 21.099558 122.151736 177.342455 256.000000 227.607611 90.939815 86.055513 0.000000 33.301505 67.297256 54.930335 256.000000 201.366541
56.192825 170.607891 64.000000 24.855658 55.774116 169.459795 256.000000 231.772450 1.413891 173.300456 64.000000 23.108835 39.278069 187.473482 256.000000 220.254604 139.359196 156.429058 0.000000 27.333910 142.953096 150.496762 256.000000 218.185092 21.094405 74.985827 0.000000 14.379022 14.072387 77.396633 256.000000 233.545088
90.623665 76.589364 0.000000 11.453308 89.523520 75.939436 256.000000 253.530294 71.408536 20.798018 0.000000 23.659557 65.144698 20.323435 256.000000 215.990807 60.095809 41.766633 64.000000 24.145742 63.897578 56.916495 256.000000 237.550734 39.566238 99.110196 64.000000 28.848397 50.694376 89.868204 256.000000 227.934602
18.793880 116.342107 64.000000 13.062451 20.429240 123.836580 256.000000 250.871336 57.415845 152.323236 0.000000 29.967052 57.303964 145.593122 256.000000 213.594303 101.392753 13.857004 0.000000 19.511928 108.434198 21.176429 256.000000 229.363039 48.292851 12.385653 0.000000 27.161809 77.825796 82.409104 256.000000 229.375946
94.548553 102.447311 0.000000 9.413914 98.741955 98.423227 256.000000 251.275773 114.855331 29.471231 0.000000 36.300361 104.284420 45.244284 256.000000 237.382936 23.367335 23.716629 64.000000 48.777669 36.381840 43.230727 256.000000 217.389126 136.611689 161.142276 0.000000 10.162552 136.830715 161.401247 256.000000 243.212851
75.502220 112.963455 64.000000 25.720465 74.815976 108.018075 256.000000 243.333321 140.397078 39.189145 64.000000 93.984247 139.811302 37.024555 256.000000 169.278347 79.788011 128.326651 0.000000 19.752869 78.554109 127.227833 256.000000 232.211307 97.741644 158.649615 64.000000 19.778684 108.306293 157.300122 256.000000 248.698564
