31.811362 222.804000 0.000000 16.013979 34.245715 222.999044 256.000000 253.435638 119.058278 32.172189 0.000000 23.668163 117.019845 34.182271 256.000000 229.530837 57.887167 74.034560 64.000000 30.969539 46.006238 74.499169 256.000000 219.174671 187.493262 113.331791 64.000000 13.230249 189.867745 111.154818 256.000000 230.860316
87.798120 159.362447 64.000000 12.214854 88.185938 158.725618 256.000000 256.107503 18.397005 116.335545 0.000000 40.387755 15.984515 116.203725 256.000000 215.216353 172.451571 40.298064 0.000000 11.664132 173.004613 39.114371 256.000000 233.958130 29.616918 21.785802 64.000000 24.773910 25.552400 22.861838 256.000000 243.612985
24.227071 73.704742 0.000000 34.192126 21.174500 74.568956 256.000000 212.109933 172.700120 105.203080 64.000000 17.618819 173.383487 111.564767 256.000000 251.576949 12.615616 41.570536 0.000000 21.753541 11.283289 45.913340 256.000000 239.159877 23.808085 126.217093 0.000000 9.839863 26.788376 127.805269 256.000000 230.344013
110.796727 82.435969 0.000000 27.518918 106.904756 78.346173 256.000000 233.265424 166.705898 36.838571 64.000000 36.915622 166.252258 34.583029 256.000000 225.322972 73.651193 77.663751 64.000000 11.965308 72.752651 74.122364 256.000000 251.052042 2.317280 151.081180 64.000000 22.248331 1.006342 149.302020 256.000000 210.388925
42.240029 49.924167 0.000000 16.728198 37.013631 51.955882 256.000000 225.116451 26.253964 21.813622 0.000000 25.961406 27.902885 25.961371 256.000000 224.032216 92.937716 60.582467 64.000000 22.824869 89.759685 56.411429 256.000000 218.017293 10.372089 99.610429 0.000000 14.619963 10.666113 93.862015 256.000000 213.667446
76.002253 53.184062 64.000000 27.364027 75.529227 72.915515 256.000000 228.631610 29.966969 21.006307 64.000000 11.109107 29.601756 21.458960 256.000000 241.160549 14.950371 126.836633 64.000000 13.806787 5.596962 130.615396 256.000000 260.857485 32.866305 33.283258 64.000000 18.909575 31.789291 34.250825 256.000000 233.187979
85.856175 89.203447 64.000000 25.526851 82.553251 91.437209 256.000000 236.010432 26.053915 137.631820 0.000000 11.010149 30.503336 140.961449 256.000000 240.549591 44.093327 1.906653 0.000000 18.487928 48.202262 1.155587 256.000000 254.029386 114.899218 39.595875 0.000000 17.864063 111.727769 34.528125 256.000000 237.925053
22.700373 50.045440 0.000000 10.399191 20.100607 53.185304 256.000000 219.604923 120.472304 78.864029 64.000000 16.698080 137.644362 59.180933 256.000000 259.923838 135.740096 67.877742 0.000000 19.963693 132.309369 68.482191 256.000000 235.145626 40.773527 187.026171 0.000000 29.416329 41.050565 183.031842 256.000000 238.118667
137.515229 186.284080 0.000000 47.968795 127.094740 183.355207 256.000000 201.293398 97.134275 46.614773 0.000000 32.957303 87.556209 55.701964 256.000000 208.409766 42.632949 164.737391 64.000000 46.437098 39.801280 154.872471 256.000000 220.116923 18.296187 71.388333 64.000000 9.271931 17.698105 72.988236 256.000000 254.115436
183.280155 91.539553 0.000000 48.093569 177.879705 94.317160 256.000000 208.272086 14.045885 184.637504 64.000000 39.183050 12.424127 178.620307 256.000000 222.238066 16.933209 79.529665 0.000000 23.711188 20.921607 63.080289 256.000000 226.002771 76.011825 165.580747 0.000000 32.273203 78.301642 166.587213 256.000000 231.243240
177.650442 4.594627 0.000000 35.078446 174.132042 4.972740 256.000000 228.063678 131.601713 41.720162 64.000000 15.648265 131.012522 41.305907 256.000000 245.914833 57.912213 36.576029 0.000000 30.285438 33.289078 54.111567 256.000000 239.220112 31.174500 203.683615 64.000000 29.510985 26.053256 202.856484 256.000000 234.594903
21.937913 -0.000004 0.000000 14.194013 16.653593 0.043845 256.000000 232.753424 80.628125 184.905969 0.000000 13.690619 74.208142 199.010944 256.000000 247.016278 178.741449 95.182478 0.000000 17.050887 182.950575 86.786691 256.000000 239.224415 3.012747 228.442109 0.000000 18.203962 1.309424 227.968338 256.000000 239.370700
180.400020 37.103678 64.000000 42.267956 177.416622 37.804056 256.000000 209.928556 75.405413 96.421722 64.000000 17.610214 74.174098 96.916300 256.000000 241.655338 53.640662 157.637787 64.000000 10.683157 57.684220 162.682249 256.000000 253.934730 45.848940 97.579100 64.000000 30.930816 52.911318 88.678998 256.000000 250.023740
63.378140 126.080025 64.000000 27.424262 25.438229 150.300133 256.000000 232.955643 68.808522 99.461944 64.000000 21.207121 101.942725 212.950325 256.000000 237.481894 165.994309 95.377364 64.000000 45.361468 138.321240 111.177962 256.000000 212.307849 98.448636 172.576718 64.000000 27.953472 95.851087 171.420160 256.000000 210.810572
78.065762 97.425749 64.000000 19.266685 86.170007 92.296347 256.000000 232.361895 58.444822 107.412560 0.000000 27.290884 72.155915 92.379602 256.000000 231.583139 30.803400 141.084089 64.000000 24.313541 40.990182 140.551540 256.000000 235.360752 101.618240 29.818133 64.000000 9.771023 100.472418 29.351200 256.000000 241.836044
51.945402 152.580724 0.000000 8.854586 57.146653 154.970947 256.000000 276.738086 89.461985 209.755156 0.000000 28.499892 86.891244 203.354164 256.000000 247.911202 48.607022 190.166471 64.000000 15.084635 44.677344 189.900267 256.000000 222.160620 132.299351 112.659469 64.000000 10.394888 132.538487 111.445355 256.000000 223.550334
13.291520 77.492585 0.000000 15.773038 15.412796 75.082600 256.000000 230.929156 29.084955 189.013593 0.000000 21.456667 26.828367 188.390431 256.000000 243.402161 2.952198 191.266567 64.000000 9.878586 9.291698 206.502578 256.000000 242.313624 47.404124 56.782093 0.000000 27.867422 47.423016 61.003991 256.000000 215.668118
65.642622 131.641896 64.000000 10.205577 67.518142 130.515493 256.000000 234.999340 114.220584 108.074269 0.000000 10.016267 117.968395 112.939251 256.000000 234.538970 7.084416 120.624135 0.000000 20.621978 11.450804 120.421480 256.000000 254.188579 34.925542 6.227609 64.000000 33.039051 37.302764 7.656760 256.000000 222.276788
52.958107 148.508600 64.000000 35.069841 57.502473 147.311713 256.000000 214.695748 22.338982 52.499553 0.000000 16.736803 30.623811 55.126027 256.000000 224.501191 150.990085 103.558278 0.000000 30.500564 148.470456 100.893235 256.000000 237.043037 108.452836 49.837415 64.000000 17.184265 109.023736 51.765467 256.000000 267.887803
119.400125 137.492704 64.000000 11.698552 120.175245 137.461687 256.000000 260.590729 20.624644 194.460856 0.000000 17.132635 24.391878 196.706742 256.000000 244.641287 54.503698 94.686460 64.000000 18.522349 61.579213 97.908649 256.000000 236.139508 39.566238 99.110196 64.000000 28.848397 50.694376 89.868204 256.000000 227.934602
101.655829 174.287745 64.000000 12.804300 99.576653 186.577687 256.000000 251.176815 11.048927 40.141433 0.000000 14.792064 11.507427 43.371684 256.000000 241.474632 57.360456 121.384876 64.000000 12.386955 57.758487 120.599833 256.000000 236.677323 10.155067 131.231324 64.000000 28.573035 14.609642 128.645198 256.000000 217.849495
65.419469 153.279822 64.000000 21.822381 68.252616 152.761847 256.000000 219.940520 44.149500 90.699769 64.000000 13.170014 48.481331 93.808324 256.000000 236.247071 62.919975 95.139313 0.000000 11.629712 66.446815 94.249202 256.000000 234.272214 41.971773 31.529531 0.000000 10.523964 51.826876 20.715309 256.000000 225.030401
94.309195 185.275762 64.000000 15.385812 94.662751 185.015647 256.000000 252.691302 58.190895 106.960424 0.000000 13.372232 65.077900 105.858507 256.000000 263.615400 86.054456 21.124729 64.000000 39.690747 54.594147 39.677087 256.000000 218.361495 134.547220 79.241140 64.000000 26.994010 131.490520 71.665055 256.000000 237.546432
146.594469 184.003395 0.000000 25.776397 144.065484 184.331687 256.000000 233.403105 132.611718 39.715607 0.000000 26.886447 123.742133 25.307864 256.000000 246.814060 78.430249 16.906520 64.000000 22.790448 77.421595 19.867620 256.000000 256.933587 172.744796 113.400751 64.000000 33.421975 170.967255 113.522273 256.000000 240.067708
59.372300 111.012384 64.000000 23.401406 60.199887 105.850555 256.000000 239.646061 70.389482 188.853487 0.000000 19.412970 69.231745 188.717593 256.000000 245.596447 30.904289 102.899113 0.000000 35.568933 31.413405 92.519473 256.000000 238.729625 79.500758 214.649080 0.000000 34.540631 78.767962 213.942140 256.000000 211.223614
19.654171 39.729293 64.000000 12.326720 13.688595 43.806102 256.000000 239.504078 32.522851 108.533384 64.000000 20.333710 34.882400 105.742916 256.000000 243.471002 147.297891 124.143489 64.000000 20.720936 147.060984 122.271573 256.000000 251.370428 18.103691 4.592351 64.000000 213.981530 16.426576 2.806809 256.000000 47.680527
82.811735 48.119747 0.000000 36.678983 62.570049 64.930675 256.000000 214.291311 98.349309 138.631836 64.000000 14.241341 97.198009 138.062347 256.000000 251.383336 12.097740 184.303298 0.000000 16.013979 6.638180 185.440040 256.000000 226.596518 158.145115 134.419740 64.000000 19.288197 157.306040 133.287253 256.000000 229.401761
48.174678 8.846322 64.000000 63.526708 49.060993 7.247215 256.000000 181.617974 123.191898 58.099889 64.000000 9.568804 164.380047 16.179065 256.000000 235.334936 27.104142 141.954716 64.000000 12.658014 32.343491 146.555096 256.000000 258.994494 19.205027 211.750049 64.000000 44.802141 15.435109 203.913884 256.000000 199.271214
142.048145 19.378118 0.000000 51.118240 138.303405 22.924809 256.000000 197.571718 207.341722 47.929733 64.000000 29.579825 227.884289 22.640351 256.000000 225.292855 40.556811 37.664125 64.000000 23.827356 45.506375 39.457124 256.000000 234.633626 101.455913 38.546889 0.000000 8.768536 101.687258 39.058967 256.000000 246.921623
153.565556 25.487793 64.000000 19.348432 152.803716 26.241675 256.000000 235.081088 88.675313 120.144640 64.000000 11.784602 87.759976 127.605458 256.000000 245.467371 4.875125 86.550467 0.000000 30.423119 12.482235 87.513915 256.000000 220.710671 132.254745 95.617764 64.000000 18.586886 132.288778 102.900625 256.000000 218.765932
71.587116 37.201785 0.000000 11.917980 66.870815 31.997116 256.000000 231.170097 92.374869 204.941980 0.000000 32.230177 96.575704 202.006015 256.000000 206.710271 35.204924 5.215715 64.000000 24.515759 36.051058 6.800535 256.000000 239.439541 80.501973 55.022824 64.000000 19.864735 77.042729 56.004935 256.000000 238.226230
29.669936 126.116858 64.000000 18.044769 33.509651 126.609618 256.000000 231.316383 49.892187 37.287415 64.000000 30.164968 47.864904 39.811807 256.000000 232.848080 27.117231 199.187736 0.000000 23.504667 33.596487 198.629398 256.000000 243.471002 162.245904 114.677978 0.000000 20.583256 164.398287 106.560916 256.000000 199.189466
