92.131244 112.625362 64.000000 19.425878 92.042005 112.283964 256.000000 242.593288 16.270458 34.220911 0.000000 14.379022 17.385667 24.841049 256.000000 237.907843 94.448531 17.315880 64.000000 12.890350 116.428391 12.718378 256.000000 248.539370 7.667649 30.992782 64.000000 26.008733 24.016235 29.354564 256.000000 234.418500
141.656595 22.043058 64.000000 76.421360 146.198676 23.311813 256.000000 173.757270 59.490242 153.203640 64.000000 17.803828 76.521733 156.625462 256.000000 233.867777 126.017413 92.612355 64.000000 15.446047 125.274185 93.221876 256.000000 233.618231 78.439509 195.180655 64.000000 19.860432 84.059453 194.415425 256.000000 250.083975
41.942809 94.164776 0.000000 18.130819 12.363785 97.294225 256.000000 250.677723 44.628633 157.948949 64.000000 12.821510 41.575627 159.430987 256.000000 230.856013 29.669936 126.116858 64.000000 18.044769 33.509651 126.609618 256.000000 231.316383 104.989685 57.777318 0.000000 23.052902 109.966716 71.230445 256.000000 238.213322
62.919975 95.139313 0.000000 11.629712 66.446815 94.249202 256.000000 234.272214 180.400020 37.103678 64.000000 42.267956 177.416622 37.804056 256.000000 209.928556 15.328124 91.622364 0.000000 11.780300 18.447360 91.602898 256.000000 241.311137 169.816267 20.145122 64.000000 23.250818 169.491811 22.667358 256.000000 207.932187
67.418625 185.281969 64.000000 16.448534 54.856196 188.052656 256.000000 239.452448 49.969625 179.041080 0.000000 15.626753 49.405216 177.409455 256.000000 236.225558 70.799038 75.032696 64.000000 9.930216 69.181987 74.833878 256.000000 245.002699 0.947956 2.850824 0.000000 30.311253 4.612867 8.332322 256.000000 224.621662
71.717305 132.805616 0.000000 18.191055 71.641555 133.757524 256.000000 256.309721 71.321093 45.964907 0.000000 11.935190 67.544124 38.777178 256.000000 255.023268 95.974967 107.349995 64.000000 9.667762 95.454144 107.572164 256.000000 241.612313 38.254004 38.731680 0.000000 10.308838 31.402918 33.975369 256.000000 253.642159
19.356131 147.362667 64.000000 17.128332 6.568060 152.601082 256.000000 246.147169 15.313413 51.961855 64.000000 78.650066 18.620264 55.702796 256.000000 198.066508 134.111089 70.571556 0.000000 41.114881 128.373804 73.512116 256.000000 225.817762 25.599495 85.417035 64.000000 11.522149 24.066764 82.741711 256.000000 257.402562
138.967133 136.604111 64.000000 99.358094 145.510653 151.285293 256.000000 169.024498 107.868685 160.927658 64.000000 40.904058 102.078180 158.922391 256.000000 225.030401 119.648467 40.002355 0.000000 20.157306 117.670491 40.960775 256.000000 242.911674 46.062258 11.126525 64.000000 24.494246 47.256376 13.029269 256.000000 244.430464
110.728531 118.487585 64.000000 65.062707 108.628373 114.099815 256.000000 201.727953 17.633907 60.549369 64.000000 9.938821 18.487422 61.504064 256.000000 259.149385 56.140467 37.750471 0.000000 18.358853 44.333902 31.624933 256.000000 236.453592 60.288956 46.268758 64.000000 27.579153 96.437015 52.291064 256.000000 227.358064
63.378140 126.080025 64.000000 27.424262 25.438229 150.300133 256.000000 232.955643 46.155164 184.400431 64.000000 9.035292 48.500418 187.267662 256.000000 249.103000 84.981818 25.383867 64.000000 41.489200 93.577064 51.111898 256.000000 222.324116 111.716733 20.589653 0.000000 40.589974 103.463605 23.205078 256.000000 206.602708
69.407207 148.833780 0.000000 19.425878 60.431453 153.939020 256.000000 238.733927 175.323685 111.663289 64.000000 13.578753 182.135367 105.025462 256.000000 242.877254 33.290473 60.444611 0.000000 14.004703 39.174289 62.977458 256.000000 249.756983 99.186547 201.844549 0.000000 24.352263 99.869831 199.700635 256.000000 243.234363
19.641027 59.730298 0.000000 10.984334 22.349185 60.807027 256.000000 242.588985 99.911958 132.491129 0.000000 28.396632 113.437431 116.568575 256.000000 226.665359 72.882442 94.234165 64.000000 15.910719 97.727387 91.469945 256.000000 240.876582 19.063405 82.194638 0.000000 12.098686 18.735064 80.002362 256.000000 253.977756
107.327693 20.001711 0.000000 10.859560 106.929507 22.111682 256.000000 223.339511 168.059118 53.524882 64.000000 36.278849 165.008598 54.261125 256.000000 197.378105 63.578593 142.045444 64.000000 9.018082 62.710493 141.915169 256.000000 245.540514 9.884460 14.019413 0.000000 18.642819 15.113724 13.098302 256.000000 222.814603
142.456384 114.602956 0.000000 23.857473 148.095938 97.537513 256.000000 236.105088 186.859489 93.003187 0.000000 13.651896 185.430091 95.549695 256.000000 224.776552 22.338982 52.499553 0.000000 16.736803 30.623811 55.126027 256.000000 224.501191 49.139158 156.175842 0.000000 25.797910 53.660927 151.327691 256.000000 237.834701
181.587629 87.649287 64.000000 32.148429 178.454827 99.727796 256.000000 234.517458 114.879025 144.677905 64.000000 16.061307 113.676151 145.417282 256.000000 252.764445 60.524124 186.992545 64.000000 21.607255 61.289087 185.507338 256.000000 249.417084 115.162349 88.949987 0.000000 33.766177 103.117051 112.694204 256.000000 242.391069
28.401340 125.611015 64.000000 12.748367 32.770231 128.076513 256.000000 252.192210 52.169651 12.179229 0.000000 20.338012 55.766925 12.636495 256.000000 248.203774 19.806475 122.627095 64.000000 22.218213 27.312800 122.324742 256.000000 248.027370 94.266642 125.244471 0.000000 33.925370 66.352280 121.228765 256.000000 218.348587
177.650442 4.594627 0.000000 35.078446 174.132042 4.972740 256.000000 228.063678 74.875122 45.029127 64.000000 27.781372 79.580338 56.677500 256.000000 244.439069 24.845113 30.073053 0.000000 9.061107 16.153091 15.217713 256.000000 257.161620 4.763985 131.091376 0.000000 11.337140 8.067956 133.378438 256.000000 252.859100
77.772633 95.398865 64.000000 9.715090 82.387287 93.358367 256.000000 242.881557 104.500402 85.448445 64.000000 19.765777 103.286240 84.321731 256.000000 246.986161 142.202940 85.072442 0.000000 10.214182 141.535887 85.068822 256.000000 251.103672 67.225387 180.453080 64.000000 20.411155 65.552587 180.273385 256.000000 240.076313
94.653415 35.642247 0.000000 9.082620 123.034724 23.979405 256.000000 244.073355 66.957269 196.973951 64.000000 16.977744 76.775687 197.127349 256.000000 243.535540 19.513436 125.517320 64.000000 18.302920 17.792036 122.378102 256.000000 222.276788 33.234049 110.014884 64.000000 17.872668 33.733976 105.940980 256.000000 235.649020
156.884247 27.547645 0.000000 13.965980 158.255411 18.071980 256.000000 241.861859 71.392373 29.217498 0.000000 17.059492 77.115378 37.002013 256.000000 239.340583 104.724100 156.169440 64.000000 16.650752 100.969515 159.118905 256.000000 224.780855 163.979844 115.131871 0.000000 39.178747 158.267951 114.744727 256.000000 225.972653
81.712804 55.989925 64.000000 14.594148 86.219473 59.345944 256.000000 237.589457 13.265045 39.016956 0.000000 23.134650 16.421145 41.516256 256.000000 236.896751 17.764127 158.310864 64.000000 76.886032 22.311607 161.081811 256.000000 177.220799 29.966969 21.006307 64.000000 11.109107 29.601756 21.458960 256.000000 241.160549
25.058431 61.405380 64.000000 34.088866 24.791035 63.617433 256.000000 210.113564 1.233144 119.627404 0.000000 42.100158 7.022495 115.315484 256.000000 208.788388 90.028933 86.139129 0.000000 8.712603 90.394191 86.657938 256.000000 251.301588 38.015253 5.082533 64.000000 16.831458 32.586729 4.569671 256.000000 239.762230
21.325813 112.887322 0.000000 14.069240 5.971511 120.541265 256.000000 230.485996 9.455731 161.047222 0.000000 21.972970 9.767551 155.147082 256.000000 229.982602 172.155673 106.013233 64.000000 31.731085 166.980262 108.404240 256.000000 209.562842 96.264164 112.989044 64.000000 27.123086 94.972973 113.882147 256.000000 229.500719
98.870684 134.597911 0.000000 12.292300 97.568776 136.159311 256.000000 254.752209 89.560045 183.848382 64.000000 10.747695 88.494069 183.940885 256.000000 226.355577 29.262478 204.425760 0.000000 17.631727 32.984402 205.756916 256.000000 253.883100 44.533098 208.825487 0.000000 8.794351 47.987598 211.600984 256.000000 263.103401
23.230136 222.937356 0.000000 9.314956 26.485918 226.674858 256.000000 260.698292 60.550665 104.422058 0.000000 41.829099 57.400095 101.759451 256.000000 224.677594 1.033642 157.646918 0.000000 28.917237 7.657093 156.184027 256.000000 221.536755 176.501855 130.775667 0.000000 9.065410 179.014991 129.714200 256.000000 242.094195
103.123578 77.453435 64.000000 14.383324 101.734740 79.157969 256.000000 245.777152 92.617525 64.051267 0.000000 20.996298 89.065522 54.712675 256.000000 231.359408 65.995273 17.603931 64.000000 34.626681 53.849513 26.514911 256.000000 201.310608 0.461173 172.032280 64.000000 50.003887 22.254338 169.295204 256.000000 209.687615
150.369575 122.179767 64.000000 10.377678 152.552218 121.064765 256.000000 249.658026 91.071400 93.339320 64.000000 14.968467 91.139722 91.120409 256.000000 240.140851 37.318147 52.695351 0.000000 15.510585 32.938264 54.333778 256.000000 231.105559 39.733024 143.936327 0.000000 16.758315 37.658924 140.843585 256.000000 244.989791
27.198942 179.437367 64.000000 47.375048 29.440520 175.246562 256.000000 219.234907 34.931145 9.648905 64.000000 31.085707 38.173145 16.221518 256.000000 247.407808 26.767735 100.509040 64.000000 24.158650 34.611675 97.846275 256.000000 237.735743 11.372622 198.468335 0.000000 15.622450 8.677087 197.582853 256.000000 236.453592
121.867304 35.997375 0.000000 20.957575 122.641545 37.634295 256.000000 251.645790 98.665180 24.831395 0.000000 11.836233 103.069560 27.066578 256.000000 251.430664 3.284702 105.068487 64.000000 13.548635 4.367922 103.477844 256.000000 231.221727 59.841618 20.034662 64.000000 29.343186 53.887813 20.854253 256.000000 235.167138
171.253438 51.658509 64.000000 17.519861 174.438636 57.400975 256.000000 238.819978 59.327098 68.003565 64.000000 12.189039 62.064053 63.624916 256.000000 251.129487 151.901049 56.908913 0.000000 26.116296 147.997085 62.667525 256.000000 215.039950 88.433700 77.243691 64.000000 14.843694 87.421540 77.315740 256.000000 210.595446
178.116747 60.423824 64.000000 8.768536 178.867496 59.178478 256.000000 253.405520 96.612778 173.789153 0.000000 19.202147 96.363655 172.467482 256.000000 254.562898 30.026451 59.621100 64.000000 20.071256 19.329796 65.854378 256.000000 237.963776 13.921880 27.833013 64.000000 8.695393 15.340996 28.094840 256.000000 247.657354
10.870955 149.726604 64.000000 14.572635 7.486042 149.378356 256.000000 240.863675 166.791573 139.291882 0.000000 17.162752 166.364198 137.962089 256.000000 227.319342 44.140782 44.708616 64.000000 11.216670 46.614640 40.100553 256.000000 260.500376 99.247616 86.645089 0.000000 36.390714 83.799253 91.418087 256.000000 210.866505
