76.394438 87.966216 64.000000 16.117240 75.379951 95.895389 256.000000 249.296614 99.180745 15.923224 0.000000 15.846181 92.159591 17.977493 256.000000 242.064078 9.004029 65.018544 0.000000 21.641676 11.981649 54.025704 256.000000 231.664887 15.441565 60.737100 64.000000 17.197172 19.290629 56.520529 256.000000 232.452248
66.807429 25.380427 0.000000 16.108635 68.281553 26.040465 256.000000 256.731368 49.969625 179.041080 0.000000 15.626753 49.405216 177.409455 256.000000 236.225558 17.837431 16.989916 0.000000 10.691762 14.855482 18.272404 256.000000 255.117923 25.392820 133.274922 0.000000 9.482754 26.938238 133.834724 256.000000 253.883100
63.032120 138.717289 0.000000 18.935391 54.930244 147.083993 256.000000 244.809085 28.638122 53.041400 64.000000 27.015523 21.976753 55.859136 256.000000 251.434966 166.374793 140.078702 64.000000 13.152804 166.457475 140.013105 256.000000 253.599134 37.655033 153.227924 64.000000 13.234552 33.636993 154.167338 256.000000 224.853998
42.053733 42.138829 64.000000 27.910447 49.382280 46.503724 256.000000 225.301460 56.567838 196.509396 0.000000 55.760659 55.231724 194.388965 256.000000 199.731583 21.004871 196.292951 64.000000 20.656399 18.750184 195.534818 256.000000 232.650164 77.693225 143.632307 0.000000 8.901914 77.130242 142.372467 256.000000 256.335537
154.141022 74.239222 64.000000 82.974098 163.877820 79.589105 256.000000 183.055016 134.561378 92.812820 64.000000 8.613645 139.149138 97.960269 256.000000 275.778624 43.004689 108.808224 64.000000 28.813976 40.599342 107.416838 256.000000 225.671477 43.123520 194.401458 64.000000 42.220629 51.298576 181.461762 256.000000 218.421730
34.824840 95.730522 64.000000 17.098214 29.133589 101.166058 256.000000 234.095811 2.768664 166.534965 0.000000 13.010820 2.371824 165.215427 256.000000 248.332849 7.790649 12.633595 64.000000 14.865207 14.198675 9.394529 256.000000 235.756583 49.227076 7.000147 64.000000 20.097071 49.274504 7.262571 256.000000 255.599806
29.713513 92.919611 0.000000 25.113809 35.026853 91.475105 256.000000 235.438197 24.752631 164.304925 0.000000 35.672193 26.991518 159.301218 256.000000 225.675779 105.702391 107.369560 64.000000 26.671321 105.828729 106.878744 256.000000 227.203174 9.558311 51.145711 64.000000 10.403493 8.112055 52.238038 256.000000 257.720948
9.547089 137.484202 0.000000 12.223459 10.597198 137.359013 256.000000 251.456479 61.741060 151.034124 0.000000 33.688732 63.958778 142.013827 256.000000 227.418300 46.650915 226.942393 0.000000 15.863391 51.632902 227.552911 256.000000 238.437053 85.443644 95.256945 64.000000 18.711659 85.115593 105.632136 256.000000 242.076985
94.434027 171.674604 0.000000 36.210008 62.868331 154.969798 256.000000 215.960689 132.131129 44.134942 64.000000 19.834617 130.912258 41.784644 256.000000 216.606067 62.985836 151.033058 0.000000 22.725911 69.647449 147.308520 256.000000 231.854198 181.322598 52.368896 64.000000 33.043354 179.919560 52.637936 256.000000 204.700994
154.539476 126.376269 0.000000 39.402478 149.851107 131.688956 256.000000 225.692989 36.747171 90.241693 64.000000 18.987021 39.445645 88.666615 256.000000 257.475704 81.390229 137.047847 64.000000 12.055661 79.605222 138.995145 256.000000 236.543945 138.782155 183.946978 0.000000 31.279320 138.003609 179.953180 256.000000 230.679610
104.547949 218.759707 64.000000 18.500836 109.318347 217.412349 256.000000 238.781255 15.443827 173.900460 0.000000 11.965308 12.701275 174.388029 256.000000 235.627508 37.452625 69.032404 64.000000 11.905073 44.365120 68.353469 256.000000 248.879269 70.796949 80.826553 64.000000 14.409139 85.489256 81.324020 256.000000 232.163979
139.238309 175.074536 64.000000 33.189639 134.848182 175.626096 256.000000 228.016350 147.272880 38.159198 64.000000 51.518374 149.551562 21.901984 256.000000 214.192353 137.515229 186.284080 0.000000 47.968795 127.094740 183.355207 256.000000 201.293398 9.711218 130.777976 0.000000 27.979288 7.369576 130.193920 256.000000 234.319542
89.705833 20.274925 64.000000 29.153876 87.514033 21.352495 256.000000 228.795106 91.165540 140.214647 0.000000 51.432324 90.236245 138.926111 256.000000 205.023683 25.672889 38.700316 64.000000 14.482282 30.230127 31.554785 256.000000 245.833085 25.697802 177.816249 0.000000 18.492231 23.762302 175.991015 256.000000 226.510468
97.913656 31.982647 64.000000 16.758315 101.231558 36.370458 256.000000 253.513083 119.897605 12.175644 0.000000 26.008733 116.501420 14.585964 256.000000 232.620046 32.334751 126.288065 64.000000 35.168798 29.365489 121.935582 256.000000 223.399746 0.438909 134.105980 64.000000 24.864263 1.619302 134.154433 256.000000 234.586298
40.526467 31.338609 0.000000 15.893509 38.588982 34.124676 256.000000 220.129831 131.133447 30.647740 64.000000 12.240669 133.877187 34.384493 256.000000 242.455607 129.389435 79.868800 0.000000 18.259895 129.046084 86.194867 256.000000 230.481694 83.776496 77.010225 64.000000 26.791792 82.747036 64.602956 256.000000 256.795906
93.587807 185.023909 0.000000 10.326048 94.026664 184.636433 256.000000 236.651508 120.566702 171.174675 0.000000 38.077302 119.743285 169.171515 256.000000 230.214938 22.719300 22.892785 0.000000 23.792936 63.848687 8.297907 256.000000 230.520417 159.272715 149.674216 0.000000 40.034949 136.460920 146.499356 256.000000 211.559211
110.149944 84.583931 0.000000 16.254921 116.037622 75.123989 256.000000 254.571503 48.603187 79.903195 64.000000 13.772367 46.241973 82.862196 256.000000 241.831742 109.098785 162.475649 0.000000 23.999457 113.098633 146.865098 256.000000 246.844177 75.741973 65.245789 0.000000 13.191526 80.734222 72.442236 256.000000 242.141523
72.942876 174.510153 64.000000 8.678183 72.935331 175.652227 256.000000 243.307506 31.660936 36.500387 0.000000 19.739962 41.366436 20.282347 256.000000 241.466027 80.988215 110.907913 64.000000 37.449134 75.722393 122.708896 256.000000 210.638472 58.121231 92.188902 64.000000 54.577466 59.308316 96.001102 256.000000 202.248558
78.329767 199.098889 64.000000 29.222716 71.789960 196.888847 256.000000 236.827911 35.017213 23.356598 0.000000 11.074686 38.275025 17.827604 256.000000 244.538027 59.947264 78.735467 64.000000 23.577810 57.188405 63.809562 256.000000 242.373859 101.273224 27.371656 64.000000 35.603353 96.889745 32.880524 256.000000 207.235178
40.658213 76.527298 64.000000 8.893309 39.447316 75.319222 256.000000 257.677923 109.172162 159.792815 64.000000 8.609343 129.238095 166.355227 256.000000 238.768347 100.332040 95.078782 64.000000 14.671593 139.164876 90.035280 256.000000 218.813260 151.010216 121.704836 0.000000 14.972770 150.976073 119.644971 256.000000 239.813860
108.938509 133.369435 0.000000 25.879658 97.929782 137.753709 256.000000 215.203445 1.413891 173.300456 64.000000 23.108835 39.278069 187.473482 256.000000 220.254604 68.458456 97.072009 64.000000 12.860232 76.500327 102.528635 256.000000 237.701322 19.939627 76.819885 0.000000 12.567661 7.207902 75.780896 256.000000 222.431679
121.399242 60.704349 0.000000 16.491559 124.812651 66.438678 256.000000 237.916448 207.341722 47.929733 64.000000 29.579825 227.884289 22.640351 256.000000 225.292855 29.084955 189.013593 0.000000 21.456667 26.828367 188.390431 256.000000 243.402161 93.893076 64.336336 64.000000 29.618548 91.993124 59.600613 256.000000 256.172041
21.325813 112.887322 0.000000 14.069240 5.971511 120.541265 256.000000 230.485996 72.869818 92.369965 0.000000 17.846853 72.768142 83.334385 256.000000 238.062734 21.322275 195.699245 0.000000 27.802884 2.009745 180.187549 256.000000 223.494401 70.248993 139.091529 0.000000 9.357981 69.767495 139.003267 256.000000 270.103601
8.852495 220.880264 0.000000 27.140296 7.600442 216.164395 256.000000 216.455479 188.464609 103.781004 64.000000 16.930416 187.818336 104.734460 256.000000 240.687271 102.562905 107.144187 64.000000 14.249946 103.522555 104.520411 256.000000 232.559811 25.288271 88.044671 64.000000 43.300561 32.465227 79.979704 256.000000 206.684456
73.226153 125.661675 64.000000 17.373576 97.698358 126.813696 256.000000 252.041622 60.684555 58.460573 64.000000 11.642619 61.158209 51.818402 256.000000 226.772922 66.950535 217.729205 64.000000 19.864735 63.386671 219.008933 256.000000 239.039406 29.581025 78.863189 0.000000 18.612702 23.717509 86.783784 256.000000 231.845593
90.623620 190.319689 0.000000 10.795023 88.310375 195.452025 256.000000 231.596047 23.808085 126.217093 0.000000 9.839863 26.788376 127.805269 256.000000 230.344013 73.360764 53.173465 64.000000 15.902114 74.362509 53.423875 256.000000 225.069124 87.539524 151.322829 0.000000 38.899083 73.146418 137.240216 256.000000 215.711143
18.289625 162.241207 64.000000 29.958447 49.035282 156.739616 256.000000 216.373731 51.449187 130.878785 64.000000 18.776197 47.017778 129.563264 256.000000 234.280819 165.512616 47.469487 64.000000 26.413170 163.631533 51.985555 256.000000 232.138164 46.312676 99.113305 0.000000 10.356166 49.729480 98.056218 256.000000 253.766932
54.435540 127.818967 64.000000 13.484098 57.695185 126.590025 256.000000 239.159877 93.795107 199.928233 64.000000 25.109507 83.412109 202.157756 256.000000 32.187152 8.500004 194.436164 0.000000 8.940637 3.697340 198.214171 256.000000 247.635841 134.815598 195.551707 64.000000 30.956631 133.252640 194.638884 256.000000 217.522504
122.622000 195.077075 0.000000 31.425606 113.144467 197.893682 256.000000 231.824080 18.172682 155.785416 64.000000 15.953744 18.715269 154.982080 256.000000 240.355977 10.295047 160.512218 0.000000 53.970811 9.389993 157.989240 256.000000 200.931987 132.254745 95.617764 64.000000 18.586886 132.288778 102.900625 256.000000 218.765932
145.722400 107.301498 0.000000 26.490616 146.534785 98.552553 256.000000 249.305219 18.009453 152.442015 64.000000 25.582784 16.157931 149.460231 256.000000 231.845593 69.806155 115.182895 64.000000 27.351120 69.585222 121.251102 256.000000 243.152615 69.572307 135.447705 64.000000 16.160265 88.086982 124.405600 256.000000 229.272686
22.076067 155.262211 64.000000 30.913606 27.291138 152.517435 256.000000 231.811173 10.988336 68.355613 0.000000 9.228905 11.368115 70.763780 256.000000 242.236179 92.374869 204.941980 0.000000 32.230177 96.575704 202.006015 256.000000 206.710271 44.036709 154.400795 64.000000 14.095056 42.259165 154.117025 256.000000 232.860987
40.807118 137.074545 0.000000 29.158178 38.125115 131.977849 256.000000 230.477391 107.574095 4.365413 0.000000 13.978887 107.070902 5.146773 256.000000 252.730025 57.617836 81.584022 64.000000 24.167255 58.257111 77.797447 256.000000 234.943407 36.819338 206.405027 64.000000 41.540831 32.576715 201.103616 256.000000 216.713630
