104.968340 48.248435 64.000000 28.594548 98.099460 49.973287 256.000000 230.197728 51.945402 152.580724 0.000000 8.854586 57.146653 154.970947 256.000000 276.738086 15.785791 225.167324 64.000000 29.325976 15.739805 223.739704 256.000000 230.800080 70.304011 111.025769 64.000000 33.013236 42.623371 115.488373 256.000000 240.932515
58.552840 68.627649 0.000000 14.168198 54.684716 66.679809 256.000000 243.862531 162.411309 109.305433 64.000000 15.992467 162.289307 110.974229 256.000000 243.810901 14.350007 117.136873 64.000000 11.195157 12.633284 115.492778 256.000000 235.507037 74.586067 104.770325 64.000000 54.577466 78.019969 104.089387 256.000000 226.656754
177.650442 4.594627 0.000000 35.078446 174.132042 4.972740 256.000000 228.063678 104.724100 156.169440 64.000000 16.650752 100.969515 159.118905 256.000000 224.780855 153.700075 142.762785 64.000000 23.706885 151.518924 146.614142 256.000000 234.655138 14.998062 35.212365 0.000000 20.432667 22.140667 36.819595 256.000000 226.880485
16.064929 98.631024 0.000000 26.834817 17.581584 95.331318 256.000000 216.687815 56.456469 88.981484 64.000000 12.283695 55.094705 94.549540 256.000000 255.139436 45.910551 70.757933 64.000000 32.965908 50.223469 38.376344 256.000000 226.760014 29.860005 138.089495 0.000000 16.775525 20.709164 146.977416 256.000000 247.924110
29.656916 94.649611 64.000000 17.567189 39.809969 88.065207 256.000000 244.606867 47.962040 33.564035 0.000000 20.759659 39.736256 42.857185 256.000000 230.985089 18.164351 151.501191 64.000000 9.667762 20.520647 153.281125 256.000000 243.711943 95.560338 131.982384 64.000000 36.795151 96.245467 129.986865 256.000000 220.344957
28.706753 121.950285 64.000000 31.429909 54.737324 132.565645 256.000000 244.176615 19.205027 211.750049 64.000000 44.802141 15.435109 203.913884 256.000000 199.271214 76.775320 121.437031 0.000000 39.329335 66.930407 116.192222 256.000000 227.865762 14.850287 95.366520 0.000000 9.319258 15.986207 98.273255 256.000000 249.791404
79.770724 217.950949 0.000000 20.763962 85.337900 215.953082 256.000000 241.276717 132.164051 73.277193 64.000000 30.156363 127.060567 81.047305 256.000000 221.102200 43.324318 43.309385 0.000000 33.421975 40.050900 45.835367 256.000000 223.666502 15.403065 129.376216 0.000000 42.564830 19.625831 131.507342 256.000000 205.406607
109.178293 208.820035 0.000000 26.447590 116.202855 206.349249 256.000000 217.234235 26.475280 94.457253 0.000000 14.129476 11.066947 93.779413 256.000000 245.944951 97.943598 18.903022 64.000000 19.034348 98.183809 21.661776 256.000000 242.184548 47.679822 226.791865 64.000000 21.138281 54.550549 227.757656 256.000000 226.321157
49.576649 73.565502 64.000000 17.197172 46.647031 70.089664 256.000000 226.544888 28.601515 115.262644 64.000000 30.255321 34.710469 104.515171 256.000000 210.285665 20.947749 107.246544 0.000000 16.857273 8.592305 120.092782 256.000000 250.152815 76.912062 24.338924 0.000000 14.512400 72.432998 20.887469 256.000000 238.553221
77.421467 108.178056 0.000000 28.607455 88.259784 89.769565 256.000000 237.524919 81.332311 23.054516 0.000000 9.147158 81.020665 24.700953 320.000000 233.854870 0.056676 107.772167 64.000000 29.850884 4.112976 95.806347 256.000000 223.158805 113.189873 176.416522 64.000000 20.763962 105.355531 184.973375 256.000000 243.230061
123.088153 165.292620 64.000000 16.513072 121.605984 165.592045 256.000000 232.228517 140.397078 39.189145 64.000000 93.984247 139.811302 37.024555 256.000000 169.278347 60.797484 221.975636 0.000000 10.141040 62.128973 221.668316 256.000000 251.968479 52.063596 202.047165 64.000000 25.948498 50.290705 199.790916 256.000000 221.313024
147.297891 124.143489 64.000000 20.720936 147.060984 122.271573 256.000000 251.370428 48.039015 153.966207 0.000000 8.622250 47.479100 153.263924 256.000000 252.428848 63.378140 126.080025 64.000000 27.424262 25.438229 150.300133 256.000000 232.955643 1.841678 148.296351 64.000000 19.722752 3.164545 147.599755 256.000000 216.674907
54.215078 92.453676 0.000000 19.154819 74.975095 86.169638 256.000000 219.746906 137.380255 155.574627 0.000000 15.626753 141.056645 150.474584 256.000000 235.218768 146.404731 78.182707 0.000000 10.222788 148.831656 82.190160 256.000000 228.511140 102.085140 169.934447 64.000000 28.142783 98.116220 169.883702 256.000000 240.201087
9.941307 54.943353 0.000000 11.427493 13.486249 50.052147 256.000000 219.656554 92.098718 7.506725 64.000000 9.439729 90.167178 5.304175 256.000000 238.884515 82.763475 121.662993 64.000000 43.971754 79.117640 119.301962 256.000000 208.229060 39.733024 143.936327 0.000000 16.758315 37.658924 140.843585 256.000000 244.989791
39.762093 36.088331 0.000000 10.777813 41.876635 37.553860 256.000000 257.346629 157.415973 160.637811 0.000000 8.751326 158.073685 162.645442 256.000000 262.139636 81.747576 123.584000 64.000000 17.098214 75.401644 133.158278 256.000000 226.880485 90.623665 76.589364 0.000000 11.453308 89.523520 75.939436 256.000000 253.530294
104.970118 135.263640 64.000000 21.069440 149.060313 131.708565 256.000000 222.861931 88.683056 85.751222 0.000000 25.901170 79.519793 100.146402 256.000000 234.762701 11.251509 98.851951 64.000000 22.747423 12.914169 100.737233 256.000000 248.948110 57.211716 129.462455 64.000000 30.702783 51.195489 129.361476 256.000000 231.277660
130.833116 153.031973 0.000000 14.598450 130.255984 152.440907 256.000000 235.498432 160.470915 29.340304 64.000000 49.349904 146.298467 31.481889 256.000000 196.965063 23.966789 52.730016 64.000000 45.348561 25.986380 52.428940 256.000000 209.468186 45.384304 146.176827 0.000000 27.850212 42.212729 144.778989 256.000000 225.262737
37.128682 209.947736 64.000000 42.637973 40.818209 200.328075 256.000000 224.875510 185.809175 80.042507 64.000000 42.513200 179.344753 75.887973 256.000000 229.909459 72.104104 58.358636 0.000000 12.782787 71.608455 60.779049 256.000000 232.921223 46.312676 99.113305 0.000000 10.356166 49.729480 98.056218 256.000000 253.766932
173.068765 58.004120 0.000000 72.454437 169.674589 56.385384 256.000000 211.774337 75.637242 80.115902 64.000000 9.861376 82.064578 78.140298 256.000000 233.867777 10.918882 72.038024 0.000000 24.928801 19.156651 43.661551 256.000000 225.340182 124.456796 20.712153 64.000000 13.944467 126.527349 10.190551 256.000000 243.402161
106.500104 13.520082 64.000000 10.278720 115.499509 4.555662 256.000000 237.886331 66.747329 138.622520 64.000000 40.125302 73.366047 150.043260 256.000000 212.991950 25.599495 85.417035 64.000000 11.522149 24.066764 82.741711 256.000000 257.402562 151.148724 58.828400 0.000000 74.829428 148.539413 62.815736 256.000000 182.108462
96.264164 112.989044 64.000000 27.123086 94.972973 113.882147 256.000000 229.500719 117.541393 91.898880 0.000000 35.822782 115.092609 90.073316 256.000000 231.970366 59.022624 124.950351 64.000000 25.475221 61.736745 119.810800 256.000000 233.798937 98.456422 17.175013 0.000000 13.527123 97.023649 13.358880 256.000000 241.612313
27.823949 63.949616 0.000000 8.841679 25.778944 65.926809 256.000000 242.649220 49.227076 7.000147 64.000000 20.097071 49.274504 7.262571 256.000000 255.599806 157.783367 171.103318 64.000000 38.064394 144.700933 149.692202 256.000000 215.474504 84.533445 101.803485 64.000000 13.290484 102.088102 101.833925 256.000000 238.252045
106.548775 175.091702 0.000000 15.428837 107.809227 176.075142 256.000000 232.632954 21.047604 93.199838 0.000000 16.530282 20.598718 86.734373 256.000000 250.367941 25.823909 87.685482 0.000000 12.176132 29.892762 87.371789 256.000000 223.141595 90.386780 130.897556 64.000000 50.034005 92.475251 139.258216 256.000000 230.365526
141.612211 79.407922 0.000000 11.565174 148.297515 88.217416 256.000000 234.001155 62.347278 42.618509 0.000000 20.148701 65.784175 47.965584 256.000000 225.658569 142.077316 20.506860 0.000000 13.793879 144.545789 24.138209 256.000000 247.627236 49.139158 156.175842 0.000000 25.797910 53.660927 151.327691 256.000000 237.834701
0.947956 2.850824 0.000000 30.311253 4.612867 8.332322 256.000000 224.621662 142.348431 126.465167 64.000000 24.094112 141.456529 124.016318 256.000000 242.214666 16.284620 71.552735 64.000000 30.289741 19.257740 70.593173 256.000000 225.400418 88.437036 23.932658 0.000000 13.832602 89.975596 25.366416 256.000000 241.861859
85.150622 13.599844 64.000000 22.063323 82.363233 10.367373 256.000000 254.266024 11.826329 76.868311 64.000000 48.541031 7.807198 75.444485 256.000000 218.395915 138.346880 106.933933 0.000000 9.934519 139.268758 107.970231 256.000000 250.484109 57.632387 160.330416 0.000000 19.111794 57.006187 156.714769 256.000000 241.087406
159.988660 71.023185 64.000000 21.366314 159.249764 71.982489 256.000000 250.974597 77.474265 26.134558 0.000000 10.769208 74.655696 33.081100 256.000000 224.195712 53.140173 12.335458 64.000000 32.402278 52.753300 18.934149 256.000000 230.572047 69.963349 98.712593 0.000000 8.932032 68.749775 99.264402 256.000000 243.797993
11.105455 222.572656 0.000000 16.805643 12.502147 222.603687 256.000000 247.141051 93.884996 109.783707 64.000000 25.991523 88.511631 110.600605 256.000000 233.893592 21.426833 71.801689 0.000000 13.178619 28.353511 73.046296 256.000000 238.682297 77.964065 95.354667 64.000000 31.640732 54.589147 88.954742 256.000000 211.047211
29.084955 189.013593 0.000000 21.456667 26.828367 188.390431 256.000000 243.402161 73.237218 38.405280 0.000000 21.284566 63.287504 29.840224 256.000000 240.480750 62.236318 165.995322 0.000000 28.839792 53.503720 161.958231 256.000000 212.165866 93.408082 88.902727 64.000000 21.263054 94.408216 84.817849 256.000000 246.783942
95.929687 213.893804 64.000000 25.879658 80.842533 225.604453 256.000000 213.207076 86.544967 118.230467 0.000000 21.942852 84.877275 117.538678 256.000000 246.194497 9.547089 137.484202 0.000000 12.223459 10.597198 137.359013 256.000000 251.456479 44.405127 58.302631 64.000000 12.068569 46.370195 61.319327 256.000000 248.939505
2.895782 173.840875 0.000000 39.970411 2.415033 170.281002 256.000000 213.185563 42.886829 80.329722 64.000000 14.572635 43.617031 84.323867 256.000000 262.320342 138.388160 88.469353 64.000000 21.869709 137.630013 89.454436 256.000000 235.205861 112.365862 35.180280 0.000000 26.748767 114.968247 39.595618 256.000000 224.643174
110.636747 149.719025 0.000000 27.919052 98.778967 144.314042 256.000000 224.471073 13.461918 213.016715 0.000000 15.816064 7.276304 213.228458 256.000000 241.259506 69.700184 68.507944 0.000000 11.522149 72.931682 64.103827 256.000000 263.787501 21.361878 76.456105 64.000000 12.709644 18.311453 80.054353 256.000000 257.350931
