130.506791 127.606509 64.000000 26.064666 129.787873 126.545849 256.000000 245.949253 15.443827 173.900460 0.000000 11.965308 12.701275 174.388029 256.000000 235.627508 73.212084 30.560016 64.000000 34.587958 55.060520 39.840009 256.000000 230.873223 182.806058 27.704853 0.000000 17.894181 182.008235 30.105338 256.000000 244.963976
32.635696 54.748567 0.000000 44.453637 29.924009 65.402095 256.000000 192.094610 9.396180 188.165758 0.000000 11.156434 14.872656 194.839600 256.000000 230.249358 153.561538 171.973191 0.000000 36.442344 151.285382 168.335444 256.000000 217.135277 47.507925 102.150264 64.000000 17.330551 48.798951 96.072462 256.000000 232.013391
120.854078 28.714929 0.000000 10.906888 120.115735 26.942740 256.000000 246.641959 32.049758 4.973905 64.000000 9.891493 33.376600 4.871907 256.000000 236.944079 42.330402 37.655415 0.000000 21.211424 56.758864 49.063316 256.000000 244.628380 37.005765 21.943620 64.000000 13.230249 36.310262 23.348309 256.000000 237.770163
26.662476 56.202618 0.000000 10.377678 30.467562 51.099275 256.000000 247.046396 22.328273 46.549096 64.000000 24.563087 11.323225 51.715009 256.000000 224.397931 42.632949 164.737391 64.000000 46.437098 39.801280 154.872471 256.000000 220.116923 78.666462 203.862282 0.000000 18.294315 73.664729 207.155945 256.000000 217.664487
113.871618 58.505378 0.000000 9.603225 114.990095 61.005585 256.000000 233.252517 191.106342 29.566675 64.000000 9.310653 198.426309 12.826411 256.000000 251.594160 29.888629 62.214222 64.000000 14.426350 36.590316 58.375109 256.000000 233.532181 45.121409 180.409398 64.000000 9.844166 62.696398 194.160133 256.000000 239.280347
132.299351 112.659469 64.000000 10.394888 132.538487 111.445355 256.000000 223.550334 147.221033 52.833153 64.000000 10.747695 153.982162 39.153536 256.000000 229.535139 91.967522 107.060462 0.000000 36.575723 61.676487 89.869098 256.000000 201.409566 48.127987 124.251355 64.000000 29.080733 63.843180 127.881425 256.000000 212.720891
10.322749 26.049905 64.000000 63.780556 8.297311 27.259727 256.000000 204.348187 50.661320 13.343282 0.000000 94.427406 50.759442 17.372767 256.000000 154.550821 53.509220 93.366769 64.000000 12.658014 52.992551 92.115531 256.000000 235.743676 61.920364 105.716627 0.000000 27.613573 63.386567 103.370213 256.000000 228.653123
40.827058 48.406571 64.000000 14.125173 42.325915 43.132398 256.000000 239.904213 118.433591 133.047058 0.000000 10.024872 120.791416 130.985516 256.000000 232.951340 86.121393 14.505578 0.000000 15.192198 83.573505 7.712885 256.000000 236.117995 97.939984 163.197009 64.000000 9.947426 100.180824 162.525302 256.000000 228.106703
127.679980 168.588975 0.000000 32.419488 127.414318 166.252578 256.000000 240.394700 154.655360 156.803089 64.000000 28.370817 150.622560 159.133275 256.000000 200.006945 60.862756 58.119538 0.000000 13.002215 67.261600 62.271905 256.000000 228.640215 123.379702 20.324593 0.000000 30.741505 120.601033 21.062765 256.000000 222.380049
119.400125 137.492704 64.000000 11.698552 120.175245 137.461687 256.000000 260.590729 80.822089 145.803753 0.000000 16.723895 82.602307 144.003569 256.000000 259.635569 54.093687 131.981395 64.000000 11.324233 64.100242 148.052280 256.000000 224.836788 89.934624 78.981365 64.000000 32.333438 66.696462 86.533065 256.000000 229.083375
41.000551 62.106598 0.000000 40.245772 8.264296 70.235424 256.000000 202.467986 103.674711 36.950640 0.000000 21.542718 99.366295 37.973304 256.000000 236.789188 99.911958 132.491129 0.000000 28.396632 113.437431 116.568575 256.000000 226.665359 13.476255 76.350595 64.000000 24.502851 19.089242 77.472098 256.000000 232.030601
62.564709 172.780478 0.000000 28.986077 59.449529 170.570662 256.000000 237.826096 86.915593 157.158807 64.000000 15.071728 84.865016 159.174618 256.000000 236.044852 2.768664 166.534965 0.000000 13.010820 2.371824 165.215427 256.000000 248.332849 74.030536 197.001118 0.000000 30.526379 69.192676 199.010471 256.000000 238.286465
61.414384 20.505320 64.000000 9.930216 58.837825 17.297424 256.000000 236.100785 31.318065 140.058853 0.000000 45.262510 40.614947 143.040667 256.000000 205.660456 4.976124 184.436691 64.000000 24.644835 27.458049 186.315555 256.000000 233.114836 31.311664 3.335707 64.000000 13.342115 35.148936 1.302473 256.000000 263.679938
12.615616 41.570536 0.000000 21.753541 11.283289 45.913340 256.000000 239.159877 42.336000 130.452362 64.000000 33.998513 39.173491 128.995505 256.000000 216.498504 173.826325 86.343700 64.000000 40.293100 164.016867 75.063773 256.000000 206.641431 75.063675 7.713065 64.000000 43.692091 55.462804 24.241136 256.000000 213.491042
142.348431 126.465167 64.000000 24.094112 141.456529 124.016318 256.000000 242.214666 131.527216 122.963213 64.000000 38.305336 122.757565 103.821824 256.000000 219.738301 69.180649 34.423909 64.000000 13.217341 75.598035 36.386091 256.000000 233.097626 48.039015 153.966207 0.000000 8.622250 47.479100 153.263924 256.000000 252.428848
42.434689 107.855144 64.000000 11.801812 45.300769 108.390224 256.000000 252.674092 18.103691 4.592351 64.000000 213.981530 16.426576 2.806809 256.000000 47.680527 157.199038 90.543456 0.000000 9.396704 159.097991 95.104860 256.000000 244.150800 65.251740 120.387402 0.000000 10.635829 60.711985 124.179115 256.000000 239.331978
12.881842 105.930407 64.000000 11.608199 8.669916 114.052153 256.000000 220.951612 26.160082 12.604222 0.000000 17.489744 26.953836 12.920315 256.000000 225.374603 45.588224 93.926962 0.000000 18.401878 43.714458 90.305822 256.000000 242.885859 95.115367 96.375140 64.000000 16.134450 101.549136 90.896447 256.000000 239.073826
156.140636 97.274996 0.000000 24.709372 154.839058 99.725629 256.000000 228.446602 26.070609 150.403436 0.000000 17.644635 22.786273 150.544596 256.000000 234.125928 57.632387 160.330416 0.000000 19.111794 57.006187 156.714769 256.000000 241.087406 21.104158 47.340460 64.000000 25.032061 75.702991 62.634087 256.000000 232.921223
133.784285 119.429318 64.000000 24.989036 131.650522 120.041176 256.000000 257.613385 19.657180 125.890749 64.000000 28.228834 20.797471 121.354067 256.000000 226.927812 14.217020 142.817329 0.000000 11.694249 19.934987 148.222665 256.000000 233.682769 3.699545 10.324275 0.000000 17.700567 3.589558 13.583329 256.000000 228.166938
77.653560 13.925771 0.000000 32.819623 79.164693 26.786733 256.000000 217.531109 46.820093 42.518704 0.000000 9.151460 48.596529 34.339673 256.000000 233.536483 136.611689 161.142276 0.000000 10.162552 136.830715 161.401247 256.000000 243.212851 63.849415 16.428629 64.000000 11.771695 65.285344 17.258493 256.000000 249.451505
1.033642 157.646918 0.000000 28.917237 7.657093 156.184027 256.000000 221.536755 121.936335 187.001000 64.000000 29.300161 121.787885 186.041118 256.000000 213.559883 25.439902 85.267993 64.000000 9.254721 26.206829 87.478611 256.000000 242.261994 35.702207 48.098267 64.000000 24.644835 42.931751 60.875165 256.000000 208.766875
35.345242 30.536282 64.000000 28.723624 35.489909 35.892005 256.000000 211.369900 29.084955 189.013593 0.000000 21.456667 26.828367 188.390431 256.000000 243.402161 10.155067 131.231324 64.000000 28.573035 14.609642 128.645198 256.000000 217.849495 12.970364 27.963718 64.000000 8.699695 14.876144 26.065920 256.000000 238.673692
108.583824 189.215696 64.000000 22.893709 106.953207 188.123215 256.000000 215.736958 118.789080 103.718982 0.000000 17.485441 117.735893 102.700645 256.000000 216.584554 66.263842 52.552549 64.000000 27.394145 25.908942 33.592498 256.000000 224.217225 73.251589 125.913316 0.000000 11.294115 73.610251 122.204698 256.000000 249.705353
2.952198 191.266567 64.000000 9.878586 9.291698 206.502578 256.000000 242.313624 133.756925 68.398456 64.000000 17.339156 133.293251 69.241476 256.000000 240.799137 92.937716 60.582467 64.000000 22.824869 89.759685 56.411429 256.000000 218.017293 152.951329 130.691862 64.000000 58.798238 147.542842 132.309549 256.000000 191.651451
89.105031 155.075776 0.000000 17.459626 84.315796 157.322756 256.000000 225.331577 36.392487 32.921362 0.000000 8.695393 39.870353 31.158355 256.000000 268.602021 69.608513 139.944938 0.000000 23.160465 62.413695 142.583749 256.000000 215.702538 59.545993 127.158145 0.000000 30.207993 58.410516 122.168515 256.000000 225.219712
98.122733 89.400258 64.000000 21.293171 115.457353 90.282011 256.000000 239.585826 85.967036 190.469607 0.000000 23.397104 115.944211 178.732200 256.000000 229.122098 122.023353 179.761607 0.000000 21.099558 122.151736 177.342455 256.000000 227.607611 26.475280 94.457253 0.000000 14.129476 11.066947 93.779413 256.000000 245.944951
8.699338 188.126031 0.000000 14.654383 15.404667 191.257300 256.000000 238.544616 122.841618 56.583229 0.000000 26.606784 118.281218 45.986187 256.000000 242.795506 56.987635 76.629335 64.000000 22.011692 50.135184 67.344780 256.000000 250.015135 111.637507 186.110545 0.000000 25.488128 114.299111 183.536233 256.000000 244.649892
138.750482 121.662789 64.000000 8.828771 210.475856 116.605287 256.000000 249.232076 84.281791 49.582184 64.000000 47.723552 73.992580 63.011451 256.000000 206.908187 162.615222 60.749904 64.000000 11.530754 175.362060 74.243671 256.000000 233.351475 41.282485 96.886015 64.000000 10.855258 42.372475 95.191016 256.000000 241.379977
92.921684 149.083367 64.000000 10.721880 93.187562 148.584144 256.000000 230.963576 16.270458 34.220911 0.000000 14.379022 17.385667 24.841049 256.000000 237.907843 77.082156 138.597982 64.000000 37.582512 81.091775 127.100889 256.000000 211.137564 146.594469 184.003395 0.000000 25.776397 144.065484 184.331687 256.000000 233.403105
142.328973 114.009949 0.000000 9.740905 148.152027 109.648893 256.000000 260.698292 94.148907 87.847555 64.000000 20.097071 93.539762 83.335596 256.000000 251.934059 80.216907 191.181555 64.000000 12.567661 92.987369 203.947911 256.000000 256.722763 94.548553 102.447311 0.000000 9.413914 98.741955 98.423227 256.000000 251.275773
80.180335 55.398258 0.000000 9.177275 78.581524 55.731649 256.000000 251.030529 13.023582 118.162276 0.000000 18.061979 17.233620 117.933827 256.000000 227.104216 41.088935 22.458271 64.000000 24.292028 38.248191 24.667556 256.000000 231.690702 86.855347 117.892760 64.000000 14.172501 85.076131 118.514053 256.000000 234.332449
58.535515 21.703302 0.000000 25.440801 55.598349 27.464729 256.000000 221.674435 66.590053 51.500922 0.000000 15.054517 61.922827 52.807095 256.000000 233.248214 70.511225 63.814355 0.000000 24.481339 67.401758 68.055002 256.000000 231.105559 63.611240 48.527891 0.000000 12.326720 58.643733 49.366709 256.000000 233.347172
