169.901353 25.026153 0.000000 79.476149 185.689247 27.197111 256.000000 155.781342 86.217084 191.566978 0.000000 27.045641 84.526295 190.508815 256.000000 223.692317 133.065567 43.853702 64.000000 36.102445 128.945265 44.125162 256.000000 207.544960 95.044875 213.140416 64.000000 13.015123 87.753533 222.686820 256.000000 250.182933
84.919511 59.400660 0.000000 10.747695 93.667787 60.232098 256.000000 225.344485 31.570189 68.846085 0.000000 13.329207 31.515015 72.749455 256.000000 255.836444 89.934624 78.981365 64.000000 32.333438 66.696462 86.533065 256.000000 229.083375 116.760175 30.452893 0.000000 32.380766 116.362685 36.902824 256.000000 246.646262
101.574380 144.647124 64.000000 31.098615 98.481935 142.391138 256.000000 236.436382 124.736273 99.645225 0.000000 8.785746 145.680918 101.369289 256.000000 256.021453 30.162336 15.381273 64.000000 62.618876 31.658516 16.504993 256.000000 211.322572 80.250662 16.389656 64.000000 25.759187 84.776158 25.431627 256.000000 207.549262
59.022624 124.950351 64.000000 25.475221 61.736745 119.810800 256.000000 233.798937 122.913582 62.388816 0.000000 16.401206 123.580084 59.200880 256.000000 218.215209 19.475255 101.299287 64.000000 18.061979 23.248405 103.874829 256.000000 233.192281 128.804040 148.781818 0.000000 26.245372 135.315860 134.567553 256.000000 218.744419
27.089453 195.296627 64.000000 25.273002 32.722991 193.365733 256.000000 220.779511 121.905204 149.244460 64.000000 9.499964 123.538280 148.079947 256.000000 251.469386 33.205169 192.485147 64.000000 23.526179 31.253951 190.350936 256.000000 236.789188 114.050225 138.351149 64.000000 23.483154 115.022115 135.786033 256.000000 254.993150
0.729242 123.579647 64.000000 15.635358 3.636278 125.899165 256.000000 237.972381 136.011031 194.102156 0.000000 12.374048 140.654218 192.332324 256.000000 252.420243 78.419305 105.344575 0.000000 30.405909 77.906555 103.693584 256.000000 231.307778 131.191438 72.384127 0.000000 11.732972 131.514380 71.377284 256.000000 249.425689
66.651055 88.766507 64.000000 16.814248 64.189540 87.712175 256.000000 245.415741 98.360329 74.379551 0.000000 26.297002 94.694455 76.318693 256.000000 232.594231 63.611240 48.527891 0.000000 12.326720 58.643733 49.366709 256.000000 233.347172 70.059447 40.627078 0.000000 10.416401 67.387935 37.223835 256.000000 243.471002
177.462898 77.332622 0.000000 20.338012 176.707171 77.291805 256.000000 236.324516 27.857740 83.771762 64.000000 82.165224 33.385389 87.815365 256.000000 194.671820 40.268573 12.557689 0.000000 21.047928 35.430795 17.604707 256.000000 232.736214 156.828725 23.579238 64.000000 55.003416 155.217329 24.364844 256.000000 193.630610
22.016113 95.993664 64.000000 18.049071 26.542911 95.793658 256.000000 238.170297 100.707513 154.660242 0.000000 37.556697 99.041516 149.591811 256.000000 237.000012 134.209729 79.948745 64.000000 10.704670 133.984449 78.910356 256.000000 237.404449 161.041867 5.844724 64.000000 15.966652 160.556184 4.353704 256.000000 252.080344
69.284942 6.394956 0.000000 12.929073 73.371398 7.673642 256.000000 232.998668 2.359631 74.636249 64.000000 16.990651 3.269567 73.087115 256.000000 218.477663 24.642498 12.323085 0.000000 22.635558 31.728138 13.537602 256.000000 240.678666 73.244876 91.695735 64.000000 12.675224 77.167969 92.537776 256.000000 252.131975
142.665589 81.746907 64.000000 14.921139 140.675096 82.010513 256.000000 233.992550 93.408082 88.902727 64.000000 21.263054 94.408216 84.817849 256.000000 246.783942 187.348636 27.720556 64.000000 10.717577 188.270122 25.712145 256.000000 235.369357 153.207136 13.822047 64.000000 18.875155 152.823493 13.408478 256.000000 236.126600
137.735602 108.646315 0.000000 16.745408 140.418202 104.396458 256.000000 235.472617 40.889696 50.948538 0.000000 11.388770 43.166911 53.849415 256.000000 245.183405 91.301173 86.562120 64.000000 26.925170 12.670382 85.198067 256.000000 218.172184 62.491029 229.078062 64.000000 19.129004 60.651582 229.096087 256.000000 238.105759
134.561378 92.812820 64.000000 8.613645 139.149138 97.960269 256.000000 275.778624 115.061696 9.655413 64.000000 40.680327 128.975260 26.716680 256.000000 234.229189 66.413038 165.696158 64.000000 18.135122 68.452264 164.440611 256.000000 237.839003 19.711635 99.622204 0.000000 16.857273 26.087296 102.134556 256.000000 234.194769
146.022342 65.184469 64.000000 32.273203 137.681942 61.783749 256.000000 214.988319 155.503529 103.224636 0.000000 12.253577 155.578818 103.241340 256.000000 245.949253 23.966789 52.730016 64.000000 45.348561 25.986380 52.428940 256.000000 209.468186 23.352513 102.057207 64.000000 17.941508 26.549416 100.385138 256.000000 242.838531
49.885091 119.559242 64.000000 26.340027 47.290105 115.830956 256.000000 230.034232 46.665349 99.270213 64.000000 58.441129 45.774451 97.515585 256.000000 191.741804 81.332311 23.054516 0.000000 9.147158 81.020665 24.700953 320.000000 233.854870 77.653560 13.925771 0.000000 32.819623 79.164693 26.786733 256.000000 217.531109
51.339338 60.796651 0.000000 13.591661 51.084987 54.647935 256.000000 233.635441 113.475704 67.711318 0.000000 38.017067 107.703027 58.502596 256.000000 215.220655 5.911460 199.200055 64.000000 20.118584 9.231800 199.166485 256.000000 228.825224 78.034207 16.350144 0.000000 17.352063 73.823249 7.188024 256.000000 240.454935
90.427344 94.205740 64.000000 14.675896 90.358964 92.491453 256.000000 234.526063 116.169195 31.991422 0.000000 23.676768 117.336875 36.883958 256.000000 230.498904 185.563185 99.238276 64.000000 46.346745 180.505309 101.188209 256.000000 202.657297 172.451571 40.298064 0.000000 11.664132 173.004613 39.114371 256.000000 233.958130
173.890985 37.565131 64.000000 12.877442 180.354458 20.076735 256.000000 249.485925 59.490242 153.203640 64.000000 17.803828 76.521733 156.625462 256.000000 233.867777 151.416867 19.853464 64.000000 15.936534 152.022404 21.110580 320.000000 256.352747 72.882442 94.234165 64.000000 15.910719 97.727387 91.469945 256.000000 240.876582
146.444667 37.685045 64.000000 38.851756 106.277769 39.989149 256.000000 195.583954 16.037755 41.911029 64.000000 26.852027 19.964680 46.211531 256.000000 219.019781 25.034080 52.760007 0.000000 15.506282 26.401822 56.031124 256.000000 233.325660 93.061676 42.108484 64.000000 15.803156 123.553629 31.814822 256.000000 228.506837
137.368495 43.392511 0.000000 22.893709 138.365158 47.399511 256.000000 223.610569 32.430438 5.650187 64.000000 9.431124 25.335587 2.515089 256.000000 249.133118 93.884996 109.783707 64.000000 25.991523 88.511631 110.600605 256.000000 233.893592 37.694705 131.867860 64.000000 37.651353 42.489371 128.005567 256.000000 211.434438
21.980498 26.896685 64.000000 29.463657 20.862264 37.833138 256.000000 210.707312 75.637242 80.115902 64.000000 9.861376 82.064578 78.140298 256.000000 233.867777 44.226613 81.267673 64.000000 10.614317 46.529649 79.916935 256.000000 260.345485 52.999216 60.084933 64.000000 14.568333 56.043005 49.738511 256.000000 272.728138
75.990789 20.417165 64.000000 18.092097 74.838164 21.240980 256.000000 220.349259 125.519156 40.587600 64.000000 67.252690 126.723318 55.885340 256.000000 193.897366 40.526467 31.338609 0.000000 15.893509 38.588982 34.124676 256.000000 220.129831 138.049469 9.105000 0.000000 47.138409 133.076335 14.148667 256.000000 202.158205
84.997438 7.137920 0.000000 37.363084 88.223882 13.056756 256.000000 220.159948 81.747576 123.584000 64.000000 17.098214 75.401644 133.158278 256.000000 226.880485 102.155133 31.163438 64.000000 10.390586 102.148633 26.658016 256.000000 247.188379 110.724709 50.019300 64.000000 24.756700 107.803685 50.929584 256.000000 227.676451
125.398836 164.350667 0.000000 16.693778 121.587555 167.779255 256.000000 227.745291 34.799767 138.618947 0.000000 22.639860 52.441535 132.254211 256.000000 232.994366 89.881287 165.504169 0.000000 14.572635 97.509929 164.477176 256.000000 228.123913 105.214025 71.984958 64.000000 36.162681 103.275215 75.369576 256.000000 203.405936
128.866589 82.499996 64.000000 35.917437 123.414240 75.571740 256.000000 233.239609 16.718587 59.277605 0.000000 20.905945 6.692265 65.552684 256.000000 228.700451 43.383162 163.400987 64.000000 13.114081 41.871965 161.594111 256.000000 246.702194 159.272715 149.674216 0.000000 40.034949 136.460920 146.499356 256.000000 211.559211
110.210865 13.316127 0.000000 50.481467 116.592729 15.847740 256.000000 184.023083 32.825522 90.663962 64.000000 11.565174 30.812882 88.473876 256.000000 256.073083 10.934598 140.493740 0.000000 19.804500 10.474267 136.759464 256.000000 240.317255 85.516996 85.848455 64.000000 11.750182 87.561415 91.661093 256.000000 250.264681
54.609775 137.292407 64.000000 8.936334 49.852000 143.404751 256.000000 246.512883 11.826329 76.868311 64.000000 48.541031 7.807198 75.444485 256.000000 218.395915 119.058278 32.172189 0.000000 23.668163 117.019845 34.182271 256.000000 229.530837 142.983975 56.088962 0.000000 38.821638 141.218182 56.652962 256.000000 231.023811
47.404124 56.782093 0.000000 27.867422 47.423016 61.003991 256.000000 215.668118 26.067302 148.799291 0.000000 28.603153 30.220965 146.584818 256.000000 232.959945 90.939815 86.055513 0.000000 33.301505 67.297256 54.930335 256.000000 201.366541 103.123578 77.453435 64.000000 14.383324 101.734740 79.157969 256.000000 245.777152
54.832407 188.552382 0.000000 27.592061 58.797882 184.788067 256.000000 228.012047 43.971589 9.083276 64.000000 43.283351 52.534462 21.499160 256.000000 219.290839 42.802107 196.119271 64.000000 11.685644 43.848618 196.549209 256.000000 256.051570 60.862756 58.119538 0.000000 13.002215 67.261600 62.271905 256.000000 228.640215
28.401340 125.611015 64.000000 12.748367 32.770231 128.076513 256.000000 252.192210 5.163127 127.129047 64.000000 33.034749 12.071676 121.352980 256.000000 222.517729 65.995273 17.603931 64.000000 34.626681 53.849513 26.514911 256.000000 201.310608 74.803342 161.609838 64.000000 17.747895 74.118962 160.430584 256.000000 237.296886
39.195789 25.976678 0.000000 17.068097 47.395004 38.782520 256.000000 228.739173 13.995740 66.305984 64.000000 40.013436 51.781107 24.213858 256.000000 230.382736 102.435165 101.846835 0.000000 29.476565 106.996255 110.999675 256.000000 220.508453 9.547089 137.484202 0.000000 12.223459 10.597198 137.359013 256.000000 251.456479
80.353758 53.508256 0.000000 17.326248 78.369678 45.292502 256.000000 234.440012 29.986216 175.370064 64.000000 58.195886 30.426882 144.158616 256.000000 206.047683 121.867304 35.997375 0.000000 20.957575 122.641545 37.634295 256.000000 251.645790 18.991613 68.448116 64.000000 16.809946 17.026829 62.690295 256.000000 232.310265
