28.185555 105.637638 0.000000 30.775926 35.167456 96.739195 256.000000 222.784486 41.088935 22.458271 64.000000 24.292028 38.248191 24.667556 256.000000 231.690702 7.181407 91.196636 64.000000 72.157563 5.112496 89.648982 256.000000 178.120025 150.379762 136.279678 64.000000 35.125773 145.195724 136.252169 256.000000 224.122569
65.391489 178.651325 64.000000 13.892837 77.305909 187.586278 256.000000 281.918320 22.047587 60.455076 0.000000 18.836433 18.005133 65.316742 256.000000 248.027370 2.317280 151.081180 64.000000 22.248331 1.006342 149.302020 256.000000 210.388925 32.287727 37.178633 64.000000 10.618619 31.692405 30.165527 256.000000 241.823137
185.202273 106.348053 0.000000 9.000872 187.147735 105.299016 256.000000 233.076113 44.036709 154.400795 64.000000 14.095056 42.259165 154.117025 256.000000 232.860987 33.884593 99.436165 0.000000 9.667762 35.840022 97.529395 256.000000 248.874967 164.969500 56.547204 64.000000 28.327792 161.786822 57.578282 256.000000 226.983745
49.227076 7.000147 64.000000 20.097071 49.274504 7.262571 256.000000 255.599806 140.460662 34.401173 64.000000 13.088266 140.896133 34.964665 256.000000 254.283235 3.896344 97.206602 64.000000 32.178547 6.227873 81.358724 256.000000 224.027914 150.091502 110.363545 64.000000 22.252633 150.409635 105.560676 256.000000 236.556852
178.058829 77.974862 64.000000 18.135122 168.864556 77.221022 256.000000 246.986161 80.322173 28.327384 64.000000 67.635614 80.861215 30.046551 256.000000 189.543216 80.988215 110.907913 64.000000 37.449134 75.722393 122.708896 256.000000 210.638472 147.384633 183.011729 64.000000 41.003016 101.998853 117.513596 256.000000 189.155989
36.426589 71.039609 0.000000 19.395760 28.279618 74.466893 256.000000 238.897423 167.958551 102.734515 64.000000 35.074143 169.665905 86.873975 256.000000 11.096199 28.638664 120.601296 0.000000 74.708957 34.909796 98.867718 256.000000 192.542073 150.187825 63.431075 0.000000 16.242013 149.985287 65.688002 256.000000 241.272414
140.836731 74.120040 64.000000 32.677639 138.662240 74.737816 256.000000 219.075713 8.030698 88.901573 0.000000 16.319458 12.486653 88.756542 256.000000 238.923238 94.272764 47.003129 64.000000 12.804300 86.475536 38.093967 256.000000 253.254932 17.764127 158.310864 64.000000 76.886032 22.311607 161.081811 256.000000 177.220799
4.158878 4.415322 0.000000 21.267356 5.439978 7.520665 256.000000 218.215209 158.191911 1.183898 64.000000 22.209608 159.918331 4.186024 256.000000 232.719004 28.310162 230.440775 0.000000 45.744393 29.945107 225.035724 256.000000 218.559411 28.136462 186.115193 0.000000 18.918180 37.678809 191.971800 256.000000 228.842434
146.444667 37.685045 64.000000 38.851756 106.277769 39.989149 256.000000 195.583954 46.650915 226.942393 0.000000 15.863391 51.632902 227.552911 256.000000 238.437053 0.527938 131.834005 64.000000 13.423862 15.571369 178.060720 256.000000 233.170769 40.996749 33.131669 0.000000 36.635958 19.828495 57.781724 256.000000 217.685999
51.449187 130.878785 64.000000 18.776197 47.017778 129.563264 256.000000 234.280819 85.461275 127.703453 0.000000 35.241941 78.345653 127.214587 256.000000 195.028929 157.543418 117.825015 64.000000 12.713947 160.341291 115.621169 256.000000 243.569960 34.808618 77.658471 0.000000 21.938549 44.048896 77.742629 256.000000 220.689158
51.077496 152.710075 0.000000 9.091225 59.288522 156.780133 256.000000 246.125657 181.587629 87.649287 64.000000 32.148429 178.454827 99.727796 256.000000 234.517458 52.965127 133.767973 64.000000 38.348361 45.092216 125.377133 256.000000 223.236250 68.771984 151.948189 64.000000 27.234952 65.926095 148.043449 256.000000 234.758399
166.202660 71.847038 64.000000 16.775525 166.689165 75.093273 256.000000 246.882900 48.141338 61.704404 0.000000 49.879114 49.092973 63.059100 256.000000 210.965463 98.038500 73.187562 0.000000 10.463729 97.768451 72.748764 256.000000 238.303675 129.168147 107.378253 0.000000 19.705542 126.218671 90.826649 256.000000 243.772178
111.350638 94.720345 64.000000 36.962949 104.243275 98.867615 256.000000 226.691174 13.023582 118.162276 0.000000 18.061979 17.233620 117.933827 256.000000 227.104216 46.241369 178.547485 64.000000 15.136265 34.600342 192.275784 256.000000 263.624005 146.404731 78.182707 0.000000 10.222788 148.831656 82.190160 256.000000 228.511140
123.734142 91.028853 0.000000 31.361068 117.004102 102.132605 256.000000 225.985560 110.980307 39.017276 64.000000 29.450749 110.314520 40.880665 256.000000 255.100713 38.824896 37.357022 64.000000 9.947426 42.073756 36.990547 256.000000 246.241825 31.521409 76.369736 64.000000 15.992467 33.104307 80.159671 256.000000 253.741117
119.648467 40.002355 0.000000 20.157306 117.670491 40.960775 256.000000 242.911674 72.831809 144.378985 64.000000 73.439714 67.809216 144.734556 256.000000 188.286880 55.396531 135.638424 64.000000 31.464329 47.782776 126.908989 256.000000 234.026970 73.327024 68.915895 0.000000 56.767449 71.376355 66.825856 256.000000 198.600021
3.351105 168.902322 64.000000 29.549707 1.942275 168.299724 256.000000 228.166938 100.441116 150.600907 64.000000 13.983190 99.909655 151.824033 256.000000 242.842834 27.831724 197.234445 64.000000 19.421575 29.818404 197.280695 256.000000 242.606195 102.434607 152.838191 64.000000 16.547492 103.400076 151.368124 256.000000 232.964248
8.699338 188.126031 0.000000 14.654383 15.404667 191.257300 256.000000 238.544616 165.545651 67.371949 64.000000 28.852699 161.488829 63.384355 256.000000 227.525863 18.666580 114.842220 64.000000 42.857402 26.320069 109.683573 256.000000 207.153430 16.463016 76.294175 64.000000 24.425406 29.132931 75.010307 256.000000 218.834772
59.368589 211.359625 64.000000 15.269643 56.544825 212.494982 256.000000 248.797522 150.402936 184.500958 64.000000 63.298674 132.952382 163.588293 256.000000 181.050042 26.688709 206.425647 0.000000 36.446647 21.504569 196.305678 256.000000 224.238737 96.491229 200.211304 0.000000 20.346617 100.589638 197.788845 256.000000 240.300045
127.790513 95.847911 64.000000 10.011964 132.727460 91.498209 256.000000 248.677051 108.452836 49.837415 64.000000 17.184265 109.023736 51.765467 256.000000 267.887803 48.765582 93.008555 0.000000 19.886247 85.212809 75.825755 256.000000 242.008145 35.461485 74.628578 64.000000 20.518718 38.604484 64.038153 256.000000 243.057960
165.479765 29.813153 0.000000 8.914821 166.030249 26.809551 256.000000 231.716517 39.878509 137.871575 64.000000 27.794279 44.134831 135.943985 256.000000 215.693933 43.672933 52.850082 0.000000 17.997441 64.132855 53.001762 256.000000 228.739173 81.747576 123.584000 64.000000 17.098214 75.401644 133.158278 256.000000 226.880485
81.419949 72.489691 64.000000 20.084163 87.647044 48.056416 256.000000 235.020852 61.741060 151.034124 0.000000 33.688732 63.958778 142.013827 256.000000 227.418300 62.491029 229.078062 64.000000 19.129004 60.651582 229.096087 256.000000 238.105759 124.178229 198.738962 0.000000 24.438314 126.459202 193.708084 256.000000 248.900782
98.324007 109.864767 0.000000 9.310653 127.810304 128.243756 256.000000 260.969351 28.935753 130.093869 0.000000 38.929201 38.129936 108.293460 256.000000 223.997796 68.073929 116.671867 64.000000 12.098686 74.722451 130.924273 256.000000 242.042565 46.894709 99.521938 0.000000 10.205577 44.141733 101.486815 256.000000 253.607739
9.250653 11.833258 64.000000 17.089609 10.334025 12.598653 256.000000 248.040278 69.111173 115.141782 64.000000 23.332566 65.434929 111.732473 256.000000 237.172112 130.506791 127.606509 64.000000 26.064666 129.787873 126.545849 256.000000 245.949253 88.109875 36.412302 0.000000 52.877971 89.813898 26.285031 256.000000 204.799952
85.116804 153.250075 0.000000 63.049128 73.346547 178.325209 256.000000 200.992222 107.868685 160.927658 64.000000 40.904058 102.078180 158.922391 256.000000 225.030401 61.050662 131.050965 0.000000 12.429980 71.946013 130.583458 256.000000 221.467914 21.047604 93.199838 0.000000 16.530282 20.598718 86.734373 256.000000 250.367941
58.172944 40.653816 0.000000 9.181578 63.734391 37.319909 256.000000 233.824752 119.561009 13.491424 0.000000 33.249875 89.587496 9.213684 256.000000 223.903141 36.919415 113.141022 64.000000 33.822110 47.836253 85.006742 256.000000 233.372987 40.889696 50.948538 0.000000 11.388770 43.166911 53.849415 256.000000 245.183405
5.163127 127.129047 64.000000 33.034749 12.071676 121.352980 256.000000 222.517729 121.646745 71.362347 64.000000 14.318787 121.262891 71.133645 256.000000 240.433423 23.966789 52.730016 64.000000 45.348561 25.986380 52.428940 256.000000 209.468186 27.089453 195.296627 64.000000 25.273002 32.722991 193.365733 256.000000 220.779511
82.470347 151.365082 64.000000 23.147558 79.163060 152.174376 256.000000 256.942192 97.770882 177.678844 0.000000 24.868566 97.492076 165.598325 256.000000 222.074570 184.485104 22.577491 0.000000 8.729813 246.110587 47.141845 256.000000 250.858429 62.372371 9.236544 0.000000 13.398047 69.340824 10.412525 256.000000 239.443843
17.220373 120.998302 64.000000 26.210952 15.379213 121.959649 256.000000 211.744219 49.466924 6.033058 0.000000 10.007662 45.242300 4.444564 256.000000 240.282834 45.453065 152.157955 0.000000 22.717306 45.933856 151.730485 256.000000 231.238937 82.847173 178.615924 64.000000 19.787289 79.850164 178.240405 256.000000 217.488083
129.047360 119.633291 64.000000 26.619691 124.054211 118.494016 256.000000 231.957458 30.803400 141.084089 64.000000 24.313541 40.990182 140.551540 256.000000 235.360752 70.186109 181.051036 64.000000 12.834417 68.506467 181.893551 256.000000 255.810629 45.281204 180.934733 0.000000 30.453237 90.591564 179.525515 256.000000 210.767547
9.547089 137.484202 0.000000 12.223459 10.597198 137.359013 256.000000 251.456479 94.448531 17.315880 64.000000 12.890350 116.428391 12.718378 256.000000 248.539370 148.576569 79.538273 64.000000 16.001072 145.584018 82.853556 256.000000 230.103072 78.886762 117.724633 64.000000 12.227762 74.266924 122.461447 256.000000 244.077657
68.676755 97.329518 0.000000 10.893981 80.071449 97.603189 256.000000 262.789317 149.456396 4.524131 64.000000 37.746008 141.562658 24.179962 256.000000 228.450904 64.145658 214.262895 64.000000 28.125573 31.380571 216.915891 256.000000 224.965863 72.270253 191.500533 64.000000 15.080333 71.314385 190.828155 256.000000 232.172584
41.383609 15.572596 64.000000 27.561943 121.777551 83.076318 256.000000 219.678066 5.546067 68.419742 0.000000 17.476836 5.041155 76.078853 256.000000 229.720148 16.316124 59.340291 64.000000 12.477308 19.086815 56.692578 256.000000 226.893392 160.843309 36.555700 0.000000 18.358853 159.768865 34.572924 256.000000 247.730497
