15.443827 173.900460 0.000000 11.965308 12.701275 174.388029 256.000000 235.627508 124.827124 135.111280 0.000000 15.988164 119.556015 154.168536 256.000000 258.344813 132.254745 95.617764 64.000000 18.586886 132.288778 102.900625 256.000000 218.765932 38.326205 91.274842 0.000000 13.811089 40.443640 88.092249 256.000000 254.683369
182.368996 133.143409 64.000000 17.593004 181.107029 138.294527 256.000000 243.363439 89.623795 139.454258 64.000000 10.648737 90.329713 138.307607 256.000000 234.745491 130.833116 153.031973 0.000000 14.598450 130.255984 152.440907 256.000000 235.498432 51.649022 124.440407 64.000000 11.999728 39.733211 135.014116 256.000000 238.669389
92.921684 149.083367 64.000000 10.721880 93.187562 148.584144 256.000000 230.963576 11.278489 29.342864 64.000000 16.624937 15.689805 27.581660 256.000000 233.058903 24.212991 100.730153 64.000000 9.401006 28.501140 101.350276 256.000000 256.761486 35.951702 153.881042 0.000000 24.773910 26.162945 148.092684 256.000000 204.894607
82.143225 172.209880 64.000000 15.187896 88.833345 171.622505 256.000000 235.747978 0.605618 34.451922 0.000000 11.268300 2.386611 35.956529 256.000000 244.460581 4.875125 86.550467 0.000000 30.423119 12.482235 87.513915 256.000000 220.710671 158.178264 174.542102 64.000000 14.938349 153.535516 196.122684 256.000000 247.868177
90.722300 206.812796 64.000000 13.471190 93.482000 206.273115 256.000000 242.580380 93.684138 38.207685 64.000000 15.385812 99.126371 42.825204 256.000000 252.235235 105.847369 116.797478 64.000000 11.276905 104.499575 115.858493 256.000000 268.369685 49.892187 37.287415 64.000000 30.164968 47.864904 39.811807 256.000000 232.848080
58.172944 40.653816 0.000000 9.181578 63.734391 37.319909 256.000000 233.824752 120.309173 6.165727 0.000000 11.586686 119.093307 3.733213 256.000000 257.398259 136.530042 62.118431 64.000000 15.458954 140.978960 54.573778 256.000000 253.491571 74.030536 197.001118 0.000000 30.526379 69.192676 199.010471 256.000000 238.286465
28.185555 105.637638 0.000000 30.775926 35.167456 96.739195 256.000000 222.784486 13.553318 51.330640 64.000000 12.034148 10.946902 50.512678 256.000000 240.631339 40.341053 154.911600 64.000000 8.768536 33.807640 164.238951 256.000000 243.118195 120.886653 25.189740 0.000000 24.016667 130.826069 32.251265 256.000000 240.781927
29.262478 204.425760 0.000000 17.631727 32.984402 205.756916 256.000000 253.883100 60.524124 186.992545 64.000000 21.607255 61.289087 185.507338 256.000000 249.417084 115.685365 86.907631 0.000000 17.532769 114.181987 85.446993 256.000000 226.824552 86.209215 166.836916 0.000000 26.417473 83.775091 165.548505 256.000000 218.120554
16.718587 59.277605 0.000000 20.905945 6.692265 65.552684 256.000000 228.700451 12.097740 184.303298 0.000000 16.013979 6.638180 185.440040 256.000000 226.596518 31.956840 86.672991 0.000000 20.445575 45.048389 90.714458 256.000000 221.683040 46.521562 71.949578 0.000000 11.586686 52.977847 64.880971 256.000000 245.970766
69.572307 135.447705 64.000000 16.160265 88.086982 124.405600 256.000000 229.272686 11.357169 158.736756 64.000000 37.943924 11.785013 142.982613 256.000000 223.262065 88.323542 100.934291 0.000000 9.947426 86.655818 100.619905 256.000000 254.433823 67.523829 61.390669 0.000000 9.512872 66.101738 61.937565 256.000000 243.587170
121.523498 163.905013 0.000000 17.476836 120.927553 163.397544 256.000000 234.741189 31.550964 69.746355 0.000000 12.120199 31.537958 75.051489 256.000000 228.050770 62.880427 109.382278 0.000000 13.742249 60.393487 109.305824 256.000000 240.769019 15.313413 51.961855 64.000000 78.650066 18.620264 55.702796 256.000000 198.066508
5.163127 127.129047 64.000000 33.034749 12.071676 121.352980 256.000000 222.517729 41.894729 128.676638 0.000000 26.770279 55.655640 115.037045 256.000000 214.334336 27.699311 223.360496 64.000000 12.804300 28.403422 223.432184 256.000000 236.031945 11.826329 76.868311 64.000000 48.541031 7.807198 75.444485 256.000000 218.395915
103.973642 50.783127 0.000000 12.993610 94.235671 34.254273 256.000000 236.681625 68.693144 110.341615 64.000000 11.952401 75.819742 109.619422 256.000000 227.994837 71.908678 133.023389 0.000000 8.932032 70.130027 134.287373 256.000000 243.281691 108.239642 97.626555 64.000000 8.979359 108.832544 96.815222 256.000000 253.607739
21.579144 194.973413 0.000000 29.803556 21.264591 192.494615 256.000000 212.888690 120.472304 78.864029 64.000000 16.698080 137.644362 59.180933 256.000000 259.923838 77.278762 39.951529 0.000000 8.979359 82.319436 41.315673 256.000000 245.966463 34.824840 95.730522 64.000000 17.098214 29.133589 101.166058 256.000000 234.095811
102.064362 148.479653 0.000000 10.523964 101.688049 158.656493 256.000000 248.758799 2.359631 74.636249 64.000000 16.990651 3.269567 73.087115 256.000000 218.477663 60.684555 58.460573 64.000000 11.642619 61.158209 51.818402 256.000000 226.772922 25.258995 96.375720 0.000000 10.829443 23.884538 92.926949 256.000000 245.463069
19.356131 147.362667 64.000000 17.128332 6.568060 152.601082 256.000000 246.147169 46.902838 93.312545 0.000000 23.586415 46.065838 85.776809 256.000000 243.591472 9.484584 97.905080 64.000000 29.300161 13.292531 95.409595 256.000000 246.246127 64.471196 29.882858 64.000000 20.075558 62.858795 33.901947 256.000000 233.471945
58.760845 98.979018 64.000000 32.255992 45.742220 90.178942 256.000000 231.157190 52.522338 110.110553 64.000000 11.754485 61.592113 121.634275 256.000000 241.293927 55.739924 45.150205 0.000000 9.401006 54.220564 44.331655 256.000000 249.356849 50.033649 161.175104 0.000000 14.163896 46.902880 161.201298 256.000000 260.306763
45.783578 62.109553 0.000000 11.801812 42.982778 64.253960 256.000000 253.809957 58.448844 58.321016 0.000000 12.189039 53.860471 58.270782 256.000000 229.397459 179.207438 18.132211 0.000000 34.669706 163.233793 19.172838 256.000000 228.644518 99.247616 86.645089 0.000000 36.390714 83.799253 91.418087 256.000000 210.866505
102.562905 107.144187 64.000000 14.249946 103.522555 104.520411 256.000000 232.559811 104.500402 85.448445 64.000000 19.765777 103.286240 84.321731 256.000000 246.986161 74.153193 167.339555 0.000000 23.814448 57.889880 170.657751 256.000000 221.420587 70.222724 60.143493 0.000000 15.562215 67.047804 62.929629 256.000000 222.530637
16.777522 164.832005 64.000000 67.846438 17.061224 166.623873 256.000000 193.712358 40.526467 31.338609 0.000000 15.893509 38.588982 34.124676 256.000000 220.129831 148.548847 96.899904 64.000000 16.895996 150.210502 95.991184 256.000000 232.125257 180.565675 49.925264 0.000000 35.599050 175.744987 52.588249 256.000000 218.103344
27.857740 83.771762 64.000000 82.165224 33.385389 87.815365 256.000000 194.671820 15.157573 170.446331 64.000000 24.507154 14.758825 168.579733 256.000000 229.031745 144.199602 176.502027 0.000000 40.848125 141.510327 175.496847 256.000000 212.871480 127.679980 168.588975 0.000000 32.419488 127.414318 166.252578 256.000000 240.394700
35.342480 21.728395 64.000000 17.984534 42.766215 21.570473 256.000000 234.263609 62.096035 95.335895 0.000000 11.956703 57.406738 94.117065 256.000000 256.378562 36.127033 232.691675 64.000000 23.685373 44.791056 230.726385 256.000000 258.456679 37.655033 153.227924 64.000000 13.234552 33.636993 154.167338 256.000000 224.853998
98.829856 81.614907 64.000000 35.560328 97.698396 91.313265 256.000000 236.939776 1.078058 55.351053 64.000000 10.597107 3.034707 56.710411 256.000000 232.189794 15.799413 62.172425 64.000000 14.865207 6.166602 61.106196 256.000000 253.465756 34.012198 13.216204 64.000000 24.773910 71.474385 5.651200 256.000000 235.636113
70.732104 98.828684 0.000000 24.287725 62.098518 71.977811 256.000000 230.442971 19.654171 39.729293 64.000000 12.326720 13.688595 43.806102 256.000000 239.504078 22.998995 59.695896 0.000000 17.416601 27.872796 59.257025 256.000000 247.317455 139.003009 131.048435 0.000000 23.285238 134.918113 121.755336 256.000000 240.407608
24.564615 98.704742 0.000000 14.211224 18.134645 108.095731 256.000000 237.942264 62.919975 95.139313 0.000000 11.629712 66.446815 94.249202 256.000000 234.272214 53.509220 93.366769 64.000000 12.658014 52.992551 92.115531 256.000000 235.743676 184.279813 124.049638 0.000000 40.443688 180.430545 115.849658 256.000000 204.145969
50.040536 152.985855 0.000000 11.307023 58.641909 209.272485 256.000000 251.757655 56.140467 37.750471 0.000000 18.358853 44.333902 31.624933 256.000000 236.453592 153.679927 103.589647 0.000000 26.968195 139.760867 104.106675 256.000000 219.338167 186.151082 81.333445 64.000000 38.206378 182.692175 82.136567 256.000000 231.776752
143.637673 176.206000 64.000000 16.470047 143.462527 179.996942 256.000000 238.579037 141.612211 79.407922 0.000000 11.565174 148.297515 88.217416 256.000000 234.001155 78.454029 50.187958 64.000000 22.213911 78.492311 56.937940 256.000000 227.973325 119.615129 0.871302 64.000000 19.993810 116.690051 -0.000004 256.000000 220.306234
33.479500 165.327069 0.000000 56.375920 7.668302 148.384945 256.000000 214.063278 173.068765 58.004120 0.000000 72.454437 169.674589 56.385384 256.000000 211.774337 49.719665 43.831056 64.000000 27.308094 52.056500 51.723853 256.000000 239.086734 15.441565 60.737100 64.000000 17.197172 19.290629 56.520529 256.000000 232.452248
146.542284 144.357918 64.000000 18.354550 146.778833 143.178253 256.000000 246.074026 31.183676 172.661365 64.000000 40.374848 35.056627 171.065767 256.000000 215.091580 21.995098 196.324682 0.000000 36.308966 15.900965 192.580162 256.000000 207.575077 5.071325 68.272918 64.000000 19.714147 8.970362 70.132353 256.000000 234.345357
93.356744 85.838062 64.000000 15.742921 91.269049 87.936707 256.000000 225.503678 156.749382 58.024435 64.000000 31.434211 153.765280 57.189662 256.000000 226.041493 58.373785 77.497036 0.000000 20.828499 53.697153 80.490620 256.000000 244.538027 49.014716 74.386191 0.000000 12.429980 42.592236 84.119576 256.000000 246.082631
67.046991 127.827973 0.000000 16.564702 65.176187 129.762689 256.000000 233.467643 137.946167 109.218802 0.000000 61.259280 126.656758 98.545716 256.000000 199.877869 74.960144 42.872325 64.000000 18.354550 71.614485 35.894024 256.000000 234.242096 25.125196 95.443209 0.000000 9.573107 21.740880 93.200420 256.000000 244.615472
90.209698 154.280555 64.000000 32.866950 88.473269 151.284313 256.000000 216.008017 40.628485 32.672102 64.000000 9.198788 39.844358 32.795158 256.000000 229.350131 165.994309 95.377364 64.000000 45.361468 138.321240 111.177962 256.000000 212.307849 146.621844 103.780524 0.000000 38.240798 149.053042 103.225982 256.000000 207.428792
