104.724100 156.169440 64.000000 16.650752 100.969515 159.118905 256.000000 224.780855 129.047360 119.633291 64.000000 26.619691 124.054211 118.494016 256.000000 231.957458 129.428209 87.131980 64.000000 13.311997 130.015309 85.546900 256.000000 239.060919 153.156918 117.995475 0.000000 20.514415 147.714851 128.639500 256.000000 248.139236
14.290525 96.595356 64.000000 14.301576 5.753976 98.987444 256.000000 242.812716 64.919264 32.561102 0.000000 10.773510 70.359025 32.777520 256.000000 251.714630 120.472304 78.864029 64.000000 16.698080 137.644362 59.180933 256.000000 259.923838 115.061696 9.655413 64.000000 40.680327 128.975260 26.716680 256.000000 234.229189
39.090456 122.459375 0.000000 22.274146 44.244333 116.993493 256.000000 251.516714 77.889853 85.567953 64.000000 16.285038 80.469011 80.094949 256.000000 244.641287 10.303135 4.294389 64.000000 28.190111 19.182160 3.171773 256.000000 225.826367 60.797484 221.975636 0.000000 10.141040 62.128973 221.668316 256.000000 251.968479
108.345722 54.498933 0.000000 75.681327 104.814058 54.321002 256.000000 189.698107 117.541393 91.898880 0.000000 35.822782 115.092609 90.073316 256.000000 231.970366 126.851396 14.740515 64.000000 23.422919 125.088982 12.192540 256.000000 226.346972 58.052636 225.685075 64.000000 49.466072 57.082967 224.507498 256.000000 231.884315
103.157171 43.395056 64.000000 43.231721 98.445544 42.642645 256.000000 211.800152 78.329767 199.098889 64.000000 29.222716 71.789960 196.888847 256.000000 236.827911 80.628125 184.905969 0.000000 13.690619 74.208142 199.010944 256.000000 247.016278 18.837535 24.747693 64.000000 10.214182 14.520191 22.318515 256.000000 241.268112
68.408193 128.905455 0.000000 12.309510 78.928942 113.861480 256.000000 245.996581 29.262478 204.425760 0.000000 17.631727 32.984402 205.756916 256.000000 253.883100 35.588591 58.633684 0.000000 19.357037 39.532822 60.909033 256.000000 239.805255 67.382816 48.964689 64.000000 26.671321 65.172365 53.092329 256.000000 231.454063
168.240135 11.302418 0.000000 41.906545 157.115229 6.542258 256.000000 206.370372 72.702096 13.983373 0.000000 15.613845 71.494738 15.870427 256.000000 239.026499 40.207080 146.475033 64.000000 21.482482 33.258915 148.172856 256.000000 236.539642 29.050013 77.110142 64.000000 10.235695 32.195473 79.972753 256.000000 269.406592
100.520978 195.631129 64.000000 16.323761 98.756440 196.658058 256.000000 244.658497 47.404124 56.782093 0.000000 27.867422 47.423016 61.003991 256.000000 215.668118 147.246287 126.182320 64.000000 10.029174 147.451842 126.555060 256.000000 239.263137 74.049742 57.527575 0.000000 12.021241 72.133887 52.705895 256.000000 243.582867
83.720505 137.598227 0.000000 32.230177 72.188998 146.475255 256.000000 223.778368 28.935753 130.093869 0.000000 38.929201 38.129936 108.293460 256.000000 223.997796 117.542498 174.683284 64.000000 17.851155 117.573660 173.861036 256.000000 235.455407 78.432885 57.226304 64.000000 17.373576 76.665365 53.007984 256.000000 231.901525
106.875553 18.551487 0.000000 22.502180 108.435431 23.815624 256.000000 221.080688 102.435165 101.846835 0.000000 29.476565 106.996255 110.999675 256.000000 220.508453 131.229369 99.171653 0.000000 31.692362 124.735569 97.548769 256.000000 225.611241 32.467398 6.465049 64.000000 26.800397 40.849496 7.413896 256.000000 251.030529
94.309195 185.275762 64.000000 15.385812 94.662751 185.015647 256.000000 252.691302 91.340982 46.994002 64.000000 37.264126 87.788562 45.146371 256.000000 245.729825 60.653371 57.813364 0.000000 11.100502 67.828415 55.356360 256.000000 237.856213 111.300944 53.693395 64.000000 12.692434 114.141347 59.735355 256.000000 240.304347
28.667565 216.175722 0.000000 30.603825 23.655191 218.328396 256.000000 214.996924 63.530215 180.970587 64.000000 13.264669 79.526607 196.449776 256.000000 250.131303 64.002536 193.795205 64.000000 23.706885 57.397611 194.005345 256.000000 231.613257 77.530216 20.045024 64.000000 11.986821 90.125947 16.597115 256.000000 233.054601
31.863636 86.683547 64.000000 14.688803 27.179562 84.842451 256.000000 240.652851 159.475629 62.099385 0.000000 12.391258 189.379187 45.749211 256.000000 231.548719 62.555984 214.410405 64.000000 19.735659 60.756411 214.733724 256.000000 251.232748 103.674711 36.950640 0.000000 21.542718 99.366295 37.973304 256.000000 236.789188
45.384304 146.176827 0.000000 27.850212 42.212729 144.778989 256.000000 225.262737 33.434273 104.462471 64.000000 14.546820 13.259400 112.166098 256.000000 233.394500 73.115662 177.791065 64.000000 35.478580 113.752104 141.925847 256.000000 213.516858 111.350638 94.720345 64.000000 36.962949 104.243275 98.867615 256.000000 226.691174
157.725207 52.121871 64.000000 24.339356 156.144424 53.131524 256.000000 222.960889 185.595218 68.547236 0.000000 25.526851 182.730076 67.714244 256.000000 194.689030 57.931995 87.793324 64.000000 11.208065 59.263595 91.552607 256.000000 248.930900 34.105015 226.791178 0.000000 10.394888 24.707860 234.605787 256.000000 237.309793
29.946147 153.844311 64.000000 9.362284 31.836524 155.488087 256.000000 242.976212 105.658153 47.655338 64.000000 25.987221 98.176578 33.380776 256.000000 237.051642 49.576649 73.565502 64.000000 17.197172 46.647031 70.089664 256.000000 226.544888 103.068551 190.441102 64.000000 22.747423 92.310358 208.247235 256.000000 229.724450
97.304304 12.048496 64.000000 16.065610 91.853062 15.975922 256.000000 237.916448 25.871275 116.916893 64.000000 14.060635 24.233776 114.469169 256.000000 245.802968 68.458456 97.072009 64.000000 12.860232 76.500327 102.528635 256.000000 237.701322 106.352396 19.300249 0.000000 13.802484 105.529300 19.672107 256.000000 249.571975
147.221033 52.833153 64.000000 10.747695 153.982162 39.153536 256.000000 229.535139 44.140782 44.708616 64.000000 11.216670 46.614640 40.100553 256.000000 260.500376 36.195558 138.182978 64.000000 52.873668 30.180204 108.928005 256.000000 213.189866 61.189087 59.670809 0.000000 20.944667 89.657305 53.948840 256.000000 240.278532
55.828980 34.006345 0.000000 11.986821 59.985369 35.944773 256.000000 238.927541 50.967238 62.188538 64.000000 8.699695 49.592733 59.912065 256.000000 255.251302 29.669936 126.116858 64.000000 18.044769 33.509651 126.609618 256.000000 231.316383 127.029964 41.753204 0.000000 23.379894 118.135356 34.721144 256.000000 217.746235
173.826325 86.343700 64.000000 40.293100 164.016867 75.063773 256.000000 206.641431 39.130405 214.491964 64.000000 36.713403 36.783056 208.884767 256.000000 219.949125 137.268584 15.051349 64.000000 21.099558 134.575720 14.226598 256.000000 235.760886 84.697391 224.212200 64.000000 16.706685 88.005298 224.987984 256.000000 230.864618
26.098249 156.443296 64.000000 21.727726 27.913878 157.807282 256.000000 230.899038 175.351345 64.527758 0.000000 19.727054 174.838480 67.673760 256.000000 229.380249 32.334751 126.288065 64.000000 35.168798 29.365489 121.935582 256.000000 223.399746 45.755667 141.218735 0.000000 14.069240 54.750509 148.338749 256.000000 239.921423
86.240676 107.697598 0.000000 17.567189 75.580435 136.538080 256.000000 241.651036 60.736013 29.296227 0.000000 9.482754 64.182224 23.320040 256.000000 258.250158 77.693225 143.632307 0.000000 8.901914 77.130242 142.372467 256.000000 256.335537 95.974967 107.349995 64.000000 9.667762 95.454144 107.572164 256.000000 241.612313
9.379298 173.432851 0.000000 13.527123 12.155849 177.451769 256.000000 257.023940 0.921738 79.650640 64.000000 9.276233 0.921295 77.923387 256.000000 245.260850 58.093862 120.111551 64.000000 16.616332 57.811069 118.066047 256.000000 243.062262 84.084380 57.956956 0.000000 31.881673 57.218660 33.392400 256.000000 236.419171
54.609775 137.292407 64.000000 8.936334 49.852000 143.404751 256.000000 246.512883 165.222055 14.368304 64.000000 46.144527 153.140287 8.989713 256.000000 214.459109 118.353189 46.170409 64.000000 13.841207 117.208893 45.797407 256.000000 237.068852 104.022325 99.088260 0.000000 24.902986 104.811847 94.821456 256.000000 244.340111
10.742836 27.627824 0.000000 9.284838 7.385667 28.892633 256.000000 258.680410 97.108227 106.781964 64.000000 8.747023 97.141222 105.962004 256.000000 256.210763 79.160867 108.490873 64.000000 20.940365 80.316225 103.260384 256.000000 210.423346 163.979844 115.131871 0.000000 39.178747 158.267951 114.744727 256.000000 225.972653
41.975587 71.764898 0.000000 19.653911 41.787287 82.948356 256.000000 246.904413 35.479602 214.118636 64.000000 15.902114 40.362047 214.904998 256.000000 239.671877 31.316693 133.275080 64.000000 45.331351 22.293304 130.921407 256.000000 219.673764 33.884593 99.436165 0.000000 9.667762 35.840022 97.529395 256.000000 248.874967
153.319971 57.742800 0.000000 24.911591 151.904069 78.449427 256.000000 239.607339 168.220205 67.506122 64.000000 57.847381 155.965465 65.607033 256.000000 194.719148 95.135831 195.090295 64.000000 9.818351 100.592029 196.401156 256.000000 237.021524 78.187447 83.806511 64.000000 10.575594 76.698942 83.350284 256.000000 264.815803
119.561009 13.491424 0.000000 33.249875 89.587496 9.213684 256.000000 223.903141 92.921684 149.083367 64.000000 10.721880 93.187562 148.584144 256.000000 230.963576 48.587464 195.872418 64.000000 23.285238 49.182605 193.615165 256.000000 244.365926 96.264164 112.989044 64.000000 27.123086 94.972973 113.882147 256.000000 229.500719
16.732105 103.885873 64.000000 12.787089 10.233678 105.868785 256.000000 257.893049 70.732104 98.828684 0.000000 24.287725 62.098518 71.977811 256.000000 230.442971 98.728236 132.672549 64.000000 25.651624 103.194885 125.272420 256.000000 244.094867 84.653578 218.273285 0.000000 22.489272 86.015591 217.375867 256.000000 219.686671
51.339338 60.796651 0.000000 13.591661 51.084987 54.647935 256.000000 233.635441 26.652920 118.370676 64.000000 9.775325 22.983507 116.779675 256.000000 233.884987 124.696375 37.843847 64.000000 39.944596 149.004498 191.801185 256.000000 230.331106 183.926145 28.614742 64.000000 30.517774 182.609365 32.762067 256.000000 224.479678
150.953773 78.095478 64.000000 24.421104 150.340029 79.422125 256.000000 250.561555 126.685978 52.513716 64.000000 13.049543 127.249775 47.647140 256.000000 225.125056 43.004689 108.808224 64.000000 28.813976 40.599342 107.416838 256.000000 225.671477 57.907642 151.998678 0.000000 18.543861 60.751596 153.092665 256.000000 246.607539
28.130504 153.594549 0.000000 19.765777 25.213433 152.043469 256.000000 228.562770 15.931602 131.644269 64.000000 11.513544 13.473002 131.712433 256.000000 231.738030 106.164738 20.007655 0.000000 9.624737 202.340300 30.829687 256.000000 241.225086 98.865836 79.969220 0.000000 20.419760 102.049502 72.049715 256.000000 222.384351
