109.952689 33.821436 0.000000 10.674552 108.853456 31.638195 256.000000 238.574734 60.896091 222.667844 0.000000 10.859560 67.294905 225.239976 256.000000 233.394500 154.653144 98.069504 0.000000 27.239254 145.645758 96.071140 256.000000 218.473361 2.806311 105.646904 64.000000 32.432396 9.371475 102.622509 256.000000 228.945694
7.084416 120.624135 0.000000 20.621978 11.450804 120.421480 256.000000 254.188579 146.404731 78.182707 0.000000 10.222788 148.831656 82.190160 256.000000 228.511140 63.516565 130.275618 64.000000 13.673409 64.216416 128.633415 256.000000 238.764045 28.628238 77.577960 64.000000 10.764905 28.183820 84.903264 256.000000 245.592144
54.215078 92.453676 0.000000 19.154819 74.975095 86.169638 256.000000 219.746906 67.758640 82.435720 64.000000 31.090010 56.862264 72.994607 256.000000 233.437525 74.443505 151.239495 0.000000 28.327792 85.114005 129.550442 256.000000 242.735271 113.468633 84.096015 64.000000 12.688131 115.961493 88.334045 256.000000 222.272486
151.300249 153.870095 0.000000 12.756972 146.854976 152.464176 256.000000 228.687543 26.070609 150.403436 0.000000 17.644635 22.786273 150.544596 256.000000 234.125928 131.527216 122.963213 64.000000 38.305336 122.757565 103.821824 256.000000 219.738301 30.026451 59.621100 64.000000 20.071256 19.329796 65.854378 256.000000 237.963776
45.371458 191.393325 64.000000 32.548564 45.944835 189.269635 256.000000 237.146297 110.987427 86.211798 0.000000 27.979288 107.569058 73.634915 256.000000 231.953156 42.557536 19.329831 64.000000 9.740905 41.343715 19.383675 256.000000 239.241625 31.521409 76.369736 64.000000 15.992467 33.104307 80.159671 256.000000 253.741117
107.826658 49.240525 0.000000 21.086651 103.235115 53.739053 256.000000 234.005458 186.494567 66.827056 64.000000 13.987493 187.780115 63.350522 256.000000 246.233220 18.793880 116.342107 64.000000 13.062451 20.429240 123.836580 256.000000 250.871336 70.248993 139.091529 0.000000 9.357981 69.767495 139.003267 256.000000 270.103601
34.338016 146.669345 64.000000 23.229305 32.444102 143.208464 256.000000 240.790532 121.295460 84.979211 64.000000 27.359725 117.838256 81.797355 256.000000 223.881628 90.623665 76.589364 0.000000 11.453308 89.523520 75.939436 256.000000 253.530294 49.417305 79.917485 64.000000 36.653168 61.903573 58.233155 256.000000 212.768219
150.369575 122.179767 64.000000 10.377678 152.552218 121.064765 256.000000 249.658026 88.675313 120.144640 64.000000 11.784602 87.759976 127.605458 256.000000 245.467371 61.327762 97.307067 64.000000 9.577410 62.191680 95.845491 256.000000 239.736414 18.837535 24.747693 64.000000 10.214182 14.520191 22.318515 256.000000 241.268112
22.302367 13.780002 64.000000 34.093168 21.065949 20.882975 256.000000 238.170297 86.190631 213.149231 0.000000 10.988636 101.308224 219.073276 256.000000 261.537283 180.904105 87.902444 64.000000 37.406109 177.070344 86.695196 256.000000 218.593831 58.220095 174.707680 64.000000 11.384468 221.087651 253.837624 256.000000 209.494001
30.423956 11.874464 0.000000 22.876499 30.590880 15.805967 256.000000 260.655267 39.669145 36.135285 0.000000 10.743392 38.885196 37.179896 256.000000 231.264753 107.357842 164.456444 0.000000 16.409811 111.253740 163.561815 256.000000 224.841090 47.886696 57.237067 0.000000 22.218213 48.257762 64.277667 256.000000 216.180117
84.035451 70.293936 64.000000 17.709172 82.737115 69.356382 256.000000 217.931243 90.280398 200.981644 64.000000 18.668634 91.120215 200.948415 256.000000 224.505494 34.218727 67.049482 64.000000 22.411827 32.220713 52.927222 256.000000 233.394500 45.174371 94.850118 0.000000 41.213839 58.268271 91.865520 256.000000 205.793834
122.348936 110.995287 0.000000 11.143527 119.890209 113.292418 256.000000 244.447674 65.223040 58.899631 0.000000 35.039723 57.230173 57.425175 256.000000 217.359008 153.877229 162.902711 64.000000 62.291885 153.651149 164.894435 256.000000 181.011319 68.676755 97.329518 0.000000 10.893981 80.071449 97.603189 256.000000 262.789317
89.560045 183.848382 64.000000 10.747695 88.494069 183.940885 256.000000 226.355577 13.651300 4.527822 64.000000 9.792536 14.959084 3.914278 256.000000 250.961689 119.058278 32.172189 0.000000 23.668163 117.019845 34.182271 256.000000 229.530837 155.531627 134.972767 0.000000 36.825269 148.151100 134.853240 256.000000 215.569160
16.933209 79.529665 0.000000 23.711188 20.921607 63.080289 256.000000 226.002771 142.965671 185.970033 0.000000 23.990852 128.374420 198.523238 256.000000 234.599206 160.157011 5.276680 64.000000 20.970482 159.556962 3.579529 256.000000 238.923238 83.881080 179.399960 0.000000 35.874412 84.544349 174.426575 256.000000 213.749194
22.483109 64.867433 64.000000 11.543661 23.275484 62.874809 256.000000 260.909115 34.808618 77.658471 0.000000 21.938549 44.048896 77.742629 256.000000 220.689158 64.687129 6.903504 0.000000 27.996498 101.731467 39.558956 256.000000 225.103544 162.245904 114.677978 0.000000 20.583256 164.398287 106.560916 256.000000 199.189466
120.131300 95.922253 64.000000 22.756028 119.344667 94.481144 256.000000 228.369157 58.535515 21.703302 0.000000 25.440801 55.598349 27.464729 256.000000 221.674435 24.195180 91.397847 0.000000 17.068097 27.868476 107.730669 256.000000 214.618303 68.045887 55.349971 64.000000 12.442888 71.854453 56.422498 256.000000 253.840075
36.747171 90.241693 64.000000 18.987021 39.445645 88.666615 256.000000 257.475704 100.934615 51.768831 64.000000 17.532769 99.247660 50.494000 256.000000 231.793962 125.017922 11.136875 64.000000 21.787961 125.068467 11.186591 256.000000 241.616616 111.538225 49.414282 64.000000 11.315628 116.882809 42.972840 256.000000 248.354362
134.043578 154.824127 64.000000 17.317643 138.955380 149.716720 256.000000 219.746906 79.500758 214.649080 0.000000 34.540631 78.767962 213.942140 256.000000 211.223614 171.756169 97.278235 64.000000 50.890207 173.679142 92.712084 256.000000 225.082031 27.323335 125.379529 64.000000 11.109107 24.412125 125.734645 256.000000 258.628780
6.752664 144.168171 64.000000 43.928729 8.539953 131.567016 256.000000 208.168825 56.800791 182.492545 0.000000 11.083292 57.420520 182.318491 256.000000 231.540114 56.003727 88.560378 0.000000 17.519861 60.262858 95.827624 256.000000 248.393085 13.750282 10.684022 64.000000 22.420432 23.384805 11.923582 256.000000 240.549591
2.372933 169.499325 0.000000 31.980631 6.331631 167.897811 256.000000 217.729025 121.760667 161.875527 0.000000 15.398719 121.404045 161.797715 256.000000 239.189994 159.272715 149.674216 0.000000 40.034949 136.460920 146.499356 256.000000 211.559211 41.942809 94.164776 0.000000 18.130819 12.363785 97.294225 256.000000 250.677723
4.693642 124.230309 0.000000 15.527795 7.162362 124.965491 256.000000 254.235907 24.836069 121.766304 64.000000 31.696665 22.029535 114.847582 256.000000 211.886202 93.082513 66.563940 64.000000 27.906145 95.025660 70.839235 256.000000 221.627108 77.850887 108.959182 64.000000 24.115625 75.704853 106.097731 256.000000 244.090565
84.653578 218.273285 0.000000 22.489272 86.015591 217.375867 256.000000 219.686671 17.695435 158.722247 0.000000 12.619291 20.932733 161.241327 256.000000 228.941392 31.153305 176.368505 0.000000 21.056533 21.794084 181.319244 256.000000 240.657154 10.742836 27.627824 0.000000 9.284838 7.385667 28.892633 256.000000 258.680410
90.170676 58.843735 0.000000 35.078446 84.162544 61.515293 256.000000 207.209363 5.470371 185.947998 64.000000 20.449878 1.686704 180.753358 256.000000 242.180246 68.073929 116.671867 64.000000 12.098686 74.722451 130.924273 256.000000 242.042565 56.216573 55.302718 64.000000 31.012564 49.895987 54.377133 256.000000 210.965463
34.491671 142.342140 0.000000 28.512800 22.526360 136.291269 256.000000 225.761829 64.906593 33.819460 0.000000 18.246987 59.952438 33.324735 256.000000 251.017622 39.026744 92.786185 0.000000 16.229105 34.798407 91.434885 256.000000 243.294598 67.789505 37.951442 64.000000 21.387827 70.713189 44.353738 256.000000 242.941792
184.279813 124.049638 0.000000 40.443688 180.430545 115.849658 256.000000 204.145969 14.370065 126.734165 64.000000 26.864935 23.108011 83.295036 256.000000 240.954028 53.783345 117.106716 0.000000 12.825812 57.387602 115.798205 256.000000 243.118195 6.121129 50.540804 64.000000 24.386683 4.619609 37.717415 256.000000 253.013991
51.445296 69.475296 0.000000 9.237510 58.519256 65.565896 256.000000 242.317926 99.870884 142.082678 64.000000 15.962349 139.385895 235.262789 256.000000 230.051442 78.432885 57.226304 64.000000 17.373576 76.665365 53.007984 256.000000 231.901525 58.726013 100.350331 64.000000 17.683357 66.840471 96.155435 256.000000 237.021524
49.459344 201.804356 64.000000 11.173644 45.796444 203.579418 256.000000 241.246599 175.543178 85.086227 0.000000 19.963693 174.736551 86.618920 256.000000 235.455407 52.007027 47.781640 64.000000 18.410483 56.414258 28.284340 256.000000 245.385623 51.145773 39.748740 0.000000 9.697880 56.182845 40.607776 256.000000 248.801824
51.339338 60.796651 0.000000 13.591661 51.084987 54.647935 256.000000 233.635441 57.596967 26.205858 64.000000 10.493846 55.812840 22.991004 256.000000 248.956715 22.076067 155.262211 64.000000 30.913606 27.291138 152.517435 256.000000 231.811173 28.185555 105.637638 0.000000 30.775926 35.167456 96.739195 256.000000 222.784486
149.856107 180.420089 0.000000 20.479995 147.349976 180.802047 256.000000 229.793291 29.050013 77.110142 64.000000 10.235695 32.195473 79.972753 256.000000 269.406592 48.067818 140.240185 0.000000 21.000600 47.820120 137.225095 256.000000 219.647949 111.657409 68.406251 64.000000 20.927457 112.543155 50.986387 256.000000 212.652051
49.425802 35.719075 64.000000 17.963021 46.692842 36.595858 256.000000 248.177959 92.065840 214.577371 0.000000 23.698280 101.333080 211.969775 256.000000 251.336008 84.084380 57.956956 0.000000 31.881673 57.218660 33.392400 256.000000 236.419171 38.642693 106.380775 64.000000 43.593133 34.592095 102.946591 256.000000 214.132118
2.768664 166.534965 0.000000 13.010820 2.371824 165.215427 256.000000 248.332849 75.990789 20.417165 64.000000 18.092097 74.838164 21.240980 256.000000 220.349259 161.946647 42.646807 64.000000 26.572364 161.525224 43.618820 256.000000 237.370028 150.043907 177.554867 0.000000 13.329207 149.310547 178.797511 256.000000 261.412510
91.071400 93.339320 64.000000 14.968467 91.139722 91.120409 256.000000 240.140851 8.380000 40.071644 64.000000 10.123830 3.380902 40.818485 256.000000 248.715774 134.451662 190.570024 0.000000 28.788161 134.307729 186.378338 256.000000 230.847408 78.044680 161.285582 0.000000 16.900299 69.572356 165.528936 256.000000 243.027842
