7.181407 91.196636 64.000000 72.157563 5.112496 89.648982 256.000000 178.120025 51.339338 60.796651 0.000000 13.591661 51.084987 54.647935 256.000000 233.635441 107.327693 20.001711 0.000000 10.859560 106.929507 22.111682 256.000000 223.339511 64.286815 50.635289 64.000000 16.052702 62.493636 52.732860 256.000000 243.436582
5.378222 113.953811 64.000000 23.823053 19.588169 117.065044 256.000000 235.352147 5.524511 18.213415 64.000000 10.011964 7.779247 12.352327 256.000000 268.989248 45.371458 191.393325 64.000000 32.548564 45.944835 189.269635 256.000000 237.146297 102.434607 152.838191 64.000000 16.547492 103.400076 151.368124 256.000000 232.964248
57.907642 151.998678 0.000000 18.543861 60.751596 153.092665 256.000000 246.607539 80.822089 145.803753 0.000000 16.723895 82.602307 144.003569 256.000000 259.635569 86.382451 168.375585 0.000000 21.030718 87.688062 168.014135 256.000000 240.799137 22.483109 64.867433 64.000000 11.543661 23.275484 62.874809 256.000000 260.909115
37.034860 29.058287 64.000000 17.386483 38.017929 31.147805 256.000000 223.339511 24.642498 12.323085 0.000000 22.635558 31.728138 13.537602 256.000000 240.678666 63.304462 2.971869 0.000000 18.573979 63.876173 5.497211 256.000000 237.546432 48.292851 12.385653 0.000000 27.161809 77.825796 82.409104 256.000000 229.375946
156.604135 42.756353 64.000000 12.602081 157.266504 42.951296 256.000000 243.647405 84.653578 218.273285 0.000000 22.489272 86.015591 217.375867 256.000000 219.686671 149.990075 73.149047 64.000000 23.311053 151.287745 78.148645 256.000000 247.627236 72.768691 183.442273 0.000000 22.540902 85.008535 179.415085 256.000000 236.380449
49.719665 43.831056 64.000000 27.308094 52.056500 51.723853 256.000000 239.086734 57.887167 74.034560 64.000000 30.969539 46.006238 74.499169 256.000000 219.174671 47.404124 56.782093 0.000000 27.867422 47.423016 61.003991 256.000000 215.668118 82.114258 189.108198 64.000000 14.611358 82.421942 188.768529 320.000000 237.456079
27.323335 125.379529 64.000000 11.109107 24.412125 125.734645 256.000000 258.628780 28.491825 29.640015 0.000000 42.676696 24.693718 41.806180 256.000000 220.899982 60.969207 61.452349 64.000000 38.090210 65.407462 99.406040 256.000000 223.799880 106.548775 175.091702 0.000000 15.428837 107.809227 176.075142 256.000000 232.632954
79.395465 119.694622 0.000000 11.539359 79.161347 119.904685 256.000000 255.900982 115.935044 106.047860 0.000000 10.119527 114.212253 112.037613 256.000000 241.513355 98.360329 74.379551 0.000000 26.297002 94.694455 76.318693 256.000000 232.594231 62.564709 172.780478 0.000000 28.986077 59.449529 170.570662 256.000000 237.826096
24.475782 165.971629 0.000000 12.236367 27.233280 166.993496 256.000000 232.310265 33.884593 99.436165 0.000000 9.667762 35.840022 97.529395 256.000000 248.874967 94.548553 102.447311 0.000000 9.413914 98.741955 98.423227 256.000000 251.275773 50.206533 105.883635 64.000000 17.812433 52.442360 102.092095 256.000000 231.738030
159.808167 99.097080 64.000000 11.281207 159.384336 102.718131 256.000000 241.526263 88.481100 11.678998 64.000000 10.653040 90.163145 12.399587 256.000000 234.095811 8.914515 57.462842 0.000000 9.078317 10.021540 59.149860 256.000000 243.169825 3.670638 119.854302 0.000000 18.165239 12.205184 130.190871 256.000000 239.271742
22.328273 46.549096 64.000000 24.563087 11.323225 51.715009 256.000000 224.397931 98.219449 154.243025 64.000000 234.840147 96.511273 150.019949 256.000000 27.097271 49.640147 113.028795 64.000000 11.074686 51.048415 120.879238 256.000000 235.743676 119.290305 87.546973 0.000000 14.288669 118.817613 89.562053 256.000000 257.923166
128.638389 69.605995 64.000000 80.607712 136.709815 77.394011 256.000000 173.830413 29.713513 92.919611 0.000000 25.113809 35.026853 91.475105 256.000000 235.438197 116.169195 31.991422 0.000000 23.676768 117.336875 36.883958 256.000000 230.498904 20.955538 71.859676 64.000000 15.841879 26.423864 72.204293 256.000000 228.803711
44.405127 58.302631 64.000000 12.068569 46.370195 61.319327 256.000000 248.939505 64.662605 11.181360 0.000000 44.939821 55.699544 34.915304 256.000000 196.220727 60.594265 28.603562 64.000000 12.812905 65.239616 30.453502 256.000000 230.485996 14.030765 16.218598 64.000000 10.997241 12.600456 16.723575 256.000000 261.201687
4.992951 181.424720 0.000000 19.202147 20.148673 187.752198 256.000000 249.240681 104.449642 160.840587 64.000000 11.935190 106.281931 159.681196 320.000000 246.818362 103.634538 165.620035 64.000000 19.103189 98.331653 169.306302 256.000000 209.136892 22.998995 59.695896 0.000000 17.416601 27.872796 59.257025 256.000000 247.317455
71.023216 63.951844 0.000000 20.828499 72.865535 60.527355 256.000000 255.100713 104.852309 154.741280 64.000000 15.114753 116.107822 155.384298 256.000000 236.221256 121.834673 90.374844 0.000000 14.684501 120.632485 88.024182 256.000000 233.058903 81.332311 23.054516 0.000000 9.147158 81.020665 24.700953 320.000000 233.854870
29.946147 153.844311 64.000000 9.362284 31.836524 155.488087 256.000000 242.976212 168.240135 11.302418 0.000000 41.906545 157.115229 6.542258 256.000000 206.370372 46.049033 4.126431 64.000000 25.363355 42.629593 5.808533 256.000000 240.928212 30.594424 117.150195 64.000000 42.267956 30.510105 123.355755 256.000000 208.069867
22.586236 125.889958 64.000000 12.610686 21.454209 124.750631 256.000000 225.383208 68.490764 22.267918 0.000000 32.436698 64.191864 25.417991 256.000000 227.766804 52.606580 130.216540 0.000000 12.645106 54.430220 128.848576 256.000000 255.092108 50.114744 29.301131 0.000000 22.588230 45.057295 26.449707 256.000000 244.150800
115.061696 9.655413 64.000000 40.680327 128.975260 26.716680 256.000000 234.229189 130.539300 70.144553 0.000000 8.802956 131.964300 74.734276 256.000000 250.608882 12.881842 105.930407 64.000000 11.608199 8.669916 114.052153 256.000000 220.951612 66.651055 88.766507 64.000000 16.814248 64.189540 87.712175 256.000000 245.415741
45.418075 12.638735 64.000000 19.421575 41.598425 13.417487 256.000000 232.753424 94.506133 105.529787 0.000000 21.710516 94.159422 103.381629 256.000000 249.038463 63.314353 129.041467 64.000000 33.921068 71.427120 130.157224 256.000000 211.258035 40.207080 146.475033 64.000000 21.482482 33.258915 148.172856 256.000000 236.539642
90.350904 11.028051 0.000000 20.406852 85.184633 9.819584 256.000000 233.747307 84.084380 57.956956 0.000000 31.881673 57.218660 33.392400 256.000000 236.419171 50.267040 9.643025 0.000000 20.699424 63.765180 8.912740 256.000000 240.222599 65.280440 73.275129 0.000000 16.117240 54.983560 67.066862 256.000000 231.286265
31.660936 36.500387 0.000000 19.739962 41.366436 20.282347 256.000000 241.466027 13.656287 63.185929 0.000000 10.532569 11.295011 66.024895 256.000000 237.714230 152.761169 36.093205 64.000000 40.241470 145.420842 35.643447 256.000000 212.647748 76.394438 87.966216 64.000000 16.117240 75.379951 95.895389 256.000000 249.296614
117.644735 80.892209 0.000000 48.824997 107.854322 60.464051 256.000000 208.108590 88.618120 25.502664 64.000000 24.119927 85.280796 23.907898 256.000000 221.825024 26.662476 56.202618 0.000000 10.377678 30.467562 51.099275 256.000000 247.046396 26.053915 137.631820 0.000000 11.010149 30.503336 140.961449 256.000000 240.549591
14.363144 53.227544 0.000000 46.178947 9.928905 52.256224 256.000000 202.726137 180.565675 49.925264 0.000000 35.599050 175.744987 52.588249 256.000000 218.103344 33.716545 44.753367 0.000000 8.815863 33.372135 46.024209 256.000000 247.752009 110.210865 13.316127 0.000000 50.481467 116.592729 15.847740 256.000000 184.023083
32.522851 108.533384 64.000000 20.333710 34.882400 105.742916 256.000000 243.471002 42.990698 68.049175 64.000000 15.958047 39.475462 70.606084 256.000000 250.286193 14.319947 211.071262 0.000000 11.651224 21.839251 215.318816 256.000000 252.562227 80.353758 53.508256 0.000000 17.326248 78.369678 45.292502 256.000000 234.440012
11.421742 95.545187 0.000000 12.907560 6.978993 95.032204 256.000000 245.381321 159.655249 45.624331 64.000000 17.941508 158.225095 45.414704 256.000000 238.643574 130.924116 96.402669 0.000000 21.465272 129.605998 96.426053 256.000000 249.150328 25.258995 96.375720 0.000000 10.829443 23.884538 92.926949 256.000000 245.463069
110.728531 118.487585 64.000000 65.062707 108.628373 114.099815 256.000000 201.727953 85.461275 127.703453 0.000000 35.241941 78.345653 127.214587 256.000000 195.028929 161.316671 27.727533 64.000000 11.384468 173.847695 24.261209 256.000000 255.126528 177.462898 77.332622 0.000000 20.338012 176.707171 77.291805 256.000000 236.324516
155.531627 134.972767 0.000000 36.825269 148.151100 134.853240 256.000000 215.569160 27.566324 203.639398 64.000000 13.957375 22.463764 206.709980 256.000000 232.112349 72.544691 92.294555 64.000000 16.715290 73.480340 87.675265 256.000000 230.714030 2.544538 105.740947 0.000000 38.993739 23.165204 100.272358 256.000000 223.292183
70.186109 181.051036 64.000000 12.834417 68.506467 181.893551 256.000000 255.810629 3.050340 42.109927 0.000000 64.572220 9.617251 45.424149 256.000000 182.775352 59.823938 43.006298 0.000000 23.788633 66.575558 77.741669 256.000000 231.841290 49.139158 156.175842 0.000000 25.797910 53.660927 151.327691 256.000000 237.834701
128.092295 123.897553 64.000000 31.034077 127.313840 118.181515 256.000000 230.395643 40.556811 37.664125 64.000000 23.827356 45.506375 39.457124 256.000000 234.633626 107.173578 85.154125 0.000000 20.613373 104.785133 85.571400 256.000000 232.271542 46.665349 99.270213 64.000000 58.441129 45.774451 97.515585 256.000000 191.741804
88.673895 31.046265 64.000000 31.124430 89.829105 38.183251 256.000000 226.101729 197.757524 60.892205 0.000000 42.065738 194.354502 59.938664 256.000000 206.869464 88.495811 159.436667 0.000000 12.115896 86.320729 164.451902 256.000000 255.079201 9.711218 130.777976 0.000000 27.979288 7.369576 130.193920 256.000000 234.319542
4.158878 4.415322 0.000000 21.267356 5.439978 7.520665 256.000000 218.215209 3.850358 56.808684 64.000000 13.544333 1.275049 50.796624 256.000000 238.828583 101.694889 61.367400 64.000000 29.287254 96.478349 57.961256 256.000000 231.643374 24.195180 91.397847 0.000000 17.068097 27.868476 107.730669 256.000000 214.618303
59.327098 68.003565 64.000000 12.189039 62.064053 63.624916 256.000000 251.129487 66.836358 42.210073 0.000000 29.003287 70.883471 56.940798 256.000000 219.781327 43.455135 158.099945 64.000000 26.886447 47.875031 157.688055 256.000000 237.055944 90.209698 154.280555 64.000000 32.866950 88.473269 151.284313 256.000000 216.008017
