18.103691 4.592351 64.000000 213.981530 16.426576 2.806809 256.000000 47.680527 82.006600 64.011020 0.000000 23.160465 70.984858 56.617796 256.000000 233.058903 116.927267 50.514565 64.000000 15.949442 116.425447 50.378444 256.000000 233.884987 128.804040 148.781818 0.000000 26.245372 135.315860 134.567553 256.000000 218.744419
152.312395 135.787160 64.000000 27.656599 152.673429 137.780225 256.000000 218.314167 46.902838 93.312545 0.000000 23.586415 46.065838 85.776809 256.000000 243.591472 21.143962 32.566358 64.000000 26.426078 17.679482 40.231813 256.000000 237.490499 45.371458 191.393325 64.000000 32.548564 45.944835 189.269635 256.000000 237.146297
16.284620 71.552735 64.000000 30.289741 19.257740 70.593173 256.000000 225.400418 49.470816 13.199765 64.000000 14.391929 42.371545 5.497920 256.000000 246.512883 101.901313 115.930475 64.000000 16.629240 101.016635 114.754202 256.000000 245.549119 56.620029 43.182800 0.000000 10.429308 61.308098 45.757582 256.000000 226.239409
62.775556 61.175355 0.000000 14.056333 84.230760 59.227985 256.000000 237.740045 40.658213 76.527298 64.000000 8.893309 39.447316 75.319222 256.000000 257.677923 50.661320 13.343282 0.000000 94.427406 50.759442 17.372767 256.000000 154.550821 56.456469 88.981484 64.000000 12.283695 55.094705 94.549540 256.000000 255.139436
111.637507 186.110545 0.000000 25.488128 114.299111 183.536233 256.000000 244.649892 112.365862 35.180280 0.000000 26.748767 114.968247 39.595618 256.000000 224.643174 20.034225 35.666987 0.000000 32.105404 30.527764 29.790598 256.000000 218.395915 91.625231 59.369316 0.000000 9.710788 97.144800 63.579778 256.000000 248.083303
25.086847 44.216236 0.000000 22.127860 22.591904 45.058098 256.000000 241.775809 92.168947 143.467780 0.000000 9.121342 92.208745 144.087784 256.000000 235.180046 60.550665 104.422058 0.000000 41.829099 57.400095 101.759451 256.000000 224.677594 71.408536 20.798018 0.000000 23.659557 65.144698 20.323435 256.000000 215.990807
108.269135 30.678375 64.000000 27.131691 115.198393 39.756293 256.000000 224.823880 78.265722 62.911685 0.000000 27.269372 72.669253 66.207731 256.000000 227.211779 4.966942 141.416887 0.000000 14.077845 1.257238 139.361949 256.000000 238.273558 118.593547 84.944075 64.000000 9.035292 117.103122 84.730100 256.000000 258.323301
31.956840 86.672991 0.000000 20.445575 45.048389 90.714458 256.000000 221.683040 83.720505 137.598227 0.000000 32.230177 72.188998 146.475255 256.000000 223.778368 8.702293 178.268000 0.000000 35.762546 14.497282 171.700444 256.000000 201.616087 103.464347 23.560178 0.000000 12.335325 102.290080 21.920531 256.000000 258.465284
147.993624 116.040238 0.000000 37.926714 140.706900 112.123869 256.000000 239.138364 170.873224 72.239276 0.000000 30.973841 170.252569 63.873482 256.000000 216.360823 158.178264 174.542102 64.000000 14.938349 153.535516 196.122684 256.000000 247.868177 178.365764 18.641527 64.000000 12.012636 185.600584 21.865107 256.000000 232.628651
49.687262 159.698338 64.000000 10.270115 51.537882 161.015209 256.000000 249.146026 18.961227 190.167156 0.000000 14.632871 33.268118 197.655020 256.000000 218.103344 11.234502 162.589795 64.000000 41.747352 14.092980 159.458022 256.000000 204.855885 6.854051 201.030160 0.000000 9.835561 7.654138 200.552518 256.000000 243.694733
85.005984 179.346047 0.000000 16.147358 92.355156 177.921355 256.000000 230.597862 97.726187 48.260627 0.000000 21.620163 111.064000 58.825716 256.000000 231.901525 16.518871 58.171058 64.000000 23.203490 21.380204 59.078296 256.000000 230.159005 152.094071 105.263680 64.000000 18.100702 151.206073 105.905960 256.000000 231.096954
63.531215 46.181540 64.000000 25.875355 51.510355 44.914173 256.000000 237.000012 73.327024 68.915895 0.000000 56.767449 71.376355 66.825856 256.000000 198.600021 77.421467 108.178056 0.000000 28.607455 88.259784 89.769565 256.000000 237.524919 22.434842 105.241729 64.000000 21.848197 16.313800 122.831256 256.000000 240.622734
55.833224 50.972642 64.000000 9.499964 58.986071 50.294145 256.000000 260.027099 35.702207 48.098267 64.000000 24.644835 42.931751 60.875165 256.000000 208.766875 13.921880 27.833013 64.000000 8.695393 15.340996 28.094840 256.000000 247.657354 146.444667 37.685045 64.000000 38.851756 106.277769 39.989149 256.000000 195.583954
169.906911 35.875727 0.000000 17.756500 169.583738 36.592620 256.000000 236.660113 84.387898 16.284607 0.000000 28.340699 91.824376 27.616747 256.000000 231.996181 28.401340 125.611015 64.000000 12.748367 32.770231 128.076513 256.000000 252.192210 138.967133 136.604111 64.000000 99.358094 145.510653 151.285293 256.000000 169.024498
29.694536 47.710027 64.000000 25.182650 17.141520 41.389595 256.000000 259.609754 124.696375 37.843847 64.000000 39.944596 149.004498 191.801185 256.000000 230.331106 9.941307 54.943353 0.000000 11.427493 13.486249 50.052147 256.000000 219.656554 70.799038 75.032696 64.000000 9.930216 69.181987 74.833878 256.000000 245.002699
120.163547 187.166982 0.000000 15.282551 129.337400 184.592896 256.000000 234.947710 93.654445 193.146858 64.000000 28.998985 95.606309 190.996396 256.000000 234.883172 119.563222 77.530716 0.000000 15.889206 118.144687 77.751587 256.000000 225.589729 21.054725 31.612893 0.000000 26.800397 16.330480 7.347451 256.000000 228.429392
145.722400 107.301498 0.000000 26.490616 146.534785 98.552553 256.000000 249.305219 3.012747 228.442109 0.000000 18.203962 1.309424 227.968338 256.000000 239.370700 162.396082 157.166169 64.000000 35.186009 159.418980 153.910520 256.000000 238.755440 71.023216 63.951844 0.000000 20.828499 72.865535 60.527355 256.000000 255.100713
85.516996 85.848455 64.000000 11.750182 87.561415 91.661093 256.000000 250.264681 104.500402 85.448445 64.000000 19.765777 103.286240 84.321731 256.000000 246.986161 177.367100 46.604535 64.000000 10.536871 177.644009 47.025838 256.000000 241.939305 78.845967 25.296516 64.000000 11.362955 79.713209 26.011787 256.000000 232.163979
132.299351 112.659469 64.000000 10.394888 132.538487 111.445355 256.000000 223.550334 17.120158 117.234462 64.000000 22.730213 10.013231 114.091522 256.000000 247.059303 46.082400 217.244378 0.000000 30.530682 42.868331 214.999304 256.000000 222.887746 188.751613 109.595669 0.000000 23.173373 189.521100 128.740815 256.000000 235.683441
39.181495 122.603773 64.000000 15.403022 43.709013 123.401373 256.000000 252.742932 166.631605 128.515858 64.000000 37.337269 162.924893 128.156316 256.000000 219.239209 63.289105 16.359409 64.000000 26.675624 74.311955 20.541496 256.000000 222.707040 16.463016 76.294175 64.000000 24.425406 29.132931 75.010307 256.000000 218.834772
55.908742 11.989938 64.000000 19.877642 52.715431 11.706631 256.000000 239.065221 121.939742 116.471256 0.000000 29.097943 117.652780 116.251302 256.000000 222.199343 136.530042 62.118431 64.000000 15.458954 140.978960 54.573778 256.000000 253.491571 83.130796 132.505002 64.000000 47.379350 184.208982 80.882924 256.000000 228.339039
63.649609 45.218336 0.000000 23.427221 61.558869 44.521273 256.000000 241.840347 173.383827 54.054785 0.000000 19.064466 173.347960 55.717825 256.000000 230.369828 13.478856 116.202302 64.000000 12.795694 15.892915 117.796398 256.000000 242.765388 19.199209 174.966216 64.000000 14.581240 22.110704 177.375264 256.000000 227.973325
34.925542 6.227609 64.000000 33.039051 37.302764 7.656760 256.000000 222.276788 72.675980 95.396744 0.000000 14.607055 72.508698 92.366136 256.000000 244.856413 98.038500 73.187562 0.000000 10.463729 97.768451 72.748764 256.000000 238.303675 46.831578 45.719949 64.000000 11.220972 42.747238 40.526605 256.000000 240.506565
68.458456 97.072009 64.000000 12.860232 76.500327 102.528635 256.000000 237.701322 59.684571 142.837867 64.000000 20.819894 68.654338 146.831145 256.000000 232.318870 159.272715 149.674216 0.000000 40.034949 136.460920 146.499356 256.000000 211.559211 42.802107 196.119271 64.000000 11.685644 43.848618 196.549209 256.000000 256.051570
131.104744 147.444176 64.000000 24.365171 128.429340 147.548987 256.000000 204.275045 47.923200 147.186665 0.000000 20.178819 78.240236 157.326622 256.000000 249.498832 79.912536 79.472865 0.000000 9.568804 79.731082 81.174744 256.000000 239.852582 47.497091 64.022865 64.000000 15.966652 49.005596 59.416231 256.000000 238.665087
33.682318 171.988120 64.000000 72.880386 35.508538 169.716615 256.000000 178.941807 141.200056 42.114124 64.000000 52.172358 140.061833 38.980856 256.000000 208.534539 7.657787 146.166144 0.000000 26.520733 5.554765 142.049376 256.000000 237.232348 3.050340 42.109927 0.000000 64.572220 9.617251 45.424149 256.000000 182.775352
28.424735 113.891418 0.000000 18.156634 24.725631 112.322067 256.000000 248.139236 34.766696 108.665462 0.000000 27.269372 35.709822 102.247949 256.000000 227.685056 105.897573 56.397411 64.000000 11.165039 108.012365 53.540315 256.000000 240.945423 92.065840 214.577371 0.000000 23.698280 101.333080 211.969775 256.000000 251.336008
36.127033 232.691675 64.000000 23.685373 44.791056 230.726385 256.000000 258.456679 95.974967 107.349995 64.000000 9.667762 95.454144 107.572164 256.000000 241.612313 80.322173 28.327384 64.000000 67.635614 80.861215 30.046551 256.000000 189.543216 29.581025 78.863189 0.000000 18.612702 23.717509 86.783784 256.000000 231.845593
104.795047 126.890469 64.000000 41.777469 106.481107 127.444922 256.000000 229.449089 25.672889 38.700316 64.000000 14.482282 30.230127 31.554785 256.000000 245.833085 45.588224 93.926962 0.000000 18.401878 43.714458 90.305822 256.000000 242.885859 98.219449 154.243025 64.000000 234.840147 96.511273 150.019949 256.000000 27.097271
3.589807 96.712311 0.000000 33.662916 34.720880 107.478675 256.000000 234.771306 16.206864 203.503047 64.000000 12.950585 28.679293 233.255189 256.000000 269.686256 152.761169 36.093205 64.000000 40.241470 145.420842 35.643447 256.000000 212.647748 16.299518 166.911809 64.000000 12.417073 20.312733 173.376262 256.000000 231.066837
121.052676 94.079282 0.000000 10.631527 125.678235 100.523535 256.000000 244.611170 2.795878 91.286278 0.000000 12.369745 2.705380 84.749860 256.000000 236.100785 81.972538 36.510020 0.000000 22.958247 73.752098 23.289231 256.000000 247.786429 145.296136 157.815900 64.000000 21.628768 147.863720 160.246347 256.000000 248.651236
77.263780 164.090958 64.000000 12.524636 70.943175 169.606653 256.000000 236.259978 147.170053 100.481864 64.000000 24.868566 163.232475 84.439664 256.000000 229.307106 64.529318 124.844564 0.000000 10.102317 77.772925 131.697300 256.000000 244.951069 166.992813 62.228682 64.000000 21.542718 170.942407 87.973335 256.000000 234.874567
