79.469556 116.580662 0.000000 15.273946 80.211518 115.131736 256.000000 266.790660 143.075353 68.552007 0.000000 17.330551 150.792107 70.077338 256.000000 228.179846 135.227167 25.662985 0.000000 39.522949 116.947284 35.087853 256.000000 216.309193 126.987675 119.396747 64.000000 17.463929 126.028576 118.636569 256.000000 248.100513
27.198942 179.437367 64.000000 47.375048 29.440520 175.246562 256.000000 219.234907 49.576649 73.565502 64.000000 17.197172 46.647031 70.089664 256.000000 226.544888 7.181407 91.196636 64.000000 72.157563 5.112496 89.648982 256.000000 178.120025 11.388811 32.335258 0.000000 17.846853 19.680096 25.890320 256.000000 221.773393
43.618418 62.736093 64.000000 25.376263 31.993635 57.415096 256.000000 232.680282 48.583065 153.667713 0.000000 14.262854 80.038453 169.902678 256.000000 232.934130 35.778347 169.806564 0.000000 24.851356 43.863322 170.468775 256.000000 226.833157 111.434924 88.846395 64.000000 26.090481 108.329645 88.081482 256.000000 230.985089
43.428876 76.231756 64.000000 13.634686 42.648049 72.821784 256.000000 252.033017 78.419305 105.344575 0.000000 30.405909 77.906555 103.693584 256.000000 231.307778 151.391944 36.772813 0.000000 16.048400 151.930191 41.185549 256.000000 243.514027 136.951713 124.568604 0.000000 11.547964 145.408365 117.690829 256.000000 253.439941
111.895833 86.860556 64.000000 38.309638 102.186047 90.160902 256.000000 226.553493 73.662196 49.694669 64.000000 22.910919 75.720978 53.985982 256.000000 233.101929 129.884696 33.697445 64.000000 24.984734 127.836040 34.679527 256.000000 237.679810 49.892187 37.287415 64.000000 30.164968 47.864904 39.811807 256.000000 232.848080
113.907176 201.062155 0.000000 33.314412 110.519889 200.504904 256.000000 229.629795 13.513244 33.821187 64.000000 29.214111 24.690465 38.204073 256.000000 242.348044 73.907073 85.199971 64.000000 9.676367 83.206198 82.148160 256.000000 250.832613 75.475818 19.049284 0.000000 13.957375 74.825027 22.295689 256.000000 233.786029
31.174500 203.683615 64.000000 29.510985 26.053256 202.856484 256.000000 234.594903 22.434842 105.241729 64.000000 21.848197 16.313800 122.831256 256.000000 240.622734 12.311309 72.558504 0.000000 11.621107 13.992785 72.649478 256.000000 226.562098 87.006205 105.639373 64.000000 14.155291 86.594949 105.020378 256.000000 243.234363
40.628485 32.672102 64.000000 9.198788 39.844358 32.795158 256.000000 229.350131 74.025804 59.165813 64.000000 26.675624 71.578065 58.925404 256.000000 212.892992 56.192825 170.607891 64.000000 24.855658 55.774116 169.459795 256.000000 231.772450 120.329938 150.496065 64.000000 35.267756 110.424460 153.579725 256.000000 220.598805
56.003727 88.560378 0.000000 17.519861 60.262858 95.827624 256.000000 248.393085 121.954842 151.493387 64.000000 40.357638 119.416884 144.441493 256.000000 224.139779 20.254105 134.187629 0.000000 25.552666 24.077431 128.917960 256.000000 210.229732 36.183893 111.894235 64.000000 25.367658 31.793655 109.080153 256.000000 226.867577
16.206691 55.065833 64.000000 21.465272 8.386422 57.140327 256.000000 235.231676 63.578593 142.045444 64.000000 9.018082 62.710493 141.915169 256.000000 245.540514 53.178049 90.813253 0.000000 17.674752 32.722609 192.048045 256.000000 231.738030 77.565922 8.814140 0.000000 10.076502 73.164125 5.977558 256.000000 244.843506
47.963940 6.511338 0.000000 39.815520 45.474304 18.112791 256.000000 228.519745 40.526467 31.338609 0.000000 15.893509 38.588982 34.124676 256.000000 220.129831 34.373513 59.738171 64.000000 9.887191 36.184169 58.059960 256.000000 255.182461 78.329767 199.098889 64.000000 29.222716 71.789960 196.888847 256.000000 236.827911
20.710113 58.075004 64.000000 24.730885 29.373673 52.053996 256.000000 219.643646 88.673895 31.046265 64.000000 31.124430 89.829105 38.183251 256.000000 226.101729 58.220095 174.707680 64.000000 11.384468 221.087651 253.837624 256.000000 209.494001 41.867091 90.432611 0.000000 18.900970 53.292344 97.276129 256.000000 233.820449
20.501976 123.457187 0.000000 13.359325 24.101935 125.610425 256.000000 233.919407 59.947264 78.735467 64.000000 23.577810 57.188405 63.809562 256.000000 242.373859 162.193702 7.106515 0.000000 212.884387 162.422607 6.212891 256.000000 35.495790 65.720940 79.588853 64.000000 11.849140 72.781016 83.275278 256.000000 65.432724
102.562905 107.144187 64.000000 14.249946 103.522555 104.520411 256.000000 232.559811 105.658153 47.655338 64.000000 25.987221 98.176578 33.380776 256.000000 237.051642 25.392820 133.274922 0.000000 9.482754 26.938238 133.834724 256.000000 253.883100 55.891318 89.126193 0.000000 19.597979 48.841965 92.939464 256.000000 239.899910
4.240124 193.735335 0.000000 9.018082 8.809062 196.803295 256.000000 221.825024 172.896900 89.484569 64.000000 13.570148 175.293160 83.119973 320.000000 234.771306 16.284620 71.552735 64.000000 30.289741 19.257740 70.593173 256.000000 225.400418 138.388160 88.469353 64.000000 21.869709 137.630013 89.454436 256.000000 235.205861
50.033649 161.175104 0.000000 14.163896 46.902880 161.201298 256.000000 260.306763 25.916238 85.930833 64.000000 8.850284 26.179273 88.327044 256.000000 20.643491 31.455138 206.806145 0.000000 24.799725 34.976915 205.374885 256.000000 235.429592 51.628005 115.314165 64.000000 23.973641 56.216255 113.246545 256.000000 257.333721
35.597676 70.812565 64.000000 16.328063 31.774456 69.988342 256.000000 242.989120 31.570189 68.846085 0.000000 13.329207 31.515015 72.749455 256.000000 255.836444 21.322275 195.699245 0.000000 27.802884 2.009745 180.187549 256.000000 223.494401 180.808287 125.784229 64.000000 9.732300 182.452813 125.332305 256.000000 253.624949
30.026451 59.621100 64.000000 20.071256 19.329796 65.854378 256.000000 237.963776 110.276427 103.907011 0.000000 59.228490 110.634889 107.782682 256.000000 192.434510 117.012438 150.770460 64.000000 13.578753 118.677687 152.242700 256.000000 226.906300 81.532856 157.029420 64.000000 36.227218 58.154502 151.748836 256.000000 216.141395
171.840149 95.520485 0.000000 13.492703 175.012815 89.762778 256.000000 239.172784 136.248000 144.723802 0.000000 13.746551 134.835607 145.342985 256.000000 217.152487 147.170053 100.481864 64.000000 24.868566 163.232475 84.439664 256.000000 229.307106 58.121231 92.188902 64.000000 54.577466 59.308316 96.001102 256.000000 202.248558
42.719627 182.608671 0.000000 44.845166 46.420798 184.730540 256.000000 202.493801 5.992193 99.759453 0.000000 11.281207 7.376567 103.835180 256.000000 241.345557 77.497938 88.985891 0.000000 30.715690 72.875505 99.521111 256.000000 225.099241 41.000551 62.106598 0.000000 40.245772 8.264296 70.235424 256.000000 202.467986
62.656262 147.225169 64.000000 21.065138 59.139804 147.653849 256.000000 246.121354 22.076067 155.262211 64.000000 30.913606 27.291138 152.517435 256.000000 231.811173 98.728236 132.672549 64.000000 25.651624 103.194885 125.272420 256.000000 244.094867 97.272409 215.068975 64.000000 38.628025 102.957489 200.669338 256.000000 217.161092
34.972565 132.696405 0.000000 17.524164 41.282658 130.684051 256.000000 229.178030 10.295047 160.512218 0.000000 53.970811 9.389993 157.989240 256.000000 200.931987 17.837431 16.989916 0.000000 10.691762 14.855482 18.272404 256.000000 255.117923 108.345722 54.498933 0.000000 75.681327 104.814058 54.321002 256.000000 189.698107
102.974115 17.591987 64.000000 14.964165 100.458969 9.297940 256.000000 243.234363 92.374869 204.941980 0.000000 32.230177 96.575704 202.006015 256.000000 206.710271 35.204924 5.215715 64.000000 24.515759 36.051058 6.800535 256.000000 239.439541 116.741838 106.678200 0.000000 24.085507 115.533627 104.107596 256.000000 236.660113
195.208287 94.690565 64.000000 17.248803 194.819473 95.400975 256.000000 242.477120 23.079665 119.896364 64.000000 30.311253 22.858191 113.349829 256.000000 235.347844 51.818644 50.501831 64.000000 11.707157 54.268296 42.928416 256.000000 228.851039 69.914229 223.583371 64.000000 29.282951 73.785609 221.487202 256.000000 239.689087
28.491825 29.640015 0.000000 42.676696 24.693718 41.806180 256.000000 220.899982 39.181495 122.603773 64.000000 15.403022 43.709013 123.401373 256.000000 252.742932 77.850887 108.959182 64.000000 24.115625 75.704853 106.097731 256.000000 244.090565 58.714687 33.720707 64.000000 11.780300 58.401382 35.642218 256.000000 211.856085
1.413891 173.300456 64.000000 23.108835 39.278069 187.473482 256.000000 220.254604 24.077493 152.098011 0.000000 10.278720 16.234184 155.936204 256.000000 252.273958 150.402936 184.500958 64.000000 63.298674 132.952382 163.588293 256.000000 181.050042 151.705800 11.905265 0.000000 23.194885 150.335380 15.406575 256.000000 245.222127
40.658213 76.527298 64.000000 8.893309 39.447316 75.319222 256.000000 257.677923 121.399242 60.704349 0.000000 16.491559 124.812651 66.438678 256.000000 237.916448 5.378222 113.953811 64.000000 23.823053 19.588169 117.065044 256.000000 235.352147 9.884460 14.019413 0.000000 18.642819 15.113724 13.098302 256.000000 222.814603
34.327855 164.249140 64.000000 23.642347 36.126685 161.737185 256.000000 242.317926 14.998062 35.212365 0.000000 20.432667 22.140667 36.819595 256.000000 226.880485 4.693642 124.230309 0.000000 15.527795 7.162362 124.965491 256.000000 254.235907 103.123578 77.453435 64.000000 14.383324 101.734740 79.157969 256.000000 245.777152
174.797795 102.959762 64.000000 39.578881 171.058205 100.350580 256.000000 205.505565 48.888276 3.035969 0.000000 9.082620 57.285416 1.677244 256.000000 245.665287 100.520978 195.631129 64.000000 16.323761 98.756440 196.658058 256.000000 244.658497 54.965055 58.268042 0.000000 22.484970 93.410031 32.730662 256.000000 237.451776
33.375735 146.919649 64.000000 21.181306 32.973700 145.102915 256.000000 225.335880 172.250418 71.563167 0.000000 19.129004 171.455998 69.903000 256.000000 242.683641 36.819338 206.405027 64.000000 41.540831 32.576715 201.103616 256.000000 216.713630 121.760667 161.875527 0.000000 15.398719 121.404045 161.797715 256.000000 239.189994
45.804642 150.757478 0.000000 47.822510 27.596793 121.606171 256.000000 205.789532 72.134393 58.652611 64.000000 13.621778 81.874384 53.172458 256.000000 234.952012 36.697475 76.571371 0.000000 46.772695 33.326629 75.521553 256.000000 216.291983 5.988435 179.693427 0.000000 15.962349 11.974409 188.253905 256.000000 246.667774
12.970364 27.963718 64.000000 8.699695 14.876144 26.065920 256.000000 238.673692 150.043907 177.554867 0.000000 13.329207 149.310547 178.797511 256.000000 261.412510 92.617525 64.051267 0.000000 20.996298 89.065522 54.712675 256.000000 231.359408 83.776496 77.010225 64.000000 26.791792 82.747036 64.602956 256.000000 256.795906
