13.181734 29.001509 10.000000 10.540000 14.292509 28.835917 40.000000 48.685000 9.173262 24.604811 0.000000 3.838000 8.466689 26.773245 40.000000 52.049000 12.309248 73.523614 10.000000 2.388000 11.842127 73.143831 40.000000 54.759000 35.577921 3.796927 0.000000 6.507000 55.952307 21.757426 40.000000 52.319000
55.164661 83.353396 10.000000 3.955000 61.306855 82.468484 40.000000 57.041000 27.889273 44.305172 10.000000 4.544000 25.029074 45.097239 40.000000 52.952000 61.562814 61.384573 10.000000 14.856000 59.843872 62.223075 40.000000 47.316000 64.809714 80.482398 10.000000 2.477000 74.300437 88.452359 40.000000 56.499000
92.432515 29.438685 10.000000 8.432000 90.754729 29.843619 40.000000 45.875000 88.099594 22.313292 0.000000 3.104000 88.816920 23.356024 40.000000 52.455000 61.460148 17.356711 10.000000 2.200000 61.458510 17.685236 40.000000 60.849000 54.265849 13.657267 0.000000 2.751000 56.688258 14.886618 40.000000 58.438000
26.944804 6.408091 10.000000 3.781000 26.215445 6.916918 40.000000 56.826000 53.335181 22.926314 10.000000 3.342000 52.657698 20.627112 40.000000 57.291000 11.855391 26.572661 10.000000 2.396000 8.298510 25.347247 40.000000 56.350000 72.155291 39.811270 0.000000 2.727000 72.332909 39.257506 40.000000 57.972000
61.482852 95.283499 0.000000 8.445000 60.663132 94.524023 40.000000 50.500000 32.460261 23.063681 0.000000 6.778000 44.629834 21.996828 40.000000 53.031000 42.226426 66.790367 0.000000 9.141000 36.811724 63.905722 40.000000 52.961000 12.422430 69.239477 10.000000 2.931000 11.799815 68.612847 40.000000 52.384000
84.777562 40.831572 10.000000 19.285000 90.132801 43.774008 40.000000 42.546000 86.325745 52.996245 10.000000 5.609000 85.963416 53.764532 40.000000 55.636000 26.263426 38.376585 10.000000 5.498000 25.103480 39.788210 40.000000 57.974000 23.120375 60.002649 0.000000 2.993000 26.109023 59.511948 40.000000 52.878000
37.150778 3.103110 0.000000 4.638000 35.745074 4.048819 40.000000 53.397000 49.593872 32.364054 0.000000 8.153000 46.289399 33.833411 40.000000 48.160000 13.461680 91.284396 0.000000 2.844000 14.978304 91.846423 40.000000 53.994000 6.034705 14.749289 10.000000 5.220000 7.482092 15.052222 40.000000 51.687000
14.659106 65.103872 10.000000 2.272000 12.640929 64.228821 40.000000 54.360000 95.259579 69.979721 10.000000 6.947000 90.923367 73.017651 40.000000 53.271000 37.503390 16.502226 0.000000 7.296000 35.549696 16.685927 40.000000 52.438000 21.439417 86.874972 10.000000 9.169000 21.541708 84.196071 40.000000 50.150000
89.317845 86.441393 10.000000 8.178000 87.680439 84.650786 40.000000 55.492000 56.667826 31.816946 0.000000 3.567000 56.093563 32.602885 40.000000 54.142000 33.424014 91.433886 0.000000 3.608000 28.166888 96.565512 40.000000 60.310000 26.756998 71.405225 10.000000 2.663000 27.920466 70.727073 40.000000 59.708000
25.888338 84.473007 10.000000 2.999000 23.146059 87.144911 40.000000 55.175000 90.188914 63.322529 0.000000 9.106000 87.047373 63.109600 40.000000 52.521000 32.144652 59.076908 0.000000 6.343000 39.685753 50.808781 40.000000 53.825000 27.522295 84.142220 0.000000 2.628000 32.253050 115.099867 40.000000 58.514000
13.623366 23.696337 10.000000 2.193000 15.740652 23.215876 40.000000 55.549000 83.279277 10.919405 10.000000 3.704000 83.612322 11.610819 50.000000 59.582000 6.915888 63.445288 10.000000 3.282000 1.597899 61.995275 40.000000 54.118000 14.971980 25.464888 0.000000 2.437000 14.193072 25.763529 40.000000 55.392000
53.515828 17.452505 10.000000 9.437000 50.696068 20.272952 40.000000 57.215000 49.735039 51.813157 10.000000 3.411000 49.697430 50.870299 40.000000 54.509000 70.936424 5.138197 10.000000 7.651000 71.273724 5.999342 40.000000 55.055000 23.864058 8.405173 10.000000 2.404000 22.748705 8.830065 40.000000 55.351000
12.795164 45.975283 10.000000 2.095000 11.547804 44.584032 40.000000 58.992000 22.187579 85.201380 10.000000 2.038000 18.594202 90.331423 40.000000 56.506000 36.527171 91.132887 10.000000 4.215000 37.648745 90.442336 40.000000 55.279000 74.657053 37.332758 0.000000 4.640000 72.770153 37.665205 40.000000 54.653000
0.596388 49.079800 0.000000 6.418000 12.087935 45.518925 40.000000 50.657000 66.174412 53.679285 0.000000 2.342000 73.017080 50.255335 40.000000 58.474000 86.212160 31.913439 10.000000 7.306000 84.570904 31.454314 40.000000 52.537000 83.131798 32.355620 0.000000 17.392000 81.696677 34.548655 40.000000 42.326000
13.441080 59.931255 0.000000 2.548000 10.342436 63.361393 40.000000 57.902000 52.098166 65.735020 0.000000 10.146000 45.228144 73.071271 40.000000 48.455000 41.600483 44.063746 10.000000 2.292000 45.135518 42.977164 40.000000 54.356000 27.563109 16.115622 0.000000 5.250000 24.781512 14.547339 40.000000 56.746000
3.044806 76.341366 10.000000 7.492000 1.914069 75.749010 40.000000 51.678000 10.597674 42.120873 0.000000 2.861000 11.105856 39.699589 40.000000 54.604000 22.454882 26.623614 10.000000 3.283000 23.279253 23.722819 40.000000 55.759000 13.892447 53.006646 0.000000 2.517000 13.136496 51.109822 40.000000 57.051000
41.228079 23.579779 10.000000 4.266000 39.387967 19.741713 40.000000 54.443000 52.768921 122.387644 10.000000 2.967000 51.240616 124.266047 40.000000 55.101000 98.142943 21.056910 10.000000 2.715000 106.513064 26.240351 40.000000 56.503000 88.463820 20.105635 0.000000 4.267000 87.872876 19.015108 40.000000 57.578000
64.031309 96.930134 0.000000 10.867000 56.423761 83.337128 40.000000 49.359000 28.500254 27.776007 10.000000 2.721000 29.847563 23.610629 40.000000 53.190000 57.963878 62.928577 10.000000 2.962000 57.423723 64.969962 40.000000 57.409000 26.989260 66.570911 10.000000 5.301000 27.865069 65.467173 40.000000 55.354000
58.726583 94.471388 0.000000 11.375000 58.684174 65.379772 40.000000 47.896000 84.344693 59.626356 0.000000 10.264000 77.924868 59.646740 40.000000 50.260000 26.223902 124.735526 10.000000 4.913000 30.002802 125.266711 40.000000 52.602000 68.644820 60.655027 0.000000 9.053000 63.754717 60.911758 40.000000 54.764000
40.880215 39.194415 0.000000 10.766000 39.267359 39.656613 40.000000 49.826000 85.484802 88.079081 10.000000 2.784000 85.680997 87.756569 40.000000 59.542000 88.724169 15.250143 10.000000 2.646000 95.616232 13.343665 40.000000 59.297000 8.775198 68.304675 10.000000 3.966000 10.555144 67.742796 40.000000 56.510000
65.226451 46.719241 10.000000 2.100000 64.406717 46.601555 40.000000 60.040000 57.637276 69.789758 10.000000 9.710000 58.564609 70.094707 40.000000 53.329000 73.815351 43.971810 10.000000 2.488000 73.691447 43.400696 40.000000 55.178000 35.259993 93.970791 10.000000 7.362000 34.035109 93.346009 40.000000 52.105000
7.717169 31.843806 10.000000 2.397000 8.757361 32.322768 40.000000 55.365000 24.298640 57.031154 0.000000 2.926000 24.172713 55.958344 40.000000 51.838000 74.000971 43.582627 10.000000 6.274000 72.319786 39.415780 40.000000 55.211000 28.310179 42.633799 10.000000 3.344000 29.547919 41.838538 40.000000 56.195000
101.466807 12.417620 0.000000 2.029000 135.360823 25.928015 40.000000 58.305000 37.931143 95.582724 10.000000 2.961000 32.862421 100.599026 40.000000 51.933000 16.269564 43.374754 0.000000 4.326000 13.044630 47.731081 40.000000 53.886000 32.395800 32.244250 0.000000 3.992000 34.903765 34.648665 40.000000 55.688000
84.535041 78.519532 10.000000 5.510000 83.335408 80.637778 40.000000 54.539000 53.409525 58.730080 10.000000 2.033000 53.427672 58.279102 40.000000 59.549000 0.901671 23.308443 0.000000 7.169000 9.833758 14.657954 40.000000 53.569000 25.161406 8.097826 10.000000 4.713000 26.240591 8.097563 40.000000 53.219000
71.315507 8.033942 0.000000 2.504000 71.987258 4.169485 40.000000 56.329000 38.667206 61.064173 10.000000 7.673000 23.442854 63.518605 40.000000 55.998000 65.933546 38.755339 0.000000 5.233000 64.519627 40.186846 40.000000 52.825000 15.234621 122.848273 10.000000 2.976000 15.621882 122.887701 40.000000 54.859000
12.630301 72.959272 10.000000 2.575000 10.414168 73.407387 40.000000 58.490000 31.892393 38.739624 0.000000 4.784000 37.457343 32.649352 40.000000 55.552000 50.311873 88.742102 0.000000 8.331000 47.170546 86.918013 40.000000 50.821000 14.253931 47.261958 10.000000 2.057000 14.398600 48.579874 40.000000 4.798000
47.077887 38.329363 10.000000 15.398000 46.053152 31.244524 40.000000 42.830000 13.758288 55.689537 10.000000 2.588000 14.392905 57.112440 40.000000 54.673000 29.059386 28.479758 10.000000 3.731000 38.271113 37.874728 40.000000 53.618000 34.152819 52.434742 0.000000 2.779000 31.573706 51.764386 40.000000 59.588000
70.876624 45.374998 10.000000 8.348000 67.877832 41.564457 40.000000 54.210000 3.431891 29.244757 10.000000 8.347000 68.576212 27.409064 40.000000 52.288000 35.117178 9.035746 10.000000 2.736000 35.906939 9.492171 40.000000 57.978000 51.946692 9.523734 10.000000 2.996000 64.035615 6.995108 40.000000 57.766000
44.942042 30.794459 10.000000 3.392000 47.420710 32.640269 40.000000 55.221000 43.475890 22.477179 0.000000 8.324000 12.996184 34.711768 40.000000 47.942000 99.727429 28.802893 10.000000 7.680000 98.955758 28.950865 40.000000 47.577000 94.465893 53.503029 10.000000 11.828000 95.523528 50.991646 40.000000 52.314000
61.801224 19.349154 0.000000 6.217000 63.232536 21.777590 40.000000 52.212000 37.576620 52.115191 0.000000 2.414000 35.902323 53.241944 40.000000 55.318000 43.292937 44.978535 10.000000 2.180000 42.623932 46.896330 40.000000 58.044000 52.274681 117.227229 10.000000 3.025000 48.264443 122.477751 40.000000 58.148000
41.254454 76.602731 0.000000 8.326000 34.020544 72.272639 40.000000 53.261000 71.981388 9.847933 10.000000 5.252000 71.538215 10.329283 40.000000 53.425000 23.042101 70.772151 0.000000 6.222000 30.610602 63.270375 40.000000 49.816000 43.052407 37.956076 10.000000 5.693000 41.681559 37.484114 40.000000 56.890000
32.826514 78.560827 10.000000 4.839000 37.759886 80.757130 40.000000 53.996000 46.726735 12.134848 0.000000 11.711000 44.541890 13.600256 40.000000 45.996000 95.009638 62.370413 10.000000 7.768000 94.031990 62.437250 40.000000 55.797000 4.676138 50.001360 0.000000 3.540000 5.929945 50.852576 40.000000 60.339000
