16.411013 69.167498 0.000000 32.187152 39.747429 69.893911 256.000000 229.363039 64.068427 31.294415 0.000000 27.893237 63.823462 34.800502 256.000000 213.908387 41.088935 22.458271 64.000000 24.292028 38.248191 24.667556 256.000000 231.690702 25.922793 23.339127 64.000000 22.295659 0.955447 22.627789 256.000000 223.649292
79.631989 10.382756 0.000000 26.499221 75.923649 12.036235 256.000000 238.316583 175.323685 111.663289 64.000000 13.578753 182.135367 105.025462 256.000000 242.877254 14.852133 105.945835 0.000000 20.914550 28.529904 97.159033 256.000000 231.824080 26.652920 118.370676 64.000000 9.775325 22.983507 116.779675 256.000000 233.884987
25.392820 133.274922 0.000000 9.482754 26.938238 133.834724 256.000000 253.883100 36.747171 90.241693 64.000000 18.987021 39.445645 88.666615 256.000000 257.475704 94.434027 171.674604 0.000000 36.210008 62.868331 154.969798 256.000000 215.960689 161.774140 76.356115 64.000000 14.525308 160.938340 79.269695 256.000000 245.101657
81.747576 123.584000 64.000000 17.098214 75.401644 133.158278 256.000000 226.880485 39.181495 122.603773 64.000000 15.403022 43.709013 123.401373 256.000000 252.742932 85.116804 153.250075 0.000000 63.049128 73.346547 178.325209 256.000000 200.992222 29.966969 21.006307 64.000000 11.109107 29.601756 21.458960 256.000000 241.160549
151.391944 36.772813 0.000000 16.048400 151.930191 41.185549 256.000000 243.514027 24.094909 156.069013 0.000000 18.595491 13.543698 147.584393 256.000000 234.637928 139.359196 156.429058 0.000000 27.333910 142.953096 150.496762 256.000000 218.185092 78.454029 50.187958 64.000000 22.213911 78.492311 56.937940 256.000000 227.973325
21.021851 196.182185 0.000000 55.549836 28.367453 161.529993 256.000000 191.625636 102.085140 169.934447 64.000000 28.142783 98.116220 169.883702 256.000000 240.201087 163.367113 58.669175 64.000000 29.162481 160.824184 58.805540 256.000000 214.958202 106.500104 13.520082 64.000000 10.278720 115.499509 4.555662 256.000000 237.886331
66.513080 33.341609 0.000000 27.157506 60.694647 37.995367 256.000000 245.312480 66.156738 46.784796 64.000000 20.062651 56.415729 34.631129 256.000000 225.094939 45.748011 14.723320 64.000000 20.277777 47.710165 14.722842 256.000000 228.975812 147.290587 146.193787 0.000000 23.431524 154.603685 161.775776 256.000000 242.386767
24.438327 108.965918 0.000000 10.962821 18.804429 115.202533 256.000000 249.124513 30.256831 25.515425 0.000000 15.321274 25.947367 28.371718 256.000000 241.642431 72.709500 94.936333 0.000000 23.569205 69.644238 83.672320 256.000000 236.939776 10.891416 96.755140 0.000000 9.491359 11.330620 95.539007 256.000000 232.701794
28.638664 120.601296 0.000000 74.708957 34.909796 98.867718 256.000000 192.542073 106.430384 19.988685 0.000000 15.988164 103.174507 19.667445 256.000000 252.381521 107.926615 194.824993 64.000000 19.881945 110.190704 192.663433 256.000000 235.235978 50.661320 13.343282 0.000000 94.427406 50.759442 17.372767 256.000000 154.550821
27.247493 124.377405 64.000000 13.798182 35.322589 133.638278 256.000000 225.615544 155.521615 37.703571 0.000000 13.965980 163.280215 46.213355 256.000000 249.038463 147.272424 172.545504 64.000000 22.020297 150.909822 171.355885 256.000000 255.900982 101.618240 29.818133 64.000000 9.771023 100.472418 29.351200 256.000000 241.836044
172.896900 89.484569 64.000000 13.570148 175.293160 83.119973 320.000000 234.771306 100.299384 151.551629 64.000000 17.016467 111.467009 149.942698 256.000000 245.420043 70.718375 21.785533 0.000000 36.407924 59.130627 27.580813 256.000000 211.533396 36.938931 70.160118 64.000000 14.555425 36.359825 73.323798 256.000000 242.890162
97.354965 76.647569 64.000000 33.077774 102.223376 75.692107 256.000000 221.016150 159.622700 40.634956 64.000000 19.623794 159.394805 40.847284 256.000000 248.999740 163.437736 127.803005 0.000000 12.434283 162.399393 122.902498 256.000000 234.293727 75.342238 149.479293 64.000000 11.165039 76.686276 148.235775 256.000000 234.491643
132.915722 163.544320 64.000000 9.000872 133.550667 162.402296 256.000000 259.480679 141.420489 23.251624 64.000000 9.646250 142.977849 24.372416 256.000000 266.941248 158.191911 1.183898 64.000000 22.209608 159.918331 4.186024 256.000000 232.719004 111.434924 88.846395 64.000000 26.090481 108.329645 88.081482 256.000000 230.985089
139.658076 88.439284 64.000000 58.677768 137.926760 90.201202 256.000000 201.366541 47.497091 64.022865 64.000000 15.966652 49.005596 59.416231 256.000000 238.665087 174.820789 25.125349 64.000000 26.099086 172.631455 24.796078 256.000000 208.001027 145.748951 134.024447 64.000000 29.248531 135.611013 147.474765 256.000000 215.250773
32.825522 90.663962 64.000000 11.565174 30.812882 88.473876 256.000000 256.073083 17.633907 60.549369 64.000000 9.938821 18.487422 61.504064 256.000000 259.149385 14.799233 206.361040 64.000000 35.525908 16.594611 202.269611 256.000000 245.187707 36.652802 95.104833 64.000000 9.792536 41.236985 95.820011 256.000000 240.442028
21.004871 196.292951 64.000000 20.656399 18.750184 195.534818 256.000000 232.650164 33.506224 54.487496 0.000000 11.827627 26.313100 52.038780 256.000000 248.634026 43.299495 198.557840 0.000000 79.945124 49.760851 197.568384 256.000000 183.549806 117.432560 152.088035 0.000000 9.530082 114.005309 155.856393 256.000000 244.748850
89.487287 147.545038 64.000000 37.462042 79.760413 132.315362 256.000000 211.077329 77.474265 26.134558 0.000000 10.769208 74.655696 33.081100 256.000000 224.195712 11.118744 72.995644 64.000000 21.443760 11.578755 75.608025 256.000000 241.573590 46.521562 71.949578 0.000000 11.586686 52.977847 64.880971 256.000000 245.970766
31.574698 59.954742 64.000000 27.764162 48.820542 64.235796 256.000000 224.802367 86.217084 191.566978 0.000000 27.045641 84.526295 190.508815 256.000000 223.692317 105.847369 116.797478 64.000000 11.276905 104.499575 115.858493 256.000000 268.369685 65.391489 178.651325 64.000000 13.892837 77.305909 187.586278 256.000000 281.918320
77.693225 143.632307 0.000000 8.901914 77.130242 142.372467 256.000000 256.335537 92.174264 98.764740 0.000000 29.971354 92.206942 133.457560 256.000000 221.850839 54.057385 129.659835 64.000000 11.027359 52.982258 129.559938 256.000000 249.451505 121.494436 120.092693 64.000000 16.504467 120.495371 121.384464 256.000000 264.699635
18.164351 151.501191 64.000000 9.667762 20.520647 153.281125 256.000000 243.711943 129.892945 68.038500 64.000000 16.698080 128.010493 64.532669 256.000000 232.348988 75.048467 92.262544 0.000000 12.016938 76.483789 90.420353 256.000000 250.634698 85.150622 13.599844 64.000000 22.063323 82.363233 10.367373 256.000000 254.266024
69.963349 98.712593 0.000000 8.932032 68.749775 99.264402 256.000000 243.797993 13.751682 198.480631 0.000000 35.284967 16.449680 193.237898 256.000000 211.580724 131.601713 41.720162 64.000000 15.648265 131.012522 41.305907 256.000000 245.914833 88.394333 141.505998 0.000000 22.984062 86.661536 143.775362 256.000000 205.707784
118.427195 143.747207 64.000000 43.816864 111.607353 141.160785 256.000000 203.276860 171.728115 68.792098 0.000000 28.650481 169.037522 70.539840 256.000000 214.717261 64.141738 204.197344 0.000000 10.003359 56.645269 210.446476 256.000000 245.742732 92.168947 143.467780 0.000000 9.121342 92.208745 144.087784 256.000000 235.180046
28.935753 130.093869 0.000000 38.929201 38.129936 108.293460 256.000000 223.997796 40.889696 50.948538 0.000000 11.388770 43.166911 53.849415 256.000000 245.183405 56.218849 151.250540 0.000000 15.153475 56.268862 150.566485 256.000000 233.928012 11.826329 76.868311 64.000000 48.541031 7.807198 75.444485 256.000000 218.395915
137.633602 107.090860 0.000000 19.073071 137.457584 104.971020 256.000000 224.699107 106.617827 35.059389 64.000000 24.511456 96.387822 12.585675 256.000000 229.040350 60.049407 67.957269 64.000000 19.739962 61.863324 76.049518 256.000000 222.917864 177.593676 97.659507 64.000000 32.582984 173.568969 93.219445 256.000000 229.083375
84.758864 108.953011 0.000000 11.565174 91.747073 106.610056 256.000000 251.017622 63.314353 129.041467 64.000000 33.921068 71.427120 130.157224 256.000000 211.258035 140.305331 57.665624 0.000000 17.975929 141.904100 62.363633 256.000000 250.836916 92.764442 30.652949 64.000000 24.610414 90.143807 31.276956 256.000000 227.504350
21.791989 75.227451 0.000000 15.566517 26.627236 78.584315 256.000000 245.712615 138.388160 88.469353 64.000000 21.869709 137.630013 89.454436 256.000000 235.205861 48.036545 135.838311 64.000000 46.536056 50.327805 129.741871 256.000000 213.159748 33.205169 192.485147 64.000000 23.526179 31.253951 190.350936 256.000000 236.789188
107.981827 157.480871 0.000000 23.237911 107.476584 152.200029 256.000000 234.689558 85.596158 69.689751 64.000000 66.250203 83.733004 56.808225 256.000000 184.276932 51.711527 53.298933 64.000000 13.574451 52.733547 57.017896 256.000000 219.256419 10.378567 145.445604 64.000000 13.944467 12.352271 146.608091 256.000000 241.956515
40.207080 146.475033 64.000000 21.482482 33.258915 148.172856 256.000000 236.539642 26.734111 222.828575 0.000000 16.878786 30.150269 225.449875 256.000000 240.997053 107.826658 49.240525 0.000000 21.086651 103.235115 53.739053 256.000000 234.005458 19.035635 102.820644 64.000000 37.414714 16.591038 97.551607 256.000000 214.033160
1.227775 55.553544 64.000000 21.594348 0.440296 61.168384 256.000000 247.924110 75.463338 43.785785 0.000000 13.884232 74.352098 45.001156 256.000000 225.490771 118.353189 46.170409 64.000000 13.841207 117.208893 45.797407 256.000000 237.068852 168.220205 67.506122 64.000000 57.847381 155.965465 65.607033 256.000000 194.719148
46.471756 148.689376 64.000000 16.590517 47.204900 147.818342 256.000000 225.594031 77.762618 145.790369 64.000000 35.654983 96.157613 103.171665 256.000000 198.604323 2.372933 169.499325 0.000000 31.980631 6.331631 167.897811 256.000000 217.729025 63.585376 94.611433 64.000000 9.302048 61.028245 97.171473 256.000000 251.658697
69.412076 71.001931 0.000000 9.048200 68.706918 71.620505 256.000000 256.456007 79.901436 106.024035 0.000000 15.299761 85.631133 102.335940 256.000000 237.150600 95.879473 38.480520 64.000000 18.234080 93.231335 39.147356 256.000000 226.011376 90.939815 86.055513 0.000000 33.301505 67.297256 54.930335 256.000000 201.366541
20.958000 70.497027 64.000000 23.534784 14.896584 68.157991 256.000000 218.899310 121.442291 181.548744 0.000000 32.970211 120.713916 180.451158 256.000000 227.185964 68.676755 97.329518 0.000000 10.893981 80.071449 97.603189 256.000000 262.789317 136.093627 72.736671 64.000000 38.541974 128.262949 73.783840 256.000000 223.980586
