164.101411 93.101604 0.000000 31.718177 133.859329 96.997445 256.000000 222.238066 25.741325 83.203553 0.000000 12.632199 25.503578 84.724435 256.000000 263.929484 119.845491 67.785267 0.000000 19.821710 140.649409 2.973449 256.000000 225.430535 98.349309 138.631836 64.000000 14.241341 97.198009 138.062347 256.000000 251.383336
29.696965 61.576584 0.000000 31.808530 35.435462 58.682685 256.000000 230.954971 11.388811 32.335258 0.000000 17.846853 19.680096 25.890320 256.000000 221.773393 64.947909 193.769133 64.000000 9.185880 64.647456 193.718556 320.000000 254.102529 89.105031 155.075776 0.000000 17.459626 84.315796 157.322756 256.000000 225.331577
53.777518 44.234824 64.000000 9.994754 52.626722 44.290685 256.000000 252.084647 104.547949 218.759707 64.000000 18.500836 109.318347 217.412349 256.000000 238.781255 98.526733 100.014049 0.000000 42.104461 78.807127 90.335205 256.000000 227.534468 82.519460 9.956218 64.000000 12.184737 80.994987 11.113695 256.000000 236.427777
10.276265 48.949949 0.000000 24.649137 8.105729 56.923951 256.000000 242.989120 124.053538 53.369256 0.000000 48.472190 125.107080 52.732958 256.000000 220.525663 79.631989 10.382756 0.000000 26.499221 75.923649 12.036235 256.000000 238.316583 53.140173 12.335458 64.000000 32.402278 52.753300 18.934149 256.000000 230.572047
10.341504 108.867940 0.000000 15.648265 7.227878 103.253080 256.000000 242.799809 45.588224 93.926962 0.000000 18.401878 43.714458 90.305822 256.000000 242.885859 79.912536 79.472865 0.000000 9.568804 79.731082 81.174744 256.000000 239.852582 5.286307 5.892498 0.000000 13.772367 1.775676 6.862902 256.000000 236.638600
107.173578 85.154125 0.000000 20.613373 104.785133 85.571400 256.000000 232.271542 117.542498 174.683284 64.000000 17.851155 117.573660 173.861036 256.000000 235.455407 42.733471 98.508684 64.000000 20.436970 43.264304 93.270805 256.000000 242.270599 131.436475 132.259433 0.000000 13.406652 128.352876 132.859693 256.000000 268.133046
64.068427 31.294415 0.000000 27.893237 63.823462 34.800502 256.000000 213.908387 12.512856 120.806447 0.000000 25.647322 13.590209 118.693925 256.000000 221.790603 36.623047 220.726891 0.000000 10.373376 38.544073 219.966227 256.000000 229.380249 62.372371 9.236544 0.000000 13.398047 69.340824 10.412525 256.000000 239.443843
80.250662 16.389656 64.000000 25.759187 84.776158 25.431627 256.000000 207.549262 18.645460 36.934367 0.000000 9.869981 18.154593 37.575458 256.000000 246.422530 123.226035 80.912871 64.000000 20.191726 112.594496 97.330516 256.000000 253.285050 1.413891 173.300456 64.000000 23.108835 39.278069 187.473482 256.000000 220.254604
88.437036 23.932658 0.000000 13.832602 89.975596 25.366416 256.000000 241.861859 70.799038 75.032696 64.000000 9.930216 69.181987 74.833878 256.000000 245.002699 3.850358 56.808684 64.000000 13.544333 1.275049 50.796624 256.000000 238.828583 97.825793 170.093336 0.000000 10.459426 224.307900 225.397573 256.000000 251.589857
113.899640 112.931518 64.000000 25.436498 114.622802 109.898144 256.000000 234.470130 98.324007 109.864767 0.000000 9.310653 127.810304 128.243756 256.000000 260.969351 8.429744 189.357575 0.000000 15.600938 4.623798 188.966193 256.000000 218.344285 138.346880 106.933933 0.000000 9.934519 139.268758 107.970231 256.000000 250.484109
180.867067 18.677649 64.000000 45.387283 177.914120 20.326091 256.000000 231.174400 28.935753 130.093869 0.000000 38.929201 38.129936 108.293460 256.000000 223.997796 67.383767 73.368402 0.000000 19.593676 67.861735 78.403900 256.000000 243.337624 105.010367 68.173749 64.000000 14.908232 121.629629 84.296958 256.000000 224.587241
69.111173 115.141782 64.000000 23.332566 65.434929 111.732473 256.000000 237.172112 8.300127 89.801678 64.000000 19.296802 6.376993 99.236922 256.000000 255.556780 20.273304 132.337924 64.000000 13.497005 23.141575 151.243013 256.000000 247.480950 43.672933 52.850082 0.000000 17.997441 64.132855 53.001762 256.000000 228.739173
59.372300 111.012384 64.000000 23.401406 60.199887 105.850555 256.000000 239.646061 31.164604 111.595116 64.000000 21.951457 23.532365 109.004453 256.000000 247.369085 68.458456 97.072009 64.000000 12.860232 76.500327 102.528635 256.000000 237.701322 141.041827 75.185195 64.000000 15.097543 140.389524 76.721962 256.000000 253.741117
94.251376 167.531333 64.000000 37.294243 83.970120 166.409493 256.000000 216.390941 65.103224 44.182833 64.000000 9.865678 64.819998 40.162247 256.000000 247.769219 25.971676 219.507631 0.000000 21.275961 27.021558 218.214795 256.000000 245.574934 89.366560 36.870142 0.000000 18.638517 89.898964 40.459925 256.000000 238.131574
3.351105 168.902322 64.000000 29.549707 1.942275 168.299724 256.000000 228.166938 134.815598 195.551707 64.000000 30.956631 133.252640 194.638884 256.000000 217.522504 29.694536 47.710027 64.000000 25.182650 17.141520 41.389595 256.000000 259.609754 131.383833 1.460915 0.000000 67.760387 82.822922 43.402340 256.000000 192.309736
16.299518 166.911809 64.000000 12.417073 20.312733 173.376262 256.000000 231.066837 148.597149 59.613845 64.000000 11.750182 148.617985 56.966515 256.000000 256.305419 21.228198 11.986282 64.000000 36.980159 20.187813 11.556365 256.000000 216.958874 49.071382 121.038020 64.000000 22.807659 50.663762 119.031224 256.000000 238.161692
67.748985 111.604560 0.000000 11.195157 60.514551 109.137133 256.000000 226.097426 120.317113 97.598700 0.000000 10.076502 132.758327 91.373336 256.000000 251.585554 126.234200 84.480582 64.000000 20.656399 124.116793 88.775825 256.000000 223.326603 38.824896 37.357022 64.000000 9.947426 42.073756 36.990547 256.000000 246.241825
79.800715 159.033807 0.000000 26.137809 76.794038 157.952244 256.000000 229.169425 53.801198 162.290158 0.000000 27.364027 49.744245 153.071369 256.000000 207.144825 77.604131 78.768571 64.000000 22.738818 73.498882 85.034535 256.000000 244.357321 42.564785 119.297616 0.000000 13.634686 40.854129 121.134820 256.000000 243.561355
73.237218 38.405280 0.000000 21.284566 63.287504 29.840224 256.000000 240.480750 93.587807 185.023909 0.000000 10.326048 94.026664 184.636433 256.000000 236.651508 97.167262 37.518827 0.000000 27.759859 96.986453 40.940113 256.000000 227.491442 33.506224 54.487496 0.000000 11.827627 26.313100 52.038780 256.000000 248.634026
78.065762 97.425749 64.000000 19.266685 86.170007 92.296347 256.000000 232.361895 66.590053 51.500922 0.000000 15.054517 61.922827 52.807095 256.000000 233.248214 78.666462 203.862282 0.000000 18.294315 73.664729 207.155945 256.000000 217.664487 114.910576 61.105809 0.000000 30.608127 111.520813 63.836645 256.000000 216.365126
58.330185 140.143935 0.000000 50.786946 59.965555 138.827118 256.000000 208.766875 97.214907 118.392118 0.000000 28.108363 98.051027 114.005069 256.000000 212.247614 59.684571 142.837867 64.000000 20.819894 68.654338 146.831145 256.000000 232.318870 88.202884 102.429004 64.000000 9.353678 94.212578 103.139895 256.000000 274.522289
21.325813 112.887322 0.000000 14.069240 5.971511 120.541265 256.000000 230.485996 47.751684 69.775609 64.000000 23.655255 45.642691 72.342200 256.000000 249.434294 74.049742 57.527575 0.000000 12.021241 72.133887 52.705895 256.000000 243.582867 73.115662 177.791065 64.000000 35.478580 113.752104 141.925847 256.000000 213.516858
57.617836 81.584022 64.000000 24.167255 58.257111 77.797447 256.000000 234.943407 109.634384 164.132573 64.000000 17.919996 97.009676 187.852329 256.000000 238.226230 142.953402 96.998153 0.000000 15.807458 155.708320 80.019495 256.000000 243.324716 194.709915 55.586649 0.000000 28.839792 195.113953 59.811620 256.000000 231.041021
56.149380 29.693233 64.000000 57.167583 53.212555 49.145013 256.000000 196.857500 116.760175 30.452893 0.000000 32.380766 116.362685 36.902824 256.000000 246.646262 74.327664 71.262573 0.000000 46.320930 71.395198 72.102933 256.000000 214.377362 94.148907 87.847555 64.000000 20.097071 93.539762 83.335596 256.000000 251.934059
6.321005 100.111393 0.000000 17.175660 9.165342 96.651213 256.000000 234.810029 48.611135 84.537205 0.000000 15.213711 47.496384 82.312307 256.000000 242.911674 12.881842 105.930407 64.000000 11.608199 8.669916 114.052153 256.000000 220.951612 1.033642 157.646918 0.000000 28.917237 7.657093 156.184027 256.000000 221.536755
131.229369 99.171653 0.000000 31.692362 124.735569 97.548769 256.000000 225.611241 57.596967 26.205858 64.000000 10.493846 55.812840 22.991004 256.000000 248.956715 82.678247 78.629227 64.000000 14.297274 91.618587 75.255325 256.000000 256.989520 11.907249 75.571945 0.000000 12.434283 4.979411 76.533891 256.000000 237.283978
100.934615 51.768831 64.000000 17.532769 99.247660 50.494000 256.000000 231.793962 45.653664 45.724671 64.000000 29.097943 48.362493 47.529960 256.000000 223.034032 128.638389 69.605995 64.000000 80.607712 136.709815 77.394011 256.000000 173.830413 153.565556 25.487793 64.000000 19.348432 152.803716 26.241675 256.000000 235.081088
73.997307 120.758804 0.000000 10.330351 74.055360 117.998982 256.000000 224.070939 24.564615 98.704742 0.000000 14.211224 18.134645 108.095731 256.000000 237.942264 119.400125 137.492704 64.000000 11.698552 120.175245 137.461687 256.000000 260.590729 49.719665 43.831056 64.000000 27.308094 52.056500 51.723853 256.000000 239.086734
79.489549 124.826296 64.000000 17.623122 78.620104 123.338245 256.000000 233.123441 63.772705 32.517511 64.000000 9.151460 63.739524 33.545211 256.000000 243.970094 98.122733 89.400258 64.000000 21.293171 115.457353 90.282011 256.000000 239.585826 14.782733 167.770560 64.000000 11.629712 7.310220 172.142651 256.000000 242.382464
92.960904 110.383084 0.000000 37.449134 83.805651 108.003365 256.000000 210.655682 107.606258 91.857258 64.000000 21.951457 109.809005 86.129151 256.000000 237.860516 33.434273 104.462471 64.000000 14.546820 13.259400 112.166098 256.000000 233.394500 13.093662 127.743164 0.000000 10.928401 16.370362 129.791913 256.000000 248.689959
170.450138 52.688422 0.000000 13.574451 170.942491 52.354720 256.000000 247.261522 106.783965 58.334618 0.000000 13.458283 111.159164 48.874620 256.000000 246.241825 11.897767 45.138449 0.000000 16.414114 6.494055 48.661905 256.000000 237.271070 54.708089 65.076978 64.000000 19.666819 52.340356 62.341778 256.000000 230.318198
70.432151 84.458938 64.000000 14.370417 71.337058 73.247193 256.000000 246.396715 101.455913 38.546889 0.000000 8.768536 101.687258 39.058967 256.000000 246.921623 29.710844 229.773376 64.000000 39.720865 29.313622 224.282460 256.000000 217.126672 129.252107 124.296596 64.000000 38.976529 112.604829 129.469191 256.000000 221.695948
