34.972565 132.696405 0.000000 17.524164 41.282658 130.684051 256.000000 229.178030 157.415973 160.637811 0.000000 8.751326 158.073685 162.645442 256.000000 262.139636 39.802667 160.423693 64.000000 23.934919 24.487031 157.056038 256.000000 230.662400 190.050496 49.995829 0.000000 33.219757 184.142211 57.174513 256.000000 226.992350
75.568415 138.576705 64.000000 26.770279 79.276976 134.921578 256.000000 243.466699 34.931145 9.648905 64.000000 31.085707 38.173145 16.221518 256.000000 247.407808 16.173502 114.324422 64.000000 34.471790 14.021638 107.167040 256.000000 225.989863 30.359931 154.112727 64.000000 11.853443 28.870515 153.343060 256.000000 248.513555
78.329767 199.098889 64.000000 29.222716 71.789960 196.888847 256.000000 236.827911 19.268498 76.583405 0.000000 12.309510 20.192465 72.181071 256.000000 234.934802 20.805662 95.547607 0.000000 12.399863 22.098913 94.096278 256.000000 228.541257 137.515229 186.284080 0.000000 47.968795 127.094740 183.355207 256.000000 201.293398
61.681987 19.305855 64.000000 16.457139 65.373782 23.141476 256.000000 245.566329 17.550233 91.741271 64.000000 14.516702 16.074480 97.997413 256.000000 251.835101 28.667565 216.175722 0.000000 30.603825 23.655191 218.328396 256.000000 214.996924 45.863222 182.546398 0.000000 11.294115 60.562124 195.353315 256.000000 249.408479
13.097144 69.428396 0.000000 15.157778 16.155373 66.858851 256.000000 219.777024 10.988336 68.355613 0.000000 9.228905 11.368115 70.763780 256.000000 242.236179 150.043907 177.554867 0.000000 13.329207 149.310547 178.797511 256.000000 261.412510 149.856107 180.420089 0.000000 20.479995 147.349976 180.802047 256.000000 229.793291
1.917722 166.973631 0.000000 38.791520 5.371216 165.772051 256.000000 223.137292 40.526467 31.338609 0.000000 15.893509 38.588982 34.124676 256.000000 220.129831 185.809175 80.042507 64.000000 42.513200 179.344753 75.887973 256.000000 229.909459 105.968753 36.521145 0.000000 79.166368 109.292409 39.140331 256.000000 185.210578
180.808287 125.784229 64.000000 9.732300 182.452813 125.332305 256.000000 253.624949 1.033642 157.646918 0.000000 28.917237 7.657093 156.184027 256.000000 221.536755 17.120158 117.234462 64.000000 22.730213 10.013231 114.091522 256.000000 247.059303 113.449831 20.605591 64.000000 13.626081 112.626104 18.324498 256.000000 242.752481
92.490693 191.286667 0.000000 13.058148 114.015182 190.539340 256.000000 230.335408 148.006478 0.278442 0.000000 54.482811 143.214396 9.506500 256.000000 203.289767 142.456384 114.602956 0.000000 23.857473 148.095938 97.537513 256.000000 236.105088 41.975587 71.764898 0.000000 19.653911 41.787287 82.948356 256.000000 246.904413
62.951735 51.813664 0.000000 11.552266 66.781045 51.882369 256.000000 255.926797 122.913582 62.388816 0.000000 16.401206 123.580084 59.200880 256.000000 218.215209 19.937707 88.025576 64.000000 31.064194 34.100991 77.072924 256.000000 232.353290 81.811805 129.247435 64.000000 12.675224 79.551275 133.135431 256.000000 244.658497
82.590565 68.732560 0.000000 8.936334 82.512684 70.822567 256.000000 247.528278 181.194167 137.123191 0.000000 37.406109 181.992664 130.967693 256.000000 233.213794 100.056744 194.164093 0.000000 53.613702 96.817725 193.252284 256.000000 205.875582 69.700184 68.507944 0.000000 11.522149 72.931682 64.103827 256.000000 263.787501
104.937716 211.947691 64.000000 14.366114 102.734811 212.861200 256.000000 249.176143 93.684138 38.207685 64.000000 15.385812 99.126371 42.825204 256.000000 252.235235 173.369822 30.360882 0.000000 20.230449 174.107036 30.669311 256.000000 201.663415 56.500242 102.336145 64.000000 12.206249 59.234082 99.523696 256.000000 256.890562
83.093869 91.705909 64.000000 18.660029 82.185573 91.448764 256.000000 227.039678 116.549295 113.902927 64.000000 31.322346 96.423324 114.643404 256.000000 231.574534 156.309765 105.320293 0.000000 10.016267 157.380147 103.466429 256.000000 223.640687 60.653371 57.813364 0.000000 11.100502 67.828415 55.356360 256.000000 237.856213
37.128682 209.947736 64.000000 42.637973 40.818209 200.328075 256.000000 224.875510 73.750447 135.177778 0.000000 26.124901 112.099833 88.185176 256.000000 217.952756 79.800715 159.033807 0.000000 26.137809 76.794038 157.952244 256.000000 229.169425 115.685365 86.907631 0.000000 17.532769 114.181987 85.446993 256.000000 226.824552
77.604131 78.768571 64.000000 22.738818 73.498882 85.034535 256.000000 244.357321 77.493964 121.814936 0.000000 12.997913 77.062753 120.699315 256.000000 246.882900 141.061316 74.974935 64.000000 14.013308 169.625020 88.290347 256.000000 228.364854 13.555787 59.993227 64.000000 16.655055 17.883084 57.413640 256.000000 232.632954
104.153620 173.283182 64.000000 11.302720 112.065464 171.966009 256.000000 246.327875 27.221782 46.299796 0.000000 10.485241 25.805585 46.842780 256.000000 238.325188 90.562525 96.541593 0.000000 33.150917 97.201045 96.559796 256.000000 229.887946 42.336000 130.452362 64.000000 33.998513 39.173491 128.995505 256.000000 216.498504
44.140782 44.708616 64.000000 11.216670 46.614640 40.100553 256.000000 260.500376 112.257698 202.126671 0.000000 70.931345 112.812018 201.719435 256.000000 195.127887 81.946353 49.389855 0.000000 14.925442 81.150960 33.450696 256.000000 230.688215 167.699796 156.043395 0.000000 38.778613 165.708720 156.841102 256.000000 209.864018
79.500758 214.649080 0.000000 34.540631 78.767962 213.942140 256.000000 211.223614 85.091258 65.101065 64.000000 28.452565 81.591024 65.294395 256.000000 249.442900 97.726187 48.260627 0.000000 21.620163 111.064000 58.825716 256.000000 231.901525 159.622700 40.634956 64.000000 19.623794 159.394805 40.847284 256.000000 248.999740
57.632387 160.330416 0.000000 19.111794 57.006187 156.714769 256.000000 241.087406 3.583967 33.021016 64.000000 29.829371 26.459756 29.832671 256.000000 216.855613 29.262478 204.425760 0.000000 17.631727 32.984402 205.756916 256.000000 253.883100 93.769435 43.266522 0.000000 46.028359 65.008236 48.115425 256.000000 232.955643
94.148907 87.847555 64.000000 20.097071 93.539762 83.335596 256.000000 251.934059 93.966353 162.751149 64.000000 8.708300 94.984880 184.638104 256.000000 236.328819 57.436098 138.651549 0.000000 36.481067 63.257880 131.053529 256.000000 212.036791 0.461173 172.032280 64.000000 50.003887 22.254338 169.295204 256.000000 209.687615
34.373513 59.738171 64.000000 9.887191 36.184169 58.059960 256.000000 255.182461 85.005984 179.346047 0.000000 16.147358 92.355156 177.921355 256.000000 230.597862 66.207973 26.328351 0.000000 25.445103 61.156398 26.081269 256.000000 222.935074 172.155673 106.013233 64.000000 31.731085 166.980262 108.404240 256.000000 209.562842
77.762618 145.790369 64.000000 35.654983 96.157613 103.171665 256.000000 198.604323 91.967522 107.060462 0.000000 36.575723 61.676487 89.869098 256.000000 201.409566 132.424755 13.621927 64.000000 35.943252 142.069160 16.830816 256.000000 225.335880 5.163127 127.129047 64.000000 33.034749 12.071676 121.352980 256.000000 222.517729
54.015744 9.430651 64.000000 37.909504 49.837976 14.793824 256.000000 220.005058 69.534375 51.584762 0.000000 70.819479 90.166595 51.595124 256.000000 171.403792 188.159351 57.394378 64.000000 27.824397 182.440475 56.088122 256.000000 238.953356 91.618011 96.077042 64.000000 41.368730 63.049875 83.136140 256.000000 195.975483
96.264164 112.989044 64.000000 27.123086 94.972973 113.882147 256.000000 229.500719 148.656927 72.465880 64.000000 13.858417 150.339022 66.545442 256.000000 252.415941 89.785916 43.429000 64.000000 33.034749 88.112218 47.741267 256.000000 212.686471 48.888276 3.035969 0.000000 9.082620 57.285416 1.677244 256.000000 245.665287
58.448844 58.321016 0.000000 12.189039 53.860471 58.270782 256.000000 229.397459 153.565556 25.487793 64.000000 19.348432 152.803716 26.241675 256.000000 235.081088 110.769693 129.124869 64.000000 10.257208 111.337471 129.250256 256.000000 235.343541 153.700075 142.762785 64.000000 23.706885 151.518924 146.614142 256.000000 234.655138
75.008098 139.277693 0.000000 35.822782 61.855535 131.404798 256.000000 229.156518 28.491825 29.640015 0.000000 42.676696 24.693718 41.806180 256.000000 220.899982 50.924882 101.907676 64.000000 42.749839 55.708311 110.575976 256.000000 207.415884 27.596356 113.769022 0.000000 19.606584 24.688184 109.773665 256.000000 229.147913
48.174678 8.846322 64.000000 63.526708 49.060993 7.247215 256.000000 181.617974 101.409915 51.733402 0.000000 12.627896 99.888958 49.800718 256.000000 242.825624 78.277104 69.011047 64.000000 24.494246 75.784653 68.152935 256.000000 244.770363 42.564785 119.297616 0.000000 13.634686 40.854129 121.134820 256.000000 243.561355
93.884996 109.783707 64.000000 25.991523 88.511631 110.600605 256.000000 233.893592 31.521409 76.369736 64.000000 15.992467 33.104307 80.159671 256.000000 253.741117 46.155164 184.400431 64.000000 9.035292 48.500418 187.267662 256.000000 249.103000 31.660936 36.500387 0.000000 19.739962 41.366436 20.282347 256.000000 241.466027
94.576822 59.458844 0.000000 20.518718 95.000007 66.685713 256.000000 245.316783 156.140636 97.274996 0.000000 24.709372 154.839058 99.725629 256.000000 228.446602 10.918882 72.038024 0.000000 24.928801 19.156651 43.661551 256.000000 225.340182 105.897573 56.397411 64.000000 11.165039 108.012365 53.540315 256.000000 240.945423
78.804971 81.486353 0.000000 13.944467 76.353407 86.730913 256.000000 236.526734 175.543178 85.086227 0.000000 19.963693 174.736551 86.618920 256.000000 235.455407 39.859284 42.727444 64.000000 19.765777 54.200749 48.898438 256.000000 214.330034 54.922053 118.752878 0.000000 27.084363 51.834118 111.124515 256.000000 214.338639
97.825793 170.093336 0.000000 10.459426 224.307900 225.397573 256.000000 251.589857 151.705800 11.905265 0.000000 23.194885 150.335380 15.406575 256.000000 245.222127 49.417665 14.894240 64.000000 13.079661 46.301440 8.690918 256.000000 234.233491 100.508065 13.801982 0.000000 23.668163 99.291687 16.992275 256.000000 221.356049
92.125876 171.729896 64.000000 26.301305 86.615889 169.568402 256.000000 211.782942 81.137104 97.780907 0.000000 9.504267 88.928820 94.092995 256.000000 255.238394 76.523345 26.221851 0.000000 26.697137 73.309115 32.687840 256.000000 227.216081 180.867067 18.677649 64.000000 45.387283 177.914120 20.326091 256.000000 231.174400
11.234502 162.589795 64.000000 41.747352 14.092980 159.458022 256.000000 204.855885 7.629267 101.391305 0.000000 21.486785 9.283584 97.280656 256.000000 238.669389 50.080778 83.394193 64.000000 11.715762 52.459424 81.479516 256.000000 255.242696 87.583602 49.363693 64.000000 15.622450 89.041685 53.979516 256.000000 236.952684
