54.057385 129.659835 64.000000 11.027359 52.982258 129.559938 256.000000 249.451505 159.272715 149.674216 0.000000 40.034949 136.460920 146.499356 256.000000 211.559211 166.265589 153.914276 64.000000 24.244700 161.746900 150.841364 256.000000 219.493058 23.248864 228.949076 64.000000 27.923355 25.105575 224.136253 256.000000 215.564857
165.479765 29.813153 0.000000 8.914821 166.030249 26.809551 256.000000 231.716517 83.130796 132.505002 64.000000 47.379350 184.208982 80.882924 256.000000 228.339039 7.657787 146.166144 0.000000 26.520733 5.554765 142.049376 256.000000 237.232348 103.973642 50.783127 0.000000 12.993610 94.235671 34.254273 256.000000 236.681625
40.341053 154.911600 64.000000 8.768536 33.807640 164.238951 256.000000 243.118195 13.995740 66.305984 64.000000 40.013436 51.781107 24.213858 256.000000 230.382736 16.937427 128.392409 0.000000 12.782787 21.097769 130.025502 256.000000 251.034832 94.448531 17.315880 64.000000 12.890350 116.428391 12.718378 256.000000 248.539370
98.219449 154.243025 64.000000 234.840147 96.511273 150.019949 256.000000 27.097271 38.465531 24.717051 0.000000 11.384468 38.233862 21.852053 256.000000 255.044781 65.267047 158.935607 64.000000 36.644563 66.925573 152.108949 256.000000 220.934402 24.836069 121.766304 64.000000 31.696665 22.029535 114.847582 256.000000 211.886202
185.496556 132.705613 64.000000 32.415186 184.539244 130.231300 256.000000 224.780855 150.379762 136.279678 64.000000 35.125773 145.195724 136.252169 256.000000 224.122569 168.240135 11.302418 0.000000 41.906545 157.115229 6.542258 256.000000 206.370372 39.130405 214.491964 64.000000 36.713403 36.783056 208.884767 256.000000 219.949125
72.869818 92.369965 0.000000 17.846853 72.768142 83.334385 256.000000 238.062734 31.574698 59.954742 64.000000 27.764162 48.820542 64.235796 256.000000 224.802367 33.506224 54.487496 0.000000 11.827627 26.313100 52.038780 256.000000 248.634026 73.244876 91.695735 64.000000 12.675224 77.167969 92.537776 256.000000 252.131975
65.440067 14.076458 0.000000 8.721208 68.973962 12.070816 256.000000 239.116852 107.926615 194.824993 64.000000 19.881945 110.190704 192.663433 256.000000 235.235978 55.602984 156.592947 64.000000 16.547492 60.414162 154.368520 256.000000 257.531637 37.034860 29.058287 64.000000 17.386483 38.017929 31.147805 256.000000 223.339511
169.901353 25.026153 0.000000 79.476149 185.689247 27.197111 256.000000 155.781342 63.530215 180.970587 64.000000 13.264669 79.526607 196.449776 256.000000 250.131303 57.912213 36.576029 0.000000 30.285438 33.289078 54.111567 256.000000 239.220112 63.578593 142.045444 64.000000 9.018082 62.710493 141.915169 256.000000 245.540514
86.240676 107.697598 0.000000 17.567189 75.580435 136.538080 256.000000 241.651036 62.809771 192.068735 64.000000 27.708229 62.983555 190.124918 256.000000 224.927141 153.207136 13.822047 64.000000 18.875155 152.823493 13.408478 256.000000 236.126600 83.776496 77.010225 64.000000 26.791792 82.747036 64.602956 256.000000 256.795906
24.025065 138.670669 0.000000 13.815392 8.837680 150.414669 256.000000 241.999540 29.860005 138.089495 0.000000 16.775525 20.709164 146.977416 256.000000 247.924110 16.270458 34.220911 0.000000 14.379022 17.385667 24.841049 256.000000 237.907843 114.879025 144.677905 64.000000 16.061307 113.676151 145.417282 256.000000 252.764445
5.546067 68.419742 0.000000 17.476836 5.041155 76.078853 256.000000 229.720148 20.710113 58.075004 64.000000 24.730885 29.373673 52.053996 256.000000 219.643646 58.552840 68.627649 0.000000 14.168198 54.684716 66.679809 256.000000 243.862531 124.736273 99.645225 0.000000 8.785746 145.680918 101.369289 256.000000 256.021453
175.323685 111.663289 64.000000 13.578753 182.135367 105.025462 256.000000 242.877254 1.541593 120.054835 0.000000 8.897611 1.001002 119.057424 256.000000 249.059975 68.027591 77.811578 64.000000 16.323761 65.143104 76.330189 256.000000 247.889690 7.889013 47.134002 64.000000 10.046384 7.561920 48.560191 256.000000 249.464412
10.676987 88.213555 64.000000 44.604225 17.375604 80.148707 256.000000 227.142938 16.412989 82.842938 0.000000 15.037307 11.401558 91.574504 256.000000 224.397931 145.722400 107.301498 0.000000 26.490616 146.534785 98.552553 256.000000 249.305219 21.361878 76.456105 64.000000 12.709644 18.311453 80.054353 256.000000 257.350931
9.264344 178.469880 0.000000 18.754685 5.300609 175.881178 256.000000 228.050770 82.402404 136.001809 64.000000 37.685773 85.010120 159.570407 256.000000 225.903813 33.234049 110.014884 64.000000 17.872668 33.733976 105.940980 256.000000 235.649020 18.164351 151.501191 64.000000 9.667762 20.520647 153.281125 256.000000 243.711943
92.278616 86.103753 64.000000 10.270115 94.610516 82.934858 256.000000 234.887474 61.741060 151.034124 0.000000 33.688732 63.958778 142.013827 256.000000 227.418300 67.789969 163.448227 64.000000 24.584599 59.137147 163.196227 256.000000 235.851239 16.463016 76.294175 64.000000 24.425406 29.132931 75.010307 256.000000 218.834772
49.227076 7.000147 64.000000 20.097071 49.274504 7.262571 256.000000 255.599806 78.265722 62.911685 0.000000 27.269372 72.669253 66.207731 256.000000 227.211779 9.109938 103.188656 64.000000 59.615717 13.151340 101.263549 256.000000 182.327890 164.055222 41.706422 64.000000 11.449006 164.696631 42.703036 256.000000 246.637656
53.268951 4.058127 64.000000 65.665060 52.366829 3.870707 256.000000 178.382479 53.484460 165.016847 0.000000 34.725639 61.722278 153.786036 256.000000 198.440827 63.649609 45.218336 0.000000 23.427221 61.558869 44.521273 256.000000 241.840347 74.577342 154.326542 0.000000 8.850284 75.917804 154.666678 256.000000 243.187035
67.748985 111.604560 0.000000 11.195157 60.514551 109.137133 256.000000 226.097426 94.449082 5.554682 64.000000 15.463257 94.114471 11.698147 256.000000 219.450033 72.207015 61.908698 0.000000 9.172973 72.561862 58.157789 256.000000 248.251101 53.140138 90.721827 0.000000 11.449006 49.790127 94.767793 256.000000 248.909387
18.065640 105.683287 64.000000 20.376735 16.410825 102.677824 256.000000 239.766532 21.555256 48.313929 64.000000 10.308838 15.088200 46.085904 256.000000 242.447002 158.824398 44.124885 0.000000 29.751926 158.506927 46.618871 256.000000 233.299844 89.934624 78.981365 64.000000 32.333438 66.696462 86.533065 256.000000 229.083375
42.796324 158.781738 0.000000 17.515559 44.187855 158.107242 256.000000 254.068109 104.724100 156.169440 64.000000 16.650752 100.969515 159.118905 256.000000 224.780855 5.470371 185.947998 64.000000 20.449878 1.686704 180.753358 256.000000 242.180246 170.489527 69.569338 0.000000 32.221572 166.560180 74.591991 256.000000 220.289024
151.901049 56.908913 0.000000 26.116296 147.997085 62.667525 256.000000 215.039950 2.806311 105.646904 64.000000 32.432396 9.371475 102.622509 256.000000 228.945694 19.806475 122.627095 64.000000 22.218213 27.312800 122.324742 256.000000 248.027370 66.590053 51.500922 0.000000 15.054517 61.922827 52.807095 256.000000 233.248214
72.458542 81.759647 0.000000 12.645106 69.238944 81.793969 256.000000 228.816619 4.992951 181.424720 0.000000 19.202147 20.148673 187.752198 256.000000 249.240681 84.155249 37.458182 0.000000 30.569405 85.198633 42.290051 256.000000 243.526935 81.242320 48.158545 64.000000 17.132635 79.009900 47.323480 256.000000 239.878398
64.919264 32.561102 0.000000 10.773510 70.359025 32.777520 256.000000 251.714630 66.836358 42.210073 0.000000 29.003287 70.883471 56.940798 256.000000 219.781327 174.797795 102.959762 64.000000 39.578881 171.058205 100.350580 256.000000 205.505565 127.819027 147.388564 64.000000 28.758044 111.485202 154.446929 256.000000 222.306906
114.756555 17.650269 64.000000 13.286182 113.724267 21.688500 256.000000 244.925254 172.779940 31.047020 0.000000 38.847453 149.731725 12.036831 256.000000 225.262737 132.946947 144.205098 0.000000 20.312197 130.994229 144.956507 256.000000 240.226902 126.234200 84.480582 64.000000 20.656399 124.116793 88.775825 256.000000 223.326603
100.553756 172.119669 0.000000 11.134922 141.902824 184.039627 256.000000 239.693389 134.451662 190.570024 0.000000 28.788161 134.307729 186.378338 256.000000 230.847408 122.348936 110.995287 0.000000 11.143527 119.890209 113.292418 256.000000 244.447674 50.924882 101.907676 64.000000 42.749839 55.708311 110.575976 256.000000 207.415884
80.322173 28.327384 64.000000 67.635614 80.861215 30.046551 256.000000 189.543216 62.880427 109.382278 0.000000 13.742249 60.393487 109.305824 256.000000 240.769019 164.969500 56.547204 64.000000 28.327792 161.786822 57.578282 256.000000 226.983745 18.296187 71.388333 64.000000 9.271931 17.698105 72.988236 256.000000 254.115436
161.041867 5.844724 64.000000 15.966652 160.556184 4.353704 256.000000 252.080344 78.688636 209.415004 0.000000 25.759187 73.828622 205.086965 256.000000 225.744619 87.242880 76.875638 64.000000 19.632399 89.007936 69.747860 256.000000 215.676723 129.813982 89.579080 0.000000 10.257208 130.975567 85.667891 256.000000 225.959745
165.545651 67.371949 64.000000 28.852699 161.488829 63.384355 256.000000 227.525863 79.901436 106.024035 0.000000 15.299761 85.631133 102.335940 256.000000 237.150600 95.560338 131.982384 64.000000 36.795151 96.245467 129.986865 256.000000 220.344957 81.712804 55.989925 64.000000 14.594148 86.219473 59.345944 256.000000 237.589457
39.802667 160.423693 64.000000 23.934919 24.487031 157.056038 256.000000 230.662400 33.666075 71.164695 64.000000 13.673409 40.102433 74.413885 256.000000 260.586426 28.745509 26.369009 64.000000 20.312197 27.625155 29.692360 256.000000 220.917192 26.253964 21.813622 0.000000 25.961406 27.902885 25.961371 256.000000 224.032216
55.942131 43.230262 64.000000 29.244228 61.755340 54.428833 256.000000 18.117912 3.858224 27.327184 64.000000 14.779156 8.382967 23.625860 256.000000 234.625021 171.253438 51.658509 64.000000 17.519861 174.438636 57.400975 256.000000 238.819978 79.870527 175.644660 64.000000 33.043354 88.389307 173.444984 256.000000 226.316855
65.855938 48.731964 64.000000 8.936334 67.952740 44.267062 256.000000 260.728409 115.061696 9.655413 64.000000 40.680327 128.975260 26.716680 256.000000 234.229189 71.408536 20.798018 0.000000 23.659557 65.144698 20.323435 256.000000 215.990807 48.733893 202.187538 64.000000 43.339284 51.565813 171.715415 256.000000 228.597190
117.386418 167.907178 64.000000 21.572835 117.691358 170.376167 256.000000 243.178430 150.424771 41.788862 64.000000 8.833074 150.526064 40.276320 256.000000 237.322701 110.796727 82.435969 0.000000 27.518918 106.904756 78.346173 256.000000 233.265424 107.477842 197.815785 64.000000 44.247116 105.497600 190.272575 256.000000 203.659784
