159.808167 99.097080 64.000000 11.281207 159.384336 102.718131 256.000000 241.526263 134.747718 55.433624 0.000000 12.219157 137.303113 59.794524 256.000000 257.751066 18.530015 42.473191 0.000000 26.933775 15.473658 53.456009 256.000000 213.564185 64.145658 214.262895 64.000000 28.125573 31.380571 216.915891 256.000000 224.965863
182.978391 40.796069 0.000000 46.863048 172.038967 38.126495 256.000000 205.505565 128.003165 19.445631 64.000000 51.092425 108.348384 21.324869 256.000000 211.791547 24.752631 164.304925 0.000000 35.672193 26.991518 159.301218 256.000000 225.675779 34.105015 226.791178 0.000000 10.394888 24.707860 234.605787 256.000000 237.309793
111.122611 36.102244 64.000000 19.064466 111.699647 38.990669 256.000000 217.634369 44.149500 90.699769 64.000000 13.170014 48.481331 93.808324 256.000000 236.247071 111.745724 31.557656 64.000000 9.465544 111.742745 32.154975 256.000000 261.804039 70.551589 97.984116 0.000000 10.476636 68.978185 100.345242 256.000000 254.644646
71.587116 37.201785 0.000000 11.917980 66.870815 31.997116 256.000000 231.170097 99.870884 142.082678 64.000000 15.962349 139.385895 235.262789 256.000000 230.051442 190.050496 49.995829 0.000000 33.219757 184.142211 57.174513 256.000000 226.992350 51.339338 60.796651 0.000000 13.591661 51.084987 54.647935 256.000000 233.635441
131.343136 101.392327 64.000000 17.554282 130.179824 103.665585 256.000000 250.363639 64.141738 204.197344 0.000000 10.003359 56.645269 210.446476 256.000000 245.742732 81.332311 23.054516 0.000000 9.147158 81.020665 24.700953 320.000000 233.854870 101.273224 27.371656 64.000000 35.603353 96.889745 32.880524 256.000000 207.235178
71.829467 61.462331 64.000000 16.904601 69.284693 56.986518 256.000000 231.157190 92.757333 191.152113 0.000000 15.033005 95.058691 191.437778 256.000000 236.776281 136.951713 124.568604 0.000000 11.547964 145.408365 117.690829 256.000000 253.439941 61.741060 151.034124 0.000000 33.688732 63.958778 142.013827 256.000000 227.418300
61.327762 97.307067 64.000000 9.577410 62.191680 95.845491 256.000000 239.736414 60.730109 78.543518 0.000000 11.143527 63.801280 77.804675 256.000000 231.716517 42.630113 108.694565 64.000000 8.785746 40.814005 110.288055 256.000000 241.556380 174.198398 35.695847 0.000000 9.469847 175.382056 32.866160 256.000000 245.019909
97.223549 93.996600 0.000000 24.214583 91.989965 97.758793 256.000000 235.330634 156.955900 96.356809 64.000000 24.132835 156.297120 97.753695 256.000000 239.375003 1.841678 148.296351 64.000000 19.722752 3.164545 147.599755 256.000000 216.674907 91.071400 93.339320 64.000000 14.968467 91.139722 91.120409 256.000000 240.140851
183.926145 28.614742 64.000000 30.517774 182.609365 32.762067 256.000000 224.479678 58.202858 46.666562 64.000000 11.023056 56.071733 45.895847 256.000000 250.122698 22.434842 105.241729 64.000000 21.848197 16.313800 122.831256 256.000000 240.622734 20.955538 71.859676 64.000000 15.841879 26.423864 72.204293 256.000000 228.803711
73.409611 37.843327 64.000000 9.448334 73.742413 31.072615 256.000000 240.041893 25.823909 87.685482 0.000000 12.176132 29.892762 87.371789 256.000000 223.141595 107.826658 49.240525 0.000000 21.086651 103.235115 53.739053 256.000000 234.005458 3.837027 65.600167 64.000000 16.564702 6.565978 60.927544 256.000000 244.081960
110.987427 86.211798 0.000000 27.979288 107.569058 73.634915 256.000000 231.953156 13.750282 10.684022 64.000000 22.420432 23.384805 11.923582 256.000000 240.549591 97.214907 118.392118 0.000000 28.108363 98.051027 114.005069 256.000000 212.247614 68.045887 55.349971 64.000000 12.442888 71.854453 56.422498 256.000000 253.840075
22.899944 162.850936 64.000000 10.717577 22.832182 162.371427 256.000000 233.786029 138.967133 136.604111 64.000000 99.358094 145.510653 151.285293 256.000000 169.024498 29.946147 153.844311 64.000000 9.362284 31.836524 155.488087 256.000000 242.976212 74.929262 29.318124 0.000000 11.268300 73.656978 28.601778 256.000000 236.238466
24.025065 138.670669 0.000000 13.815392 8.837680 150.414669 256.000000 241.999540 32.467398 6.465049 64.000000 26.800397 40.849496 7.413896 256.000000 251.030529 172.896900 89.484569 64.000000 13.570148 175.293160 83.119973 320.000000 234.771306 41.173127 95.000767 0.000000 8.867494 58.922311 117.388111 256.000000 222.896351
13.622524 208.336789 0.000000 44.466544 39.434007 191.496649 256.000000 224.204317 39.362096 172.338411 64.000000 14.155291 34.278104 172.827585 256.000000 226.510468 102.085140 169.934447 64.000000 28.142783 98.116220 169.883702 256.000000 240.201087 28.233175 185.454556 0.000000 20.703726 35.988427 184.451696 256.000000 250.518530
50.967238 62.188538 64.000000 8.699695 49.592733 59.912065 256.000000 255.251302 84.373558 175.106660 0.000000 32.006446 82.464393 173.531896 256.000000 232.353290 62.919975 95.139313 0.000000 11.629712 66.446815 94.249202 256.000000 234.272214 125.398836 164.350667 0.000000 16.693778 121.587555 167.779255 256.000000 227.745291
10.918882 72.038024 0.000000 24.928801 19.156651 43.661551 256.000000 225.340182 15.225238 88.469391 0.000000 16.939021 5.100496 85.295575 256.000000 247.390597 48.127987 124.251355 64.000000 29.080733 63.843180 127.881425 256.000000 212.720891 45.448820 219.410891 64.000000 39.712260 52.658175 217.205107 256.000000 208.573262
115.061696 9.655413 64.000000 40.680327 128.975260 26.716680 256.000000 234.229189 124.569900 103.935353 64.000000 27.424262 123.782749 97.970835 256.000000 54.930273 153.156918 117.995475 0.000000 20.514415 147.714851 128.639500 256.000000 248.139236 15.954905 124.190318 64.000000 17.063794 19.191171 123.168720 256.000000 243.135405
110.549889 125.502767 0.000000 19.546348 118.739296 128.139656 256.000000 239.202902 20.604051 212.788242 64.000000 41.932360 22.452251 202.415471 256.000000 217.100857 115.065707 123.381444 0.000000 31.034077 113.618075 123.153858 256.000000 225.972653 177.650442 4.594627 0.000000 35.078446 174.132042 4.972740 256.000000 228.063678
90.906040 34.121867 64.000000 46.213367 88.631035 36.648584 256.000000 201.474104 46.241369 178.547485 64.000000 15.136265 34.600342 192.275784 256.000000 263.624005 165.348235 20.892671 64.000000 17.119727 164.736238 20.136209 256.000000 244.968279 74.025804 59.165813 64.000000 26.675624 71.578065 58.925404 256.000000 212.892992
79.631989 10.382756 0.000000 26.499221 75.923649 12.036235 256.000000 238.316583 81.390229 137.047847 64.000000 12.055661 79.605222 138.995145 256.000000 236.543945 77.964065 95.354667 64.000000 31.640732 54.589147 88.954742 256.000000 211.047211 4.875125 86.550467 0.000000 30.423119 12.482235 87.513915 256.000000 220.710671
56.470044 56.806998 64.000000 9.164368 56.512636 58.554900 256.000000 237.722835 27.247493 124.377405 64.000000 13.798182 35.322589 133.638278 256.000000 225.615544 42.719627 182.608671 0.000000 44.845166 46.420798 184.730540 256.000000 202.493801 121.971251 188.831256 0.000000 27.372632 118.645749 190.643704 256.000000 229.388854
38.326205 91.274842 0.000000 13.811089 40.443640 88.092249 256.000000 254.683369 164.493722 110.717818 0.000000 10.283023 165.688162 113.750984 256.000000 225.615544 83.881080 179.399960 0.000000 35.874412 84.544349 174.426575 256.000000 213.749194 68.490182 196.402231 64.000000 18.711659 69.354405 194.976616 256.000000 239.099641
62.880427 109.382278 0.000000 13.742249 60.393487 109.305824 256.000000 240.769019 163.437736 127.803005 0.000000 12.434283 162.399393 122.902498 256.000000 234.293727 140.734818 86.341296 0.000000 17.201475 139.336578 90.106462 256.000000 251.495202 75.065669 73.987202 64.000000 13.148501 76.383904 71.513509 256.000000 254.618831
62.809771 192.068735 64.000000 27.708229 62.983555 190.124918 256.000000 224.927141 82.952795 20.976025 64.000000 19.924970 84.307851 23.789213 256.000000 236.982802 18.536084 145.631444 0.000000 24.386683 21.125956 148.255602 256.000000 238.217625 97.943598 18.903022 64.000000 19.034348 98.183809 21.661776 256.000000 242.184548
24.529409 72.213922 64.000000 11.367258 22.018236 74.149442 256.000000 257.415469 57.907642 151.998678 0.000000 18.543861 60.751596 153.092665 256.000000 246.607539 61.414384 20.505320 64.000000 9.930216 58.837825 17.297424 256.000000 236.100785 53.973185 170.981429 64.000000 23.556297 69.816095 171.340127 256.000000 238.277860
85.856175 89.203447 64.000000 25.526851 82.553251 91.437209 256.000000 236.010432 102.064362 148.479653 0.000000 10.523964 101.688049 158.656493 256.000000 248.758799 32.139251 144.616222 0.000000 19.877642 39.568909 145.952455 256.000000 253.775537 49.921345 75.505645 0.000000 10.386283 47.683880 77.378364 256.000000 243.032145
80.983925 61.557275 64.000000 23.293843 75.659500 56.919067 256.000000 236.952684 29.258447 27.519633 64.000000 20.609071 31.479393 29.339431 256.000000 249.679538 22.302367 13.780002 64.000000 34.093168 21.065949 20.882975 256.000000 238.170297 21.185689 133.830636 64.000000 30.827556 29.023255 125.734742 256.000000 217.883915
8.012373 17.407404 64.000000 24.481339 20.014867 16.045113 256.000000 216.958874 77.762618 145.790369 64.000000 35.654983 96.157613 103.171665 256.000000 198.604323 96.264164 112.989044 64.000000 27.123086 94.972973 113.882147 256.000000 229.500719 139.003009 131.048435 0.000000 23.285238 134.918113 121.755336 256.000000 240.407608
60.736013 29.296227 0.000000 9.482754 64.182224 23.320040 256.000000 258.250158 137.735602 108.646315 0.000000 16.745408 140.418202 104.396458 256.000000 235.472617 156.884247 27.547645 0.000000 13.965980 158.255411 18.071980 256.000000 241.861859 3.858224 27.327184 64.000000 14.779156 8.382967 23.625860 256.000000 234.625021
78.277104 69.011047 64.000000 24.494246 75.784653 68.152935 256.000000 244.770363 41.928820 101.312849 64.000000 15.304064 46.245891 101.398636 256.000000 240.123641 114.879025 144.677905 64.000000 16.061307 113.676151 145.417282 256.000000 252.764445 96.000478 152.877460 0.000000 9.538687 109.635931 205.049907 256.000000 246.865690
31.538922 7.244607 64.000000 31.640732 29.229636 12.810291 256.000000 225.641359 89.623795 139.454258 64.000000 10.648737 90.329713 138.307607 256.000000 234.745491 40.963700 114.317300 64.000000 26.477708 35.802769 113.961044 256.000000 233.101929 43.871360 15.724200 0.000000 64.172086 45.776309 12.874615 256.000000 181.790075
50.040536 152.985855 0.000000 11.307023 58.641909 209.272485 256.000000 251.757655 17.934540 60.642004 0.000000 17.128332 19.568229 55.065742 256.000000 254.300445 97.946382 33.755636 64.000000 69.825597 101.721093 34.006345 256.000000 181.402848 60.594265 28.603562 64.000000 12.812905 65.239616 30.453502 256.000000 230.485996
