75.747816 185.336402 64.000000 18.505139 72.733284 186.129804 256.000000 232.271542 17.129778 56.386022 64.000000 8.979359 9.179476 50.325176 256.000000 253.108647 13.324131 58.957018 64.000000 32.888463 3.053933 54.555411 256.000000 225.206804 62.564709 172.780478 0.000000 28.986077 59.449529 170.570662 256.000000 237.826096
104.147424 158.642073 64.000000 17.894181 105.577182 158.112356 256.000000 244.133590 73.226153 125.661675 64.000000 17.373576 97.698358 126.813696 256.000000 252.041622 15.682024 21.540947 0.000000 13.716434 16.942878 23.395729 256.000000 213.293126 73.750447 135.177778 0.000000 26.124901 112.099833 88.185176 256.000000 217.952756
129.884696 33.697445 64.000000 24.984734 127.836040 34.679527 256.000000 237.679810 36.426589 71.039609 0.000000 19.395760 28.279618 74.466893 256.000000 238.897423 92.065840 214.577371 0.000000 23.698280 101.333080 211.969775 256.000000 251.336008 4.654775 52.965800 0.000000 12.778484 6.345891 55.615051 256.000000 254.575806
172.896900 89.484569 64.000000 13.570148 175.293160 83.119973 320.000000 234.771306 11.200864 93.048440 0.000000 14.736131 9.096205 102.741642 256.000000 257.806998 57.986169 70.435680 0.000000 20.583256 68.104260 59.362458 256.000000 239.013591 41.414605 50.706958 64.000000 14.916837 35.294895 48.668585 256.000000 242.279204
121.647325 125.253231 0.000000 16.590517 119.820315 127.809096 256.000000 229.758871 115.216925 89.329218 64.000000 9.104132 120.745680 85.800013 256.000000 252.880613 11.376520 82.770564 0.000000 21.448062 18.509400 87.987765 256.000000 246.577421 63.516565 130.275618 64.000000 13.673409 64.216416 128.633415 256.000000 238.764045
102.213271 18.808924 0.000000 21.099558 99.679078 17.852733 256.000000 255.350259 88.495811 159.436667 0.000000 12.115896 86.320729 164.451902 256.000000 255.079201 46.631578 21.601269 64.000000 31.761203 45.127693 31.239198 256.000000 226.609426 207.341722 47.929733 64.000000 29.579825 227.884289 22.640351 256.000000 225.292855
15.954905 124.190318 64.000000 17.063794 19.191171 123.168720 256.000000 243.135405 17.764127 158.310864 64.000000 76.886032 22.311607 161.081811 256.000000 177.220799 84.477769 86.978847 64.000000 18.776197 85.290113 82.619273 256.000000 243.230061 151.148724 58.828400 0.000000 74.829428 148.539413 62.815736 256.000000 182.108462
142.760336 74.112133 64.000000 34.665404 80.735189 211.378449 256.000000 251.241353 86.544967 118.230467 0.000000 21.942852 84.877275 117.538678 256.000000 246.194497 175.033747 134.367053 64.000000 82.634199 175.373647 134.322947 256.000000 190.786644 172.950211 64.139444 64.000000 10.218485 192.167251 49.560585 256.000000 249.339639
78.432885 57.226304 64.000000 17.373576 76.665365 53.007984 256.000000 231.901525 2.679135 106.029835 64.000000 17.734987 4.327113 104.193325 256.000000 234.969222 71.153607 160.700920 64.000000 11.117712 70.956113 160.993973 256.000000 245.381321 44.816851 94.994595 64.000000 33.030446 40.199949 81.098571 256.000000 218.529293
171.840149 95.520485 0.000000 13.492703 175.012815 89.762778 256.000000 239.172784 151.705800 11.905265 0.000000 23.194885 150.335380 15.406575 256.000000 245.222127 104.708433 0.756931 64.000000 13.733644 104.629253 0.596242 256.000000 246.986161 42.630113 108.694565 64.000000 8.785746 40.814005 110.288055 256.000000 241.556380
17.267704 103.464891 0.000000 34.996698 32.604165 90.571778 256.000000 220.943007 131.540971 86.441609 0.000000 44.178275 109.987515 85.328582 256.000000 214.145025 73.071093 179.538155 64.000000 31.696665 77.068580 184.090500 256.000000 231.888618 84.101858 151.321804 0.000000 12.477308 84.344827 150.229436 256.000000 241.543473
95.974967 107.349995 64.000000 9.667762 95.454144 107.572164 256.000000 241.612313 88.459984 7.086082 0.000000 52.082005 89.308867 9.895433 256.000000 227.392485 28.667565 216.175722 0.000000 30.603825 23.655191 218.328396 256.000000 214.996924 166.992813 62.228682 64.000000 21.542718 170.942407 87.973335 256.000000 234.874567
73.092509 83.654636 64.000000 25.303120 71.742478 85.635738 256.000000 240.936817 59.018656 41.933965 0.000000 29.162481 81.145153 39.994233 256.000000 228.166938 64.068427 31.294415 0.000000 27.893237 63.823462 34.800502 256.000000 213.908387 127.753355 144.554524 0.000000 10.239998 132.674204 143.144071 256.000000 233.837659
88.100320 85.151018 64.000000 9.667762 87.544695 88.225415 256.000000 243.707640 68.073929 116.671867 64.000000 12.098686 74.722451 130.924273 256.000000 242.042565 74.443505 151.239495 0.000000 28.327792 85.114005 129.550442 256.000000 242.735271 45.453065 152.157955 0.000000 22.717306 45.933856 151.730485 256.000000 231.238937
114.910576 61.105809 0.000000 30.608127 111.520813 63.836645 256.000000 216.365126 97.167262 37.518827 0.000000 27.759859 96.986453 40.940113 256.000000 227.491442 159.272715 149.674216 0.000000 40.034949 136.460920 146.499356 256.000000 211.559211 130.329238 148.849509 0.000000 15.261038 130.940582 141.934791 256.000000 232.314567
54.009875 119.562365 64.000000 18.135122 37.436749 213.492235 256.000000 242.743876 18.009453 152.442015 64.000000 25.582784 16.157931 149.460231 256.000000 231.845593 36.333775 108.164769 0.000000 13.015123 41.984209 110.498958 256.000000 221.708856 62.719085 89.034095 0.000000 27.966380 57.275456 82.794547 256.000000 231.746635
59.400756 66.257655 0.000000 17.455324 53.912031 65.897824 256.000000 230.739845 27.323335 125.379529 64.000000 11.109107 24.412125 125.734645 256.000000 258.628780 35.951702 153.881042 0.000000 24.773910 26.162945 148.092684 256.000000 204.894607 89.934624 78.981365 64.000000 32.333438 66.696462 86.533065 256.000000 229.083375
102.435165 101.846835 0.000000 29.476565 106.996255 110.999675 256.000000 220.508453 32.428169 119.435591 64.000000 26.882145 33.380325 115.003138 256.000000 233.893592 62.985836 151.033058 0.000000 22.725911 69.647449 147.308520 256.000000 231.854198 86.667785 87.552242 64.000000 15.811761 85.409189 85.295095 256.000000 241.487540
28.758091 105.061144 64.000000 32.591589 51.712220 65.466175 256.000000 203.044524 14.030765 16.218598 64.000000 10.997241 12.600456 16.723575 256.000000 261.201687 79.720033 67.062958 64.000000 42.207721 57.651545 81.118605 256.000000 220.951612 151.245767 158.374260 64.000000 23.039995 151.359020 157.521287 256.000000 239.529893
102.434607 152.838191 64.000000 16.547492 103.400076 151.368124 256.000000 232.964248 28.233175 185.454556 0.000000 20.703726 35.988427 184.451696 256.000000 250.518530 11.826329 76.868311 64.000000 48.541031 7.807198 75.444485 256.000000 218.395915 70.732104 98.828684 0.000000 24.287725 62.098518 71.977811 256.000000 230.442971
162.430935 5.023344 0.000000 52.378878 160.999302 7.583491 256.000000 201.086877 134.747718 55.433624 0.000000 12.219157 137.303113 59.794524 256.000000 257.751066 60.797484 221.975636 0.000000 10.141040 62.128973 221.668316 256.000000 251.968479 29.966969 21.006307 64.000000 11.109107 29.601756 21.458960 256.000000 241.160549
15.157573 170.446331 64.000000 24.507154 14.758825 168.579733 256.000000 229.031745 178.058829 77.974862 64.000000 18.135122 168.864556 77.221022 256.000000 246.986161 44.134824 213.181225 0.000000 14.185408 37.592673 217.151091 256.000000 256.477520 138.346880 106.933933 0.000000 9.934519 139.268758 107.970231 256.000000 250.484109
103.634538 165.620035 64.000000 19.103189 98.331653 169.306302 256.000000 209.136892 78.647229 104.157975 0.000000 24.012364 75.583829 101.986873 256.000000 236.784886 180.657716 95.593322 0.000000 60.820423 186.636842 97.896493 256.000000 178.124328 156.309765 105.320293 0.000000 10.016267 157.380147 103.466429 256.000000 223.640687
3.896344 97.206602 64.000000 32.178547 6.227873 81.358724 256.000000 224.027914 1.541593 120.054835 0.000000 8.897611 1.001002 119.057424 256.000000 249.059975 131.527216 122.963213 64.000000 38.305336 122.757565 103.821824 256.000000 219.738301 152.761169 36.093205 64.000000 40.241470 145.420842 35.643447 256.000000 212.647748
84.653578 218.273285 0.000000 22.489272 86.015591 217.375867 256.000000 219.686671 68.458456 97.072009 64.000000 12.860232 76.500327 102.528635 256.000000 237.701322 22.076067 155.262211 64.000000 30.913606 27.291138 152.517435 256.000000 231.811173 0.476515 82.515269 64.000000 10.816535 2.513855 87.710658 256.000000 263.976812
70.799038 75.032696 64.000000 9.930216 69.181987 74.833878 256.000000 245.002699 117.919722 159.897760 0.000000 27.359725 138.322982 138.570109 256.000000 226.592216 159.789004 167.861336 64.000000 43.390914 143.833838 152.643767 256.000000 220.749394 87.247485 28.948798 64.000000 11.973913 110.669560 31.571611 256.000000 227.173056
181.322598 52.368896 64.000000 33.043354 179.919560 52.637936 256.000000 204.700994 22.851545 50.075529 0.000000 43.735116 13.478780 44.748844 256.000000 185.296629 96.207005 214.100720 0.000000 17.537072 95.215042 214.853131 256.000000 237.245255 111.966315 66.729235 64.000000 15.841879 112.118400 69.714047 256.000000 251.525319
45.588224 93.926962 0.000000 18.401878 43.714458 90.305822 256.000000 242.885859 31.574698 59.954742 64.000000 27.764162 48.820542 64.235796 256.000000 224.802367 53.122098 161.323955 0.000000 25.741977 53.728940 164.495255 256.000000 234.560483 25.258995 96.375720 0.000000 10.829443 23.884538 92.926949 256.000000 245.463069
14.933191 12.650040 0.000000 12.752669 7.379285 13.048869 256.000000 241.199271 104.499053 145.678376 64.000000 25.509641 101.103455 146.167935 256.000000 255.698764 48.252062 199.269482 64.000000 24.369473 36.802178 202.660624 256.000000 221.949797 31.174500 203.683615 64.000000 29.510985 26.053256 202.856484 256.000000 234.594903
84.796022 155.880051 0.000000 12.881745 93.171815 154.248184 256.000000 262.535468 61.478242 61.721951 64.000000 15.166383 58.795891 61.684858 256.000000 245.407136 40.658213 76.527298 64.000000 8.893309 39.447316 75.319222 256.000000 257.677923 76.912062 24.338924 0.000000 14.512400 72.432998 20.887469 256.000000 238.553221
85.985198 106.362442 0.000000 24.304935 85.139358 102.937055 256.000000 229.427576 76.820944 73.232638 64.000000 20.208936 74.242773 75.298740 256.000000 234.194769 141.041827 75.185195 64.000000 15.097543 140.389524 76.721962 256.000000 253.741117 91.476133 161.349276 0.000000 35.844294 85.764629 158.032751 256.000000 218.658369
29.050013 77.110142 64.000000 10.235695 32.195473 79.972753 256.000000 269.406592 36.183893 111.894235 64.000000 25.367658 31.793655 109.080153 256.000000 226.867577 42.802107 196.119271 64.000000 11.685644 43.848618 196.549209 256.000000 256.051570 156.488882 52.032149 64.000000 8.884704 157.298800 52.601982 256.000000 245.226430
