78.647229 104.157975 0.000000 24.012364 75.583829 101.986873 256.000000 236.784886 78.688636 209.415004 0.000000 25.759187 73.828622 205.086965 256.000000 225.744619 75.852800 73.298258 0.000000 9.469847 71.886007 75.617285 256.000000 235.679138 155.712265 158.191467 0.000000 16.379694 154.900664 157.715829 320.000000 246.401018
80.322173 28.327384 64.000000 67.635614 80.861215 30.046551 256.000000 189.543216 14.654011 82.802125 0.000000 17.545677 15.830796 77.265029 256.000000 254.119739 108.143104 5.791636 64.000000 43.821166 100.061705 37.654520 256.000000 199.679953 97.913656 31.982647 64.000000 16.758315 101.231558 36.370458 256.000000 253.513083
57.887167 74.034560 64.000000 30.969539 46.006238 74.499169 256.000000 219.174671 146.553898 83.978105 64.000000 36.889806 138.145969 89.678995 256.000000 219.437125 121.905204 149.244460 64.000000 9.499964 123.538280 148.079947 256.000000 251.469386 99.701680 43.436165 64.000000 24.339356 103.188205 47.995915 256.000000 246.560211
114.756555 17.650269 64.000000 13.286182 113.724267 21.688500 256.000000 244.925254 86.915593 157.158807 64.000000 15.071728 84.865016 159.174618 256.000000 236.044852 44.914367 155.007224 64.000000 12.055661 45.701784 154.986567 256.000000 241.694061 13.476255 76.350595 64.000000 24.502851 19.089242 77.472098 256.000000 232.030601
78.789209 38.798069 64.000000 40.899755 69.968349 42.150224 256.000000 224.286065 147.500175 161.464844 0.000000 25.277305 147.454253 158.061136 256.000000 228.016350 33.922991 27.599942 64.000000 25.225675 24.517049 36.471291 256.000000 233.579508 21.330265 88.056145 64.000000 25.556969 28.146900 85.063984 256.000000 219.548991
43.455135 158.099945 64.000000 26.886447 47.875031 157.688055 256.000000 237.055944 9.941307 54.943353 0.000000 11.427493 13.486249 50.052147 256.000000 219.656554 33.015522 41.874109 64.000000 21.035020 32.117800 44.377793 256.000000 245.652379 136.248000 144.723802 0.000000 13.746551 134.835607 145.342985 256.000000 217.152487
98.665180 24.831395 0.000000 11.836233 103.069560 27.066578 256.000000 251.430664 33.479500 165.327069 0.000000 56.375920 7.668302 148.384945 256.000000 214.063278 98.324007 109.864767 0.000000 9.310653 127.810304 128.243756 256.000000 260.969351 137.735602 108.646315 0.000000 16.745408 140.418202 104.396458 256.000000 235.472617
97.943598 18.903022 64.000000 19.034348 98.183809 21.661776 256.000000 242.184548 34.344556 177.771985 64.000000 42.216326 28.940898 177.457331 256.000000 214.588185 22.998995 59.695896 0.000000 17.416601 27.872796 59.257025 256.000000 247.317455 110.769693 129.124869 64.000000 10.257208 111.337471 129.250256 256.000000 235.343541
42.265247 82.965505 64.000000 39.376663 56.664509 79.224098 256.000000 224.656082 108.269135 30.678375 64.000000 27.131691 115.198393 39.756293 256.000000 224.823880 78.886762 117.724633 64.000000 12.227762 74.266924 122.461447 256.000000 244.077657 69.241518 79.585076 0.000000 17.997441 72.583980 90.443456 256.000000 229.040350
72.869818 92.369965 0.000000 17.846853 72.768142 83.334385 256.000000 238.062734 38.483122 82.871542 0.000000 14.017610 43.642791 77.601478 256.000000 230.692517 47.751684 69.775609 64.000000 23.655255 45.642691 72.342200 256.000000 249.434294 30.363607 19.849955 0.000000 12.339627 31.059984 21.458738 256.000000 236.371844
125.042436 23.217098 64.000000 15.897811 133.630949 29.161769 256.000000 239.297557 129.561271 81.551875 0.000000 12.989308 130.515015 85.484807 256.000000 236.552550 24.769756 43.084249 64.000000 9.435426 28.619367 42.210684 256.000000 239.000683 110.342593 176.102935 64.000000 10.691762 110.248924 176.638753 256.000000 245.148985
41.346738 188.365358 0.000000 12.442888 41.895271 190.523922 256.000000 252.166395 2.183447 106.188162 64.000000 36.334781 14.056255 102.728391 256.000000 211.653866 12.311309 72.558504 0.000000 11.621107 13.992785 72.649478 256.000000 226.562098 46.062258 11.126525 64.000000 24.494246 47.256376 13.029269 256.000000 244.430464
77.263780 164.090958 64.000000 12.524636 70.943175 169.606653 256.000000 236.259978 74.888240 21.312807 0.000000 14.929744 71.293665 21.112869 256.000000 224.991678 105.658153 47.655338 64.000000 25.987221 98.176578 33.380776 256.000000 237.051642 62.719085 89.034095 0.000000 27.966380 57.275456 82.794547 256.000000 231.746635
69.700184 68.507944 0.000000 11.522149 72.931682 64.103827 256.000000 263.787501 58.373785 77.497036 0.000000 20.828499 53.697153 80.490620 256.000000 244.538027 119.029505 138.226840 64.000000 17.562887 118.002580 137.358964 256.000000 223.580452 70.304011 111.025769 64.000000 33.013236 42.623371 115.488373 256.000000 240.932515
106.151464 67.056064 0.000000 35.706613 28.370449 102.971085 256.000000 226.828854 5.524511 18.213415 64.000000 10.011964 7.779247 12.352327 256.000000 268.989248 77.853104 137.700196 0.000000 20.200331 71.287985 146.055700 256.000000 224.901325 30.162336 15.381273 64.000000 62.618876 31.658516 16.504993 256.000000 211.322572
13.324131 58.957018 64.000000 32.888463 3.053933 54.555411 256.000000 225.206804 1.084342 89.236000 0.000000 27.613573 21.978064 82.761682 256.000000 217.952756 49.734855 31.232984 0.000000 24.378078 47.512440 38.642784 256.000000 216.838403 24.845113 30.073053 0.000000 9.061107 16.153091 15.217713 256.000000 257.161620
38.785744 0.852631 0.000000 23.263726 43.076189 3.907884 256.000000 229.926669 142.077316 20.506860 0.000000 13.793879 144.545789 24.138209 256.000000 247.627236 46.903309 71.728085 64.000000 11.909375 52.831480 67.899195 256.000000 245.587842 63.179915 146.470889 0.000000 16.302248 69.227951 144.200251 256.000000 211.890505
56.470044 56.806998 64.000000 9.164368 56.512636 58.554900 256.000000 237.722835 90.839356 130.963618 64.000000 41.403150 92.251387 128.158002 256.000000 193.174543 18.172682 155.785416 64.000000 15.953744 18.715269 154.982080 256.000000 240.355977 51.189600 88.129040 0.000000 9.654855 55.022227 94.940976 256.000000 255.315839
43.618418 62.736093 64.000000 25.376263 31.993635 57.415096 256.000000 232.680282 6.121129 50.540804 64.000000 24.386683 4.619609 37.717415 256.000000 253.013991 77.131278 58.960256 0.000000 12.688131 76.795344 61.449791 256.000000 239.387910 92.131244 112.625362 64.000000 19.425878 92.042005 112.283964 256.000000 242.593288
88.202884 102.429004 64.000000 9.353678 94.212578 103.139895 256.000000 274.522289 25.392820 133.274922 0.000000 9.482754 26.938238 133.834724 256.000000 253.883100 67.758640 82.435720 64.000000 31.090010 56.862264 72.994607 256.000000 233.437525 29.694536 47.710027 64.000000 25.182650 17.141520 41.389595 256.000000 259.609754
57.001665 80.077602 64.000000 39.385268 43.034880 82.926980 256.000000 208.895951 79.498115 93.164222 64.000000 20.277777 80.716235 87.634195 256.000000 246.869993 71.465160 125.027213 0.000000 14.602753 69.091344 123.160171 320.000000 213.564185 97.726187 48.260627 0.000000 21.620163 111.064000 58.825716 256.000000 231.901525
20.624644 194.460856 0.000000 17.132635 24.391878 196.706742 256.000000 244.641287 48.829115 50.525087 0.000000 20.531625 48.732893 55.363551 256.000000 240.183876 27.104142 141.954716 64.000000 12.658014 32.343491 146.555096 256.000000 258.994494 106.414075 104.362025 0.000000 24.705070 103.753538 109.786471 256.000000 246.900110
2.806311 105.646904 64.000000 32.432396 9.371475 102.622509 256.000000 228.945694 57.429002 47.882036 64.000000 15.867694 55.856078 50.611480 256.000000 236.617087 91.606991 187.165151 64.000000 33.856530 77.316733 181.319904 256.000000 233.992550 64.529318 124.844564 0.000000 10.102317 77.772925 131.697300 256.000000 244.951069
28.203442 39.138742 0.000000 20.445575 13.961553 42.309956 256.000000 230.791475 26.818151 53.496820 0.000000 13.832602 23.386589 57.437762 256.000000 261.107031 144.199602 176.502027 0.000000 40.848125 141.510327 175.496847 256.000000 212.871480 98.865836 79.969220 0.000000 20.419760 102.049502 72.049715 256.000000 222.384351
138.346880 106.933933 0.000000 9.934519 139.268758 107.970231 256.000000 250.484109 90.699891 157.629104 0.000000 37.109235 86.250660 144.016720 256.000000 207.174943 31.660936 36.500387 0.000000 19.739962 41.366436 20.282347 256.000000 241.466027 124.053538 53.369256 0.000000 48.472190 125.107080 52.732958 256.000000 220.525663
25.599495 85.417035 64.000000 11.522149 24.066764 82.741711 256.000000 257.402562 13.622524 208.336789 0.000000 44.466544 39.434007 191.496649 256.000000 224.204317 12.687660 105.952944 0.000000 8.987964 14.906531 107.180940 256.000000 237.899238 3.699545 10.324275 0.000000 17.700567 3.589558 13.583329 256.000000 228.166938
52.274480 107.104035 64.000000 22.773238 46.845367 106.007445 256.000000 231.583139 73.062711 138.290604 0.000000 31.214783 73.222695 132.999991 256.000000 244.417556 155.426913 160.143784 64.000000 11.978216 155.783631 159.557398 256.000000 256.180646 183.280155 91.539553 0.000000 48.093569 177.879705 94.317160 256.000000 208.272086
50.140871 30.609815 0.000000 17.360668 53.412189 31.141480 256.000000 240.119339 6.400200 12.614965 0.000000 43.872796 11.777736 26.763136 256.000000 233.144954 125.836678 24.706549 64.000000 28.525708 123.879165 24.558331 256.000000 221.188251 150.369575 122.179767 64.000000 10.377678 152.552218 121.064765 256.000000 249.658026
101.694889 61.367400 64.000000 29.287254 96.478349 57.961256 256.000000 231.643374 110.210865 13.316127 0.000000 50.481467 116.592729 15.847740 256.000000 184.023083 99.613667 19.819673 64.000000 25.010549 102.315535 34.196420 256.000000 228.506837 46.631578 21.601269 64.000000 31.761203 45.127693 31.239198 256.000000 226.609426
44.252789 159.678071 64.000000 34.303992 43.113545 157.416382 256.000000 224.221527 24.132382 176.895027 64.000000 33.404765 21.194095 174.309673 256.000000 219.376890 3.814902 134.933911 64.000000 24.773910 6.125776 133.970811 256.000000 216.520016 97.272409 215.068975 64.000000 38.628025 102.957489 200.669338 256.000000 217.161092
4.976124 184.436691 64.000000 24.644835 27.458049 186.315555 256.000000 233.114836 29.656916 94.649611 64.000000 17.567189 39.809969 88.065207 256.000000 244.606867 138.782155 183.946978 0.000000 31.279320 138.003609 179.953180 256.000000 230.679610 54.015744 9.430651 64.000000 37.909504 49.837976 14.793824 256.000000 220.005058
14.933191 12.650040 0.000000 12.752669 7.379285 13.048869 256.000000 241.199271 68.771984 151.948189 64.000000 27.234952 65.926095 148.043449 256.000000 234.758399 164.101411 93.101604 0.000000 31.718177 133.859329 96.997445 256.000000 222.238066 95.560338 131.982384 64.000000 36.795151 96.245467 129.986865 256.000000 220.344957
