61.478242 61.721951 64.000000 15.166383 58.795891 61.684858 256.000000 245.407136 29.101067 98.785411 64.000000 62.967380 28.446645 97.625213 256.000000 201.646205 85.351931 103.371545 64.000000 32.178547 82.915269 98.333304 256.000000 227.194569 10.208516 124.995578 64.000000 17.584399 10.256913 131.662200 256.000000 233.708584
73.429309 17.338060 0.000000 9.444031 72.857562 17.730107 256.000000 229.565257 58.220095 174.707680 64.000000 11.384468 221.087651 253.837624 256.000000 209.494001 101.719409 23.537553 64.000000 15.557912 100.411595 21.564780 256.000000 260.199200 40.938371 146.721080 0.000000 16.964836 40.622140 145.364995 256.000000 253.551806
13.324131 58.957018 64.000000 32.888463 3.053933 54.555411 256.000000 225.206804 85.985198 106.362442 0.000000 24.304935 85.139358 102.937055 256.000000 229.427576 118.763305 108.955202 64.000000 38.443016 104.512107 107.952105 256.000000 203.608154 166.791573 139.291882 0.000000 17.162752 166.364198 137.962089 256.000000 227.319342
47.124589 10.764462 0.000000 17.364971 56.820447 16.095051 256.000000 232.757727 67.418625 185.281969 64.000000 16.448534 54.856196 188.052656 256.000000 239.452448 51.145773 39.748740 0.000000 9.697880 56.182845 40.607776 256.000000 248.801824 81.242320 48.158545 64.000000 17.132635 79.009900 47.323480 256.000000 239.878398
98.219449 154.243025 64.000000 234.840147 96.511273 150.019949 256.000000 27.097271 175.033747 134.367053 64.000000 82.634199 175.373647 134.322947 256.000000 190.786644 109.356896 214.496005 64.000000 16.822853 117.116356 210.535393 256.000000 250.187235 40.338493 112.022138 64.000000 8.716906 38.303893 112.217038 256.000000 244.946766
43.428876 76.231756 64.000000 13.634686 42.648049 72.821784 256.000000 252.033017 10.934598 140.493740 0.000000 19.804500 10.474267 136.759464 256.000000 240.317255 105.658153 47.655338 64.000000 25.987221 98.176578 33.380776 256.000000 237.051642 40.207080 146.475033 64.000000 21.482482 33.258915 148.172856 256.000000 236.539642
1.233144 119.627404 0.000000 42.100158 7.022495 115.315484 256.000000 208.788388 151.442293 107.671864 64.000000 25.552666 150.375382 108.788444 256.000000 232.340383 96.207005 214.100720 0.000000 17.537072 95.215042 214.853131 256.000000 237.245255 101.455913 38.546889 0.000000 8.768536 101.687258 39.058967 256.000000 246.921623
124.569900 103.935353 64.000000 27.424262 123.782749 97.970835 256.000000 54.930273 146.621844 103.780524 0.000000 38.240798 149.053042 103.225982 256.000000 207.428792 124.456796 20.712153 64.000000 13.944467 126.527349 10.190551 256.000000 243.402161 36.333775 108.164769 0.000000 13.015123 41.984209 110.498958 256.000000 221.708856
137.380255 155.574627 0.000000 15.626753 141.056645 150.474584 256.000000 235.218768 58.901455 58.625909 0.000000 17.175660 63.461391 62.997573 256.000000 239.598734 23.612231 94.760198 64.000000 24.421104 32.886558 107.965547 256.000000 231.286265 157.415973 160.637811 0.000000 8.751326 158.073685 162.645442 256.000000 262.139636
10.372089 99.610429 0.000000 14.619963 10.666113 93.862015 256.000000 213.667446 120.309173 6.165727 0.000000 11.586686 119.093307 3.733213 256.000000 257.398259 19.268498 76.583405 0.000000 12.309510 20.192465 72.181071 256.000000 234.934802 46.190585 138.151553 64.000000 13.518518 37.886489 92.406464 256.000000 244.834901
15.441565 60.737100 64.000000 17.197172 19.290629 56.520529 256.000000 232.452248 13.995740 66.305984 64.000000 40.013436 51.781107 24.213858 256.000000 230.382736 41.894729 128.676638 0.000000 26.770279 55.655640 115.037045 256.000000 214.334336 72.709500 94.936333 0.000000 23.569205 69.644238 83.672320 256.000000 236.939776
101.081582 100.192813 64.000000 29.054918 97.308027 97.135184 256.000000 237.098970 107.275082 103.733887 64.000000 27.148901 112.043878 95.747878 256.000000 237.481894 111.808555 161.640847 0.000000 32.927186 104.192224 161.358289 256.000000 223.541729 114.810940 161.103371 0.000000 51.070912 114.397065 164.275742 256.000000 187.452191
66.950535 217.729205 64.000000 19.864735 63.386671 219.008933 256.000000 239.039406 161.316227 38.948985 64.000000 34.523420 161.523695 43.058760 256.000000 217.810772 55.559758 225.370135 0.000000 8.970754 57.007693 227.077245 256.000000 259.545216 178.441715 38.285291 64.000000 11.681342 193.660116 47.709729 256.000000 243.105288
38.738609 10.988891 64.000000 14.331694 40.498031 11.968520 256.000000 229.814803 65.597255 150.177065 64.000000 13.759459 89.075273 162.729645 256.000000 253.177487 45.119973 83.292022 0.000000 10.472334 45.390269 81.160973 256.000000 272.840003 72.748458 213.993187 64.000000 43.765233 68.714138 216.091451 256.000000 212.424017
48.888276 3.035969 0.000000 9.082620 57.285416 1.677244 256.000000 245.665287 155.521615 37.703571 0.000000 13.965980 163.280215 46.213355 256.000000 249.038463 90.623665 76.589364 0.000000 11.453308 89.523520 75.939436 256.000000 253.530294 169.166065 43.027625 64.000000 23.745608 166.498491 39.978662 256.000000 220.263209
74.443505 151.239495 0.000000 28.327792 85.114005 129.550442 256.000000 242.735271 27.823949 63.949616 0.000000 8.841679 25.778944 65.926809 256.000000 242.649220 80.557082 100.517693 0.000000 21.874012 76.359676 99.274653 256.000000 248.573790 16.299518 166.911809 64.000000 12.417073 20.312733 173.376262 256.000000 231.066837
93.725875 97.012562 0.000000 35.121471 49.353600 102.354915 256.000000 225.873695 56.620029 43.182800 0.000000 10.429308 61.308098 45.757582 256.000000 226.239409 105.388869 114.415595 64.000000 12.744064 104.406769 118.127204 256.000000 247.003371 170.281976 118.606555 64.000000 40.168327 165.353196 116.893511 256.000000 208.470002
117.000398 2.317711 64.000000 16.143055 116.678162 2.524773 256.000000 229.857828 20.501976 123.457187 0.000000 13.359325 24.101935 125.610425 256.000000 233.919407 73.071093 179.538155 64.000000 31.696665 77.068580 184.090500 256.000000 231.888618 88.705989 182.485582 64.000000 9.826956 88.678933 181.881818 320.000000 263.619703
70.551589 97.984116 0.000000 10.476636 68.978185 100.345242 256.000000 254.644646 14.392018 201.673547 64.000000 9.951729 13.891536 202.058235 256.000000 262.664543 92.617525 64.051267 0.000000 20.996298 89.065522 54.712675 256.000000 231.359408 14.850287 95.366520 0.000000 9.319258 15.986207 98.273255 256.000000 249.791404
16.777522 164.832005 64.000000 67.846438 17.061224 166.623873 256.000000 193.712358 104.500402 85.448445 64.000000 19.765777 103.286240 84.321731 256.000000 246.986161 13.524527 207.070151 0.000000 19.993810 13.422815 206.461456 256.000000 240.545288 89.487287 147.545038 64.000000 37.462042 79.760413 132.315362 256.000000 211.077329
34.373513 59.738171 64.000000 9.887191 36.184169 58.059960 256.000000 255.182461 37.687069 223.087689 64.000000 12.313812 37.629627 223.976485 256.000000 243.793691 109.178293 208.820035 0.000000 26.447590 116.202855 206.349249 256.000000 217.234235 132.299351 112.659469 64.000000 10.394888 132.538487 111.445355 256.000000 223.550334
79.087798 151.677976 64.000000 41.058948 66.296780 148.088411 256.000000 206.060590 90.939815 86.055513 0.000000 33.301505 67.297256 54.930335 256.000000 201.366541 114.089773 108.639991 64.000000 16.414114 113.902411 106.606358 256.000000 231.303475 46.894709 99.521938 0.000000 10.205577 44.141733 101.486815 256.000000 253.607739
91.039027 30.508669 64.000000 29.584128 91.129353 31.471673 256.000000 219.505965 15.732433 71.100818 0.000000 36.993067 34.618465 56.096369 256.000000 210.629867 80.216907 191.181555 64.000000 12.567661 92.987369 203.947911 256.000000 256.722763 38.326205 91.274842 0.000000 13.811089 40.443640 88.092249 256.000000 254.683369
149.490084 172.727353 0.000000 20.406852 147.461636 174.041707 256.000000 240.033288 31.316693 133.275080 64.000000 45.331351 22.293304 130.921407 256.000000 219.673764 53.143509 122.333893 0.000000 13.333509 47.979213 130.723204 256.000000 235.033760 77.082156 138.597982 64.000000 37.582512 81.091775 127.100889 256.000000 211.137564
148.236722 4.904602 0.000000 27.863120 142.849525 8.796605 256.000000 224.139779 60.996771 102.697642 64.000000 10.308838 64.664429 105.205053 256.000000 248.616816 59.545993 127.158145 0.000000 30.207993 58.410516 122.168515 256.000000 225.219712 66.807429 25.380427 0.000000 16.108635 68.281553 26.040465 256.000000 256.731368
140.305331 57.665624 0.000000 17.975929 141.904100 62.363633 256.000000 250.836916 77.850887 108.959182 64.000000 24.115625 75.704853 106.097731 256.000000 244.090565 123.379702 20.324593 0.000000 30.741505 120.601033 21.062765 256.000000 222.380049 58.726013 100.350331 64.000000 17.683357 66.840471 96.155435 256.000000 237.021524
66.156738 46.784796 64.000000 20.062651 56.415729 34.631129 256.000000 225.094939 77.604131 78.768571 64.000000 22.738818 73.498882 85.034535 256.000000 244.357321 139.671945 185.229656 64.000000 15.936534 144.578418 191.684131 256.000000 231.256147 54.665365 199.867115 0.000000 23.130348 66.437465 206.156253 256.000000 227.190266
36.688633 231.815058 64.000000 20.600466 32.564958 232.072155 256.000000 246.271942 181.112800 115.454598 0.000000 31.318043 175.674740 125.469545 256.000000 220.943007 60.758109 75.571449 64.000000 30.367186 22.447298 70.982722 256.000000 224.062334 57.429002 47.882036 64.000000 15.867694 55.856078 50.611480 256.000000 236.617087
2.895782 173.840875 0.000000 39.970411 2.415033 170.281002 256.000000 213.185563 131.191438 72.384127 0.000000 11.732972 131.514380 71.377284 256.000000 249.425689 30.671849 106.610867 0.000000 13.501308 37.389607 114.350785 256.000000 243.957187 122.913582 62.388816 0.000000 16.401206 123.580084 59.200880 256.000000 218.215209
32.627616 38.468147 64.000000 19.873340 35.252684 38.644676 256.000000 240.523776 6.121129 50.540804 64.000000 24.386683 4.619609 37.717415 256.000000 253.013991 110.637009 40.931269 0.000000 29.300161 102.668438 38.463215 256.000000 213.030673 111.492527 199.537553 0.000000 80.999242 112.847309 197.111404 256.000000 170.711086
55.739924 45.150205 0.000000 9.401006 54.220564 44.331655 256.000000 249.356849 31.660936 36.500387 0.000000 19.739962 41.366436 20.282347 256.000000 241.466027 161.041867 5.844724 64.000000 15.966652 160.556184 4.353704 256.000000 252.080344 20.659878 95.350716 64.000000 12.326720 21.410673 101.232367 256.000000 266.708912
45.448820 219.410891 64.000000 39.712260 52.658175 217.205107 256.000000 208.573262 57.575771 68.164435 0.000000 21.998785 49.157636 63.772373 256.000000 234.233491 85.201038 94.137667 64.000000 52.159450 88.005147 90.100456 256.000000 200.790003 157.636865 128.740796 64.000000 12.653711 157.658216 128.167076 256.000000 244.645590
