145.748951 134.024447 64.000000 29.248531 135.611013 147.474765 256.000000 215.250773 4.966942 141.416887 0.000000 14.077845 1.257238 139.361949 256.000000 238.273558 2.372933 169.499325 0.000000 31.980631 6.331631 167.897811 256.000000 217.729025 12.970364 27.963718 64.000000 8.699695 14.876144 26.065920 256.000000 238.673692
14.950371 126.836633 64.000000 13.806787 5.596962 130.615396 256.000000 260.857485 11.105455 222.572656 0.000000 16.805643 12.502147 222.603687 256.000000 247.141051 56.939424 48.462965 0.000000 12.266485 67.427185 38.394342 256.000000 245.075842 70.304011 111.025769 64.000000 33.013236 42.623371 115.488373 256.000000 240.932515
76.954364 118.284642 64.000000 21.899827 71.157331 122.704824 256.000000 233.063206 36.688633 231.815058 64.000000 20.600466 32.564958 232.072155 256.000000 246.271942 0.438909 134.105980 64.000000 24.864263 1.619302 134.154433 256.000000 234.586298 56.218849 151.250540 0.000000 15.153475 56.268862 150.566485 256.000000 233.928012
6.651124 103.185187 0.000000 18.070584 3.407520 93.443140 256.000000 240.528078 59.400756 66.257655 0.000000 17.455324 53.912031 65.897824 256.000000 230.739845 46.190585 138.151553 64.000000 13.518518 37.886489 92.406464 256.000000 244.834901 40.658213 76.527298 64.000000 8.893309 39.447316 75.319222 256.000000 257.677923
64.670518 69.867222 0.000000 14.060635 62.682458 69.769160 256.000000 247.123841 137.827935 171.202647 0.000000 44.862376 134.974913 162.018784 256.000000 204.029801 41.700735 51.203125 0.000000 11.087594 35.239185 47.821978 256.000000 232.942735 68.187982 30.004047 0.000000 31.391186 64.635811 30.338049 256.000000 225.615544
134.547220 79.241140 64.000000 26.994010 131.490520 71.665055 256.000000 237.546432 90.906040 34.121867 64.000000 46.213367 88.631035 36.648584 256.000000 201.474104 56.567838 196.509396 0.000000 55.760659 55.231724 194.388965 256.000000 199.731583 155.426913 160.143784 64.000000 11.978216 155.783631 159.557398 256.000000 256.180646
59.018656 41.933965 0.000000 29.162481 81.145153 39.994233 256.000000 228.166938 29.713513 92.919611 0.000000 25.113809 35.026853 91.475105 256.000000 235.438197 62.236318 165.995322 0.000000 28.839792 53.503720 161.958231 256.000000 212.165866 35.461485 74.628578 64.000000 20.518718 38.604484 64.038153 256.000000 243.057960
111.350638 94.720345 64.000000 36.962949 104.243275 98.867615 256.000000 226.691174 121.880149 176.596587 0.000000 14.138081 123.869029 175.964525 256.000000 251.955571 132.424755 13.621927 64.000000 35.943252 142.069160 16.830816 256.000000 225.335880 22.716860 50.697636 0.000000 11.504938 25.135127 49.011104 256.000000 234.272214
21.325813 112.887322 0.000000 14.069240 5.971511 120.541265 256.000000 230.485996 31.316693 133.275080 64.000000 45.331351 22.293304 130.921407 256.000000 219.673764 16.173502 114.324422 64.000000 34.471790 14.021638 107.167040 256.000000 225.989863 156.749382 58.024435 64.000000 31.434211 153.765280 57.189662 256.000000 226.041493
58.718605 173.916425 64.000000 27.514615 53.293745 173.070125 256.000000 222.246671 115.935044 106.047860 0.000000 10.119527 114.212253 112.037613 256.000000 241.513355 142.456384 114.602956 0.000000 23.857473 148.095938 97.537513 256.000000 236.105088 107.357842 164.456444 0.000000 16.409811 111.253740 163.561815 256.000000 224.841090
0.126284 78.851011 0.000000 17.653240 5.340129 78.475291 256.000000 252.820378 3.400516 120.934451 0.000000 24.330751 5.061380 120.660231 256.000000 238.854398 77.131278 58.960256 0.000000 12.688131 76.795344 61.449791 256.000000 239.387910 63.649609 45.218336 0.000000 23.427221 61.558869 44.521273 256.000000 241.840347
5.992193 99.759453 0.000000 11.281207 7.376567 103.835180 256.000000 241.345557 83.130796 132.505002 64.000000 47.379350 184.208982 80.882924 256.000000 228.339039 80.593551 159.330324 0.000000 10.218485 81.930224 158.629809 256.000000 224.075242 140.845993 43.208095 0.000000 20.492903 146.430696 58.017540 256.000000 213.770706
61.327762 97.307067 64.000000 9.577410 62.191680 95.845491 256.000000 239.736414 10.372089 99.610429 0.000000 14.619963 10.666113 93.862015 256.000000 213.667446 96.968420 41.387229 64.000000 14.938349 96.176529 41.394533 256.000000 236.617087 93.282573 29.735924 0.000000 15.501980 115.046247 34.077707 256.000000 241.612313
93.836705 125.603573 64.000000 17.786618 103.904971 123.566700 256.000000 241.478935 48.451271 62.107658 64.000000 22.265541 42.227267 60.676765 256.000000 236.376146 162.193702 7.106515 0.000000 212.884387 162.422607 6.212891 256.000000 35.495790 26.141271 48.385215 64.000000 23.100230 44.437356 37.610942 256.000000 236.341726
73.662196 49.694669 64.000000 22.910919 75.720978 53.985982 256.000000 233.101929 34.931145 9.648905 64.000000 31.085707 38.173145 16.221518 256.000000 247.407808 62.909633 97.187435 64.000000 27.665204 58.158573 84.806785 256.000000 225.667174 173.068765 58.004120 0.000000 72.454437 169.674589 56.385384 256.000000 211.774337
80.531773 195.532182 64.000000 40.039251 76.005631 198.973893 256.000000 179.242983 79.387222 110.213298 64.000000 10.072199 89.735778 115.339491 256.000000 243.759271 120.886653 25.189740 0.000000 24.016667 130.826069 32.251265 256.000000 240.781927 135.400716 93.344376 64.000000 25.062179 131.407433 100.341082 256.000000 231.570231
52.008969 48.048593 64.000000 22.992667 48.742478 41.668767 256.000000 258.435166 12.097740 184.303298 0.000000 16.013979 6.638180 185.440040 256.000000 226.596518 42.053733 42.138829 64.000000 27.910447 49.382280 46.503724 256.000000 225.301460 64.906593 33.819460 0.000000 18.246987 59.952438 33.324735 256.000000 251.017622
46.665349 99.270213 64.000000 58.441129 45.774451 97.515585 256.000000 191.741804 65.251740 120.387402 0.000000 10.635829 60.711985 124.179115 256.000000 239.331978 139.068671 170.719782 64.000000 14.611358 147.766949 167.312345 256.000000 253.547504 37.452625 69.032404 64.000000 11.905073 44.365120 68.353469 256.000000 248.879269
117.386418 167.907178 64.000000 21.572835 117.691358 170.376167 256.000000 243.178430 88.109875 36.412302 0.000000 52.877971 89.813898 26.285031 256.000000 204.799952 92.504467 61.062667 64.000000 69.455580 93.207616 63.989582 256.000000 189.719619 65.558524 67.818427 0.000000 53.041467 76.095796 57.282760 256.000000 205.617431
107.606258 91.857258 64.000000 21.951457 109.809005 86.129151 256.000000 237.860516 21.542098 106.465084 64.000000 9.215998 23.122022 107.514435 256.000000 259.463469 91.301173 86.562120 64.000000 26.925170 12.670382 85.198067 256.000000 218.172184 125.836678 24.706549 64.000000 28.525708 123.879165 24.558331 256.000000 221.188251
129.428209 87.131980 64.000000 13.311997 130.015309 85.546900 256.000000 239.060919 40.341053 154.911600 64.000000 8.768536 33.807640 164.238951 256.000000 243.118195 52.253673 218.870271 0.000000 36.240126 39.232549 210.818764 256.000000 226.837459 98.719675 17.192345 0.000000 9.207393 104.946087 19.220536 256.000000 243.354834
39.090456 122.459375 0.000000 22.274146 44.244333 116.993493 256.000000 251.516714 61.638742 65.037853 64.000000 10.717577 60.493549 67.282913 256.000000 245.949253 147.290587 146.193787 0.000000 23.431524 154.603685 161.775776 256.000000 242.386767 117.541393 91.898880 0.000000 35.822782 115.092609 90.073316 256.000000 231.970366
13.553318 51.330640 64.000000 12.034148 10.946902 50.512678 256.000000 240.631339 185.563185 99.238276 64.000000 46.346745 180.505309 101.188209 256.000000 202.657297 25.015069 101.253704 64.000000 11.134922 26.168918 103.840800 256.000000 235.231676 40.338493 112.022138 64.000000 8.716906 38.303893 112.217038 256.000000 244.946766
65.966607 108.024138 0.000000 92.740819 66.438907 108.865060 256.000000 162.355592 88.705989 182.485582 64.000000 9.826956 88.678933 181.881818 320.000000 263.619703 167.626524 73.014195 0.000000 33.357438 164.684542 67.915265 256.000000 226.377090 98.665180 24.831395 0.000000 11.836233 103.069560 27.066578 256.000000 251.430664
140.562364 84.719956 0.000000 10.721880 145.847924 92.889665 256.000000 239.572919 66.836358 42.210073 0.000000 29.003287 70.883471 56.940798 256.000000 219.781327 48.587464 195.872418 64.000000 23.285238 49.182605 193.615165 256.000000 244.365926 79.870527 175.644660 64.000000 33.043354 88.389307 173.444984 256.000000 226.316855
19.654171 39.729293 64.000000 12.326720 13.688595 43.806102 256.000000 239.504078 49.363851 83.144456 0.000000 14.572635 57.778165 84.433376 256.000000 229.939576 153.353987 108.411556 0.000000 44.161065 141.681578 108.448618 256.000000 216.244655 24.025065 138.670669 0.000000 13.815392 8.837680 150.414669 256.000000 241.999540
27.323335 125.379529 64.000000 11.109107 24.412125 125.734645 256.000000 258.628780 92.294133 17.688755 0.000000 67.188152 92.158975 11.076227 256.000000 172.552565 51.628005 115.314165 64.000000 23.973641 56.216255 113.246545 256.000000 257.333721 104.937716 211.947691 64.000000 14.366114 102.734811 212.861200 256.000000 249.176143
104.968340 48.248435 64.000000 28.594548 98.099460 49.973287 256.000000 230.197728 73.251589 125.913316 0.000000 11.294115 73.610251 122.204698 256.000000 249.705353 41.393347 160.618440 0.000000 29.984262 44.174309 155.624511 256.000000 227.018165 16.615855 91.183125 64.000000 9.413914 17.478371 91.528740 256.000000 249.606395
93.966353 162.751149 64.000000 8.708300 94.984880 184.638104 256.000000 236.328819 122.348936 110.995287 0.000000 11.143527 119.890209 113.292418 256.000000 244.447674 36.056585 76.513500 64.000000 17.842550 32.312773 74.734995 256.000000 254.885587 117.574671 112.150369 0.000000 16.211895 123.395164 106.296160 256.000000 243.204246
13.921880 27.833013 64.000000 8.695393 15.340996 28.094840 256.000000 247.657354 79.680093 111.185675 64.000000 29.119455 81.814385 103.563220 256.000000 218.830470 163.367113 58.669175 64.000000 29.162481 160.824184 58.805540 256.000000 214.958202 165.035585 14.450569 64.000000 33.241270 163.927831 4.735687 256.000000 248.672748
139.988422 153.281815 0.000000 10.786418 144.404969 151.643400 256.000000 244.817691 63.031642 191.715509 64.000000 25.819423 46.462198 196.692745 256.000000 224.574334 10.155067 131.231324 64.000000 28.573035 14.609642 128.645198 256.000000 217.849495 100.282307 78.513936 0.000000 10.338956 102.562902 83.556682 256.000000 246.564514
132.611718 39.715607 0.000000 26.886447 123.742133 25.307864 256.000000 246.814060 113.189873 176.416522 64.000000 20.763962 105.355531 184.973375 256.000000 243.230061 19.832740 68.273069 0.000000 21.525508 22.135431 69.780500 256.000000 226.519073 181.322598 52.368896 64.000000 33.043354 179.919560 52.637936 256.000000 204.700994
