0.440200 153.838464 0.000000 30.629640 3.893111 148.620925 256.000000 212.118539 155.503529 103.224636 0.000000 12.253577 155.578818 103.241340 256.000000 245.949253 15.251038 88.282773 0.000000 11.225275 7.638380 99.938511 256.000000 244.159405 120.472304 78.864029 64.000000 16.698080 137.644362 59.180933 256.000000 259.923838
94.650325 193.325262 64.000000 12.649409 86.701016 214.280115 256.000000 241.121826 97.108227 106.781964 64.000000 8.747023 97.141222 105.962004 256.000000 256.210763 60.524124 186.992545 64.000000 21.607255 61.289087 185.507338 256.000000 249.417084 119.563222 77.530716 0.000000 15.889206 118.144687 77.751587 256.000000 225.589729
9.109938 103.188656 64.000000 59.615717 13.151340 101.263549 256.000000 182.327890 3.400516 120.934451 0.000000 24.330751 5.061380 120.660231 256.000000 238.854398 47.372095 48.746911 0.000000 23.151860 46.006085 51.279120 256.000000 226.093123 167.699796 156.043395 0.000000 38.778613 165.708720 156.841102 256.000000 209.864018
99.229991 206.418760 0.000000 54.616189 84.117907 202.048698 256.000000 180.649907 16.173502 114.324422 64.000000 34.471790 14.021638 107.167040 256.000000 225.989863 76.954364 118.284642 64.000000 21.899827 71.157331 122.704824 256.000000 233.063206 5.911460 199.200055 64.000000 20.118584 9.231800 199.166485 256.000000 228.825224
22.586236 125.889958 64.000000 12.610686 21.454209 124.750631 256.000000 225.383208 74.803342 161.609838 64.000000 17.747895 74.118962 160.430584 256.000000 237.296886 120.163547 187.166982 0.000000 15.282551 129.337400 184.592896 256.000000 234.947710 71.408536 20.798018 0.000000 23.659557 65.144698 20.323435 256.000000 215.990807
120.723844 132.333969 0.000000 35.345202 112.367627 128.631611 256.000000 212.346572 20.254105 134.187629 0.000000 25.552666 24.077431 128.917960 256.000000 210.229732 94.214467 218.486658 64.000000 10.855258 92.502009 219.813825 256.000000 243.049355 18.760407 124.633198 64.000000 16.452836 20.437058 125.197842 256.000000 236.311608
84.533445 101.803485 64.000000 13.290484 102.088102 101.833925 256.000000 238.252045 11.949418 12.573405 0.000000 38.352663 10.449798 17.283447 256.000000 233.592416 43.123520 194.401458 64.000000 42.220629 51.298576 181.461762 256.000000 218.421730 34.218727 67.049482 64.000000 22.411827 32.220713 52.927222 256.000000 233.394500
13.476255 76.350595 64.000000 24.502851 19.089242 77.472098 256.000000 232.030601 25.675795 61.913976 64.000000 9.456939 29.558096 61.259249 256.000000 244.968279 91.165540 140.214647 0.000000 51.432324 90.236245 138.926111 256.000000 205.023683 65.642622 131.641896 64.000000 10.205577 67.518142 130.515493 256.000000 234.999340
75.502220 112.963455 64.000000 25.720465 74.815976 108.018075 256.000000 243.333321 76.791427 74.122149 0.000000 37.074815 74.646985 80.433176 256.000000 233.760214 157.636865 128.740796 64.000000 12.653711 157.658216 128.167076 256.000000 244.645590 185.202273 106.348053 0.000000 9.000872 187.147735 105.299016 256.000000 233.076113
31.574698 59.954742 64.000000 27.764162 48.820542 64.235796 256.000000 224.802367 11.372622 198.468335 0.000000 15.622450 8.677087 197.582853 256.000000 236.453592 166.705898 36.838571 64.000000 36.915622 166.252258 34.583029 256.000000 225.322972 49.734855 31.232984 0.000000 24.378078 47.512440 38.642784 256.000000 216.838403
2.952198 191.266567 64.000000 9.878586 9.291698 206.502578 256.000000 242.313624 163.437736 127.803005 0.000000 12.434283 162.399393 122.902498 256.000000 234.293727 82.854584 159.863300 0.000000 37.604025 78.893164 153.371364 256.000000 224.570031 17.633907 60.549369 64.000000 9.938821 18.487422 61.504064 256.000000 259.149385
109.900485 41.488485 0.000000 10.881073 114.498718 44.667855 256.000000 239.392213 36.127033 232.691675 64.000000 23.685373 44.791056 230.726385 256.000000 258.456679 62.113027 119.317091 0.000000 13.570148 68.498178 117.974380 256.000000 252.631067 4.763985 131.091376 0.000000 11.337140 8.067956 133.378438 256.000000 252.859100
39.566238 99.110196 64.000000 28.848397 50.694376 89.868204 256.000000 227.934602 114.810162 205.461840 64.000000 22.261238 114.999440 204.624811 256.000000 235.528550 179.207438 18.132211 0.000000 34.669706 163.233793 19.172838 256.000000 228.644518 90.209698 154.280555 64.000000 32.866950 88.473269 151.284313 256.000000 216.008017
82.952795 20.976025 64.000000 19.924970 84.307851 23.789213 256.000000 236.982802 18.164351 151.501191 64.000000 9.667762 20.520647 153.281125 256.000000 243.711943 118.593547 84.944075 64.000000 9.035292 117.103122 84.730100 256.000000 258.323301 54.503698 94.686460 64.000000 18.522349 61.579213 97.908649 256.000000 236.139508
92.504467 61.062667 64.000000 69.455580 93.207616 63.989582 256.000000 189.719619 28.638122 53.041400 64.000000 27.015523 21.976753 55.859136 256.000000 251.434966 30.363607 19.849955 0.000000 12.339627 31.059984 21.458738 256.000000 236.371844 77.497938 88.985891 0.000000 30.715690 72.875505 99.521111 256.000000 225.099241
3.837027 65.600167 64.000000 16.564702 6.565978 60.927544 256.000000 244.081960 49.576649 73.565502 64.000000 17.197172 46.647031 70.089664 256.000000 226.544888 122.039611 64.502769 64.000000 16.547492 123.434231 67.466018 256.000000 240.657154 93.654445 193.146858 64.000000 28.998985 95.606309 190.996396 256.000000 234.883172
84.957700 22.063360 0.000000 50.386812 80.985255 24.727738 256.000000 197.898710 37.655033 153.227924 64.000000 13.234552 33.636993 154.167338 256.000000 224.853998 5.536011 138.802484 64.000000 32.234480 3.480125 137.725473 256.000000 222.345629 136.611689 161.142276 0.000000 10.162552 136.830715 161.401247 256.000000 243.212851
106.352396 19.300249 0.000000 13.802484 105.529300 19.672107 256.000000 249.571975 67.523829 61.390669 0.000000 9.512872 66.101738 61.937565 256.000000 243.587170 99.847335 60.545264 0.000000 13.884232 99.207118 57.788867 256.000000 254.674764 161.442542 40.856015 64.000000 24.881473 159.380556 43.045298 256.000000 225.193897
65.966607 108.024138 0.000000 92.740819 66.438907 108.865060 256.000000 162.355592 7.657787 146.166144 0.000000 26.520733 5.554765 142.049376 256.000000 237.232348 41.921765 182.197856 64.000000 51.707685 38.450113 182.291069 256.000000 201.861331 80.557082 100.517693 0.000000 21.874012 76.359676 99.274653 256.000000 248.573790
132.948542 81.915120 0.000000 31.756900 129.881844 81.158320 256.000000 223.657897 22.435744 139.690320 64.000000 21.043625 21.471347 138.413524 256.000000 230.447274 79.489549 124.826296 64.000000 17.623122 78.620104 123.338245 256.000000 233.123441 22.700373 50.045440 0.000000 10.399191 20.100607 53.185304 256.000000 219.604923
75.785991 39.740342 0.000000 47.542846 71.951884 41.619989 256.000000 202.308793 132.164051 73.277193 64.000000 30.156363 127.060567 81.047305 256.000000 221.102200 116.242722 64.678438 0.000000 27.678111 109.275975 65.386627 256.000000 218.469058 54.009875 119.562365 64.000000 18.135122 37.436749 213.492235 256.000000 242.743876
82.519460 9.956218 64.000000 12.184737 80.994987 11.113695 256.000000 236.427777 165.348235 20.892671 64.000000 17.119727 164.736238 20.136209 256.000000 244.968279 4.966942 141.416887 0.000000 14.077845 1.257238 139.361949 256.000000 238.273558 85.116804 153.250075 0.000000 63.049128 73.346547 178.325209 256.000000 200.992222
33.666075 71.164695 64.000000 13.673409 40.102433 74.413885 256.000000 260.586426 88.618120 25.502664 64.000000 24.119927 85.280796 23.907898 256.000000 221.825024 90.722300 206.812796 64.000000 13.471190 93.482000 206.273115 256.000000 242.580380 31.064222 113.639178 0.000000 21.366314 26.660300 112.214151 256.000000 236.776281
97.989898 143.792695 64.000000 43.089738 96.881940 135.548073 256.000000 226.755712 117.771189 84.190098 0.000000 17.214383 122.831749 87.467305 256.000000 235.932987 15.732433 71.100818 0.000000 36.993067 34.618465 56.096369 256.000000 210.629867 20.740631 54.454364 64.000000 14.895324 23.587220 53.190880 256.000000 253.620646
82.470347 151.365082 64.000000 23.147558 79.163060 152.174376 256.000000 256.942192 84.155249 37.458182 0.000000 30.569405 85.198633 42.290051 256.000000 243.526935 0.527938 131.834005 64.000000 13.423862 15.571369 178.060720 256.000000 233.170769 64.109078 170.855984 64.000000 31.675152 61.882016 169.720016 256.000000 224.182805
3.050340 42.109927 0.000000 64.572220 9.617251 45.424149 256.000000 182.775352 76.394438 87.966216 64.000000 16.117240 75.379951 95.895389 256.000000 249.296614 185.595218 68.547236 0.000000 25.526851 182.730076 67.714244 256.000000 194.689030 80.018513 159.968349 0.000000 13.634686 77.909651 158.352604 256.000000 232.361895
16.518871 58.171058 64.000000 23.203490 21.380204 59.078296 256.000000 230.159005 100.282307 78.513936 0.000000 10.338956 102.562902 83.556682 256.000000 246.564514 167.235191 135.983467 64.000000 16.689475 165.646640 135.794740 256.000000 235.038063 99.089029 73.494718 64.000000 39.114209 53.255862 54.557236 256.000000 229.517929
112.257698 202.126671 0.000000 70.931345 112.812018 201.719435 256.000000 195.127887 56.456469 88.981484 64.000000 12.283695 55.094705 94.549540 256.000000 255.139436 2.795878 91.286278 0.000000 12.369745 2.705380 84.749860 256.000000 236.100785 78.329767 199.098889 64.000000 29.222716 71.789960 196.888847 256.000000 236.827911
38.120913 44.102691 64.000000 23.431524 29.927740 42.458340 256.000000 223.623477 106.775605 171.766160 0.000000 48.941165 106.698498 118.872313 256.000000 206.073498 173.826325 86.343700 64.000000 40.293100 164.016867 75.063773 256.000000 206.641431 75.741973 65.245789 0.000000 13.191526 80.734222 72.442236 256.000000 242.141523
59.022624 124.950351 64.000000 25.475221 61.736745 119.810800 256.000000 233.798937 98.865836 79.969220 0.000000 20.419760 102.049502 72.049715 256.000000 222.384351 96.973056 41.684207 64.000000 14.379022 95.741269 37.503840 256.000000 246.495673 0.461173 172.032280 64.000000 50.003887 22.254338 169.295204 256.000000 209.687615
127.641767 161.080665 0.000000 29.704598 127.685655 158.390493 256.000000 245.157590 57.820882 88.390396 64.000000 16.177475 55.099602 88.418733 256.000000 247.136749 111.492527 199.537553 0.000000 80.999242 112.847309 197.111404 256.000000 170.711086 24.845113 30.073053 0.000000 9.061107 16.153091 15.217713 256.000000 257.161620
77.334853 72.742089 64.000000 14.723223 80.683835 61.928562 256.000000 238.630667 82.122811 103.064245 64.000000 16.633542 89.065105 96.489956 256.000000 223.769763 18.397005 116.335545 0.000000 40.387755 15.984515 116.203725 256.000000 215.216353 41.894729 128.676638 0.000000 26.770279 55.655640 115.037045 256.000000 214.334336
