62.898238 61.292500 64.000000 34.622378 59.497456 64.661307 256.000000 220.413797 30.214258 168.062596 64.000000 19.425878 33.672060 165.910695 256.000000 231.596047 73.071093 179.538155 64.000000 31.696665 77.068580 184.090500 256.000000 231.888618 48.649087 129.827682 64.000000 11.457611 50.764484 128.594678 256.000000 256.894864
2.795878 91.286278 0.000000 12.369745 2.705380 84.749860 256.000000 236.100785 6.651124 103.185187 0.000000 18.070584 3.407520 93.443140 256.000000 240.528078 117.574671 112.150369 0.000000 16.211895 123.395164 106.296160 256.000000 243.204246 95.974967 107.349995 64.000000 9.667762 95.454144 107.572164 256.000000 241.612313
95.686764 40.861300 64.000000 28.667691 97.710589 45.241753 256.000000 207.725666 141.018589 73.088109 64.000000 8.850284 133.899555 72.077964 256.000000 236.939776 94.266642 125.244471 0.000000 33.925370 66.352280 121.228765 256.000000 218.348587 130.875251 17.905333 64.000000 22.596835 130.069482 18.780515 256.000000 229.862131
99.701680 43.436165 64.000000 24.339356 103.188205 47.995915 256.000000 246.560211 57.632387 160.330416 0.000000 19.111794 57.006187 156.714769 256.000000 241.087406 65.642622 131.641896 64.000000 10.205577 67.518142 130.515493 256.000000 234.999340 79.087798 151.677976 64.000000 41.058948 66.296780 148.088411 256.000000 206.060590
19.205027 211.750049 64.000000 44.802141 15.435109 203.913884 256.000000 199.271214 129.884696 33.697445 64.000000 24.984734 127.836040 34.679527 256.000000 237.679810 36.445185 155.893665 64.000000 71.185193 37.965918 144.714700 256.000000 185.391284 62.555984 214.410405 64.000000 19.735659 60.756411 214.733724 256.000000 251.232748
163.990195 16.540198 64.000000 20.286382 167.306560 26.790215 256.000000 236.608482 34.327855 164.249140 64.000000 23.642347 36.126685 161.737185 256.000000 242.317926 126.234200 84.480582 64.000000 20.656399 124.116793 88.775825 256.000000 223.326603 170.316742 44.902938 0.000000 33.895253 166.304284 56.071504 256.000000 231.690702
28.783671 111.590424 0.000000 11.302720 25.462935 111.602475 256.000000 251.155302 19.832740 68.273069 0.000000 21.525508 22.135431 69.780500 256.000000 226.519073 62.098900 194.153253 0.000000 13.182921 61.542473 196.333678 256.000000 241.960817 166.265589 153.914276 64.000000 24.244700 161.746900 150.841364 256.000000 219.493058
0.527938 131.834005 64.000000 13.423862 15.571369 178.060720 256.000000 233.170769 89.529402 214.700113 64.000000 9.512872 87.640271 216.671535 256.000000 249.029858 172.437149 31.840602 64.000000 26.464801 166.798153 26.700680 256.000000 224.363510 38.052011 117.575047 64.000000 9.388099 37.053775 120.109520 256.000000 260.995166
55.847436 84.936347 0.000000 15.239526 52.912525 91.715135 256.000000 232.770635 42.596765 186.016191 0.000000 19.967995 38.965478 184.887505 256.000000 237.851911 73.226153 125.661675 64.000000 17.373576 97.698358 126.813696 256.000000 252.041622 64.122562 120.417496 0.000000 10.751997 69.759885 122.276655 256.000000 243.608682
64.687129 6.903504 0.000000 27.996498 101.731467 39.558956 256.000000 225.103544 63.849415 16.428629 64.000000 11.771695 65.285344 17.258493 256.000000 249.451505 57.887167 74.034560 64.000000 30.969539 46.006238 74.499169 256.000000 219.174671 123.226035 80.912871 64.000000 20.191726 112.594496 97.330516 256.000000 253.285050
27.623780 135.372816 0.000000 14.594148 31.704938 135.985402 256.000000 226.970838 9.250653 11.833258 64.000000 17.089609 10.334025 12.598653 256.000000 248.040278 112.060669 36.213835 0.000000 30.646850 101.057571 42.127413 256.000000 219.622133 151.802473 88.875567 64.000000 28.422447 150.382198 86.795460 256.000000 213.052185
83.095093 53.948709 64.000000 16.685173 84.520042 45.816391 256.000000 217.242840 102.872460 23.274853 0.000000 17.549979 101.235611 24.527093 256.000000 255.031873 79.494387 115.163153 64.000000 18.789105 75.601215 116.406633 256.000000 220.706368 164.611613 152.137153 0.000000 38.584999 159.378476 149.292578 256.000000 222.741460
54.503698 94.686460 64.000000 18.522349 61.579213 97.908649 256.000000 236.139508 185.862455 76.177904 64.000000 18.135122 184.838684 75.613564 256.000000 225.817762 24.338945 104.556422 64.000000 15.007190 27.190507 103.239689 256.000000 258.017822 181.193525 85.773851 64.000000 9.521477 184.777184 82.159216 256.000000 238.058432
164.101411 93.101604 0.000000 31.718177 133.859329 96.997445 256.000000 222.238066 106.414075 104.362025 0.000000 24.705070 103.753538 109.786471 256.000000 246.900110 47.657336 37.843978 0.000000 11.612501 45.787087 38.885891 256.000000 247.149656 101.137956 31.597565 64.000000 17.390786 100.454415 32.649235 256.000000 242.778296
68.771984 151.948189 64.000000 27.234952 65.926095 148.043449 256.000000 234.758399 9.267062 20.964173 0.000000 39.096999 148.260442 79.160940 256.000000 218.916520 88.683056 85.751222 0.000000 25.901170 79.519793 100.146402 256.000000 234.762701 31.660936 36.500387 0.000000 19.739962 41.366436 20.282347 256.000000 241.466027
180.808287 125.784229 64.000000 9.732300 182.452813 125.332305 256.000000 253.624949 176.533204 109.459564 0.000000 12.042753 178.785904 115.100145 256.000000 267.763030 83.881080 179.399960 0.000000 35.874412 84.544349 174.426575 256.000000 213.749194 49.640147 113.028795 64.000000 11.074686 51.048415 120.879238 256.000000 235.743676
10.155067 131.231324 64.000000 28.573035 14.609642 128.645198 256.000000 217.849495 40.773527 187.026171 0.000000 29.416329 41.050565 183.031842 256.000000 238.118667 43.618418 62.736093 64.000000 25.376263 31.993635 57.415096 256.000000 232.680282 21.185689 133.830636 64.000000 30.827556 29.023255 125.734742 256.000000 217.883915
85.885245 103.005378 64.000000 15.540702 88.346680 99.598531 256.000000 245.704010 136.011031 194.102156 0.000000 12.374048 140.654218 192.332324 256.000000 252.420243 72.134393 58.652611 64.000000 13.621778 81.874384 53.172458 256.000000 234.952012 23.612231 94.760198 64.000000 24.421104 32.886558 107.965547 256.000000 231.286265
9.711218 130.777976 0.000000 27.979288 7.369576 130.193920 256.000000 234.319542 30.026451 59.621100 64.000000 20.071256 19.329796 65.854378 256.000000 237.963776 15.954905 124.190318 64.000000 17.063794 19.191171 123.168720 256.000000 243.135405 45.281204 180.934733 0.000000 30.453237 90.591564 179.525515 256.000000 210.767547
18.296187 71.388333 64.000000 9.271931 17.698105 72.988236 256.000000 254.115436 36.652802 95.104833 64.000000 9.792536 41.236985 95.820011 256.000000 240.442028 114.004929 196.884325 0.000000 16.762618 114.747185 195.806584 256.000000 237.400146 177.832591 120.504453 0.000000 13.092568 176.914733 128.518749 256.000000 235.322029
43.123520 194.401458 64.000000 42.220629 51.298576 181.461762 256.000000 218.421730 181.112800 115.454598 0.000000 31.318043 175.674740 125.469545 256.000000 220.943007 79.469556 116.580662 0.000000 15.273946 80.211518 115.131736 256.000000 266.790660 135.755700 36.229218 64.000000 20.966180 130.973596 35.132444 256.000000 225.520888
124.957071 87.539965 64.000000 42.728326 120.507084 89.963536 256.000000 221.205461 150.424771 41.788862 64.000000 8.833074 150.526064 40.276320 256.000000 237.322701 27.566324 203.639398 64.000000 13.957375 22.463764 206.709980 256.000000 232.112349 119.400125 137.492704 64.000000 11.698552 120.175245 137.461687 256.000000 260.590729
55.908742 11.989938 64.000000 19.877642 52.715431 11.706631 256.000000 239.065221 87.242880 76.875638 64.000000 19.632399 89.007936 69.747860 256.000000 215.676723 20.999393 119.279558 64.000000 17.102517 17.046145 117.726627 256.000000 227.280619 66.581571 87.358213 64.000000 10.833745 67.119818 95.958876 256.000000 235.816819
84.084380 57.956956 0.000000 31.881673 57.218660 33.392400 256.000000 236.419171 44.140782 44.708616 64.000000 11.216670 46.614640 40.100553 256.000000 260.500376 35.204924 5.215715 64.000000 24.515759 36.051058 6.800535 256.000000 239.439541 71.408536 20.798018 0.000000 23.659557 65.144698 20.323435 256.000000 215.990807
105.897573 56.397411 64.000000 11.165039 108.012365 53.540315 256.000000 240.945423 10.341504 108.867940 0.000000 15.648265 7.227878 103.253080 256.000000 242.799809 167.626524 73.014195 0.000000 33.357438 164.684542 67.915265 256.000000 226.377090 68.051858 78.787509 0.000000 10.442216 70.307469 82.726427 256.000000 262.965720
75.267622 42.625889 64.000000 11.952401 73.296162 39.557118 256.000000 233.024483 36.919415 113.141022 64.000000 33.822110 47.836253 85.006742 256.000000 233.372987 64.751418 137.416467 0.000000 12.666619 71.910505 137.682371 256.000000 244.383136 63.585376 94.611433 64.000000 9.302048 61.028245 97.171473 256.000000 251.658697
44.533098 208.825487 0.000000 8.794351 47.987598 211.600984 256.000000 263.103401 131.540971 86.441609 0.000000 44.178275 109.987515 85.328582 256.000000 214.145025 78.688636 209.415004 0.000000 25.759187 73.828622 205.086965 256.000000 225.744619 16.451427 70.838936 0.000000 17.442416 17.785898 77.314669 256.000000 245.230732
69.608513 139.944938 0.000000 23.160465 62.413695 142.583749 256.000000 215.702538 120.163547 187.166982 0.000000 15.282551 129.337400 184.592896 256.000000 234.947710 3.416065 89.442167 0.000000 36.915622 13.249758 79.175929 256.000000 220.495545 14.319947 211.071262 0.000000 11.651224 21.839251 215.318816 256.000000 252.562227
132.876520 133.013911 0.000000 8.794351 138.398207 147.697769 256.000000 241.844649 44.628633 157.948949 64.000000 12.821510 41.575627 159.430987 256.000000 230.856013 22.411787 49.699065 64.000000 8.876099 18.584502 50.884507 256.000000 246.654867 36.819338 206.405027 64.000000 41.540831 32.576715 201.103616 256.000000 216.713630
173.826325 86.343700 64.000000 40.293100 164.016867 75.063773 256.000000 206.641431 75.862753 79.106033 64.000000 12.025543 92.114047 40.877536 256.000000 243.453792 31.521409 76.369736 64.000000 15.992467 33.104307 80.159671 256.000000 253.741117 90.196784 40.513240 64.000000 12.765577 88.165184 39.900018 256.000000 246.388110
23.367335 23.716629 64.000000 48.777669 36.381840 43.230727 256.000000 217.389126 29.986216 175.370064 64.000000 58.195886 30.426882 144.158616 256.000000 206.047683 58.220095 174.707680 64.000000 11.384468 221.087651 253.837624 256.000000 209.494001 36.676265 179.422151 64.000000 29.519590 44.708624 174.545935 256.000000 254.395100
115.898905 141.016955 0.000000 15.273946 115.587024 139.910907 256.000000 239.869793 103.032411 57.848993 0.000000 15.347089 101.988296 59.277973 256.000000 232.947038 84.155249 37.458182 0.000000 30.569405 85.198633 42.290051 256.000000 243.526935 173.199235 127.235856 64.000000 29.889606 165.315213 132.759365 256.000000 229.199543
