83.188865 8.827915 0.000000 39.195957 84.687878 27.426624 256.000000 235.291911 13.813731 137.332780 64.000000 38.240798 37.607516 110.726745 256.000000 202.988591 121.936335 187.001000 64.000000 29.300161 121.787885 186.041118 256.000000 213.559883 74.284711 169.308493 0.000000 23.431524 71.546975 167.965365 256.000000 234.668046
42.990380 15.533375 64.000000 31.107220 39.289367 17.975336 256.000000 224.458166 186.278844 71.675176 0.000000 36.489672 182.392795 70.995082 256.000000 205.849767 105.388869 114.415595 64.000000 12.744064 104.406769 118.127204 256.000000 247.003371 59.841618 20.034662 64.000000 29.343186 53.887813 20.854253 256.000000 235.167138
111.932389 111.608315 64.000000 63.918237 108.807040 113.132864 256.000000 203.578036 133.756925 68.398456 64.000000 17.339156 133.293251 69.241476 256.000000 240.799137 15.517616 153.336365 64.000000 17.412298 4.977609 154.664753 256.000000 243.690430 10.676987 88.213555 64.000000 44.604225 17.375604 80.148707 256.000000 227.142938
35.886185 179.490585 64.000000 12.034148 35.315335 178.429455 256.000000 231.505694 90.350904 11.028051 0.000000 20.406852 85.184633 9.819584 256.000000 233.747307 114.831311 200.624005 0.000000 31.059892 115.769215 192.039764 256.000000 225.383208 91.212784 12.167238 0.000000 8.906216 97.531929 10.358689 256.000000 252.626764
0.440200 153.838464 0.000000 30.629640 3.893111 148.620925 256.000000 212.118539 33.205169 192.485147 64.000000 23.526179 31.253951 190.350936 256.000000 236.789188 174.820789 25.125349 64.000000 26.099086 172.631455 24.796078 256.000000 208.001027 68.037273 80.097335 0.000000 8.635158 71.657493 76.931622 256.000000 256.378562
87.798120 159.362447 64.000000 12.214854 88.185938 158.725618 256.000000 256.107503 10.347745 217.035631 64.000000 11.986821 12.258838 218.012185 256.000000 269.187164 165.287056 55.697962 0.000000 13.114081 166.013711 56.938884 256.000000 259.764645 78.688636 209.415004 0.000000 25.759187 73.828622 205.086965 256.000000 225.744619
129.813982 89.579080 0.000000 10.257208 130.975567 85.667891 256.000000 225.959745 9.711218 130.777976 0.000000 27.979288 7.369576 130.193920 256.000000 234.319542 22.338982 52.499553 0.000000 16.736803 30.623811 55.126027 256.000000 224.501191 63.611240 48.527891 0.000000 12.326720 58.643733 49.366709 256.000000 233.347172
134.547220 79.241140 64.000000 26.994010 131.490520 71.665055 256.000000 237.546432 138.782155 183.946978 0.000000 31.279320 138.003609 179.953180 256.000000 230.679610 85.201038 94.137667 64.000000 52.159450 88.005147 90.100456 256.000000 200.790003 17.457973 139.377976 64.000000 32.643219 32.364325 142.490380 256.000000 228.541257
97.272409 215.068975 64.000000 38.628025 102.957489 200.669338 256.000000 217.161092 15.225238 88.469391 0.000000 16.939021 5.100496 85.295575 256.000000 247.390597 67.546869 5.642018 0.000000 19.955088 64.991044 7.361489 256.000000 229.741660 8.500004 194.436164 0.000000 8.940637 3.697340 198.214171 256.000000 247.635841
30.256831 25.515425 0.000000 15.321274 25.947367 28.371718 256.000000 241.642431 42.400482 22.586820 0.000000 11.513544 54.436205 10.226076 256.000000 225.976955 45.848940 97.579100 64.000000 30.930816 52.911318 88.678998 256.000000 250.023740 105.860751 90.166991 64.000000 20.574651 103.199769 85.817289 256.000000 230.012719
28.774467 37.713642 64.000000 10.571292 27.133800 38.544455 256.000000 241.922095 127.376418 97.344549 0.000000 15.484769 127.829604 94.594200 256.000000 220.267511 151.442293 107.671864 64.000000 25.552666 150.375382 108.788444 256.000000 232.340383 58.202858 46.666562 64.000000 11.023056 56.071733 45.895847 256.000000 250.122698
11.421742 95.545187 0.000000 12.907560 6.978993 95.032204 256.000000 245.381321 131.133447 30.647740 64.000000 12.240669 133.877187 34.384493 256.000000 242.455607 34.144845 123.532260 0.000000 19.081676 37.672464 127.908742 256.000000 235.640415 46.241369 178.547485 64.000000 15.136265 34.600342 192.275784 256.000000 263.624005
115.935044 106.047860 0.000000 10.119527 114.212253 112.037613 256.000000 241.513355 89.450833 99.594858 64.000000 37.367386 75.292851 100.659282 256.000000 224.062334 58.044673 98.990267 64.000000 18.530954 61.916280 93.534705 256.000000 230.800080 117.771189 84.190098 0.000000 17.214383 122.831749 87.467305 256.000000 235.932987
84.101858 151.321804 0.000000 12.477308 84.344827 150.229436 256.000000 241.543473 6.841082 177.779858 0.000000 17.799525 14.722051 187.105925 256.000000 243.488212 70.389482 188.853487 0.000000 19.412970 69.231745 188.717593 256.000000 245.596447 114.004929 196.884325 0.000000 16.762618 114.747185 195.806584 256.000000 237.400146
47.679822 226.791865 64.000000 21.138281 54.550549 227.757656 256.000000 226.321157 116.549295 113.902927 64.000000 31.322346 96.423324 114.643404 256.000000 231.574534 100.316613 197.790725 0.000000 12.059964 99.980967 198.044084 256.000000 254.541386 18.289625 162.241207 64.000000 29.958447 49.035282 156.739616 256.000000 216.373731
135.227167 25.662985 0.000000 39.522949 116.947284 35.087853 256.000000 216.309193 156.493513 129.362487 0.000000 11.797510 157.320113 129.277773 256.000000 257.742461 26.881496 170.209958 64.000000 18.668634 27.413098 167.638395 256.000000 233.734399 157.543418 117.825015 64.000000 12.713947 160.341291 115.621169 256.000000 243.569960
19.252420 134.098738 64.000000 15.545005 8.807758 139.724531 256.000000 241.534868 93.725875 97.012562 0.000000 35.121471 49.353600 102.354915 256.000000 225.873695 121.442291 181.548744 0.000000 32.970211 120.713916 180.451158 256.000000 227.185964 135.388784 85.391753 0.000000 11.350048 142.696445 94.082167 256.000000 246.280547
147.500175 161.464844 0.000000 25.277305 147.454253 158.061136 256.000000 228.016350 9.062067 88.602840 0.000000 13.768064 7.720695 91.371493 256.000000 212.531580 60.896091 222.667844 0.000000 10.859560 67.294905 225.239976 256.000000 233.394500 20.948491 153.372344 0.000000 21.779356 26.143158 150.250769 256.000000 226.286737
24.338945 104.556422 64.000000 15.007190 27.190507 103.239689 256.000000 258.017822 138.719820 131.456416 0.000000 19.950785 140.865015 127.971267 256.000000 227.168753 141.484129 59.406167 0.000000 8.669578 149.081049 63.577829 256.000000 252.239538 100.545325 54.909860 0.000000 53.768592 98.397525 57.010196 256.000000 199.697163
9.280864 66.225465 0.000000 17.029374 6.905862 63.754227 256.000000 237.628180 131.601713 41.720162 64.000000 15.648265 131.012522 41.305907 256.000000 245.914833 14.217020 142.817329 0.000000 11.694249 19.934987 148.222665 256.000000 233.682769 27.782458 117.830753 0.000000 25.677439 31.767049 114.080293 256.000000 236.070667
75.267622 42.625889 64.000000 11.952401 73.296162 39.557118 256.000000 233.024483 76.002253 53.184062 64.000000 27.364027 75.529227 72.915515 256.000000 228.631610 32.095465 123.909549 0.000000 19.795895 24.595778 126.808669 256.000000 239.745019 134.451662 190.570024 0.000000 28.788161 134.307729 186.378338 256.000000 230.847408
44.149500 90.699769 64.000000 13.170014 48.481331 93.808324 256.000000 236.247071 109.634384 164.132573 64.000000 17.919996 97.009676 187.852329 256.000000 238.226230 77.082156 138.597982 64.000000 37.582512 81.091775 127.100889 256.000000 211.137564 45.940813 73.010498 64.000000 32.165640 47.056675 80.176718 256.000000 220.904284
14.563887 216.525640 0.000000 22.347289 10.195018 214.958569 256.000000 235.782399 66.651055 88.766507 64.000000 16.814248 64.189540 87.712175 256.000000 245.415741 41.088935 22.458271 64.000000 24.292028 38.248191 24.667556 256.000000 231.690702 180.657716 95.593322 0.000000 60.820423 186.636842 97.896493 256.000000 178.124328
23.367335 23.716629 64.000000 48.777669 36.381840 43.230727 256.000000 217.389126 41.298895 70.664705 0.000000 12.683829 39.700147 65.054145 256.000000 259.076242 41.282485 96.886015 64.000000 10.855258 42.372475 95.191016 256.000000 241.379977 22.040473 100.999555 0.000000 13.595963 10.449438 101.290744 256.000000 241.001355
30.363607 19.849955 0.000000 12.339627 31.059984 21.458738 256.000000 236.371844 92.504467 61.062667 64.000000 69.455580 93.207616 63.989582 256.000000 189.719619 113.474164 117.114655 64.000000 35.564630 106.710496 117.216562 256.000000 228.468115 39.835785 75.258318 64.000000 8.884704 41.575896 75.208858 256.000000 253.229117
34.012198 13.216204 64.000000 24.773910 71.474385 5.651200 256.000000 235.636113 125.762238 30.841602 64.000000 9.753813 130.985618 35.231709 256.000000 245.639472 132.621142 47.638173 64.000000 12.193342 132.793142 48.535264 256.000000 246.607539 31.460062 39.047487 64.000000 32.337740 31.038407 48.263547 256.000000 226.433023
20.063862 26.679491 64.000000 14.417745 21.390322 27.271420 256.000000 242.735271 177.348696 51.803649 64.000000 33.374648 173.744682 54.154771 256.000000 210.337295 73.662196 49.694669 64.000000 22.910919 75.720978 53.985982 256.000000 233.101929 141.061316 74.974935 64.000000 14.013308 169.625020 88.290347 256.000000 228.364854
68.073929 116.671867 64.000000 12.098686 74.722451 130.924273 256.000000 242.042565 95.974967 107.349995 64.000000 9.667762 95.454144 107.572164 256.000000 241.612313 26.825164 115.401944 0.000000 10.992939 23.260849 115.711682 256.000000 243.978699 40.658213 76.527298 64.000000 8.893309 39.447316 75.319222 256.000000 257.677923
8.714680 23.891709 0.000000 70.135379 16.421069 25.945640 256.000000 192.266711 162.615222 60.749904 64.000000 11.530754 175.362060 74.243671 256.000000 233.351475 104.795047 126.890469 64.000000 41.777469 106.481107 127.444922 256.000000 229.449089 18.249973 32.539565 0.000000 10.554082 3.170718 21.309958 256.000000 239.366398
106.352396 19.300249 0.000000 13.802484 105.529300 19.672107 256.000000 249.571975 114.855331 29.471231 0.000000 36.300361 104.284420 45.244284 256.000000 237.382936 43.403442 61.256489 64.000000 42.465872 39.350971 95.857562 256.000000 218.748722 103.123578 77.453435 64.000000 14.383324 101.734740 79.157969 256.000000 245.777152
85.985198 106.362442 0.000000 24.304935 85.139358 102.937055 256.000000 229.427576 141.612211 79.407922 0.000000 11.565174 148.297515 88.217416 256.000000 234.001155 154.379218 70.814216 64.000000 10.631527 155.689215 68.435035 256.000000 245.114564 57.575771 68.164435 0.000000 21.998785 49.157636 63.772373 256.000000 234.233491
159.272715 149.674216 0.000000 40.034949 136.460920 146.499356 256.000000 211.559211 102.486791 54.476955 0.000000 11.935190 102.379473 50.500020 256.000000 237.907843 132.299351 112.659469 64.000000 10.394888 132.538487 111.445355 256.000000 223.550334 62.564709 172.780478 0.000000 28.986077 59.449529 170.570662 256.000000 237.826096
