159.622700 40.634956 64.000000 19.623794 159.394805 40.847284 256.000000 248.999740 132.164051 73.277193 64.000000 30.156363 127.060567 81.047305 256.000000 221.102200 49.640147 113.028795 64.000000 11.074686 51.048415 120.879238 256.000000 235.743676 172.700120 105.203080 64.000000 17.618819 173.383487 111.564767 256.000000 251.576949
71.321093 45.964907 0.000000 11.935190 67.544124 38.777178 256.000000 255.023268 39.346242 107.190235 64.000000 18.548164 38.393538 105.990764 256.000000 241.737086 172.155673 106.013233 64.000000 31.731085 166.980262 108.404240 256.000000 209.562842 13.555787 59.993227 64.000000 16.655055 17.883084 57.413640 256.000000 232.632954
33.922991 27.599942 64.000000 25.225675 24.517049 36.471291 256.000000 233.579508 31.262835 31.744555 64.000000 19.817407 32.138045 35.180987 256.000000 222.001427 77.693225 143.632307 0.000000 8.901914 77.130242 142.372467 256.000000 256.335537 106.352396 19.300249 0.000000 13.802484 105.529300 19.672107 256.000000 249.571975
12.574342 115.355069 64.000000 14.120871 2.905271 112.718682 256.000000 232.843777 119.058278 32.172189 0.000000 23.668163 117.019845 34.182271 256.000000 229.530837 7.665985 166.410100 64.000000 18.991323 6.955175 165.139015 256.000000 243.918464 39.566238 99.110196 64.000000 28.848397 50.694376 89.868204 256.000000 227.934602
26.652920 118.370676 64.000000 9.775325 22.983507 116.779675 256.000000 233.884987 168.725611 43.962753 0.000000 31.812833 165.283189 42.737645 256.000000 226.665359 81.962985 53.185318 0.000000 18.371760 81.113389 50.663324 256.000000 258.555637 65.558524 67.818427 0.000000 53.041467 76.095796 57.282760 256.000000 205.617431
132.131129 44.134942 64.000000 19.834617 130.912258 41.784644 256.000000 216.606067 32.139251 144.616222 0.000000 19.877642 39.568909 145.952455 256.000000 253.775537 78.714431 81.779155 64.000000 9.379494 77.498058 85.266055 256.000000 249.735471 51.339338 60.796651 0.000000 13.591661 51.084987 54.647935 256.000000 233.635441
99.870884 142.082678 64.000000 15.962349 139.385895 235.262789 256.000000 230.051442 107.477842 197.815785 64.000000 44.247116 105.497600 190.272575 256.000000 203.659784 151.901049 56.908913 0.000000 26.116296 147.997085 62.667525 256.000000 215.039950 48.039015 153.966207 0.000000 8.622250 47.479100 153.263924 256.000000 252.428848
58.824155 47.389135 0.000000 45.163552 48.995587 59.289236 256.000000 208.616287 73.997307 120.758804 0.000000 10.330351 74.055360 117.998982 256.000000 224.070939 78.647229 104.157975 0.000000 24.012364 75.583829 101.986873 256.000000 236.784886 68.073929 116.671867 64.000000 12.098686 74.722451 130.924273 256.000000 242.042565
110.980307 39.017276 64.000000 29.450749 110.314520 40.880665 256.000000 255.100713 121.494436 120.092693 64.000000 16.504467 120.495371 121.384464 256.000000 264.699635 185.496556 132.705613 64.000000 32.415186 184.539244 130.231300 256.000000 224.780855 86.345122 194.990869 64.000000 24.016667 45.345547 218.577109 256.000000 220.676251
43.971589 9.083276 64.000000 43.283351 52.534462 21.499160 256.000000 219.290839 45.458933 138.201802 64.000000 60.080389 45.562527 137.298789 256.000000 200.247886 55.891318 89.126193 0.000000 19.597979 48.841965 92.939464 256.000000 239.899910 28.361702 143.574813 0.000000 10.042082 32.654680 146.927524 256.000000 251.396244
40.773527 187.026171 0.000000 29.416329 41.050565 183.031842 256.000000 238.118667 80.593551 159.330324 0.000000 10.218485 81.930224 158.629809 256.000000 224.075242 93.082513 66.563940 64.000000 27.906145 95.025660 70.839235 256.000000 221.627108 41.383609 15.572596 64.000000 27.561943 121.777551 83.076318 256.000000 219.678066
94.116909 22.092282 0.000000 85.968652 94.412160 24.000096 256.000000 167.798280 21.094405 74.985827 0.000000 14.379022 14.072387 77.396633 256.000000 233.545088 24.077493 152.098011 0.000000 10.278720 16.234184 155.936204 256.000000 252.273958 13.651300 4.527822 64.000000 9.792536 14.959084 3.914278 256.000000 250.961689
164.611613 152.137153 0.000000 38.584999 159.378476 149.292578 256.000000 222.741460 73.237218 38.405280 0.000000 21.284566 63.287504 29.840224 256.000000 240.480750 117.000398 2.317711 64.000000 16.143055 116.678162 2.524773 256.000000 229.857828 65.462491 119.861738 64.000000 13.002215 68.523924 117.247624 256.000000 240.179574
79.912536 79.472865 0.000000 9.568804 79.731082 81.174744 256.000000 239.852582 35.461485 74.628578 64.000000 20.518718 38.604484 64.038153 256.000000 243.057960 180.808287 125.784229 64.000000 9.732300 182.452813 125.332305 256.000000 253.624949 51.473053 77.515998 64.000000 14.387627 53.723489 76.070069 256.000000 241.780111
168.220205 67.506122 64.000000 57.847381 155.965465 65.607033 256.000000 194.719148 44.405127 58.302631 64.000000 12.068569 46.370195 61.319327 256.000000 248.939505 78.633282 74.603893 64.000000 13.802484 77.151465 74.256727 256.000000 241.427305 42.564785 119.297616 0.000000 13.634686 40.854129 121.134820 256.000000 243.561355
10.208516 124.995578 64.000000 17.584399 10.256913 131.662200 256.000000 233.708584 98.122733 89.400258 64.000000 21.293171 115.457353 90.282011 256.000000 239.585826 79.631989 10.382756 0.000000 26.499221 75.923649 12.036235 256.000000 238.316583 84.533445 101.803485 64.000000 13.290484 102.088102 101.833925 256.000000 238.252045
44.533098 208.825487 0.000000 8.794351 47.987598 211.600984 256.000000 263.103401 146.022342 65.184469 64.000000 32.273203 137.681942 61.783749 256.000000 214.988319 154.976873 53.046124 0.000000 43.631855 152.827073 49.478507 256.000000 233.644046 36.819338 206.405027 64.000000 41.540831 32.576715 201.103616 256.000000 216.713630
63.516565 130.275618 64.000000 13.673409 64.216416 128.633415 256.000000 238.764045 51.628005 115.314165 64.000000 23.973641 56.216255 113.246545 256.000000 257.333721 38.081918 160.600520 0.000000 14.249946 39.261840 159.307067 256.000000 243.002027 29.713513 92.919611 0.000000 25.113809 35.026853 91.475105 256.000000 235.438197
120.131300 95.922253 64.000000 22.756028 119.344667 94.481144 256.000000 228.369157 137.735602 108.646315 0.000000 16.745408 140.418202 104.396458 256.000000 235.472617 104.584565 154.030913 64.000000 24.838448 99.435751 157.263889 256.000000 236.006130 134.128107 110.190229 64.000000 27.660901 142.948925 105.582076 256.000000 236.186835
120.309173 6.165727 0.000000 11.586686 119.093307 3.733213 256.000000 257.398259 96.062287 105.025673 64.000000 10.201275 95.346236 105.518513 256.000000 225.675779 61.050662 131.050965 0.000000 12.429980 71.946013 130.583458 256.000000 221.467914 71.465160 125.027213 0.000000 14.602753 69.091344 123.160171 320.000000 213.564185
137.978304 82.724676 0.000000 16.211895 147.448305 105.106871 256.000000 233.484853 43.564235 88.838036 0.000000 50.623450 44.300958 79.105024 256.000000 217.075042 34.218727 67.049482 64.000000 22.411827 32.220713 52.927222 256.000000 233.394500 53.140138 90.721827 0.000000 11.449006 49.790127 94.767793 256.000000 248.909387
3.399960 49.322305 64.000000 9.934519 4.468853 46.371215 256.000000 244.744548 113.917131 164.009985 64.000000 15.540702 115.621775 161.483602 256.000000 229.690030 105.702391 107.369560 64.000000 26.671321 105.828729 106.878744 256.000000 227.203174 52.008969 48.048593 64.000000 22.992667 48.742478 41.668767 256.000000 258.435166
29.888629 62.214222 64.000000 14.426350 36.590316 58.375109 256.000000 233.532181 41.414605 50.706958 64.000000 14.916837 35.294895 48.668585 256.000000 242.279204 91.625231 59.369316 0.000000 9.710788 97.144800 63.579778 256.000000 248.083303 138.877693 121.401920 64.000000 40.886848 130.541631 101.905971 256.000000 208.078472
136.431315 73.021331 64.000000 17.300433 135.691749 71.026082 256.000000 245.355506 3.050340 42.109927 0.000000 64.572220 9.617251 45.424149 256.000000 182.775352 35.928876 80.603860 64.000000 39.639117 39.274893 88.138258 256.000000 206.869464 62.372371 9.236544 0.000000 13.398047 69.340824 10.412525 256.000000 239.443843
0.527938 131.834005 64.000000 13.423862 15.571369 178.060720 256.000000 233.170769 24.529409 72.213922 64.000000 11.367258 22.018236 74.149442 256.000000 257.415469 6.121129 50.540804 64.000000 24.386683 4.619609 37.717415 256.000000 253.013991 9.396180 188.165758 0.000000 11.156434 14.872656 194.839600 256.000000 230.249358
84.387898 16.284607 0.000000 28.340699 91.824376 27.616747 256.000000 231.996181 89.623795 139.454258 64.000000 10.648737 90.329713 138.307607 256.000000 234.745491 186.494567 66.827056 64.000000 13.987493 187.780115 63.350522 256.000000 246.233220 15.163807 110.402044 64.000000 15.566517 13.531762 110.427789 256.000000 241.956515
56.242111 42.000722 64.000000 12.817207 62.357973 41.430800 256.000000 249.386967 83.658611 68.342885 64.000000 8.716906 83.869751 66.426515 256.000000 254.907100 57.986169 70.435680 0.000000 20.583256 68.104260 59.362458 256.000000 239.013591 0.729242 123.579647 64.000000 15.635358 3.636278 125.899165 256.000000 237.972381
119.400125 137.492704 64.000000 11.698552 120.175245 137.461687 256.000000 260.590729 130.749885 73.917576 0.000000 12.417073 137.001333 86.876558 256.000000 234.134533 51.684540 110.577536 64.000000 14.572635 54.024842 110.175095 256.000000 230.529022 86.054456 21.124729 64.000000 39.690747 54.594147 39.677087 256.000000 218.361495
28.935753 130.093869 0.000000 38.929201 38.129936 108.293460 256.000000 223.997796 157.725207 52.121871 64.000000 24.339356 156.144424 53.131524 256.000000 222.960889 66.403798 222.730384 0.000000 38.167655 54.441831 219.630693 256.000000 222.070267 26.734111 222.828575 0.000000 16.878786 30.150269 225.449875 256.000000 240.997053
142.953402 96.998153 0.000000 15.807458 155.708320 80.019495 256.000000 243.324716 40.889696 50.948538 0.000000 11.388770 43.166911 53.849415 256.000000 245.183405 176.284393 112.187231 0.000000 9.383796 177.389271 111.464811 256.000000 240.949725 82.643898 29.463705 64.000000 9.981846 82.203918 14.767780 256.000000 248.823337
129.664558 14.607167 0.000000 10.773510 130.885924 7.580882 256.000000 242.356649 81.645942 35.124031 64.000000 11.819022 87.654585 37.427033 256.000000 239.805255 121.052676 94.079282 0.000000 10.631527 125.678235 100.523535 256.000000 244.611170 33.479500 165.327069 0.000000 56.375920 7.668302 148.384945 256.000000 214.063278
166.265589 153.914276 64.000000 24.244700 161.746900 150.841364 256.000000 219.493058 137.268584 15.051349 64.000000 21.099558 134.575720 14.226598 256.000000 235.760886 27.331929 65.996562 64.000000 13.742249 23.773544 67.504200 256.000000 258.551334 27.188191 22.442229 64.000000 23.263726 63.717607 37.750664 256.000000 237.968079
