59.327098 68.003565 64.000000 12.189039 62.064053 63.624916 256.000000 251.129487 118.695635 114.105515 64.000000 29.128060 116.722551 111.776100 256.000000 229.414669 67.546869 5.642018 0.000000 19.955088 64.991044 7.361489 256.000000 229.741660 94.116909 22.092282 0.000000 85.968652 94.412160 24.000096 256.000000 167.798280
84.387898 16.284607 0.000000 28.340699 91.824376 27.616747 256.000000 231.996181 67.382816 48.964689 64.000000 26.671321 65.172365 53.092329 256.000000 231.454063 71.908678 133.023389 0.000000 8.932032 70.130027 134.287373 256.000000 243.281691 158.824398 44.124885 0.000000 29.751926 158.506927 46.618871 256.000000 233.299844
46.049033 4.126431 64.000000 25.363355 42.629593 5.808533 256.000000 240.928212 156.198555 143.840356 0.000000 16.513072 159.704675 138.990362 256.000000 244.671405 131.511256 95.366715 64.000000 46.574779 135.294275 94.324384 256.000000 218.004386 11.421742 95.545187 0.000000 12.907560 6.978993 95.032204 256.000000 245.381321
3.837027 65.600167 64.000000 16.564702 6.565978 60.927544 256.000000 244.081960 0.716813 139.336753 64.000000 11.427493 0.494867 138.421009 320.000000 245.734127 42.990380 15.533375 64.000000 31.107220 39.289367 17.975336 256.000000 224.458166 121.210825 78.310902 64.000000 38.434411 89.520587 103.407829 256.000000 205.832557
11.907249 75.571945 0.000000 12.434283 4.979411 76.533891 256.000000 237.283978 66.836358 42.210073 0.000000 29.003287 70.883471 56.940798 256.000000 219.781327 153.156918 117.995475 0.000000 20.514415 147.714851 128.639500 256.000000 248.139236 139.003009 131.048435 0.000000 23.285238 134.918113 121.755336 256.000000 240.407608
13.524527 207.070151 0.000000 19.993810 13.422815 206.461456 256.000000 240.545288 4.763985 131.091376 0.000000 11.337140 8.067956 133.378438 256.000000 252.859100 5.992193 99.759453 0.000000 11.281207 7.376567 103.835180 256.000000 241.345557 29.239680 149.739835 64.000000 12.821510 33.341464 150.186856 256.000000 257.191738
67.225387 180.453080 64.000000 20.411155 65.552587 180.273385 256.000000 240.076313 17.336764 130.080367 0.000000 24.890078 25.744127 126.834776 256.000000 245.712615 4.285720 177.997860 0.000000 14.404837 4.489453 181.195715 256.000000 240.657154 88.705989 182.485582 64.000000 9.826956 88.678933 181.881818 320.000000 263.619703
60.061962 136.356849 64.000000 14.370417 49.133547 148.239076 256.000000 238.449961 137.380255 155.574627 0.000000 15.626753 141.056645 150.474584 256.000000 235.218768 77.497938 88.985891 0.000000 30.715690 72.875505 99.521111 256.000000 225.099241 154.653144 98.069504 0.000000 27.239254 145.645758 96.071140 256.000000 218.473361
77.772633 95.398865 64.000000 9.715090 82.387287 93.358367 256.000000 242.881557 107.275082 103.733887 64.000000 27.148901 112.043878 95.747878 256.000000 237.481894 22.047587 60.455076 0.000000 18.836433 18.005133 65.316742 256.000000 248.027370 41.867091 90.432611 0.000000 18.900970 53.292344 97.276129 256.000000 233.820449
73.409611 37.843327 64.000000 9.448334 73.742413 31.072615 256.000000 240.041893 93.061676 42.108484 64.000000 15.803156 123.553629 31.814822 256.000000 228.506837 126.851396 14.740515 64.000000 23.422919 125.088982 12.192540 256.000000 226.346972 13.797833 106.434813 0.000000 33.370345 8.943909 81.408900 256.000000 211.197799
114.756555 17.650269 64.000000 13.286182 113.724267 21.688500 256.000000 244.925254 50.114744 29.301131 0.000000 22.588230 45.057295 26.449707 256.000000 244.150800 34.621905 144.374791 64.000000 12.318115 64.273525 194.261818 256.000000 267.900710 107.327693 20.001711 0.000000 10.859560 106.929507 22.111682 256.000000 223.339511
93.438420 50.090544 64.000000 14.817879 93.646816 43.526962 256.000000 245.699707 64.002536 193.795205 64.000000 23.706885 57.397611 194.005345 256.000000 231.613257 93.769435 43.266522 0.000000 46.028359 65.008236 48.115425 256.000000 232.955643 44.252789 159.678071 64.000000 34.303992 43.113545 157.416382 256.000000 224.221527
46.631578 21.601269 64.000000 31.761203 45.127693 31.239198 256.000000 226.609426 50.080778 83.394193 64.000000 11.715762 52.459424 81.479516 256.000000 255.242696 155.662235 67.794187 64.000000 13.019426 155.675089 67.320353 256.000000 246.676379 174.820789 25.125349 64.000000 26.099086 172.631455 24.796078 256.000000 208.001027
130.539300 70.144553 0.000000 8.802956 131.964300 74.734276 256.000000 250.608882 139.302869 66.163355 64.000000 20.510113 138.646609 69.850055 256.000000 238.660784 74.960144 42.872325 64.000000 18.354550 71.614485 35.894024 256.000000 234.242096 127.641767 161.080665 0.000000 29.704598 127.685655 158.390493 256.000000 245.157590
84.597991 144.566538 0.000000 20.798382 80.620395 146.643769 256.000000 255.999940 20.708456 100.869973 0.000000 12.253577 17.106507 98.555240 256.000000 250.996109 75.998571 58.705878 64.000000 17.674752 73.947280 56.214180 256.000000 241.749994 165.945882 78.191609 64.000000 20.811289 165.316131 79.457242 256.000000 219.604923
113.907176 201.062155 0.000000 33.314412 110.519889 200.504904 256.000000 229.629795 153.700075 142.762785 64.000000 23.706885 151.518924 146.614142 256.000000 234.655138 111.019258 9.637267 64.000000 11.393073 116.446024 11.836171 256.000000 241.732784 29.381960 81.991144 64.000000 18.961206 39.770824 76.293391 256.000000 217.599949
47.772602 33.720875 64.000000 8.901914 44.946196 33.599220 256.000000 258.026427 45.174371 94.850118 0.000000 41.213839 58.268271 91.865520 256.000000 205.793834 74.327664 71.262573 0.000000 46.320930 71.395198 72.102933 256.000000 214.377362 145.046724 65.422791 0.000000 17.287525 144.160035 67.327484 256.000000 227.177359
62.421984 47.819898 0.000000 40.641604 62.913573 45.673271 256.000000 215.754168 105.214025 71.984958 64.000000 36.162681 103.275215 75.369576 256.000000 203.405936 165.275338 63.736209 64.000000 30.216598 164.019822 65.284109 256.000000 215.582067 34.341385 79.661265 0.000000 12.976400 37.365235 83.138824 256.000000 245.983673
177.630536 35.698198 64.000000 14.998585 181.986591 40.442238 256.000000 239.942935 90.196784 40.513240 64.000000 12.765577 88.165184 39.900018 256.000000 246.388110 52.212576 60.657311 64.000000 14.323089 58.825680 59.606633 256.000000 239.960145 2.679135 106.029835 64.000000 17.734987 4.327113 104.193325 256.000000 234.969222
114.810162 205.461840 64.000000 22.261238 114.999440 204.624811 256.000000 235.528550 72.882442 94.234165 64.000000 15.910719 97.727387 91.469945 256.000000 240.876582 11.105455 222.572656 0.000000 16.805643 12.502147 222.603687 256.000000 247.141051 76.002253 53.184062 64.000000 27.364027 75.529227 72.915515 256.000000 228.631610
149.490084 172.727353 0.000000 20.406852 147.461636 174.041707 256.000000 240.033288 42.053733 42.138829 64.000000 27.910447 49.382280 46.503724 256.000000 225.301460 120.154224 79.102171 0.000000 37.517974 98.228556 81.297158 256.000000 207.041565 97.770882 177.678844 0.000000 24.868566 97.492076 165.598325 256.000000 222.074570
131.540971 86.441609 0.000000 44.178275 109.987515 85.328582 256.000000 214.145025 35.588591 58.633684 0.000000 19.357037 39.532822 60.909033 256.000000 239.805255 91.193245 211.969540 0.000000 22.420432 59.338162 195.962605 256.000000 210.074842 113.474164 117.114655 64.000000 35.564630 106.710496 117.216562 256.000000 228.468115
29.280545 128.312682 0.000000 28.861304 19.087105 106.726178 256.000000 235.025155 20.659878 95.350716 64.000000 12.326720 21.410673 101.232367 256.000000 266.708912 90.883716 17.381604 64.000000 14.671593 90.593196 7.693202 256.000000 238.781255 108.239642 97.626555 64.000000 8.979359 108.832544 96.815222 256.000000 253.607739
25.916238 85.930833 64.000000 8.850284 26.179273 88.327044 256.000000 20.643491 41.897587 199.609415 64.000000 29.881001 41.972384 197.465984 256.000000 250.897151 59.277985 172.028795 0.000000 12.868837 78.513427 183.170325 256.000000 255.823537 9.109938 103.188656 64.000000 59.615717 13.151340 101.263549 256.000000 182.327890
21.416464 102.447558 64.000000 18.410483 13.344551 104.592464 256.000000 236.019037 159.815622 107.648411 64.000000 18.427693 159.003949 112.403364 256.000000 227.203174 111.745724 31.557656 64.000000 9.465544 111.742745 32.154975 256.000000 261.804039 166.879475 35.832795 0.000000 16.349576 165.410560 34.923787 256.000000 251.942664
197.784171 80.955765 64.000000 23.689675 196.749293 77.894807 256.000000 244.275573 49.611911 134.480593 0.000000 18.956903 46.229509 132.916825 256.000000 238.531709 25.125196 95.443209 0.000000 9.573107 21.740880 93.200420 256.000000 244.615472 101.574380 144.647124 64.000000 31.098615 98.481935 142.391138 256.000000 236.436382
70.351082 23.945053 64.000000 60.329935 66.278331 28.147976 256.000000 208.254876 32.166531 100.538376 64.000000 16.517374 25.684493 89.061575 256.000000 249.847336 10.972191 26.816889 64.000000 22.459154 13.603804 27.367676 256.000000 222.384351 70.904251 126.044671 0.000000 8.802956 69.204889 125.821742 256.000000 249.812916
33.310655 104.446411 0.000000 25.113809 48.469173 96.168082 256.000000 227.745291 22.586236 125.889958 64.000000 12.610686 21.454209 124.750631 256.000000 225.383208 151.705800 11.905265 0.000000 23.194885 150.335380 15.406575 256.000000 245.222127 151.901049 56.908913 0.000000 26.116296 147.997085 62.667525 256.000000 215.039950
11.680253 70.392700 0.000000 19.486113 10.211235 63.082120 256.000000 231.389526 49.935911 89.968020 64.000000 18.857945 42.513369 88.536138 256.000000 251.064950 34.012198 13.216204 64.000000 24.773910 71.474385 5.651200 256.000000 235.636113 22.700373 50.045440 0.000000 10.399191 20.100607 53.185304 256.000000 219.604923
150.091502 110.363545 64.000000 22.252633 150.409635 105.560676 256.000000 236.556852 33.884593 99.436165 0.000000 9.667762 35.840022 97.529395 256.000000 248.874967 48.235713 18.860096 64.000000 21.689003 48.195111 21.396524 256.000000 250.195841 14.654011 82.802125 0.000000 17.545677 15.830796 77.265029 256.000000 254.119739
88.652798 117.228875 0.000000 43.713603 77.585624 64.212338 256.000000 205.574406 155.426913 160.143784 64.000000 11.978216 155.783631 159.557398 256.000000 256.180646 116.901824 55.167865 64.000000 18.948298 128.195413 77.873984 256.000000 246.999068 29.050013 77.110142 64.000000 10.235695 32.195473 79.972753 256.000000 269.406592
147.170053 100.481864 64.000000 24.868566 163.232475 84.439664 256.000000 229.307106 23.367335 23.716629 64.000000 48.777669 36.381840 43.230727 256.000000 217.389126 103.818156 211.669955 0.000000 14.774854 107.793322 210.984502 256.000000 234.995037 103.464347 23.560178 0.000000 12.335325 102.290080 21.920531 256.000000 258.465284
