114.756555 17.650269 64.000000 13.286182 113.724267 21.688500 256.000000 244.925254 3.159260 120.385887 0.000000 10.270115 4.538987 123.523689 256.000000 244.895136 104.160093 115.248535 64.000000 35.121471 122.232162 106.482204 256.000000 227.482837 107.455458 168.466191 64.000000 10.850955 107.225638 168.654633 256.000000 241.220784
28.758091 105.061144 64.000000 32.591589 51.712220 65.466175 256.000000 203.044524 116.760175 30.452893 0.000000 32.380766 116.362685 36.902824 256.000000 246.646262 48.888276 3.035969 0.000000 9.082620 57.285416 1.677244 256.000000 245.665287 2.808724 151.635740 0.000000 23.009877 3.930593 148.924642 256.000000 253.031201
66.413038 165.696158 64.000000 18.135122 68.452264 164.440611 256.000000 237.839003 39.859284 42.727444 64.000000 19.765777 54.200749 48.898438 256.000000 214.330034 78.666462 203.862282 0.000000 18.294315 73.664729 207.155945 256.000000 217.664487 1.413891 173.300456 64.000000 23.108835 39.278069 187.473482 256.000000 220.254604
153.700075 142.762785 64.000000 23.706885 151.518924 146.614142 256.000000 234.655138 61.478242 61.721951 64.000000 15.166383 58.795891 61.684858 256.000000 245.407136 31.574698 59.954742 64.000000 27.764162 48.820542 64.235796 256.000000 224.802367 18.338807 183.024289 0.000000 26.413170 21.886427 181.749320 256.000000 230.696820
13.995740 66.305984 64.000000 40.013436 51.781107 24.213858 256.000000 230.382736 39.350029 84.671098 0.000000 23.577810 38.806664 69.937787 256.000000 242.464212 40.341053 154.911600 64.000000 8.768536 33.807640 164.238951 256.000000 243.118195 142.751244 152.214238 64.000000 23.969339 142.147807 150.697493 256.000000 228.941392
29.581025 78.863189 0.000000 18.612702 23.717509 86.783784 256.000000 231.845593 41.383609 15.572596 64.000000 27.561943 121.777551 83.076318 256.000000 219.678066 54.142391 72.779409 0.000000 29.024800 47.639385 67.197124 256.000000 219.940520 145.077609 25.702138 64.000000 46.191855 142.308993 25.561271 256.000000 200.884659
38.128180 68.294196 0.000000 35.525908 36.802040 68.853938 256.000000 214.519345 6.321005 100.111393 0.000000 17.175660 9.165342 96.651213 256.000000 234.810029 29.050013 77.110142 64.000000 10.235695 32.195473 79.972753 256.000000 269.406592 34.540180 128.199375 64.000000 36.283151 31.110851 117.643209 256.000000 228.334736
100.316613 197.790725 0.000000 12.059964 99.980967 198.044084 256.000000 254.541386 27.323335 125.379529 64.000000 11.109107 24.412125 125.734645 256.000000 258.628780 132.916027 180.777280 0.000000 43.399519 122.606660 172.835555 256.000000 194.572862 25.400269 132.593807 64.000000 13.092568 24.035295 130.919633 256.000000 255.539570
31.538922 7.244607 64.000000 31.640732 29.229636 12.810291 256.000000 225.641359 180.196642 60.515404 64.000000 18.264197 179.836416 59.963793 256.000000 265.151400 164.055222 41.706422 64.000000 11.449006 164.696631 42.703036 256.000000 246.637656 21.554542 105.589580 0.000000 9.835561 22.240209 114.830704 256.000000 249.494530
179.955591 65.637891 64.000000 36.442344 176.763462 68.254240 256.000000 205.742204 39.026744 92.786185 0.000000 16.229105 34.798407 91.434885 256.000000 243.294598 160.687711 48.311495 0.000000 21.693306 160.940675 45.327355 256.000000 218.559411 92.294133 17.688755 0.000000 67.188152 92.158975 11.076227 256.000000 172.552565
24.392829 105.426544 64.000000 9.091225 19.277140 109.523236 256.000000 245.097354 113.468633 84.096015 64.000000 12.688131 115.961493 88.334045 256.000000 222.272486 96.081151 63.830182 0.000000 21.835289 94.904789 65.244616 256.000000 233.639744 137.357720 82.995456 64.000000 28.826884 134.777480 82.831547 256.000000 230.627980
163.437736 127.803005 0.000000 12.434283 162.399393 122.902498 256.000000 234.293727 101.694889 61.367400 64.000000 29.287254 96.478349 57.961256 256.000000 231.643374 145.296136 157.815900 64.000000 21.628768 147.863720 160.246347 256.000000 248.651236 147.170053 100.481864 64.000000 24.868566 163.232475 84.439664 256.000000 229.307106
151.442293 107.671864 64.000000 25.552666 150.375382 108.788444 256.000000 232.340383 106.617827 35.059389 64.000000 24.511456 96.387822 12.585675 256.000000 229.040350 131.191438 72.384127 0.000000 11.732972 131.514380 71.377284 256.000000 249.425689 133.784285 119.429318 64.000000 24.989036 131.650522 120.041176 256.000000 257.613385
101.901313 115.930475 64.000000 16.629240 101.016635 114.754202 256.000000 245.549119 15.537536 151.938358 0.000000 12.223459 12.329438 151.787907 256.000000 233.403105 48.611135 84.537205 0.000000 15.213711 47.496384 82.312307 256.000000 242.911674 46.082400 217.244378 0.000000 30.530682 42.868331 214.999304 256.000000 222.887746
152.171862 46.451996 0.000000 18.948298 147.548582 43.290236 320.000000 231.849895 104.153620 173.283182 64.000000 11.302720 112.065464 171.966009 256.000000 246.327875 56.567838 196.509396 0.000000 55.760659 55.231724 194.388965 256.000000 199.731583 13.921880 27.833013 64.000000 8.695393 15.340996 28.094840 256.000000 247.657354
127.845804 204.322056 64.000000 36.162681 125.112480 201.901833 256.000000 218.021596 49.014716 74.386191 0.000000 12.429980 42.592236 84.119576 256.000000 246.082631 26.662476 56.202618 0.000000 10.377678 30.467562 51.099275 256.000000 247.046396 44.662424 27.565818 0.000000 85.374904 43.917420 25.724880 256.000000 167.918751
16.411013 69.167498 0.000000 32.187152 39.747429 69.893911 256.000000 229.363039 99.701680 43.436165 64.000000 24.339356 103.188205 47.995915 256.000000 246.560211 140.460662 34.401173 64.000000 13.088266 140.896133 34.964665 256.000000 254.283235 20.986631 82.386787 64.000000 11.474821 19.080433 80.518693 256.000000 249.929084
9.547089 137.484202 0.000000 12.223459 10.597198 137.359013 256.000000 251.456479 97.499765 36.890596 0.000000 19.438785 92.297222 32.846067 256.000000 234.069996 88.546400 23.517980 64.000000 19.021441 90.561396 25.435018 256.000000 229.221056 14.083693 60.033400 64.000000 29.614245 32.876182 85.796385 256.000000 240.407608
169.481160 114.341538 64.000000 41.743049 162.836040 107.508276 256.000000 228.278804 24.682531 141.253156 64.000000 42.100158 26.303105 137.965091 256.000000 209.136892 13.093662 127.743164 0.000000 10.928401 16.370362 129.791913 256.000000 248.689959 141.277691 73.545915 0.000000 17.020769 143.946927 69.409100 256.000000 229.337224
28.706753 121.950285 64.000000 31.429909 54.737324 132.565645 256.000000 244.176615 7.938798 104.321625 0.000000 22.622650 13.311209 97.605391 256.000000 218.150672 136.782882 30.098458 0.000000 9.925914 137.427907 26.600540 256.000000 243.901254 56.547967 91.962195 0.000000 15.592332 68.678662 90.769460 256.000000 224.428048
167.603709 72.528680 64.000000 37.311453 151.483080 66.417885 256.000000 220.327747 16.407253 92.508484 64.000000 10.696065 17.107229 99.356711 256.000000 243.483909 47.069705 153.587285 64.000000 12.903257 42.083744 158.445293 256.000000 237.391541 157.783367 171.103318 64.000000 38.064394 144.700933 149.692202 256.000000 215.474504
81.361473 204.010049 0.000000 20.277777 76.136909 205.684436 256.000000 239.340583 124.564520 70.362989 64.000000 19.464600 123.012136 70.618020 256.000000 239.951540 2.507265 170.963735 0.000000 43.825469 4.644995 166.098387 256.000000 207.433094 113.899640 112.931518 64.000000 25.436498 114.622802 109.898144 256.000000 234.470130
45.119973 83.292022 0.000000 10.472334 45.390269 81.160973 256.000000 272.840003 79.901436 106.024035 0.000000 15.299761 85.631133 102.335940 256.000000 237.150600 172.155673 106.013233 64.000000 31.731085 166.980262 108.404240 256.000000 209.562842 66.263842 52.552549 64.000000 27.394145 25.908942 33.592498 256.000000 224.217225
93.587807 185.023909 0.000000 10.326048 94.026664 184.636433 256.000000 236.651508 90.906040 34.121867 64.000000 46.213367 88.631035 36.648584 256.000000 201.474104 54.215078 92.453676 0.000000 19.154819 74.975095 86.169638 256.000000 219.746906 160.470915 29.340304 64.000000 49.349904 146.298467 31.481889 256.000000 196.965063
180.565675 49.925264 0.000000 35.599050 175.744987 52.588249 256.000000 218.103344 135.399129 23.478411 64.000000 44.797838 119.473100 32.817096 256.000000 221.906772 98.829856 81.614907 64.000000 35.560328 97.698396 91.313265 256.000000 236.939776 75.405413 96.421722 64.000000 17.610214 74.174098 96.916300 256.000000 241.655338
65.223040 58.899631 0.000000 35.039723 57.230173 57.425175 256.000000 217.359008 183.212531 99.909835 0.000000 17.438114 189.160625 89.402245 256.000000 220.491242 64.906593 33.819460 0.000000 18.246987 59.952438 33.324735 256.000000 251.017622 31.311664 3.335707 64.000000 13.342115 35.148936 1.302473 256.000000 263.679938
156.884247 27.547645 0.000000 13.965980 158.255411 18.071980 256.000000 241.861859 67.062444 184.588085 64.000000 39.815520 66.708545 178.657651 256.000000 216.317798 114.548991 102.580769 64.000000 33.727454 143.441762 109.170031 256.000000 192.460325 29.280545 128.312682 0.000000 28.861304 19.087105 106.726178 256.000000 235.025155
32.049758 4.973905 64.000000 9.891493 33.376600 4.871907 256.000000 236.944079 120.566702 171.174675 0.000000 38.077302 119.743285 169.171515 256.000000 230.214938 47.751684 69.775609 64.000000 23.655255 45.642691 72.342200 256.000000 249.434294 16.937427 128.392409 0.000000 12.782787 21.097769 130.025502 256.000000 251.034832
39.304918 95.981740 0.000000 16.861576 30.724207 98.526136 256.000000 236.892449 46.052729 118.608520 0.000000 15.678383 38.172271 119.564787 256.000000 226.544888 113.189873 176.416522 64.000000 20.763962 105.355531 184.973375 256.000000 243.230061 78.647229 104.157975 0.000000 24.012364 75.583829 101.986873 256.000000 236.784886
34.338016 146.669345 64.000000 23.229305 32.444102 143.208464 256.000000 240.790532 85.856175 89.203447 64.000000 25.526851 82.553251 91.437209 256.000000 236.010432 54.665365 199.867115 0.000000 23.130348 66.437465 206.156253 256.000000 227.190266 92.278616 86.103753 64.000000 10.270115 94.610516 82.934858 256.000000 234.887474
6.121129 50.540804 64.000000 24.386683 4.619609 37.717415 256.000000 253.013991 157.725207 52.121871 64.000000 24.339356 156.144424 53.131524 256.000000 222.960889 142.953402 96.998153 0.000000 15.807458 155.708320 80.019495 256.000000 243.324716 32.287727 37.178633 64.000000 10.618619 31.692405 30.165527 256.000000 241.823137
138.049469 9.105000 0.000000 47.138409 133.076335 14.148667 256.000000 202.158205 172.700120 105.203080 64.000000 17.618819 173.383487 111.564767 256.000000 251.576949 26.652920 118.370676 64.000000 9.775325 22.983507 116.779675 256.000000 233.884987 24.132382 176.895027 64.000000 33.404765 21.194095 174.309673 256.000000 219.376890
