105.214025 71.984958 64.000000 36.162681 103.275215 75.369576 256.000000 203.405936 114.810162 205.461840 64.000000 22.261238 114.999440 204.624811 256.000000 235.528550 0.438909 134.105980 64.000000 24.864263 1.619302 134.154433 256.000000 234.586298 0.476515 82.515269 64.000000 10.816535 2.513855 87.710658 256.000000 263.976812
147.297891 124.143489 64.000000 20.720936 147.060984 122.271573 256.000000 251.370428 23.966789 52.730016 64.000000 45.348561 25.986380 52.428940 256.000000 209.468186 49.780922 40.245220 64.000000 54.990508 62.544525 52.060309 256.000000 213.495345 27.198942 179.437367 64.000000 47.375048 29.440520 175.246562 256.000000 219.234907
31.550964 69.746355 0.000000 12.120199 31.537958 75.051489 256.000000 228.050770 3.238300 36.329876 0.000000 12.421375 0.621724 38.460351 256.000000 236.367541 28.638664 120.601296 0.000000 74.708957 34.909796 98.867718 256.000000 192.542073 136.611689 161.142276 0.000000 10.162552 136.830715 161.401247 256.000000 243.212851
81.137104 97.780907 0.000000 9.504267 88.928820 94.092995 256.000000 255.238394 20.708456 100.869973 0.000000 12.253577 17.106507 98.555240 256.000000 250.996109 107.323982 203.313895 0.000000 37.130748 102.943307 196.974353 256.000000 215.401361 135.227167 25.662985 0.000000 39.522949 116.947284 35.087853 256.000000 216.309193
21.021851 196.182185 0.000000 55.549836 28.367453 161.529993 256.000000 191.625636 122.348936 110.995287 0.000000 11.143527 119.890209 113.292418 256.000000 244.447674 26.160082 12.604222 0.000000 17.489744 26.953836 12.920315 256.000000 225.374603 97.939984 163.197009 64.000000 9.947426 100.180824 162.525302 256.000000 228.106703
79.284345 74.961604 0.000000 12.059964 92.453340 65.939716 256.000000 250.324916 56.547967 91.962195 0.000000 15.592332 68.678662 90.769460 256.000000 224.428048 20.956245 184.605898 0.000000 19.305407 28.108864 184.591960 256.000000 228.033560 75.568415 138.576705 64.000000 26.770279 79.276976 134.921578 256.000000 243.466699
161.946647 42.646807 64.000000 26.572364 161.525224 43.618820 256.000000 237.370028 11.372622 198.468335 0.000000 15.622450 8.677087 197.582853 256.000000 236.453592 73.523582 162.914169 64.000000 17.584399 57.941073 177.223365 256.000000 222.500519 81.390229 137.047847 64.000000 12.055661 79.605222 138.995145 256.000000 236.543945
93.587807 185.023909 0.000000 10.326048 94.026664 184.636433 256.000000 236.651508 93.438420 50.090544 64.000000 14.817879 93.646816 43.526962 256.000000 245.699707 3.050340 42.109927 0.000000 64.572220 9.617251 45.424149 256.000000 182.775352 29.956080 122.066191 0.000000 12.868837 32.562662 120.896256 256.000000 247.476648
142.048145 19.378118 0.000000 51.118240 138.303405 22.924809 256.000000 197.571718 187.516047 113.130964 0.000000 16.706685 188.188105 119.355173 256.000000 248.664143 14.782733 167.770560 64.000000 11.629712 7.310220 172.142651 256.000000 242.382464 159.477900 67.901533 0.000000 11.160737 159.894556 70.253567 256.000000 255.105016
1.451038 67.424847 0.000000 14.323089 4.434645 68.756905 256.000000 252.480479 86.190631 213.149231 0.000000 10.988636 101.308224 219.073276 256.000000 261.537283 99.701680 43.436165 64.000000 24.339356 103.188205 47.995915 256.000000 246.560211 29.262478 204.425760 0.000000 17.631727 32.984402 205.756916 256.000000 253.883100
14.969855 76.519402 64.000000 20.148701 23.040969 70.603035 256.000000 221.816419 69.963349 98.712593 0.000000 8.932032 68.749775 99.264402 256.000000 243.797993 36.183893 111.894235 64.000000 25.367658 31.793655 109.080153 256.000000 226.867577 72.706282 91.703349 0.000000 21.060835 71.305342 90.104680 256.000000 236.935474
71.392373 29.217498 0.000000 17.059492 77.115378 37.002013 256.000000 239.340583 116.169195 31.991422 0.000000 23.676768 117.336875 36.883958 256.000000 230.498904 61.681987 19.305855 64.000000 16.457139 65.373782 23.141476 256.000000 245.566329 75.405413 96.421722 64.000000 17.610214 74.174098 96.916300 256.000000 241.655338
93.408082 88.902727 64.000000 21.263054 94.408216 84.817849 256.000000 246.783942 38.531262 139.901615 0.000000 9.009477 32.591716 147.580916 256.000000 261.507166 120.566702 171.174675 0.000000 38.077302 119.743285 169.171515 256.000000 230.214938 71.023216 63.951844 0.000000 20.828499 72.865535 60.527355 256.000000 255.100713
85.856175 89.203447 64.000000 25.526851 82.553251 91.437209 256.000000 236.010432 82.402404 136.001809 64.000000 37.685773 85.010120 159.570407 256.000000 225.903813 66.651055 88.766507 64.000000 16.814248 64.189540 87.712175 256.000000 245.415741 127.819027 147.388564 64.000000 28.758044 111.485202 154.446929 256.000000 222.306906
104.022325 99.088260 0.000000 24.902986 104.811847 94.821456 256.000000 244.340111 131.343136 101.392327 64.000000 17.554282 130.179824 103.665585 256.000000 250.363639 106.548775 175.091702 0.000000 15.428837 107.809227 176.075142 256.000000 232.632954 58.135338 124.021133 0.000000 21.331894 58.102900 122.507627 256.000000 230.434366
11.680253 70.392700 0.000000 19.486113 10.211235 63.082120 256.000000 231.389526 21.228198 11.986282 64.000000 36.980159 20.187813 11.556365 256.000000 216.958874 15.139136 9.200715 64.000000 9.099830 16.455402 9.461293 256.000000 236.608482 132.611718 39.715607 0.000000 26.886447 123.742133 25.307864 256.000000 246.814060
72.709500 94.936333 0.000000 23.569205 69.644238 83.672320 256.000000 236.939776 7.667649 30.992782 64.000000 26.008733 24.016235 29.354564 256.000000 234.418500 113.474164 117.114655 64.000000 35.564630 106.710496 117.216562 256.000000 228.468115 9.280864 66.225465 0.000000 17.029374 6.905862 63.754227 256.000000 237.628180
156.828725 23.579238 64.000000 55.003416 155.217329 24.364844 256.000000 193.630610 147.366365 28.307665 64.000000 9.323561 134.817844 23.390409 256.000000 241.440212 20.999393 119.279558 64.000000 17.102517 17.046145 117.726627 256.000000 227.280619 8.030698 88.901573 0.000000 16.319458 12.486653 88.756542 256.000000 238.923238
48.127987 124.251355 64.000000 29.080733 63.843180 127.881425 256.000000 212.720891 178.441715 38.285291 64.000000 11.681342 193.660116 47.709729 256.000000 243.105288 119.879175 70.464253 0.000000 22.515087 117.308413 73.066993 256.000000 227.280619 49.935911 89.968020 64.000000 18.857945 42.513369 88.536138 256.000000 251.064950
4.966942 141.416887 0.000000 14.077845 1.257238 139.361949 256.000000 238.273558 140.397078 39.189145 64.000000 93.984247 139.811302 37.024555 256.000000 169.278347 5.988435 179.693427 0.000000 15.962349 11.974409 188.253905 256.000000 246.667774 83.858400 77.567622 64.000000 44.707485 77.469244 83.440865 256.000000 203.590944
21.330265 88.056145 64.000000 25.556969 28.146900 85.063984 256.000000 219.548991 44.917489 81.508751 0.000000 11.208065 42.461733 80.206185 256.000000 248.952412 29.068447 54.366605 64.000000 10.906888 30.122345 56.865356 256.000000 238.256348 69.284942 6.394956 0.000000 12.929073 73.371398 7.673642 256.000000 232.998668
139.003009 131.048435 0.000000 23.285238 134.918113 121.755336 256.000000 240.407608 116.927267 50.514565 64.000000 15.949442 116.425447 50.378444 256.000000 233.884987 15.427098 72.530636 64.000000 10.932703 15.612838 74.913947 256.000000 238.131574 38.483122 82.871542 0.000000 14.017610 43.642791 77.601478 256.000000 230.692517
73.320389 15.663595 64.000000 10.016267 74.424591 16.025498 256.000000 241.096011 94.548553 102.447311 0.000000 9.413914 98.741955 98.423227 256.000000 251.275773 9.264344 178.469880 0.000000 18.754685 5.300609 175.881178 256.000000 228.050770 37.660340 87.401349 64.000000 13.497005 34.537213 87.956800 256.000000 269.647533
12.687660 105.952944 0.000000 8.987964 14.906531 107.180940 256.000000 237.899238 80.180335 55.398258 0.000000 9.177275 78.581524 55.731649 256.000000 251.030529 117.135942 110.717293 0.000000 44.935519 103.205544 100.836855 256.000000 217.225630 104.775002 99.918696 64.000000 28.973170 100.961689 96.864324 256.000000 231.432551
102.155133 31.163438 64.000000 10.390586 102.148633 26.658016 256.000000 247.188379 29.966969 21.006307 64.000000 11.109107 29.601756 21.458960 256.000000 241.160549 121.295460 84.979211 64.000000 27.359725 117.838256 81.797355 256.000000 223.881628 149.345276 98.645715 0.000000 23.323961 149.706871 94.562565 256.000000 247.726194
79.387222 110.213298 64.000000 10.072199 89.735778 115.339491 256.000000 243.759271 172.896900 89.484569 64.000000 13.570148 175.293160 83.119973 320.000000 234.771306 116.525573 176.648889 64.000000 9.267628 115.742251 177.558209 256.000000 236.944079 76.394438 87.966216 64.000000 16.117240 75.379951 95.895389 256.000000 249.296614
60.996771 102.697642 64.000000 10.308838 64.664429 105.205053 256.000000 248.616816 42.815916 84.332536 64.000000 16.022584 43.966887 82.223796 256.000000 224.135477 37.128682 209.947736 64.000000 42.637973 40.818209 200.328075 256.000000 224.875510 54.057385 129.659835 64.000000 11.027359 52.982258 129.559938 256.000000 249.451505
9.396180 188.165758 0.000000 11.156434 14.872656 194.839600 256.000000 230.249358 25.971676 219.507631 0.000000 21.275961 27.021558 218.214795 256.000000 245.574934 20.958000 70.497027 64.000000 23.534784 14.896584 68.157991 256.000000 218.899310 151.437395 175.897024 0.000000 24.107020 151.524140 171.948742 256.000000 207.032960
59.913495 58.316842 0.000000 23.534784 54.736604 57.767262 256.000000 233.325660 66.747329 138.622520 64.000000 40.125302 73.366047 150.043260 256.000000 212.991950 77.762618 145.790369 64.000000 35.654983 96.157613 103.171665 256.000000 198.604323 66.530349 104.166664 0.000000 11.479123 63.793651 105.098335 256.000000 230.997996
45.174371 94.850118 0.000000 41.213839 58.268271 91.865520 256.000000 205.793834 75.342238 149.479293 64.000000 11.165039 76.686276 148.235775 256.000000 234.491643 117.835844 146.331633 64.000000 10.657342 135.091704 160.822471 256.000000 243.088077 18.065640 105.683287 64.000000 20.376735 16.410825 102.677824 256.000000 239.766532
146.758138 91.130095 64.000000 37.049000 140.427147 62.078965 256.000000 246.977556 11.907249 75.571945 0.000000 12.434283 4.979411 76.533891 256.000000 237.283978 6.651124 103.185187 0.000000 18.070584 3.407520 93.443140 256.000000 240.528078 92.678140 121.839024 0.000000 26.314212 92.213302 116.312642 256.000000 233.351475
167.235191 135.983467 64.000000 16.689475 165.646640 135.794740 256.000000 235.038063 69.806155 115.182895 64.000000 27.351120 69.585222 121.251102 256.000000 243.152615 150.990085 103.558278 0.000000 30.500564 148.470456 100.893235 256.000000 237.043037 18.837535 24.747693 64.000000 10.214182 14.520191 22.318515 256.000000 241.268112
