24.212991 100.730153 64.000000 9.401006 28.501140 101.350276 256.000000 256.761486 59.277985 172.028795 0.000000 12.868837 78.513427 183.170325 256.000000 255.823537 94.116909 22.092282 0.000000 85.968652 94.412160 24.000096 256.000000 167.798280 62.985836 151.033058 0.000000 22.725911 69.647449 147.308520 256.000000 231.854198
80.353758 53.508256 0.000000 17.326248 78.369678 45.292502 256.000000 234.440012 9.558311 51.145711 64.000000 10.403493 8.112055 52.238038 256.000000 257.720948 24.564615 98.704742 0.000000 14.211224 18.134645 108.095731 256.000000 237.942264 76.191195 98.129945 0.000000 13.316299 82.417433 92.809682 256.000000 230.189123
72.130456 52.445524 64.000000 11.767392 68.567898 42.176740 256.000000 246.267640 76.739367 192.612287 0.000000 29.054918 74.088898 196.664945 256.000000 231.359408 13.751682 198.480631 0.000000 35.284967 16.449680 193.237898 256.000000 211.580724 3.896344 97.206602 64.000000 32.178547 6.227873 81.358724 256.000000 224.027914
183.018813 42.272142 64.000000 36.145471 181.357131 41.649071 256.000000 226.011376 59.368589 211.359625 64.000000 15.269643 56.544825 212.494982 256.000000 248.797522 139.238309 175.074536 64.000000 33.189639 134.848182 175.626096 256.000000 228.016350 151.901049 56.908913 0.000000 26.116296 147.997085 62.667525 256.000000 215.039950
163.169618 162.807631 0.000000 24.511456 154.146571 178.700358 256.000000 211.757127 58.714687 33.720707 64.000000 11.780300 58.401382 35.642218 256.000000 211.856085 26.462947 72.630391 0.000000 19.813105 25.329373 66.076705 256.000000 216.623277 9.250653 11.833258 64.000000 17.089609 10.334025 12.598653 256.000000 248.040278
40.556811 37.664125 64.000000 23.827356 45.506375 39.457124 256.000000 234.633626 58.444822 107.412560 0.000000 27.290884 72.155915 92.379602 256.000000 231.583139 45.831289 226.182782 0.000000 49.263854 43.465255 196.948031 256.000000 205.174271 148.444205 145.289075 0.000000 39.832730 154.195676 140.770429 256.000000 210.281362
146.594469 184.003395 0.000000 25.776397 144.065484 184.331687 256.000000 233.403105 24.282778 121.690191 0.000000 28.379422 19.602264 117.243742 256.000000 218.507781 14.700300 100.951720 64.000000 14.994282 19.043924 109.312164 256.000000 243.892649 57.415845 152.323236 0.000000 29.967052 57.303964 145.593122 256.000000 213.594303
110.987427 86.211798 0.000000 27.979288 107.569058 73.634915 256.000000 231.953156 76.906100 223.473953 0.000000 17.033677 81.351725 223.329244 256.000000 240.162364 29.262478 204.425760 0.000000 17.631727 32.984402 205.756916 256.000000 253.883100 15.313413 51.961855 64.000000 78.650066 18.620264 55.702796 256.000000 198.066508
73.062711 138.290604 0.000000 31.214783 73.222695 132.999991 256.000000 244.417556 178.058829 77.974862 64.000000 18.135122 168.864556 77.221022 256.000000 246.986161 65.918182 120.615969 0.000000 13.139896 65.741402 118.790269 256.000000 241.255204 70.432151 84.458938 64.000000 14.370417 71.337058 73.247193 256.000000 246.396715
47.737896 179.992589 64.000000 26.288397 52.527415 178.588125 256.000000 236.926869 135.388784 85.391753 0.000000 11.350048 142.696445 94.082167 256.000000 246.280547 70.758284 173.444356 0.000000 13.316299 151.137287 224.848138 256.000000 259.213922 104.147424 158.642073 64.000000 17.894181 105.577182 158.112356 256.000000 244.133590
73.251589 125.913316 0.000000 11.294115 73.610251 122.204698 256.000000 249.705353 46.831578 45.719949 64.000000 11.220972 42.747238 40.526605 256.000000 240.506565 165.641675 15.897291 64.000000 10.412098 166.636422 10.206518 256.000000 224.613057 140.562364 84.719956 0.000000 10.721880 145.847924 92.889665 256.000000 239.572919
9.484584 97.905080 64.000000 29.300161 13.292531 95.409595 256.000000 246.246127 68.890420 18.264289 0.000000 20.527323 65.687898 18.653804 256.000000 228.136820 146.562520 152.422600 64.000000 37.212495 144.198062 149.418115 256.000000 210.074842 132.442878 41.438422 64.000000 14.822181 134.209129 43.463771 256.000000 261.782527
150.369575 122.179767 64.000000 10.377678 152.552218 121.064765 256.000000 249.658026 101.694889 61.367400 64.000000 29.287254 96.478349 57.961256 256.000000 231.643374 142.456384 114.602956 0.000000 23.857473 148.095938 97.537513 256.000000 236.105088 140.460662 34.401173 64.000000 13.088266 140.896133 34.964665 256.000000 254.283235
54.965055 58.268042 0.000000 22.484970 93.410031 32.730662 256.000000 237.451776 30.256831 25.515425 0.000000 15.321274 25.947367 28.371718 256.000000 241.642431 57.632387 160.330416 0.000000 19.111794 57.006187 156.714769 256.000000 241.087406 94.357235 14.574693 64.000000 10.932703 92.307151 11.642522 256.000000 260.138964
43.383162 163.400987 64.000000 13.114081 41.871965 161.594111 256.000000 246.702194 77.259071 36.252785 0.000000 24.756700 79.858482 43.144155 256.000000 236.823608 22.302367 13.780002 64.000000 34.093168 21.065949 20.882975 256.000000 238.170297 118.668445 202.129833 0.000000 23.371289 118.867307 198.428758 256.000000 223.231948
61.478242 61.721951 64.000000 15.166383 58.795891 61.684858 256.000000 245.407136 58.053496 40.486815 64.000000 36.511185 29.940960 51.480869 256.000000 216.472689 140.516238 76.090400 0.000000 12.193342 142.077456 72.650993 256.000000 257.428377 75.008098 139.277693 0.000000 35.822782 61.855535 131.404798 256.000000 229.156518
27.331929 65.996562 64.000000 13.742249 23.773544 67.504200 256.000000 258.551334 157.966233 41.789145 0.000000 12.524636 157.920071 42.034105 256.000000 248.255404 187.516047 113.130964 0.000000 16.706685 188.188105 119.355173 256.000000 248.664143 108.269135 30.678375 64.000000 27.131691 115.198393 39.756293 256.000000 224.823880
80.180335 55.398258 0.000000 9.177275 78.581524 55.731649 256.000000 251.030529 90.350904 11.028051 0.000000 20.406852 85.184633 9.819584 256.000000 233.747307 155.531627 134.972767 0.000000 36.825269 148.151100 134.853240 256.000000 215.569160 49.014716 74.386191 0.000000 12.429980 42.592236 84.119576 256.000000 246.082631
82.643898 29.463705 64.000000 9.981846 82.203918 14.767780 256.000000 248.823337 72.270253 191.500533 64.000000 15.080333 71.314385 190.828155 256.000000 232.172584 26.627535 18.861747 0.000000 14.370417 31.750582 16.379738 256.000000 259.738830 45.588224 93.926962 0.000000 18.401878 43.714458 90.305822 256.000000 242.885859
111.492527 199.537553 0.000000 80.999242 112.847309 197.111404 256.000000 170.711086 97.505313 206.358736 0.000000 44.750511 89.411362 196.387076 256.000000 217.995781 19.035635 102.820644 64.000000 37.414714 16.591038 97.551607 256.000000 214.033160 4.966942 141.416887 0.000000 14.077845 1.257238 139.361949 256.000000 238.273558
132.916027 180.777280 0.000000 43.399519 122.606660 172.835555 256.000000 194.572862 140.194304 180.407896 64.000000 8.643763 140.747471 180.718395 256.000000 261.722292 1.084342 89.236000 0.000000 27.613573 21.978064 82.761682 256.000000 217.952756 110.796727 82.435969 0.000000 27.518918 106.904756 78.346173 256.000000 233.265424
131.229369 99.171653 0.000000 31.692362 124.735569 97.548769 256.000000 225.611241 175.351345 64.527758 0.000000 19.727054 174.838480 67.673760 256.000000 229.380249 48.252062 199.269482 64.000000 24.369473 36.802178 202.660624 256.000000 221.949797 60.730109 78.543518 0.000000 11.143527 63.801280 77.804675 256.000000 231.716517
93.408082 88.902727 64.000000 21.263054 94.408216 84.817849 256.000000 246.783942 24.195180 91.397847 0.000000 17.068097 27.868476 107.730669 256.000000 214.618303 31.811362 222.804000 0.000000 16.013979 34.245715 222.999044 256.000000 253.435638 97.354965 76.647569 64.000000 33.077774 102.223376 75.692107 256.000000 221.016150
120.652931 161.395182 64.000000 46.217670 109.899380 139.272835 256.000000 203.547919 92.490693 191.286667 0.000000 13.058148 114.015182 190.539340 256.000000 230.335408 147.500175 161.464844 0.000000 25.277305 147.454253 158.061136 256.000000 228.016350 125.519156 40.587600 64.000000 67.252690 126.723318 55.885340 256.000000 193.897366
39.304918 95.981740 0.000000 16.861576 30.724207 98.526136 256.000000 236.892449 90.386780 130.897556 64.000000 50.034005 92.475251 139.258216 256.000000 230.365526 47.033384 221.138976 64.000000 31.868766 49.608644 218.487205 256.000000 227.310737 60.684555 58.460573 64.000000 11.642619 61.158209 51.818402 256.000000 226.772922
147.366365 28.307665 64.000000 9.323561 134.817844 23.390409 256.000000 241.440212 122.535047 162.632760 0.000000 36.321874 120.550358 157.172467 256.000000 207.751481 147.993624 116.040238 0.000000 37.926714 140.706900 112.123869 256.000000 239.138364 147.272880 38.159198 64.000000 51.518374 149.551562 21.901984 256.000000 214.192353
119.029505 138.226840 64.000000 17.562887 118.002580 137.358964 256.000000 223.580452 70.304011 111.025769 64.000000 33.013236 42.623371 115.488373 256.000000 240.932515 58.373785 77.497036 0.000000 20.828499 53.697153 80.490620 256.000000 244.538027 163.437736 127.803005 0.000000 12.434283 162.399393 122.902498 256.000000 234.293727
5.021276 203.031544 0.000000 29.321674 16.870344 197.765195 256.000000 244.503607 72.238771 101.133478 64.000000 14.404837 75.927527 98.108040 256.000000 52.477836 58.202858 46.666562 64.000000 11.023056 56.071733 45.895847 256.000000 250.122698 123.165989 128.758367 0.000000 19.942180 119.408358 132.889098 256.000000 222.035847
26.070609 150.403436 0.000000 17.644635 22.786273 150.544596 256.000000 234.125928 131.540971 86.441609 0.000000 44.178275 109.987515 85.328582 256.000000 214.145025 100.227675 25.756709 64.000000 19.154819 97.630991 24.695044 256.000000 250.342126 76.838942 181.165769 64.000000 18.483626 75.656056 180.336693 256.000000 235.347844
29.068447 54.366605 64.000000 10.906888 30.122345 56.865356 256.000000 238.256348 63.849415 16.428629 64.000000 11.771695 65.285344 17.258493 256.000000 249.451505 43.324318 43.309385 0.000000 33.421975 40.050900 45.835367 256.000000 223.666502 91.476133 161.349276 0.000000 35.844294 85.764629 158.032751 256.000000 218.658369
109.952689 33.821436 0.000000 10.674552 108.853456 31.638195 256.000000 238.574734 36.392487 32.921362 0.000000 8.695393 39.870353 31.158355 256.000000 268.602021 132.424755 13.621927 64.000000 35.943252 142.069160 16.830816 256.000000 225.335880 11.357169 158.736756 64.000000 37.943924 11.785013 142.982613 256.000000 223.262065
99.180745 15.923224 0.000000 15.846181 92.159591 17.977493 256.000000 242.064078 55.942131 43.230262 64.000000 29.244228 61.755340 54.428833 256.000000 18.117912 82.763475 121.662993 64.000000 43.971754 79.117640 119.301962 256.000000 208.229060 105.071569 14.634342 64.000000 30.431724 108.495265 20.784867 256.000000 206.826439
