35.778347 169.806564 0.000000 24.851356 43.863322 170.468775 256.000000 226.833157 148.597149 59.613845 64.000000 11.750182 148.617985 56.966515 256.000000 256.305419 155.348516 72.619209 0.000000 68.302505 155.328738 72.865965 256.000000 184.169369 21.484733 35.989364 64.000000 30.853371 26.704800 35.424836 256.000000 217.664487
79.469556 116.580662 0.000000 15.273946 80.211518 115.131736 256.000000 266.790660 117.542498 174.683284 64.000000 17.851155 117.573660 173.861036 256.000000 235.455407 175.303536 11.550082 64.000000 12.481611 175.001291 3.088404 256.000000 230.636585 11.421742 95.545187 0.000000 12.907560 6.978993 95.032204 256.000000 245.381321
94.116909 22.092282 0.000000 85.968652 94.412160 24.000096 256.000000 167.798280 36.195558 138.182978 64.000000 52.873668 30.180204 108.928005 256.000000 213.189866 79.022662 131.582060 0.000000 22.226818 78.345040 128.328071 256.000000 216.063949 151.802473 88.875567 64.000000 28.422447 150.382198 86.795460 256.000000 213.052185
88.439415 91.243116 0.000000 17.136937 91.540305 85.807149 256.000000 240.308650 74.586067 104.770325 64.000000 54.577466 78.019969 104.089387 256.000000 226.656754 52.606580 130.216540 0.000000 12.645106 54.430220 128.848576 256.000000 255.092108 72.882442 94.234165 64.000000 15.910719 97.727387 91.469945 256.000000 240.876582
85.985198 106.362442 0.000000 24.304935 85.139358 102.937055 256.000000 229.427576 123.226035 80.912871 64.000000 20.191726 112.594496 97.330516 256.000000 253.285050 131.568742 81.351798 64.000000 14.891022 131.614380 87.796035 256.000000 234.672348 64.286815 50.635289 64.000000 16.052702 62.493636 52.732860 256.000000 243.436582
168.529113 91.601300 64.000000 13.053846 168.218013 90.800018 256.000000 251.903941 135.696373 116.789975 0.000000 27.419960 128.959089 123.292525 256.000000 205.780927 8.320491 47.894367 64.000000 12.666619 4.747907 49.654144 256.000000 254.696276 33.290473 60.444611 0.000000 14.004703 39.174289 62.977458 256.000000 249.756983
46.052729 118.608520 0.000000 15.678383 38.172271 119.564787 256.000000 226.544888 31.455138 206.806145 0.000000 24.799725 34.976915 205.374885 256.000000 235.429592 128.638389 69.605995 64.000000 80.607712 136.709815 77.394011 256.000000 173.830413 75.578382 88.042127 64.000000 25.191255 72.764747 92.560487 256.000000 249.227774
33.922991 27.599942 64.000000 25.225675 24.517049 36.471291 256.000000 233.579508 91.476133 161.349276 0.000000 35.844294 85.764629 158.032751 256.000000 218.658369 36.697475 76.571371 0.000000 46.772695 33.326629 75.521553 256.000000 216.291983 50.349764 117.879813 64.000000 23.612230 57.903593 115.000471 256.000000 244.791875
121.880149 176.596587 0.000000 14.138081 123.869029 175.964525 256.000000 251.955571 22.851545 50.075529 0.000000 43.735116 13.478780 44.748844 256.000000 185.296629 5.205269 66.485267 64.000000 10.042082 3.189556 63.327524 256.000000 243.914161 16.896853 117.744524 0.000000 11.401678 12.399158 117.862753 256.000000 250.884244
36.426589 71.039609 0.000000 19.395760 28.279618 74.466893 256.000000 238.897423 64.529318 124.844564 0.000000 10.102317 77.772925 131.697300 256.000000 244.951069 20.583493 70.354220 64.000000 13.299089 17.056438 69.830698 256.000000 251.856613 88.265982 131.198687 0.000000 13.040938 83.687658 135.297049 256.000000 238.888818
91.618011 96.077042 64.000000 41.368730 63.049875 83.136140 256.000000 195.975483 28.203442 39.138742 0.000000 20.445575 13.961553 42.309956 256.000000 230.791475 81.811805 129.247435 64.000000 12.675224 79.551275 133.135431 256.000000 244.658497 111.745724 31.557656 64.000000 9.465544 111.742745 32.154975 256.000000 261.804039
7.790649 12.633595 64.000000 14.865207 14.198675 9.394529 256.000000 235.756583 16.786573 58.129567 0.000000 19.085979 5.849565 58.308158 256.000000 236.315911 103.032411 57.848993 0.000000 15.347089 101.988296 59.277973 256.000000 232.947038 74.490836 168.381029 0.000000 12.176132 96.983411 164.893136 256.000000 207.695548
67.523829 61.390669 0.000000 9.512872 66.101738 61.937565 256.000000 243.587170 131.027647 169.788111 64.000000 54.297802 127.859631 168.259569 256.000000 202.661600 46.519009 48.315947 0.000000 27.131691 42.953356 62.271975 256.000000 224.582939 74.577342 154.326542 0.000000 8.850284 75.917804 154.666678 256.000000 243.187035
2.701676 129.711416 0.000000 33.671522 9.942500 118.365160 256.000000 229.354434 44.914367 155.007224 64.000000 12.055661 45.701784 154.986567 256.000000 241.694061 69.914229 223.583371 64.000000 29.282951 73.785609 221.487202 256.000000 239.689087 135.227167 25.662985 0.000000 39.522949 116.947284 35.087853 256.000000 216.309193
25.672889 38.700316 64.000000 14.482282 30.230127 31.554785 256.000000 245.833085 51.162758 0.610736 64.000000 12.490216 49.840502 1.288200 256.000000 233.084718 131.240740 83.606082 0.000000 21.086651 129.436236 84.686356 256.000000 240.695876 66.950535 217.729205 64.000000 19.864735 63.386671 219.008933 256.000000 239.039406
17.129778 56.386022 64.000000 8.979359 9.179476 50.325176 256.000000 253.108647 146.542284 144.357918 64.000000 18.354550 146.778833 143.178253 256.000000 246.074026 3.858224 27.327184 64.000000 14.779156 8.382967 23.625860 256.000000 234.625021 122.841618 56.583229 0.000000 26.606784 118.281218 45.986187 256.000000 242.795506
99.870884 142.082678 64.000000 15.962349 139.385895 235.262789 256.000000 230.051442 103.906342 0.936804 64.000000 52.159450 89.145633 39.366002 256.000000 212.669261 167.626524 73.014195 0.000000 33.357438 164.684542 67.915265 256.000000 226.377090 59.841618 20.034662 64.000000 29.343186 53.887813 20.854253 256.000000 235.167138
18.009453 152.442015 64.000000 25.582784 16.157931 149.460231 256.000000 231.845593 145.296136 157.815900 64.000000 21.628768 147.863720 160.246347 256.000000 248.651236 72.270253 191.500533 64.000000 15.080333 71.314385 190.828155 256.000000 232.172584 64.947909 193.769133 64.000000 9.185880 64.647456 193.718556 320.000000 254.102529
14.090802 56.578991 0.000000 11.535056 15.037084 57.992176 256.000000 259.429048 26.793016 228.415191 64.000000 35.895924 30.495076 226.003158 256.000000 222.513427 135.564816 60.733785 64.000000 50.485770 126.600527 61.435467 256.000000 220.349259 164.101411 93.101604 0.000000 31.718177 133.859329 96.997445 256.000000 222.238066
28.310162 230.440775 0.000000 45.744393 29.945107 225.035724 256.000000 218.559411 170.281976 118.606555 64.000000 40.168327 165.353196 116.893511 256.000000 208.470002 95.929687 213.893804 64.000000 25.879658 80.842533 225.604453 256.000000 213.207076 26.253964 21.813622 0.000000 25.961406 27.902885 25.961371 256.000000 224.032216
141.061316 74.974935 64.000000 14.013308 169.625020 88.290347 256.000000 228.364854 14.852133 105.945835 0.000000 20.914550 28.529904 97.159033 256.000000 231.824080 94.667820 102.690209 64.000000 33.671522 95.388856 90.139018 256.000000 227.938905 38.738609 10.988891 64.000000 14.331694 40.498031 11.968520 256.000000 229.814803
151.705800 11.905265 0.000000 23.194885 150.335380 15.406575 256.000000 245.222127 132.621142 47.638173 64.000000 12.193342 132.793142 48.535264 256.000000 246.607539 40.807118 137.074545 0.000000 29.158178 38.125115 131.977849 256.000000 230.477391 154.653144 98.069504 0.000000 27.239254 145.645758 96.071140 256.000000 218.473361
94.653415 35.642247 0.000000 9.082620 123.034724 23.979405 256.000000 244.073355 25.823909 87.685482 0.000000 12.176132 29.892762 87.371789 256.000000 223.141595 30.973882 5.381245 0.000000 15.781643 35.100095 4.878649 256.000000 237.043037 130.875251 17.905333 64.000000 22.596835 130.069482 18.780515 256.000000 229.862131
139.238309 175.074536 64.000000 33.189639 134.848182 175.626096 256.000000 228.016350 58.780771 46.411242 0.000000 10.459426 62.190153 41.068938 256.000000 243.742061 93.356744 85.838062 64.000000 15.742921 91.269049 87.936707 256.000000 225.503678 38.980758 157.954495 64.000000 39.449806 39.166742 153.083765 256.000000 215.771378
122.913582 62.388816 0.000000 16.401206 123.580084 59.200880 256.000000 218.215209 93.795107 199.928233 64.000000 25.109507 83.412109 202.157756 256.000000 32.187152 49.425802 35.719075 64.000000 17.963021 46.692842 36.595858 256.000000 248.177959 23.352513 102.057207 64.000000 17.941508 26.549416 100.385138 256.000000 242.838531
30.601027 64.010555 0.000000 24.128532 25.637467 51.931947 256.000000 234.074298 6.854051 201.030160 0.000000 9.835561 7.654138 200.552518 256.000000 243.694733 104.449642 160.840587 64.000000 11.935190 106.281931 159.681196 320.000000 246.818362 21.791989 75.227451 0.000000 15.566517 26.627236 78.584315 256.000000 245.712615
22.667435 74.932415 0.000000 18.888063 27.659396 76.015916 256.000000 210.212522 133.756925 68.398456 64.000000 17.339156 133.293251 69.241476 256.000000 240.799137 84.035451 70.293936 64.000000 17.709172 82.737115 69.356382 256.000000 217.931243 47.923200 147.186665 0.000000 20.178819 78.240236 157.326622 256.000000 249.498832
39.090456 122.459375 0.000000 22.274146 44.244333 116.993493 256.000000 251.516714 141.277691 73.545915 0.000000 17.020769 143.946927 69.409100 256.000000 229.337224 131.513282 59.005907 64.000000 9.753813 131.716716 59.707889 256.000000 236.406264 59.812391 80.055664 64.000000 16.069912 56.701885 77.541724 256.000000 249.576278
2.895782 173.840875 0.000000 39.970411 2.415033 170.281002 256.000000 213.185563 91.301173 86.562120 64.000000 26.925170 12.670382 85.198067 256.000000 218.172184 75.008098 139.277693 0.000000 35.822782 61.855535 131.404798 256.000000 229.156518 15.517616 153.336365 64.000000 17.412298 4.977609 154.664753 256.000000 243.690430
36.127033 232.691675 64.000000 23.685373 44.791056 230.726385 256.000000 258.456679 110.636747 149.719025 0.000000 27.919052 98.778967 144.314042 256.000000 224.471073 181.322598 52.368896 64.000000 33.043354 179.919560 52.637936 256.000000 204.700994 63.086496 102.322907 0.000000 91.630768 64.676442 101.286049 256.000000 159.937576
79.489549 124.826296 64.000000 17.623122 78.620104 123.338245 256.000000 233.123441 131.133447 30.647740 64.000000 12.240669 133.877187 34.384493 256.000000 242.455607 56.567838 196.509396 0.000000 55.760659 55.231724 194.388965 256.000000 199.731583 26.160082 12.604222 0.000000 17.489744 26.953836 12.920315 256.000000 225.374603
97.354965 76.647569 64.000000 33.077774 102.223376 75.692107 256.000000 221.016150 49.780922 40.245220 64.000000 54.990508 62.544525 52.060309 256.000000 213.495345 79.087798 151.677976 64.000000 41.058948 66.296780 148.088411 256.000000 206.060590 57.835878 184.764602 64.000000 8.665275 55.818347 187.807615 256.000000 245.037119
