24.025065 138.670669 0.000000 13.815392 8.837680 150.414669 256.000000 241.999540 43.383265 120.411653 0.000000 11.410283 47.831362 132.017058 256.000000 261.425418 107.826658 49.240525 0.000000 21.086651 103.235115 53.739053 256.000000 234.005458 18.338807 183.024289 0.000000 26.413170 21.886427 181.749320 256.000000 230.696820
75.065669 73.987202 64.000000 13.148501 76.383904 71.513509 256.000000 254.618831 85.885245 103.005378 64.000000 15.540702 88.346680 99.598531 256.000000 245.704010 3.400516 120.934451 0.000000 24.330751 5.061380 120.660231 256.000000 238.854398 41.867091 90.432611 0.000000 18.900970 53.292344 97.276129 256.000000 233.820449
114.644173 195.086160 0.000000 9.999056 118.646240 195.334407 256.000000 236.173928 59.478576 86.928327 0.000000 31.959119 48.646847 86.509744 256.000000 229.272686 108.452836 49.837415 64.000000 17.184265 109.023736 51.765467 256.000000 267.887803 114.899218 39.595875 0.000000 17.864063 111.727769 34.528125 256.000000 237.925053
25.288271 88.044671 64.000000 43.300561 32.465227 79.979704 256.000000 206.684456 146.404731 78.182707 0.000000 10.222788 148.831656 82.190160 256.000000 228.511140 183.212531 99.909835 0.000000 17.438114 189.160625 89.402245 256.000000 220.491242 146.444667 37.685045 64.000000 38.851756 106.277769 39.989149 256.000000 195.583954
91.071400 93.339320 64.000000 14.968467 91.139722 91.120409 256.000000 240.140851 70.304011 111.025769 64.000000 33.013236 42.623371 115.488373 256.000000 240.932515 26.098249 156.443296 64.000000 21.727726 27.913878 157.807282 256.000000 230.899038 106.500104 13.520082 64.000000 10.278720 115.499509 4.555662 256.000000 237.886331
35.886185 179.490585 64.000000 12.034148 35.315335 178.429455 256.000000 231.505694 31.521409 76.369736 64.000000 15.992467 33.104307 80.159671 256.000000 253.741117 42.548493 75.733609 0.000000 9.650552 46.900813 48.657265 256.000000 240.011776 85.808625 134.040855 0.000000 9.000872 86.307085 133.054605 256.000000 259.880813
93.438420 50.090544 64.000000 14.817879 93.646816 43.526962 256.000000 245.699707 51.162758 0.610736 64.000000 12.490216 49.840502 1.288200 256.000000 233.084718 16.718587 59.277605 0.000000 20.905945 6.692265 65.552684 256.000000 228.700451 31.076109 68.769667 0.000000 13.492703 27.947725 70.860773 256.000000 248.857757
103.674711 36.950640 0.000000 21.542718 99.366295 37.973304 256.000000 236.789188 97.825793 170.093336 0.000000 10.459426 224.307900 225.397573 256.000000 251.589857 13.291520 77.492585 0.000000 15.773038 15.412796 75.082600 256.000000 230.929156 69.608513 139.944938 0.000000 23.160465 62.413695 142.583749 256.000000 215.702538
118.865211 28.761565 64.000000 27.299489 110.616838 27.917971 256.000000 240.562498 170.489527 69.569338 0.000000 32.221572 166.560180 74.591991 256.000000 220.289024 151.391944 36.772813 0.000000 16.048400 151.930191 41.185549 256.000000 243.514027 32.475382 6.541356 64.000000 9.302048 29.503955 3.167431 256.000000 244.688615
83.093869 91.705909 64.000000 18.660029 82.185573 91.448764 256.000000 227.039678 75.342238 149.479293 64.000000 11.165039 76.686276 148.235775 256.000000 234.491643 114.050225 138.351149 64.000000 23.483154 115.022115 135.786033 256.000000 254.993150 50.267040 9.643025 0.000000 20.699424 63.765180 8.912740 256.000000 240.222599
26.864447 56.054575 0.000000 21.861104 38.404309 35.697082 256.000000 229.139308 138.180147 146.572015 64.000000 31.270715 134.197495 147.151211 256.000000 216.253260 63.314353 129.041467 64.000000 33.921068 71.427120 130.157224 256.000000 211.258035 109.172162 159.792815 64.000000 8.609343 129.238095 166.355227 256.000000 238.768347
3.177293 18.759402 64.000000 23.465944 9.577495 21.976011 256.000000 224.268855 3.970445 113.541895 0.000000 12.713947 3.927513 112.179229 256.000000 244.576749 133.659033 94.166764 64.000000 56.599651 119.005035 115.297727 256.000000 194.241568 121.953300 110.042387 64.000000 11.109107 124.862451 107.788007 256.000000 269.608811
17.149898 17.441598 0.000000 43.593133 15.685915 18.975369 256.000000 209.868321 33.205169 192.485147 64.000000 23.526179 31.253951 190.350936 256.000000 236.789188 34.453484 82.291742 0.000000 15.226618 29.613811 84.743878 256.000000 236.311608 75.149773 150.736220 64.000000 45.933704 74.603380 143.938525 256.000000 220.332049
79.770724 217.950949 0.000000 20.763962 85.337900 215.953082 256.000000 241.276717 57.835878 184.764602 64.000000 8.665275 55.818347 187.807615 256.000000 245.037119 62.175969 122.179042 0.000000 8.751326 66.542633 136.104905 256.000000 234.026970 60.209084 31.869476 64.000000 14.985677 72.648447 29.985807 256.000000 243.083775
34.344556 177.771985 64.000000 42.216326 28.940898 177.457331 256.000000 214.588185 49.921345 75.505645 0.000000 10.386283 47.683880 77.378364 256.000000 243.032145 19.256665 20.994462 64.000000 14.047728 23.530936 19.781402 320.000000 243.367741 13.813731 137.332780 64.000000 38.240798 37.607516 110.726745 256.000000 202.988591
31.460062 39.047487 64.000000 32.337740 31.038407 48.263547 256.000000 226.433023 172.700120 105.203080 64.000000 17.618819 173.383487 111.564767 256.000000 251.576949 124.808764 110.281867 0.000000 38.950714 115.917667 110.748651 256.000000 235.623205 29.956080 122.066191 0.000000 12.868837 32.562662 120.896256 256.000000 247.476648
131.511256 95.366715 64.000000 46.574779 135.294275 94.324384 256.000000 218.004386 51.711527 53.298933 64.000000 13.574451 52.733547 57.017896 256.000000 219.256419 52.253673 218.870271 0.000000 36.240126 39.232549 210.818764 256.000000 226.837459 63.031642 191.715509 64.000000 25.819423 46.462198 196.692745 256.000000 224.574334
48.990553 11.651075 64.000000 16.267828 47.664445 12.576215 256.000000 244.495002 15.452033 95.977913 64.000000 9.504267 14.754636 101.175480 256.000000 232.878198 105.860751 90.166991 64.000000 20.574651 103.199769 85.817289 256.000000 230.012719 20.501624 207.123064 0.000000 13.350720 23.276420 197.984784 256.000000 241.225086
48.127987 124.251355 64.000000 29.080733 63.843180 127.881425 256.000000 212.720891 108.507429 216.244851 0.000000 10.291628 106.661011 218.322564 256.000000 239.942935 68.771984 151.948189 64.000000 27.234952 65.926095 148.043449 256.000000 234.758399 71.321093 45.964907 0.000000 11.935190 67.544124 38.777178 256.000000 255.023268
158.953651 47.576444 64.000000 78.921124 155.685420 47.329093 256.000000 183.141066 13.024358 80.982916 64.000000 24.498549 12.151293 77.039136 256.000000 222.053057 107.868685 160.927658 64.000000 40.904058 102.078180 158.922391 256.000000 225.030401 16.590156 27.671845 64.000000 13.243157 9.357991 26.881149 256.000000 249.421387
74.327664 71.262573 0.000000 46.320930 71.395198 72.102933 256.000000 214.377362 80.368753 80.796496 0.000000 9.052502 86.351784 80.322413 256.000000 247.795034 89.461985 209.755156 0.000000 28.499892 86.891244 203.354164 256.000000 247.911202 48.607022 190.166471 64.000000 15.084635 44.677344 189.900267 256.000000 222.160620
29.239680 149.739835 64.000000 12.821510 33.341464 150.186856 256.000000 257.191738 184.279813 124.049638 0.000000 40.443688 180.430545 115.849658 256.000000 204.145969 25.125196 95.443209 0.000000 9.573107 21.740880 93.200420 256.000000 244.615472 48.137982 105.288596 0.000000 18.027559 44.245367 101.207942 256.000000 225.464956
52.606580 130.216540 0.000000 12.645106 54.430220 128.848576 256.000000 255.092108 140.734818 86.341296 0.000000 17.201475 139.336578 90.106462 256.000000 251.495202 78.886762 117.724633 64.000000 12.227762 74.266924 122.461447 256.000000 244.077657 25.258995 96.375720 0.000000 10.829443 23.884538 92.926949 256.000000 245.463069
46.894709 99.521938 0.000000 10.205577 44.141733 101.486815 256.000000 253.607739 56.872687 141.665075 0.000000 39.652024 54.075995 129.489362 256.000000 221.033360 76.791427 74.122149 0.000000 37.074815 74.646985 80.433176 256.000000 233.760214 57.986169 70.435680 0.000000 20.583256 68.104260 59.362458 256.000000 239.013591
41.547425 85.556391 64.000000 13.514215 38.849747 87.243618 256.000000 236.853726 45.831289 226.182782 0.000000 49.263854 43.465255 196.948031 256.000000 205.174271 12.484849 59.108718 64.000000 20.918852 15.814996 57.915140 256.000000 239.284650 132.915722 163.544320 64.000000 9.000872 133.550667 162.402296 256.000000 259.480679
93.356744 85.838062 64.000000 15.742921 91.269049 87.936707 256.000000 225.503678 130.506791 127.606509 64.000000 26.064666 129.787873 126.545849 256.000000 245.949253 47.657336 37.843978 0.000000 11.612501 45.787087 38.885891 256.000000 247.149656 53.973185 170.981429 64.000000 23.556297 69.816095 171.340127 256.000000 238.277860
15.139136 9.200715 64.000000 9.099830 16.455402 9.461293 256.000000 236.608482 165.641675 15.897291 64.000000 10.412098 166.636422 10.206518 256.000000 224.613057 16.064929 98.631024 0.000000 26.834817 17.581584 95.331318 256.000000 216.687815 147.290587 146.193787 0.000000 23.431524 154.603685 161.775776 256.000000 242.386767
61.478242 61.721951 64.000000 15.166383 58.795891 61.684858 256.000000 245.407136 19.706342 165.206973 64.000000 26.533641 15.966849 161.911420 256.000000 232.508181 116.901824 55.167865 64.000000 18.948298 128.195413 77.873984 256.000000 246.999068 178.441715 38.285291 64.000000 11.681342 193.660116 47.709729 256.000000 243.105288
2.952198 191.266567 64.000000 9.878586 9.291698 206.502578 256.000000 242.313624 77.762618 145.790369 64.000000 35.654983 96.157613 103.171665 256.000000 198.604323 65.223040 58.899631 0.000000 35.039723 57.230173 57.425175 256.000000 217.359008 50.153591 84.448087 0.000000 13.759459 46.883793 84.825035 256.000000 257.282091
172.779940 31.047020 0.000000 38.847453 149.731725 12.036831 256.000000 225.262737 179.304738 43.537873 64.000000 22.928129 179.420475 33.922804 256.000000 223.898838 118.763305 108.955202 64.000000 38.443016 104.512107 107.952105 256.000000 203.608154 166.202660 71.847038 64.000000 16.775525 166.689165 75.093273 256.000000 246.882900
119.615129 0.871302 64.000000 19.993810 116.690051 -0.000004 256.000000 220.306234 184.485104 22.577491 0.000000 8.729813 246.110587 47.141845 256.000000 250.858429 116.734149 86.541982 0.000000 18.888063 115.059240 90.344104 256.000000 237.697020 94.309195 185.275762 64.000000 15.385812 94.662751 185.015647 256.000000 252.691302
26.881496 170.209958 64.000000 18.668634 27.413098 167.638395 256.000000 233.734399 151.442293 107.671864 64.000000 25.552666 150.375382 108.788444 256.000000 232.340383 181.322598 52.368896 64.000000 33.043354 179.919560 52.637936 256.000000 204.700994 91.709065 69.476822 64.000000 10.863863 90.823562 68.257062 256.000000 248.672748
