85.856175 89.203447 64.000000 25.526851 82.553251 91.437209 256.000000 236.010432 116.169195 31.991422 0.000000 23.676768 117.336875 36.883958 256.000000 230.498904 73.071093 179.538155 64.000000 31.696665 77.068580 184.090500 256.000000 231.888618 13.265045 39.016956 0.000000 23.134650 16.421145 41.516256 256.000000 236.896751
44.405127 58.302631 64.000000 12.068569 46.370195 61.319327 256.000000 248.939505 69.284942 6.394956 0.000000 12.929073 73.371398 7.673642 256.000000 232.998668 36.183893 111.894235 64.000000 25.367658 31.793655 109.080153 256.000000 226.867577 91.476133 161.349276 0.000000 35.844294 85.764629 158.032751 256.000000 218.658369
95.044875 213.140416 64.000000 13.015123 87.753533 222.686820 256.000000 250.182933 20.740631 54.454364 64.000000 14.895324 23.587220 53.190880 256.000000 253.620646 49.611911 134.480593 0.000000 18.956903 46.229509 132.916825 256.000000 238.531709 165.719918 87.681795 0.000000 12.210552 171.576831 98.650355 256.000000 243.191338
152.094071 105.263680 64.000000 18.100702 151.206073 105.905960 256.000000 231.096954 15.325745 54.599267 0.000000 16.607727 16.104395 57.975176 256.000000 229.410366 90.939815 86.055513 0.000000 33.301505 67.297256 54.930335 256.000000 201.366541 121.687253 144.548058 64.000000 45.778813 121.218380 138.053460 256.000000 213.168353
156.140636 97.274996 0.000000 24.709372 154.839058 99.725629 256.000000 228.446602 39.762093 36.088331 0.000000 10.777813 41.876635 37.553860 256.000000 257.346629 98.324007 109.864767 0.000000 9.310653 127.810304 128.243756 256.000000 260.969351 174.894760 75.232791 64.000000 8.919124 181.177320 66.248387 256.000000 242.132918
73.115662 177.791065 64.000000 35.478580 113.752104 141.925847 256.000000 213.516858 93.769435 43.266522 0.000000 46.028359 65.008236 48.115425 256.000000 232.955643 33.015522 41.874109 64.000000 21.035020 32.117800 44.377793 256.000000 245.652379 44.093327 1.906653 0.000000 18.487928 48.202262 1.155587 256.000000 254.029386
159.475629 62.099385 0.000000 12.391258 189.379187 45.749211 256.000000 231.548719 147.246287 126.182320 64.000000 10.029174 147.451842 126.555060 256.000000 239.263137 46.650915 226.942393 0.000000 15.863391 51.632902 227.552911 256.000000 238.437053 45.119973 83.292022 0.000000 10.472334 45.390269 81.160973 256.000000 272.840003
81.532856 157.029420 64.000000 36.227218 58.154502 151.748836 256.000000 216.141395 101.719409 23.537553 64.000000 15.557912 100.411595 21.564780 256.000000 260.199200 88.437036 23.932658 0.000000 13.832602 89.975596 25.366416 256.000000 241.861859 48.174678 8.846322 64.000000 63.526708 49.060993 7.247215 256.000000 181.617974
66.950535 217.729205 64.000000 19.864735 63.386671 219.008933 256.000000 239.039406 90.028933 86.139129 0.000000 8.712603 90.394191 86.657938 256.000000 251.301588 69.932511 41.632251 64.000000 18.298618 73.251469 45.407082 256.000000 240.300045 168.240135 11.302418 0.000000 41.906545 157.115229 6.542258 256.000000 206.370372
103.068551 190.441102 64.000000 22.747423 92.310358 208.247235 256.000000 229.724450 60.288956 46.268758 64.000000 27.579153 96.437015 52.291064 256.000000 227.358064 19.252420 134.098738 64.000000 15.545005 8.807758 139.724531 256.000000 241.534868 103.032411 57.848993 0.000000 15.347089 101.988296 59.277973 256.000000 232.947038
58.373785 77.497036 0.000000 20.828499 53.697153 80.490620 256.000000 244.538027 142.328973 114.009949 0.000000 9.740905 148.152027 109.648893 256.000000 260.698292 33.884593 99.436165 0.000000 9.667762 35.840022 97.529395 256.000000 248.874967 28.424735 113.891418 0.000000 18.156634 24.725631 112.322067 256.000000 248.139236
48.451271 62.107658 64.000000 22.265541 42.227267 60.676765 256.000000 236.376146 7.657787 146.166144 0.000000 26.520733 5.554765 142.049376 256.000000 237.232348 9.264344 178.469880 0.000000 18.754685 5.300609 175.881178 256.000000 228.050770 54.057385 129.659835 64.000000 11.027359 52.982258 129.559938 256.000000 249.451505
155.521615 37.703571 0.000000 13.965980 163.280215 46.213355 256.000000 249.038463 35.345242 30.536282 64.000000 28.723624 35.489909 35.892005 256.000000 211.369900 110.987427 86.211798 0.000000 27.979288 107.569058 73.634915 256.000000 231.953156 115.216925 89.329218 64.000000 9.104132 120.745680 85.800013 256.000000 252.880613
63.743193 73.737345 64.000000 12.034148 61.895215 74.265200 256.000000 239.344885 79.870527 175.644660 64.000000 33.043354 88.389307 173.444984 256.000000 226.316855 1.233144 119.627404 0.000000 42.100158 7.022495 115.315484 256.000000 208.788388 103.755598 46.055100 0.000000 34.493303 98.749391 50.232645 256.000000 227.108518
141.277691 73.545915 0.000000 17.020769 143.946927 69.409100 256.000000 229.337224 50.043402 56.961847 64.000000 28.396632 43.099835 53.450655 256.000000 225.525191 53.801198 162.290158 0.000000 27.364027 49.744245 153.071369 256.000000 207.144825 18.837535 24.747693 64.000000 10.214182 14.520191 22.318515 256.000000 241.268112
137.368495 43.392511 0.000000 22.893709 138.365158 47.399511 256.000000 223.610569 115.935044 106.047860 0.000000 10.119527 114.212253 112.037613 256.000000 241.513355 1.583180 74.269195 64.000000 21.275961 20.620696 82.690951 256.000000 226.248014 38.254004 38.731680 0.000000 10.308838 31.402918 33.975369 256.000000 253.642159
3.159260 120.385887 0.000000 10.270115 4.538987 123.523689 256.000000 244.895136 24.642498 12.323085 0.000000 22.635558 31.728138 13.537602 256.000000 240.678666 99.186547 201.844549 0.000000 24.352263 99.869831 199.700635 256.000000 243.234363 94.723938 119.518218 0.000000 43.653368 82.232989 132.856856 256.000000 208.478607
19.706342 165.206973 64.000000 26.533641 15.966849 161.911420 256.000000 232.508181 49.867045 72.522993 64.000000 16.560399 52.914371 68.374784 256.000000 231.927341 78.688636 209.415004 0.000000 25.759187 73.828622 205.086965 256.000000 225.744619 100.520978 195.631129 64.000000 16.323761 98.756440 196.658058 256.000000 244.658497
21.185689 133.830636 64.000000 30.827556 29.023255 125.734742 256.000000 217.883915 101.392753 13.857004 0.000000 19.511928 108.434198 21.176429 256.000000 229.363039 147.384633 183.011729 64.000000 41.003016 101.998853 117.513596 256.000000 189.155989 152.579013 60.908165 64.000000 35.164496 146.175858 63.428571 256.000000 220.474032
140.460662 34.401173 64.000000 13.088266 140.896133 34.964665 256.000000 254.283235 74.284711 169.308493 0.000000 23.431524 71.546975 167.965365 256.000000 234.668046 16.333580 59.693760 64.000000 11.066081 18.148891 62.566540 256.000000 234.405592 37.034860 29.058287 64.000000 17.386483 38.017929 31.147805 256.000000 223.339511
85.896895 32.699375 0.000000 14.335997 94.612844 46.565147 256.000000 234.732584 159.622700 40.634956 64.000000 19.623794 159.394805 40.847284 256.000000 248.999740 58.714687 33.720707 64.000000 11.780300 58.401382 35.642218 256.000000 211.856085 113.603618 169.582007 64.000000 22.183793 112.495885 167.659676 256.000000 247.356177
170.450138 52.688422 0.000000 13.574451 170.942491 52.354720 256.000000 247.261522 173.985500 141.017144 0.000000 10.657342 180.057058 136.199664 256.000000 241.861859 6.121129 50.540804 64.000000 24.386683 4.619609 37.717415 256.000000 253.013991 163.990195 16.540198 64.000000 20.286382 167.306560 26.790215 256.000000 236.608482
31.331076 199.680395 64.000000 20.953272 30.419884 197.903995 256.000000 222.513427 141.484129 59.406167 0.000000 8.669578 149.081049 63.577829 256.000000 252.239538 118.427195 143.747207 64.000000 43.816864 111.607353 141.160785 256.000000 203.276860 30.423956 11.874464 0.000000 22.876499 30.590880 15.805967 256.000000 260.655267
140.562364 84.719956 0.000000 10.721880 145.847924 92.889665 256.000000 239.572919 13.291520 77.492585 0.000000 15.773038 15.412796 75.082600 256.000000 230.929156 136.441284 23.169393 0.000000 91.080046 130.696847 27.582215 256.000000 168.232835 80.180335 55.398258 0.000000 9.177275 78.581524 55.731649 256.000000 251.030529
107.826658 49.240525 0.000000 21.086651 103.235115 53.739053 256.000000 234.005458 22.016113 95.993664 64.000000 18.049071 26.542911 95.793658 256.000000 238.170297 66.747329 138.622520 64.000000 40.125302 73.366047 150.043260 256.000000 212.991950 22.667435 74.932415 0.000000 18.888063 27.659396 76.015916 256.000000 210.212522
49.252427 32.985456 64.000000 17.244500 37.223675 29.402809 256.000000 236.509524 175.323685 111.663289 64.000000 13.578753 182.135367 105.025462 256.000000 242.877254 57.912033 139.387105 0.000000 21.448062 67.389184 129.254851 256.000000 229.918064 43.838033 58.717905 64.000000 18.010349 44.789135 46.405373 256.000000 226.923510
84.981818 25.383867 64.000000 41.489200 93.577064 51.111898 256.000000 222.324116 14.045885 184.637504 64.000000 39.183050 12.424127 178.620307 256.000000 222.238066 79.395465 119.694622 0.000000 11.539359 79.161347 119.904685 256.000000 255.900982 77.762618 145.790369 64.000000 35.654983 96.157613 103.171665 256.000000 198.604323
109.575876 19.426349 64.000000 11.522149 108.179529 16.076033 256.000000 253.508781 95.115367 96.375140 64.000000 16.134450 101.549136 90.896447 256.000000 239.073826 179.304738 43.537873 64.000000 22.928129 179.420475 33.922804 256.000000 223.898838 172.896900 89.484569 64.000000 13.570148 175.293160 83.119973 320.000000 234.771306
161.686467 80.874689 0.000000 30.698480 169.642727 76.135938 256.000000 223.180317 10.676987 88.213555 64.000000 44.604225 17.375604 80.148707 256.000000 227.142938 28.667565 216.175722 0.000000 30.603825 23.655191 218.328396 256.000000 214.996924 57.596967 26.205858 64.000000 10.493846 55.812840 22.991004 256.000000 248.956715
182.054687 100.129787 64.000000 39.781100 116.746145 65.961356 256.000000 220.095411 53.777518 44.234824 64.000000 9.994754 52.626722 44.290685 256.000000 252.084647 93.082513 66.563940 64.000000 27.906145 95.025660 70.839235 256.000000 221.627108 21.024187 192.143004 64.000000 29.123758 15.268413 190.704620 256.000000 236.948381
46.902838 93.312545 0.000000 23.586415 46.065838 85.776809 256.000000 243.591472 174.198398 35.695847 0.000000 9.469847 175.382056 32.866160 256.000000 245.019909 42.434689 107.855144 64.000000 11.801812 45.300769 108.390224 256.000000 252.674092 104.775002 99.918696 64.000000 28.973170 100.961689 96.864324 256.000000 231.432551
49.459344 201.804356 64.000000 11.173644 45.796444 203.579418 256.000000 241.246599 56.470044 56.806998 64.000000 9.164368 56.512636 58.554900 256.000000 237.722835 108.938509 133.369435 0.000000 25.879658 97.929782 137.753709 256.000000 215.203445 129.389435 79.868800 0.000000 18.259895 129.046084 86.194867 256.000000 230.481694
