21.937913 -0.000004 0.000000 14.194013 16.653593 0.043845 256.000000 232.753424 92.678140 121.839024 0.000000 26.314212 92.213302 116.312642 256.000000 233.351475 107.981827 157.480871 0.000000 23.237911 107.476584 152.200029 256.000000 234.689558 42.990698 68.049175 64.000000 15.958047 39.475462 70.606084 256.000000 250.286193
158.317913 63.045402 64.000000 15.114753 158.071907 62.875995 256.000000 254.584411 106.875553 18.551487 0.000000 22.502180 108.435431 23.815624 256.000000 221.080688 121.523498 163.905013 0.000000 17.476836 120.927553 163.397544 256.000000 234.741189 97.214907 118.392118 0.000000 28.108363 98.051027 114.005069 256.000000 212.247614
137.268584 15.051349 64.000000 21.099558 134.575720 14.226598 256.000000 235.760886 53.122098 161.323955 0.000000 25.741977 53.728940 164.495255 256.000000 234.560483 39.971284 178.184240 0.000000 34.342715 114.526695 104.304522 256.000000 200.648020 118.593547 84.944075 64.000000 9.035292 117.103122 84.730100 256.000000 258.323301
15.325745 54.599267 0.000000 16.607727 16.104395 57.975176 256.000000 229.410366 15.328124 91.622364 0.000000 11.780300 18.447360 91.602898 256.000000 241.311137 9.149860 87.675865 64.000000 20.131491 12.331047 86.876873 256.000000 229.832013 99.229991 206.418760 0.000000 54.616189 84.117907 202.048698 256.000000 180.649907
165.275338 63.736209 64.000000 30.216598 164.019822 65.284109 256.000000 215.582067 34.472147 61.112440 64.000000 20.665004 22.999487 67.842980 256.000000 221.304419 22.700373 50.045440 0.000000 10.399191 20.100607 53.185304 256.000000 219.604923 63.032120 138.717289 0.000000 18.935391 54.930244 147.083993 256.000000 244.809085
93.174325 147.782327 0.000000 11.066081 102.138087 147.492735 256.000000 247.115236 170.873224 72.239276 0.000000 30.973841 170.252569 63.873482 256.000000 216.360823 46.695131 22.464902 0.000000 23.990852 32.772991 29.688725 256.000000 252.093252 9.004029 65.018544 0.000000 21.641676 11.981649 54.025704 256.000000 231.664887
20.986631 82.386787 64.000000 11.474821 19.080433 80.518693 256.000000 249.929084 6.239802 53.172285 64.000000 35.913134 124.684022 49.834662 256.000000 224.970166 124.736273 99.645225 0.000000 8.785746 145.680918 101.369289 256.000000 256.021453 65.223040 58.899631 0.000000 35.039723 57.230173 57.425175 256.000000 217.359008
52.346904 132.246356 0.000000 20.948970 60.052349 128.208524 256.000000 247.321757 45.804642 150.757478 0.000000 47.822510 27.596793 121.606171 256.000000 205.789532 58.567322 87.668222 0.000000 21.770751 52.500033 89.371300 256.000000 237.598062 18.289625 162.241207 64.000000 29.958447 49.035282 156.739616 256.000000 216.373731
72.590818 166.390344 0.000000 12.881745 71.052045 166.887513 256.000000 245.428648 120.886653 25.189740 0.000000 24.016667 130.826069 32.251265 256.000000 240.781927 47.124589 10.764462 0.000000 17.364971 56.820447 16.095051 256.000000 232.757727 154.697218 33.937091 64.000000 42.487385 145.230496 37.444760 256.000000 227.818434
111.581669 146.014815 0.000000 51.045097 106.470185 143.044705 256.000000 226.045796 33.015522 41.874109 64.000000 21.035020 32.117800 44.377793 256.000000 245.652379 49.969625 179.041080 0.000000 15.626753 49.405216 177.409455 256.000000 236.225558 75.568415 138.576705 64.000000 26.770279 79.276976 134.921578 256.000000 243.466699
163.349582 68.993985 0.000000 23.616532 163.795302 72.958098 256.000000 230.787173 127.641767 161.080665 0.000000 29.704598 127.685655 158.390493 256.000000 245.157590 72.942876 174.510153 64.000000 8.678183 72.935331 175.652227 256.000000 243.307506 67.758640 82.435720 64.000000 31.090010 56.862264 72.994607 256.000000 233.437525
81.137104 97.780907 0.000000 9.504267 88.928820 94.092995 256.000000 255.238394 85.351931 103.371545 64.000000 32.178547 82.915269 98.333304 256.000000 227.194569 49.227076 7.000147 64.000000 20.097071 49.274504 7.262571 256.000000 255.599806 165.479765 29.813153 0.000000 8.914821 166.030249 26.809551 256.000000 231.716517
131.229369 99.171653 0.000000 31.692362 124.735569 97.548769 256.000000 225.611241 111.538225 49.414282 64.000000 11.315628 116.882809 42.972840 256.000000 248.354362 106.227833 199.847202 0.000000 9.594620 111.299551 200.618505 256.000000 240.321557 94.214467 218.486658 64.000000 10.855258 92.502009 219.813825 256.000000 243.049355
119.767975 187.331020 64.000000 22.833474 113.900707 193.559456 256.000000 236.591272 25.546158 87.999747 64.000000 17.360668 28.325422 90.837595 256.000000 261.782527 57.429002 47.882036 64.000000 15.867694 55.856078 50.611480 256.000000 236.617087 21.054725 31.612893 0.000000 26.800397 16.330480 7.347451 256.000000 228.429392
93.061676 42.108484 64.000000 15.803156 123.553629 31.814822 256.000000 228.506837 46.052729 118.608520 0.000000 15.678383 38.172271 119.564787 256.000000 226.544888 46.631578 21.601269 64.000000 31.761203 45.127693 31.239198 256.000000 226.609426 16.270458 34.220911 0.000000 14.379022 17.385667 24.841049 256.000000 237.907843
72.654287 146.215085 0.000000 22.386012 56.808718 154.967075 256.000000 229.397459 24.836069 121.766304 64.000000 31.696665 22.029535 114.847582 256.000000 211.886202 173.383827 54.054785 0.000000 19.064466 173.347960 55.717825 256.000000 230.369828 173.068765 58.004120 0.000000 72.454437 169.674589 56.385384 256.000000 211.774337
92.757333 191.152113 0.000000 15.033005 95.058691 191.437778 256.000000 236.776281 62.347278 42.618509 0.000000 20.148701 65.784175 47.965584 256.000000 225.658569 46.241369 178.547485 64.000000 15.136265 34.600342 192.275784 256.000000 263.624005 73.409611 37.843327 64.000000 9.448334 73.742413 31.072615 256.000000 240.041893
19.063405 82.194638 0.000000 12.098686 18.735064 80.002362 256.000000 253.977756 21.143962 32.566358 64.000000 26.426078 17.679482 40.231813 256.000000 237.490499 176.284393 112.187231 0.000000 9.383796 177.389271 111.464811 256.000000 240.949725 21.024187 192.143004 64.000000 29.123758 15.268413 190.704620 256.000000 236.948381
65.918182 120.615969 0.000000 13.139896 65.741402 118.790269 256.000000 241.255204 32.262931 135.378324 0.000000 21.602953 36.568178 135.071553 256.000000 231.264753 104.147424 158.642073 64.000000 17.894181 105.577182 158.112356 256.000000 244.133590 153.319971 57.742800 0.000000 24.911591 151.904069 78.449427 256.000000 239.607339
100.553756 172.119669 0.000000 11.134922 141.902824 184.039627 256.000000 239.693389 121.953300 110.042387 64.000000 11.109107 124.862451 107.788007 256.000000 269.608811 41.975587 71.764898 0.000000 19.653911 41.787287 82.948356 256.000000 246.904413 116.169195 31.991422 0.000000 23.676768 117.336875 36.883958 256.000000 230.498904
78.331831 218.536478 0.000000 22.644163 75.434613 220.440415 256.000000 228.072283 35.588591 58.633684 0.000000 19.357037 39.532822 60.909033 256.000000 239.805255 30.359931 154.112727 64.000000 11.853443 28.870515 153.343060 256.000000 248.513555 79.500758 214.649080 0.000000 34.540631 78.767962 213.942140 256.000000 211.223614
42.057367 86.834884 0.000000 11.539359 45.510091 90.364731 256.000000 232.684584 58.121231 92.188902 64.000000 54.577466 59.308316 96.001102 256.000000 202.248558 29.101067 98.785411 64.000000 62.967380 28.446645 97.625213 256.000000 201.646205 160.059382 14.989656 0.000000 9.164368 159.984398 13.662815 256.000000 246.177287
34.638475 92.951553 64.000000 16.285038 38.269567 95.297475 256.000000 250.273286 96.062287 105.025673 64.000000 10.201275 95.346236 105.518513 256.000000 225.675779 16.463016 76.294175 64.000000 24.425406 29.132931 75.010307 256.000000 218.834772 80.018513 159.968349 0.000000 13.634686 77.909651 158.352604 256.000000 232.361895
126.487669 34.262180 0.000000 14.903929 124.454476 33.293100 256.000000 248.552278 156.604135 42.756353 64.000000 12.602081 157.266504 42.951296 256.000000 243.647405 98.349309 138.631836 64.000000 14.241341 97.198009 138.062347 256.000000 251.383336 60.969207 61.452349 64.000000 38.090210 65.407462 99.406040 256.000000 223.799880
0.114007 130.674262 0.000000 20.144399 0.392925 127.542669 256.000000 236.991407 55.035293 48.505095 0.000000 21.732029 54.992909 57.312585 256.000000 243.681825 21.434338 106.635644 64.000000 23.504667 22.198865 103.332280 256.000000 232.525391 105.702391 107.369560 64.000000 26.671321 105.828729 106.878744 256.000000 227.203174
96.503227 137.544729 64.000000 32.212967 89.495333 134.836644 256.000000 223.317998 62.993362 60.839411 0.000000 9.736603 69.209945 61.415104 256.000000 246.211707 33.884593 99.436165 0.000000 9.667762 35.840022 97.529395 256.000000 248.874967 90.623620 190.319689 0.000000 10.795023 88.310375 195.452025 256.000000 231.596047
130.506791 127.606509 64.000000 26.064666 129.787873 126.545849 256.000000 245.949253 185.639733 90.588958 0.000000 34.596563 166.404760 81.104022 256.000000 230.705425 95.044875 213.140416 64.000000 13.015123 87.753533 222.686820 256.000000 250.182933 141.041827 75.185195 64.000000 15.097543 140.389524 76.721962 256.000000 253.741117
161.946647 42.646807 64.000000 26.572364 161.525224 43.618820 256.000000 237.370028 94.284065 63.992133 0.000000 15.704198 91.327338 60.708511 256.000000 235.851239 96.491229 200.211304 0.000000 20.346617 100.589638 197.788845 256.000000 240.300045 16.933209 79.529665 0.000000 23.711188 20.921607 63.080289 256.000000 226.002771
56.800791 182.492545 0.000000 11.083292 57.420520 182.318491 256.000000 231.540114 41.208278 19.752285 0.000000 30.479052 17.326915 21.184807 256.000000 217.122369 61.681987 19.305855 64.000000 16.457139 65.373782 23.141476 256.000000 245.566329 50.924882 101.907676 64.000000 42.749839 55.708311 110.575976 256.000000 207.415884
67.546869 5.642018 0.000000 19.955088 64.991044 7.361489 256.000000 229.741660 21.325813 112.887322 0.000000 14.069240 5.971511 120.541265 256.000000 230.485996 57.632387 160.330416 0.000000 19.111794 57.006187 156.714769 256.000000 241.087406 67.382816 48.964689 64.000000 26.671321 65.172365 53.092329 256.000000 231.454063
52.835247 51.781378 64.000000 16.052702 69.583842 68.863142 256.000000 230.692517 89.934624 78.981365 64.000000 32.333438 66.696462 86.533065 256.000000 229.083375 3.012747 228.442109 0.000000 18.203962 1.309424 227.968338 256.000000 239.370700 34.341385 79.661265 0.000000 12.976400 37.365235 83.138824 256.000000 245.983673
87.247485 28.948798 64.000000 11.973913 110.669560 31.571611 256.000000 227.173056 90.170676 58.843735 0.000000 35.078446 84.162544 61.515293 256.000000 207.209363 72.134393 58.652611 64.000000 13.621778 81.874384 53.172458 256.000000 234.952012 12.687660 105.952944 0.000000 8.987964 14.906531 107.180940 256.000000 237.899238
