85.461275 127.703453 0.000000 35.241941 78.345653 127.214587 256.000000 195.028929 86.190631 213.149231 0.000000 10.988636 101.308224 219.073276 256.000000 261.537283 152.656667 158.998049 64.000000 24.795423 150.535884 162.211825 256.000000 244.744548 28.233175 185.454556 0.000000 20.703726 35.988427 184.451696 256.000000 250.518530
61.638742 65.037853 64.000000 10.717577 60.493549 67.282913 256.000000 245.949253 29.050013 77.110142 64.000000 10.235695 32.195473 79.972753 256.000000 269.406592 110.884967 134.383600 64.000000 25.957103 103.539127 142.088709 256.000000 229.896551 83.093869 91.705909 64.000000 18.660029 82.185573 91.448764 256.000000 227.039678
10.918882 72.038024 0.000000 24.928801 19.156651 43.661551 256.000000 225.340182 91.193245 211.969540 0.000000 22.420432 59.338162 195.962605 256.000000 210.074842 31.331076 199.680395 64.000000 20.953272 30.419884 197.903995 256.000000 222.513427 77.334853 72.742089 64.000000 14.723223 80.683835 61.928562 256.000000 238.630667
14.933191 12.650040 0.000000 12.752669 7.379285 13.048869 256.000000 241.199271 179.846202 121.911469 64.000000 38.460226 152.037485 119.449115 256.000000 231.256147 168.227713 86.638702 64.000000 17.924298 166.219473 86.277838 256.000000 238.165995 159.988660 71.023185 64.000000 21.366314 159.249764 71.982489 256.000000 250.974597
96.108780 132.438538 64.000000 27.196229 95.087256 131.429767 256.000000 232.839475 21.094405 74.985827 0.000000 14.379022 14.072387 77.396633 256.000000 233.545088 115.216925 89.329218 64.000000 9.104132 120.745680 85.800013 256.000000 252.880613 44.226613 81.267673 64.000000 10.614317 46.529649 79.916935 256.000000 260.345485
63.378140 126.080025 64.000000 27.424262 25.438229 150.300133 256.000000 232.955643 29.713513 92.919611 0.000000 25.113809 35.026853 91.475105 256.000000 235.438197 36.127033 232.691675 64.000000 23.685373 44.791056 230.726385 256.000000 258.456679 5.205269 66.485267 64.000000 10.042082 3.189556 63.327524 256.000000 243.914161
27.331929 65.996562 64.000000 13.742249 23.773544 67.504200 256.000000 258.551334 81.972538 36.510020 0.000000 22.958247 73.752098 23.289231 256.000000 247.786429 99.180745 15.923224 0.000000 15.846181 92.159591 17.977493 256.000000 242.064078 71.300125 71.052638 0.000000 25.255792 67.694853 49.083547 256.000000 251.602765
59.453129 229.706502 64.000000 19.120399 62.289287 218.725742 256.000000 233.394500 53.470845 194.254196 0.000000 52.460626 54.168636 194.971727 256.000000 214.953899 72.942876 174.510153 64.000000 8.678183 72.935331 175.652227 256.000000 243.307506 39.174573 23.124373 64.000000 26.503523 37.330111 25.536676 256.000000 230.726938
16.407253 92.508484 64.000000 10.696065 17.107229 99.356711 256.000000 243.483909 73.651193 77.663751 64.000000 11.965308 72.752651 74.122364 256.000000 251.052042 50.206533 105.883635 64.000000 17.812433 52.442360 102.092095 256.000000 231.738030 1.078058 55.351053 64.000000 10.597107 3.034707 56.710411 256.000000 232.189794
59.841618 20.034662 64.000000 29.343186 53.887813 20.854253 256.000000 235.167138 179.304738 43.537873 64.000000 22.928129 179.420475 33.922804 256.000000 223.898838 19.654171 39.729293 64.000000 12.326720 13.688595 43.806102 256.000000 239.504078 105.071569 14.634342 64.000000 30.431724 108.495265 20.784867 256.000000 206.826439
99.613667 19.819673 64.000000 25.010549 102.315535 34.196420 256.000000 228.506837 46.729082 82.186998 64.000000 11.431796 46.744396 85.291149 256.000000 261.804039 80.250662 16.389656 64.000000 25.759187 84.776158 25.431627 256.000000 207.549262 97.825793 170.093336 0.000000 10.459426 224.307900 225.397573 256.000000 251.589857
23.612231 94.760198 64.000000 24.421104 32.886558 107.965547 256.000000 231.286265 157.783367 171.103318 64.000000 38.064394 144.700933 149.692202 256.000000 215.474504 132.621142 47.638173 64.000000 12.193342 132.793142 48.535264 256.000000 246.607539 1.583180 74.269195 64.000000 21.275961 20.620696 82.690951 256.000000 226.248014
139.003009 131.048435 0.000000 23.285238 134.918113 121.755336 256.000000 240.407608 142.965671 185.970033 0.000000 23.990852 128.374420 198.523238 256.000000 234.599206 185.373695 123.401415 64.000000 33.357438 183.118020 122.683873 256.000000 239.375003 37.740489 158.670735 64.000000 13.759459 35.730838 159.321831 256.000000 236.281491
46.631578 21.601269 64.000000 31.761203 45.127693 31.239198 256.000000 226.609426 76.011825 165.580747 0.000000 32.273203 78.301642 166.587213 256.000000 231.243240 140.836731 74.120040 64.000000 32.677639 138.662240 74.737816 256.000000 219.075713 152.872691 123.111327 0.000000 15.403022 153.275125 128.540925 256.000000 252.725722
96.194053 38.862358 64.000000 17.231593 97.670802 41.942775 256.000000 242.132918 53.131975 182.546900 64.000000 23.934919 55.912305 181.438762 256.000000 232.297357 20.351796 189.598518 0.000000 16.203290 17.816153 189.529069 256.000000 258.495402 114.496018 120.833876 64.000000 16.018282 113.048436 126.113102 256.000000 232.835172
197.784171 80.955765 64.000000 23.689675 196.749293 77.894807 256.000000 244.275573 177.367100 46.604535 64.000000 10.536871 177.644009 47.025838 256.000000 241.939305 25.546158 87.999747 64.000000 17.360668 28.325422 90.837595 256.000000 261.782527 107.574095 4.365413 0.000000 13.978887 107.070902 5.146773 256.000000 252.730025
64.002536 193.795205 64.000000 23.706885 57.397611 194.005345 256.000000 231.613257 49.470816 13.199765 64.000000 14.391929 42.371545 5.497920 256.000000 246.512883 85.443644 95.256945 64.000000 18.711659 85.115593 105.632136 256.000000 242.076985 72.702096 13.983373 0.000000 15.613845 71.494738 15.870427 256.000000 239.026499
43.299495 198.557840 0.000000 79.945124 49.760851 197.568384 256.000000 183.549806 94.148907 87.847555 64.000000 20.097071 93.539762 83.335596 256.000000 251.934059 18.316640 171.098609 0.000000 27.187624 19.114044 169.402533 256.000000 233.730096 5.536011 138.802484 64.000000 32.234480 3.480125 137.725473 256.000000 222.345629
17.267704 103.464891 0.000000 34.996698 32.604165 90.571778 256.000000 220.943007 121.880149 176.596587 0.000000 14.138081 123.869029 175.964525 256.000000 251.955571 100.509338 178.095718 0.000000 33.288597 100.295702 168.861435 256.000000 226.910602 86.240676 107.697598 0.000000 17.567189 75.580435 136.538080 256.000000 241.651036
25.392820 133.274922 0.000000 9.482754 26.938238 133.834724 256.000000 253.883100 13.299925 106.700336 0.000000 14.792064 18.575325 98.003398 256.000000 242.885859 171.728115 68.792098 0.000000 28.650481 169.037522 70.539840 256.000000 214.717261 3.670638 119.854302 0.000000 18.165239 12.205184 130.190871 256.000000 239.271742
8.914515 57.462842 0.000000 9.078317 10.021540 59.149860 256.000000 243.169825 167.235191 135.983467 64.000000 16.689475 165.646640 135.794740 256.000000 235.038063 60.524124 186.992545 64.000000 21.607255 61.289087 185.507338 256.000000 249.417084 108.173004 161.623525 64.000000 10.067897 112.719587 161.493844 256.000000 225.064821
18.009453 152.442015 64.000000 25.582784 16.157931 149.460231 256.000000 231.845593 79.770724 217.950949 0.000000 20.763962 85.337900 215.953082 256.000000 241.276717 69.470871 80.403971 0.000000 30.087522 52.945062 85.563296 256.000000 222.883444 64.145658 214.262895 64.000000 28.125573 31.380571 216.915891 256.000000 224.965863
42.400482 22.586820 0.000000 11.513544 54.436205 10.226076 256.000000 225.976955 23.230136 222.937356 0.000000 9.314956 26.485918 226.674858 256.000000 260.698292 162.193702 7.106515 0.000000 212.884387 162.422607 6.212891 256.000000 35.495790 75.568415 138.576705 64.000000 26.770279 79.276976 134.921578 256.000000 243.466699
21.143962 32.566358 64.000000 26.426078 17.679482 40.231813 256.000000 237.490499 124.957071 87.539965 64.000000 42.728326 120.507084 89.963536 256.000000 221.205461 80.018513 159.968349 0.000000 13.634686 77.909651 158.352604 256.000000 232.361895 35.204924 5.215715 64.000000 24.515759 36.051058 6.800535 256.000000 239.439541
60.770935 166.243429 0.000000 15.523492 51.212524 175.573658 256.000000 259.484981 104.785604 18.724473 64.000000 21.663188 118.663820 26.782029 256.000000 239.740717 145.748951 134.024447 64.000000 29.248531 135.611013 147.474765 256.000000 215.250773 28.601515 115.262644 64.000000 30.255321 34.710469 104.515171 256.000000 210.285665
73.258085 84.299040 64.000000 21.400734 72.378600 77.572285 256.000000 233.596718 143.637673 176.206000 64.000000 16.470047 143.462527 179.996942 256.000000 238.579037 99.795938 93.185245 64.000000 10.485241 97.333413 94.111665 256.000000 235.704953 15.682024 21.540947 0.000000 13.716434 16.942878 23.395729 256.000000 213.293126
78.666462 203.862282 0.000000 18.294315 73.664729 207.155945 256.000000 217.664487 85.856175 89.203447 64.000000 25.526851 82.553251 91.437209 256.000000 236.010432 34.896258 182.892593 64.000000 25.311725 36.549535 181.657213 256.000000 224.307578 76.191195 98.129945 0.000000 13.316299 82.417433 92.809682 256.000000 230.189123
93.146887 127.232491 0.000000 33.056261 85.909820 126.843378 256.000000 228.515442 165.035585 14.450569 64.000000 33.241270 163.927831 4.735687 256.000000 248.672748 62.421984 47.819898 0.000000 40.641604 62.913573 45.673271 256.000000 215.754168 110.276427 103.907011 0.000000 59.228490 110.634889 107.782682 256.000000 192.434510
164.233749 155.660415 0.000000 23.422919 159.875860 163.635224 256.000000 221.003242 23.642853 40.564773 64.000000 11.483426 20.955455 24.413289 256.000000 227.039678 135.740096 67.877742 0.000000 19.963693 132.309369 68.482191 256.000000 235.145626 58.220095 174.707680 64.000000 11.384468 221.087651 253.837624 256.000000 209.494001
41.173127 95.000767 0.000000 8.867494 58.922311 117.388111 256.000000 222.896351 61.050662 131.050965 0.000000 12.429980 71.946013 130.583458 256.000000 221.467914 47.033384 221.138976 64.000000 31.868766 49.608644 218.487205 256.000000 227.310737 92.617525 64.051267 0.000000 20.996298 89.065522 54.712675 256.000000 231.359408
169.901353 25.026153 0.000000 79.476149 185.689247 27.197111 256.000000 155.781342 82.122811 103.064245 64.000000 16.633542 89.065105 96.489956 256.000000 223.769763 118.639684 183.737096 0.000000 19.154819 115.838645 185.498747 256.000000 252.028714 21.937913 -0.000004 0.000000 14.194013 16.653593 0.043845 256.000000 232.753424
136.355593 110.076091 0.000000 9.409611 136.204238 114.196835 256.000000 240.859372 21.330265 88.056145 64.000000 25.556969 28.146900 85.063984 256.000000 219.548991 77.558213 67.133800 64.000000 16.039795 75.250956 67.667193 256.000000 241.956515 78.886762 117.724633 64.000000 12.227762 74.266924 122.461447 256.000000 244.077657
