21.325813 112.887322 0.000000 14.069240 5.971511 120.541265 256.000000 230.485996 129.813982 89.579080 0.000000 10.257208 130.975567 85.667891 256.000000 225.959745 89.934624 78.981365 64.000000 32.333438 66.696462 86.533065 256.000000 229.083375 75.747816 185.336402 64.000000 18.505139 72.733284 186.129804 256.000000 232.271542
46.894709 99.521938 0.000000 10.205577 44.141733 101.486815 256.000000 253.607739 141.612211 79.407922 0.000000 11.565174 148.297515 88.217416 256.000000 234.001155 131.436475 132.259433 0.000000 13.406652 128.352876 132.859693 256.000000 268.133046 195.208287 94.690565 64.000000 17.248803 194.819473 95.400975 256.000000 242.477120
18.076787 31.939278 64.000000 26.490616 17.616893 35.631551 256.000000 250.664815 105.769933 71.085262 64.000000 20.320802 104.874318 69.742893 256.000000 232.202702 133.685800 147.539351 0.000000 22.011692 131.633365 148.516713 256.000000 251.323101 62.098900 194.153253 0.000000 13.182921 61.542473 196.333678 256.000000 241.960817
153.565556 25.487793 64.000000 19.348432 152.803716 26.241675 256.000000 235.081088 57.835878 184.764602 64.000000 8.665275 55.818347 187.807615 256.000000 245.037119 29.888629 62.214222 64.000000 14.426350 36.590316 58.375109 256.000000 233.532181 170.281976 118.606555 64.000000 40.168327 165.353196 116.893511 256.000000 208.470002
9.163538 52.546031 0.000000 14.581240 9.106484 56.516145 256.000000 246.672077 1.541593 120.054835 0.000000 8.897611 1.001002 119.057424 256.000000 249.059975 108.862473 157.229380 0.000000 12.954888 106.402300 159.318560 256.000000 244.348716 13.813731 137.332780 64.000000 38.240798 37.607516 110.726745 256.000000 202.988591
93.408082 88.902727 64.000000 21.263054 94.408216 84.817849 256.000000 246.783942 13.750282 10.684022 64.000000 22.420432 23.384805 11.923582 256.000000 240.549591 73.360764 53.173465 64.000000 15.902114 74.362509 53.423875 256.000000 225.069124 83.247120 133.500016 0.000000 23.668163 80.855547 133.305169 256.000000 217.673092
111.019258 9.637267 64.000000 11.393073 116.446024 11.836171 256.000000 241.732784 5.524511 18.213415 64.000000 10.011964 7.779247 12.352327 256.000000 268.989248 31.318065 140.058853 0.000000 45.262510 40.614947 143.040667 256.000000 205.660456 82.122811 103.064245 64.000000 16.633542 89.065105 96.489956 256.000000 223.769763
44.533098 208.825487 0.000000 8.794351 47.987598 211.600984 256.000000 263.103401 54.142391 72.779409 0.000000 29.024800 47.639385 67.197124 256.000000 219.940520 73.662196 49.694669 64.000000 22.910919 75.720978 53.985982 256.000000 233.101929 34.925542 6.227609 64.000000 33.039051 37.302764 7.656760 256.000000 222.276788
135.400716 93.344376 64.000000 25.062179 131.407433 100.341082 256.000000 231.570231 44.464851 172.984720 0.000000 30.414514 48.782596 175.995935 256.000000 261.507166 48.583065 153.667713 0.000000 14.262854 80.038453 169.902678 256.000000 232.934130 108.938509 133.369435 0.000000 25.879658 97.929782 137.753709 256.000000 215.203445
93.684138 38.207685 64.000000 15.385812 99.126371 42.825204 256.000000 252.235235 22.998995 59.695896 0.000000 17.416601 27.872796 59.257025 256.000000 247.317455 49.687262 159.698338 64.000000 10.270115 51.537882 161.015209 256.000000 249.146026 18.172682 155.785416 64.000000 15.953744 18.715269 154.982080 256.000000 240.355977
15.157573 170.446331 64.000000 24.507154 14.758825 168.579733 256.000000 229.031745 80.216907 191.181555 64.000000 12.567661 92.987369 203.947911 256.000000 256.722763 78.789209 38.798069 64.000000 40.899755 69.968349 42.150224 256.000000 224.286065 64.286815 50.635289 64.000000 16.052702 62.493636 52.732860 256.000000 243.436582
175.033747 134.367053 64.000000 82.634199 175.373647 134.322947 256.000000 190.786644 48.611135 84.537205 0.000000 15.213711 47.496384 82.312307 256.000000 242.911674 29.262478 204.425760 0.000000 17.631727 32.984402 205.756916 256.000000 253.883100 165.348235 20.892671 64.000000 17.119727 164.736238 20.136209 256.000000 244.968279
96.430342 108.813653 64.000000 9.375191 95.302742 110.362271 256.000000 239.276045 102.486791 54.476955 0.000000 11.935190 102.379473 50.500020 256.000000 237.907843 41.298895 70.664705 0.000000 12.683829 39.700147 65.054145 256.000000 259.076242 47.033384 221.138976 64.000000 31.868766 49.608644 218.487205 256.000000 227.310737
132.611718 39.715607 0.000000 26.886447 123.742133 25.307864 256.000000 246.814060 90.028933 86.139129 0.000000 8.712603 90.394191 86.657938 256.000000 251.301588 92.374869 204.941980 0.000000 32.230177 96.575704 202.006015 256.000000 206.710271 91.165540 140.214647 0.000000 51.432324 90.236245 138.926111 256.000000 205.023683
188.082965 59.999178 0.000000 31.941908 185.146349 58.989671 256.000000 212.049698 160.196462 118.540664 64.000000 17.373576 158.485171 124.654355 256.000000 232.805055 95.974967 107.349995 64.000000 9.667762 95.454144 107.572164 256.000000 241.612313 13.711691 210.762631 64.000000 10.360468 15.981296 213.930169 256.000000 259.308578
3.177293 18.759402 64.000000 23.465944 9.577495 21.976011 256.000000 224.268855 21.228198 11.986282 64.000000 36.980159 20.187813 11.556365 256.000000 216.958874 79.469556 116.580662 0.000000 15.273946 80.211518 115.131736 256.000000 266.790660 34.252900 25.754662 0.000000 14.017610 41.080875 23.398345 256.000000 223.756855
95.294035 206.005509 64.000000 21.994482 96.741102 204.844753 256.000000 241.474632 10.891887 71.017107 64.000000 14.826484 4.004833 64.198100 256.000000 252.360008 97.214907 118.392118 0.000000 28.108363 98.051027 114.005069 256.000000 212.247614 105.388869 114.415595 64.000000 12.744064 104.406769 118.127204 256.000000 247.003371
7.889013 47.134002 64.000000 10.046384 7.561920 48.560191 256.000000 249.464412 14.869778 19.332051 64.000000 10.941308 17.178911 17.355649 256.000000 257.875839 102.064362 148.479653 0.000000 10.523964 101.688049 158.656493 256.000000 248.758799 131.540971 86.441609 0.000000 44.178275 109.987515 85.328582 256.000000 214.145025
135.399129 23.478411 64.000000 44.797838 119.473100 32.817096 256.000000 221.906772 57.211716 129.462455 64.000000 30.702783 51.195489 129.361476 256.000000 231.277660 52.212576 60.657311 64.000000 14.323089 58.825680 59.606633 256.000000 239.960145 77.278762 39.951529 0.000000 8.979359 82.319436 41.315673 256.000000 245.966463
82.192055 221.843425 64.000000 15.609543 84.863675 220.734840 256.000000 238.587642 11.421742 95.545187 0.000000 12.907560 6.978993 95.032204 256.000000 245.381321 29.966969 21.006307 64.000000 11.109107 29.601756 21.458960 256.000000 241.160549 49.014716 74.386191 0.000000 12.429980 42.592236 84.119576 256.000000 246.082631
88.433700 77.243691 64.000000 14.843694 87.421540 77.315740 256.000000 210.595446 63.516565 130.275618 64.000000 13.673409 64.216416 128.633415 256.000000 238.764045 173.826325 86.343700 64.000000 40.293100 164.016867 75.063773 256.000000 206.641431 113.871618 58.505378 0.000000 9.603225 114.990095 61.005585 256.000000 233.252517
71.829467 61.462331 64.000000 16.904601 69.284693 56.986518 256.000000 231.157190 53.672684 91.742720 0.000000 45.580897 48.315011 93.181129 256.000000 215.031345 101.476091 31.544180 64.000000 10.123830 117.105069 24.156165 256.000000 254.833957 72.768691 183.442273 0.000000 22.540902 85.008535 179.415085 256.000000 236.380449
94.723938 119.518218 0.000000 43.653368 82.232989 132.856856 256.000000 208.478607 87.242880 76.875638 64.000000 19.632399 89.007936 69.747860 256.000000 215.676723 103.634538 165.620035 64.000000 19.103189 98.331653 169.306302 256.000000 209.136892 15.082284 122.299662 64.000000 19.972298 22.987689 126.197805 256.000000 248.547975
75.852800 73.298258 0.000000 9.469847 71.886007 75.617285 256.000000 235.679138 105.658153 47.655338 64.000000 25.987221 98.176578 33.380776 256.000000 237.051642 20.224455 122.869455 0.000000 19.658214 21.056564 121.324204 256.000000 234.082903 62.880427 109.382278 0.000000 13.742249 60.393487 109.305824 256.000000 240.769019
73.429309 17.338060 0.000000 9.444031 72.857562 17.730107 256.000000 229.565257 135.751795 60.646900 64.000000 13.518518 135.577196 58.976056 256.000000 261.786829 157.201389 74.905749 0.000000 10.420703 158.467556 74.513027 256.000000 246.921623 179.955591 65.637891 64.000000 36.442344 176.763462 68.254240 256.000000 205.742204
112.365862 35.180280 0.000000 26.748767 114.968247 39.595618 256.000000 224.643174 148.548847 96.899904 64.000000 16.895996 150.210502 95.991184 256.000000 232.125257 25.753415 139.159595 64.000000 14.477980 30.207600 141.713682 256.000000 239.237322 80.353758 53.508256 0.000000 17.326248 78.369678 45.292502 256.000000 234.440012
54.665365 199.867115 0.000000 23.130348 66.437465 206.156253 256.000000 227.190266 91.484125 142.779765 64.000000 15.407324 93.714665 141.617098 256.000000 215.840218 87.212875 58.930071 64.000000 32.527051 84.424644 50.074751 256.000000 228.016350 93.884996 109.783707 64.000000 25.991523 88.511631 110.600605 256.000000 233.893592
100.056744 194.164093 0.000000 53.613702 96.817725 193.252284 256.000000 205.875582 50.864775 91.942558 0.000000 18.307223 44.109647 97.514236 256.000000 245.041422 154.284380 91.101927 64.000000 9.035292 154.077087 92.738536 256.000000 248.414597 123.379702 20.324593 0.000000 30.741505 120.601033 21.062765 256.000000 222.380049
92.131244 112.625362 64.000000 19.425878 92.042005 112.283964 256.000000 242.593288 47.679822 226.791865 64.000000 21.138281 54.550549 227.757656 256.000000 226.321157 84.533445 101.803485 64.000000 13.290484 102.088102 101.833925 256.000000 238.252045 53.640662 157.637787 64.000000 10.683157 57.684220 162.682249 256.000000 253.934730
39.878509 137.871575 64.000000 27.794279 44.134831 135.943985 256.000000 215.693933 162.245904 114.677978 0.000000 20.583256 164.398287 106.560916 256.000000 199.189466 38.465531 24.717051 0.000000 11.384468 38.233862 21.852053 256.000000 255.044781 14.729805 113.737736 64.000000 24.571692 21.342771 110.310700 256.000000 237.481894
25.675795 61.913976 64.000000 9.456939 29.558096 61.259249 256.000000 244.968279 181.322598 52.368896 64.000000 33.043354 179.919560 52.637936 256.000000 204.700994 56.141729 198.529125 0.000000 21.202819 48.311473 201.478609 256.000000 255.475033 13.921880 27.833013 64.000000 8.695393 15.340996 28.094840 256.000000 247.657354
117.135942 110.717293 0.000000 44.935519 103.205544 100.836855 256.000000 217.225630 47.507925 102.150264 64.000000 17.330551 48.798951 96.072462 256.000000 232.013391 179.846202 121.911469 64.000000 38.460226 152.037485 119.449115 256.000000 231.256147 39.196789 49.265453 0.000000 32.617404 47.321415 69.309607 256.000000 221.084990
