62.951735 51.813664 0.000000 11.552266 66.781045 51.882369 256.000000 255.926797 112.191342 2.475749 64.000000 30.612430 108.917809 4.734758 256.000000 214.304219 101.273224 27.371656 64.000000 35.603353 96.889745 32.880524 256.000000 207.235178 117.541393 91.898880 0.000000 35.822782 115.092609 90.073316 256.000000 231.970366
92.764442 30.652949 64.000000 24.610414 90.143807 31.276956 256.000000 227.504350 28.758091 105.061144 64.000000 32.591589 51.712220 65.466175 256.000000 203.044524 121.646745 71.362347 64.000000 14.318787 121.262891 71.133645 256.000000 240.433423 82.396724 102.091376 0.000000 10.330351 80.729275 103.111909 256.000000 237.765860
5.992193 99.759453 0.000000 11.281207 7.376567 103.835180 256.000000 241.345557 37.452625 69.032404 64.000000 11.905073 44.365120 68.353469 256.000000 248.879269 99.180745 15.923224 0.000000 15.846181 92.159591 17.977493 256.000000 242.064078 70.071464 81.608049 0.000000 8.970754 70.774315 79.532845 256.000000 223.933258
72.270253 191.500533 64.000000 15.080333 71.314385 190.828155 256.000000 232.172584 104.449642 160.840587 64.000000 11.935190 106.281931 159.681196 320.000000 246.818362 146.404731 78.182707 0.000000 10.222788 148.831656 82.190160 256.000000 228.511140 92.921684 149.083367 64.000000 10.721880 93.187562 148.584144 256.000000 230.963576
9.267062 20.964173 0.000000 39.096999 148.260442 79.160940 256.000000 218.916520 115.685365 86.907631 0.000000 17.532769 114.181987 85.446993 256.000000 226.824552 29.581025 78.863189 0.000000 18.612702 23.717509 86.783784 256.000000 231.845593 1.227538 160.930384 64.000000 27.759859 3.992445 160.228025 256.000000 240.622734
188.622940 109.204620 0.000000 37.668563 179.767475 107.473880 256.000000 207.992422 162.430935 5.023344 0.000000 52.378878 160.999302 7.583491 256.000000 201.086877 60.594265 28.603562 64.000000 12.812905 65.239616 30.453502 256.000000 230.485996 142.456384 114.602956 0.000000 23.857473 148.095938 97.537513 256.000000 236.105088
88.569618 89.013815 64.000000 21.392129 85.179122 86.753004 256.000000 239.400818 29.381960 81.991144 64.000000 18.961206 39.770824 76.293391 256.000000 217.599949 72.207015 61.908698 0.000000 9.172973 72.561862 58.157789 256.000000 248.251101 7.084416 120.624135 0.000000 20.621978 11.450804 120.421480 256.000000 254.188579
111.122611 36.102244 64.000000 19.064466 111.699647 38.990669 256.000000 217.634369 96.264164 112.989044 64.000000 27.123086 94.972973 113.882147 256.000000 229.500719 64.002536 193.795205 64.000000 23.706885 57.397611 194.005345 256.000000 231.613257 156.309765 105.320293 0.000000 10.016267 157.380147 103.466429 256.000000 223.640687
30.214258 168.062596 64.000000 19.425878 33.672060 165.910695 256.000000 231.596047 101.574380 144.647124 64.000000 31.098615 98.481935 142.391138 256.000000 236.436382 95.115367 96.375140 64.000000 16.134450 101.549136 90.896447 256.000000 239.073826 131.027647 169.788111 64.000000 54.297802 127.859631 168.259569 256.000000 202.661600
69.572307 135.447705 64.000000 16.160265 88.086982 124.405600 256.000000 229.272686 77.842487 142.264985 0.000000 31.941908 74.468849 136.961349 256.000000 225.576821 140.516238 76.090400 0.000000 12.193342 142.077456 72.650993 256.000000 257.428377 20.604051 212.788242 64.000000 41.932360 22.452251 202.415471 256.000000 217.100857
138.388160 88.469353 64.000000 21.869709 137.630013 89.454436 256.000000 235.205861 91.165540 140.214647 0.000000 51.432324 90.236245 138.926111 256.000000 205.023683 74.875122 45.029127 64.000000 27.781372 79.580338 56.677500 256.000000 244.439069 168.227713 86.638702 64.000000 17.924298 166.219473 86.277838 256.000000 238.165995
72.706282 91.703349 0.000000 21.060835 71.305342 90.104680 256.000000 236.935474 59.368589 211.359625 64.000000 15.269643 56.544825 212.494982 256.000000 248.797522 20.063862 26.679491 64.000000 14.417745 21.390322 27.271420 256.000000 242.735271 54.435540 127.818967 64.000000 13.484098 57.695185 126.590025 256.000000 239.159877
59.841618 20.034662 64.000000 29.343186 53.887813 20.854253 256.000000 235.167138 109.172162 159.792815 64.000000 8.609343 129.238095 166.355227 256.000000 238.768347 118.789080 103.718982 0.000000 17.485441 117.735893 102.700645 256.000000 216.584554 52.212576 60.657311 64.000000 14.323089 58.825680 59.606633 256.000000 239.960145
43.428876 76.231756 64.000000 13.634686 42.648049 72.821784 256.000000 252.033017 172.045913 72.252447 64.000000 18.660029 170.577453 76.519153 256.000000 235.963104 131.086298 85.125702 64.000000 15.321274 136.713996 78.798156 256.000000 235.760886 60.730109 78.543518 0.000000 11.143527 63.801280 77.804675 256.000000 231.716517
58.120975 109.854256 0.000000 12.412770 64.847978 109.772811 256.000000 249.503135 134.451662 190.570024 0.000000 28.788161 134.307729 186.378338 256.000000 230.847408 50.134136 3.463867 0.000000 10.958518 51.506767 3.544225 256.000000 254.188579 39.859284 42.727444 64.000000 19.765777 54.200749 48.898438 256.000000 214.330034
21.434338 106.635644 64.000000 23.504667 22.198865 103.332280 256.000000 232.525391 49.734855 31.232984 0.000000 24.378078 47.512440 38.642784 256.000000 216.838403 124.382680 104.121811 64.000000 34.846109 120.939525 98.889824 256.000000 207.312624 79.901436 106.024035 0.000000 15.299761 85.631133 102.335940 256.000000 237.150600
5.028629 103.858620 0.000000 20.475693 9.703865 102.446484 256.000000 240.519473 40.658213 76.527298 64.000000 8.893309 39.447316 75.319222 256.000000 257.677923 80.557082 100.517693 0.000000 21.874012 76.359676 99.274653 256.000000 248.573790 17.336764 130.080367 0.000000 24.890078 25.744127 126.834776 256.000000 245.712615
40.963700 114.317300 64.000000 26.477708 35.802769 113.961044 256.000000 233.101929 84.796022 155.880051 0.000000 12.881745 93.171815 154.248184 256.000000 262.535468 26.253964 21.813622 0.000000 25.961406 27.902885 25.961371 256.000000 224.032216 131.104744 147.444176 64.000000 24.365171 128.429340 147.548987 256.000000 204.275045
34.144845 123.532260 0.000000 19.081676 37.672464 127.908742 256.000000 235.640415 180.081069 10.016422 0.000000 10.807930 180.960084 5.652020 256.000000 255.036176 22.700373 50.045440 0.000000 10.399191 20.100607 53.185304 256.000000 219.604923 80.322173 28.327384 64.000000 67.635614 80.861215 30.046551 256.000000 189.543216
36.652802 95.104833 64.000000 9.792536 41.236985 95.820011 256.000000 240.442028 150.187825 63.431075 0.000000 16.242013 149.985287 65.688002 256.000000 241.272414 34.373513 59.738171 64.000000 9.887191 36.184169 58.059960 256.000000 255.182461 50.267040 9.643025 0.000000 20.699424 63.765180 8.912740 256.000000 240.222599
60.524124 186.992545 64.000000 21.607255 61.289087 185.507338 256.000000 249.417084 54.605349 30.149304 64.000000 16.577610 53.006735 30.230107 256.000000 243.057960 78.580771 29.415876 0.000000 30.414514 41.367289 62.637673 256.000000 231.161492 63.031642 191.715509 64.000000 25.819423 46.462198 196.692745 256.000000 224.574334
90.170676 58.843735 0.000000 35.078446 84.162544 61.515293 256.000000 207.209363 92.490693 191.286667 0.000000 13.058148 114.015182 190.539340 256.000000 230.335408 21.056204 38.755151 0.000000 25.066482 12.741302 42.481658 256.000000 229.221056 101.719409 23.537553 64.000000 15.557912 100.411595 21.564780 256.000000 260.199200
138.750482 121.662789 64.000000 8.828771 210.475856 116.605287 256.000000 249.232076 57.964849 104.716009 0.000000 26.839120 42.853911 147.904305 256.000000 215.349731 96.108780 132.438538 64.000000 27.196229 95.087256 131.429767 256.000000 232.839475 23.230136 222.937356 0.000000 9.314956 26.485918 226.674858 256.000000 260.698292
53.783345 117.106716 0.000000 12.825812 57.387602 115.798205 256.000000 243.118195 80.593551 159.330324 0.000000 10.218485 81.930224 158.629809 256.000000 224.075242 11.234502 162.589795 64.000000 41.747352 14.092980 159.458022 256.000000 204.855885 95.560338 131.982384 64.000000 36.795151 96.245467 129.986865 256.000000 220.344957
111.300944 53.693395 64.000000 12.692434 114.141347 59.735355 256.000000 240.304347 120.329938 150.496065 64.000000 35.267756 110.424460 153.579725 256.000000 220.598805 81.645942 35.124031 64.000000 11.819022 87.654585 37.427033 256.000000 239.805255 60.653371 57.813364 0.000000 11.100502 67.828415 55.356360 256.000000 237.856213
107.574095 4.365413 0.000000 13.978887 107.070902 5.146773 256.000000 252.730025 163.979844 115.131871 0.000000 39.178747 158.267951 114.744727 256.000000 225.972653 24.025065 138.670669 0.000000 13.815392 8.837680 150.414669 256.000000 241.999540 180.910936 79.109511 0.000000 16.904601 182.440811 73.376618 256.000000 242.941792
16.933209 79.529665 0.000000 23.711188 20.921607 63.080289 256.000000 226.002771 41.547425 85.556391 64.000000 13.514215 38.849747 87.243618 256.000000 236.853726 125.762238 30.841602 64.000000 9.753813 130.985618 35.231709 256.000000 245.639472 39.304918 95.981740 0.000000 16.861576 30.724207 98.526136 256.000000 236.892449
89.623795 139.454258 64.000000 10.648737 90.329713 138.307607 256.000000 234.745491 15.954905 124.190318 64.000000 17.063794 19.191171 123.168720 256.000000 243.135405 66.597295 134.649422 64.000000 56.500693 65.737627 131.738945 256.000000 209.085262 106.875553 18.551487 0.000000 22.502180 108.435431 23.815624 256.000000 221.080688
148.765993 7.334509 64.000000 18.939693 146.677049 2.459007 256.000000 242.920279 98.456422 17.175013 0.000000 13.527123 97.023649 13.358880 256.000000 241.612313 18.536084 145.631444 0.000000 24.386683 21.125956 148.255602 256.000000 238.217625 10.934598 140.493740 0.000000 19.804500 10.474267 136.759464 256.000000 240.317255
57.211716 129.462455 64.000000 30.702783 51.195489 129.361476 256.000000 231.277660 76.002253 53.184062 64.000000 27.364027 75.529227 72.915515 256.000000 228.631610 164.233749 155.660415 0.000000 23.422919 159.875860 163.635224 256.000000 221.003242 42.990698 68.049175 64.000000 15.958047 39.475462 70.606084 256.000000 250.286193
104.724100 156.169440 64.000000 16.650752 100.969515 159.118905 256.000000 224.780855 53.672684 91.742720 0.000000 45.580897 48.315011 93.181129 256.000000 215.031345 29.696965 61.576584 0.000000 31.808530 35.435462 58.682685 256.000000 230.954971 180.657716 95.593322 0.000000 60.820423 186.636842 97.896493 256.000000 178.124328
17.100105 118.406747 0.000000 22.175188 24.432918 114.749136 256.000000 212.699379 24.969347 99.398673 0.000000 8.772838 25.026853 98.024476 256.000000 249.709656 38.824896 37.357022 64.000000 9.947426 42.073756 36.990547 256.000000 246.241825 173.890985 37.565131 64.000000 12.877442 180.354458 20.076735 256.000000 249.485925
