106.414075 104.362025 0.000000 24.705070 103.753538 109.786471 256.000000 246.900110 117.644735 80.892209 0.000000 48.824997 107.854322 60.464051 256.000000 208.108590 84.136582 220.560169 64.000000 31.507354 88.539269 218.636056 256.000000 234.078601 42.799125 150.224695 0.000000 16.887391 46.191645 148.552109 256.000000 234.255004
134.575671 128.971527 64.000000 26.770279 193.060105 57.957691 256.000000 249.348244 76.733167 40.926531 64.000000 36.222916 77.461407 53.732055 256.000000 230.748450 62.564709 172.780478 0.000000 28.986077 59.449529 170.570662 256.000000 237.826096 17.129778 56.386022 64.000000 8.979359 9.179476 50.325176 256.000000 253.108647
20.273304 132.337924 64.000000 13.497005 23.141575 151.243013 256.000000 247.480950 46.820093 42.518704 0.000000 9.151460 48.596529 34.339673 256.000000 233.536483 16.284620 71.552735 64.000000 30.289741 19.257740 70.593173 256.000000 225.400418 157.636865 128.740796 64.000000 12.653711 157.658216 128.167076 256.000000 244.645590
18.065640 105.683287 64.000000 20.376735 16.410825 102.677824 256.000000 239.766532 14.950371 126.836633 64.000000 13.806787 5.596962 130.615396 256.000000 260.857485 76.775320 121.437031 0.000000 39.329335 66.930407 116.192222 256.000000 227.865762 114.831311 200.624005 0.000000 31.059892 115.769215 192.039764 256.000000 225.383208
20.947749 107.246544 0.000000 16.857273 8.592305 120.092782 256.000000 250.152815 154.722829 30.315882 0.000000 24.033877 151.791002 25.546089 256.000000 236.354634 106.496340 54.105207 0.000000 31.584799 103.714418 54.746687 256.000000 241.375675 18.760407 124.633198 64.000000 16.452836 20.437058 125.197842 256.000000 236.311608
93.684138 38.207685 64.000000 15.385812 99.126371 42.825204 256.000000 252.235235 42.434689 107.855144 64.000000 11.801812 45.300769 108.390224 256.000000 252.674092 107.327693 20.001711 0.000000 10.859560 106.929507 22.111682 256.000000 223.339511 120.723844 132.333969 0.000000 35.345202 112.367627 128.631611 256.000000 212.346572
25.672889 38.700316 64.000000 14.482282 30.230127 31.554785 256.000000 245.833085 103.906342 0.936804 64.000000 52.159450 89.145633 39.366002 256.000000 212.669261 111.895833 86.860556 64.000000 38.309638 102.186047 90.160902 256.000000 226.553493 121.939742 116.471256 0.000000 29.097943 117.652780 116.251302 256.000000 222.199343
28.136462 186.115193 0.000000 18.918180 37.678809 191.971800 256.000000 228.842434 114.910576 61.105809 0.000000 30.608127 111.520813 63.836645 256.000000 216.365126 30.256831 25.515425 0.000000 15.321274 25.947367 28.371718 256.000000 241.642431 47.657336 37.843978 0.000000 11.612501 45.787087 38.885891 256.000000 247.149656
51.649022 124.440407 64.000000 11.999728 39.733211 135.014116 256.000000 238.669389 110.796727 82.435969 0.000000 27.518918 106.904756 78.346173 256.000000 233.265424 81.390229 137.047847 64.000000 12.055661 79.605222 138.995145 256.000000 236.543945 79.870527 175.644660 64.000000 33.043354 88.389307 173.444984 256.000000 226.316855
161.316671 27.727533 64.000000 11.384468 173.847695 24.261209 256.000000 255.126528 55.828980 34.006345 0.000000 11.986821 59.985369 35.944773 256.000000 238.927541 5.988435 179.693427 0.000000 15.962349 11.974409 188.253905 256.000000 246.667774 58.726013 100.350331 64.000000 17.683357 66.840471 96.155435 256.000000 237.021524
40.526467 31.338609 0.000000 15.893509 38.588982 34.124676 256.000000 220.129831 45.748011 14.723320 64.000000 20.277777 47.710165 14.722842 256.000000 228.975812 89.700211 94.653529 64.000000 23.973641 92.076336 95.113953 256.000000 215.212050 86.190631 213.149231 0.000000 10.988636 101.308224 219.073276 256.000000 261.537283
92.617525 64.051267 0.000000 20.996298 89.065522 54.712675 256.000000 231.359408 62.175969 122.179042 0.000000 8.751326 66.542633 136.104905 256.000000 234.026970 24.282778 121.690191 0.000000 28.379422 19.602264 117.243742 256.000000 218.507781 157.199038 90.543456 0.000000 9.396704 159.097991 95.104860 256.000000 244.150800
70.432151 84.458938 64.000000 14.370417 71.337058 73.247193 256.000000 246.396715 41.942809 94.164776 0.000000 18.130819 12.363785 97.294225 256.000000 250.677723 124.770665 151.260411 64.000000 13.677711 126.822055 150.330655 256.000000 240.424818 15.313413 51.961855 64.000000 78.650066 18.620264 55.702796 256.000000 198.066508
116.734149 86.541982 0.000000 18.888063 115.059240 90.344104 256.000000 237.697020 51.628005 115.314165 64.000000 23.973641 56.216255 113.246545 256.000000 257.333721 129.389435 79.868800 0.000000 18.259895 129.046084 86.194867 256.000000 230.481694 156.488882 52.032149 64.000000 8.884704 157.298800 52.601982 256.000000 245.226430
42.632949 164.737391 64.000000 46.437098 39.801280 154.872471 256.000000 220.116923 79.395465 119.694622 0.000000 11.539359 79.161347 119.904685 256.000000 255.900982 31.164604 111.595116 64.000000 21.951457 23.532365 109.004453 256.000000 247.369085 185.496556 132.705613 64.000000 32.415186 184.539244 130.231300 256.000000 224.780855
20.659878 95.350716 64.000000 12.326720 21.410673 101.232367 256.000000 266.708912 107.868685 160.927658 64.000000 40.904058 102.078180 158.922391 256.000000 225.030401 154.284380 91.101927 64.000000 9.035292 154.077087 92.738536 256.000000 248.414597 51.339338 60.796651 0.000000 13.591661 51.084987 54.647935 256.000000 233.635441
51.189600 88.129040 0.000000 9.654855 55.022227 94.940976 256.000000 255.315839 191.106342 29.566675 64.000000 9.310653 198.426309 12.826411 256.000000 251.594160 27.331929 65.996562 64.000000 13.742249 23.773544 67.504200 256.000000 258.551334 44.140782 44.708616 64.000000 11.216670 46.614640 40.100553 256.000000 260.500376
33.205169 192.485147 64.000000 23.526179 31.253951 190.350936 256.000000 236.789188 144.845696 61.023578 0.000000 45.120527 143.464936 55.287875 256.000000 213.598605 122.535047 162.632760 0.000000 36.321874 120.550358 157.172467 256.000000 207.751481 188.622940 109.204620 0.000000 37.668563 179.767475 107.473880 256.000000 207.992422
44.662424 27.565818 0.000000 85.374904 43.917420 25.724880 256.000000 167.918751 32.139251 144.616222 0.000000 19.877642 39.568909 145.952455 256.000000 253.775537 43.310329 174.969855 0.000000 34.114681 41.746644 169.990013 256.000000 215.169025 50.674956 121.829155 64.000000 24.253305 49.497775 118.063909 256.000000 218.210907
63.378140 126.080025 64.000000 27.424262 25.438229 150.300133 256.000000 232.955643 38.015253 5.082533 64.000000 16.831458 32.586729 4.569671 256.000000 239.762230 130.833116 153.031973 0.000000 14.598450 130.255984 152.440907 256.000000 235.498432 72.748458 213.993187 64.000000 43.765233 68.714138 216.091451 256.000000 212.424017
100.509338 178.095718 0.000000 33.288597 100.295702 168.861435 256.000000 226.910602 14.933191 12.650040 0.000000 12.752669 7.379285 13.048869 256.000000 241.199271 26.734111 222.828575 0.000000 16.878786 30.150269 225.449875 256.000000 240.997053 40.628485 32.672102 64.000000 9.198788 39.844358 32.795158 256.000000 229.350131
29.966969 21.006307 64.000000 11.109107 29.601756 21.458960 256.000000 241.160549 130.924116 96.402669 0.000000 21.465272 129.605998 96.426053 256.000000 249.150328 94.576822 59.458844 0.000000 20.518718 95.000007 66.685713 256.000000 245.316783 94.251376 167.531333 64.000000 37.294243 83.970120 166.409493 256.000000 216.390941
110.637009 40.931269 0.000000 29.300161 102.668438 38.463215 256.000000 213.030673 68.401271 95.283536 64.000000 10.885376 66.842531 96.287007 256.000000 231.548719 21.416464 102.447558 64.000000 18.410483 13.344551 104.592464 256.000000 236.019037 53.470845 194.254196 0.000000 52.460626 54.168636 194.971727 256.000000 214.953899
61.327762 97.307067 64.000000 9.577410 62.191680 95.845491 256.000000 239.736414 92.764442 30.652949 64.000000 24.610414 90.143807 31.276956 256.000000 227.504350 6.321005 100.111393 0.000000 17.175660 9.165342 96.651213 256.000000 234.810029 156.884247 27.547645 0.000000 13.965980 158.255411 18.071980 256.000000 241.861859
56.939424 48.462965 0.000000 12.266485 67.427185 38.394342 256.000000 245.075842 64.002536 193.795205 64.000000 23.706885 57.397611 194.005345 256.000000 231.613257 94.309195 185.275762 64.000000 15.385812 94.662751 185.015647 256.000000 252.691302 81.137104 97.780907 0.000000 9.504267 88.928820 94.092995 256.000000 255.238394
173.573109 77.450638 0.000000 11.281207 186.941595 88.078853 256.000000 282.305547 59.684571 142.837867 64.000000 20.819894 68.654338 146.831145 256.000000 232.318870 153.319971 57.742800 0.000000 24.911591 151.904069 78.449427 256.000000 239.607339 97.301505 31.731827 64.000000 40.602881 92.174669 36.859913 256.000000 246.168682
128.804040 148.781818 0.000000 26.245372 135.315860 134.567553 256.000000 218.744419 80.322173 28.327384 64.000000 67.635614 80.861215 30.046551 256.000000 189.543216 32.055738 37.808475 64.000000 11.423191 33.659311 39.624451 256.000000 235.524247 19.513436 125.517320 64.000000 18.302920 17.792036 122.378102 256.000000 222.276788
60.524124 186.992545 64.000000 21.607255 61.289087 185.507338 256.000000 249.417084 11.048927 40.141433 0.000000 14.792064 11.507427 43.371684 256.000000 241.474632 25.392820 133.274922 0.000000 9.482754 26.938238 133.834724 256.000000 253.883100 178.917331 101.052255 64.000000 13.148501 178.476764 100.169671 256.000000 242.640615
47.772602 33.720875 64.000000 8.901914 44.946196 33.599220 256.000000 258.026427 63.086496 102.322907 0.000000 91.630768 64.676442 101.286049 256.000000 159.937576 53.398900 83.365705 0.000000 17.808130 45.555049 86.423829 256.000000 240.016078 136.011031 194.102156 0.000000 12.374048 140.654218 192.332324 256.000000 252.420243
45.121409 180.409398 64.000000 9.844166 62.696398 194.160133 256.000000 239.280347 15.188089 47.475756 64.000000 10.825140 10.176431 47.506073 256.000000 244.129287 88.652798 117.228875 0.000000 43.713603 77.585624 64.212338 256.000000 205.574406 24.642498 12.323085 0.000000 22.635558 31.728138 13.537602 256.000000 240.678666
66.598675 69.759415 0.000000 28.671993 57.290647 64.069295 256.000000 205.410910 96.261216 102.240560 0.000000 9.689275 101.467100 117.393053 256.000000 244.374531 24.438327 108.965918 0.000000 10.962821 18.804429 115.202533 256.000000 249.124513 16.896853 117.744524 0.000000 11.401678 12.399158 117.862753 256.000000 250.884244
19.654171 39.729293 64.000000 12.326720 13.688595 43.806102 256.000000 239.504078 136.782882 30.098458 0.000000 9.925914 137.427907 26.600540 256.000000 243.901254 81.544158 118.756469 0.000000 12.429980 94.701584 138.016618 256.000000 235.042365 165.753133 84.286129 64.000000 20.755356 164.058055 80.330836 256.000000 241.866162
