28.745509 26.369009 64.000000 20.312197 27.625155 29.692360 256.000000 220.917192 120.652931 161.395182 64.000000 46.217670 109.899380 139.272835 256.000000 203.547919 24.282778 121.690191 0.000000 28.379422 19.602264 117.243742 256.000000 218.507781 158.883605 148.252447 64.000000 24.829843 158.129485 147.413400 256.000000 229.406064
49.544925 30.558664 0.000000 12.331022 49.022853 31.148525 256.000000 240.364582 15.325745 54.599267 0.000000 16.607727 16.104395 57.975176 256.000000 229.410366 157.195813 84.070553 0.000000 9.022384 157.625667 85.818222 256.000000 246.852782 170.450138 52.688422 0.000000 13.574451 170.942491 52.354720 256.000000 247.261522
80.822089 145.803753 0.000000 16.723895 82.602307 144.003569 256.000000 259.635569 59.475844 130.153620 64.000000 21.917037 55.776482 129.282755 256.000000 228.949997 74.888240 21.312807 0.000000 14.929744 71.293665 21.112869 256.000000 224.991678 81.747576 123.584000 64.000000 17.098214 75.401644 133.158278 256.000000 226.880485
57.617836 81.584022 64.000000 24.167255 58.257111 77.797447 256.000000 234.943407 149.456396 4.524131 64.000000 37.746008 141.562658 24.179962 256.000000 228.450904 52.271455 39.228616 64.000000 13.845509 54.465058 41.480085 256.000000 249.146026 91.301173 86.562120 64.000000 26.925170 12.670382 85.198067 256.000000 218.172184
50.134136 3.463867 0.000000 10.958518 51.506767 3.544225 256.000000 254.188579 77.842487 142.264985 0.000000 31.941908 74.468849 136.961349 256.000000 225.576821 129.892945 68.038500 64.000000 16.698080 128.010493 64.532669 256.000000 232.348988 61.800022 143.056020 0.000000 15.020097 57.059671 146.235351 256.000000 228.975812
3.970445 113.541895 0.000000 12.713947 3.927513 112.179229 256.000000 244.576749 10.378567 145.445604 64.000000 13.944467 12.352271 146.608091 256.000000 241.956515 44.149500 90.699769 64.000000 13.170014 48.481331 93.808324 256.000000 236.247071 63.772705 32.517511 64.000000 9.151460 63.739524 33.545211 256.000000 243.970094
141.656595 22.043058 64.000000 76.421360 146.198676 23.311813 256.000000 173.757270 74.153193 167.339555 0.000000 23.814448 57.889880 170.657751 256.000000 221.420587 25.871275 116.916893 64.000000 14.060635 24.233776 114.469169 256.000000 245.802968 185.639733 90.588958 0.000000 34.596563 166.404760 81.104022 256.000000 230.705425
75.405413 96.421722 64.000000 17.610214 74.174098 96.916300 256.000000 241.655338 172.779940 31.047020 0.000000 38.847453 149.731725 12.036831 256.000000 225.262737 13.097144 69.428396 0.000000 15.157778 16.155373 66.858851 256.000000 219.777024 91.165540 140.214647 0.000000 51.432324 90.236245 138.926111 256.000000 205.023683
32.214858 144.679020 0.000000 9.577410 26.408335 148.205773 256.000000 240.386095 16.173502 114.324422 64.000000 34.471790 14.021638 107.167040 256.000000 225.989863 30.423956 11.874464 0.000000 22.876499 30.590880 15.805967 256.000000 260.655267 188.475942 75.457798 0.000000 16.676568 195.724895 67.573100 256.000000 249.021253
166.879475 35.832795 0.000000 16.349576 165.410560 34.923787 256.000000 251.942664 24.529409 72.213922 64.000000 11.367258 22.018236 74.149442 256.000000 257.415469 2.442458 46.940722 64.000000 11.100502 2.412425 48.579965 256.000000 243.625892 96.207005 214.100720 0.000000 17.537072 95.215042 214.853131 256.000000 237.245255
102.085140 169.934447 64.000000 28.142783 98.116220 169.883702 256.000000 240.201087 34.972565 132.696405 0.000000 17.524164 41.282658 130.684051 256.000000 229.178030 73.360764 53.173465 64.000000 15.902114 74.362509 53.423875 256.000000 225.069124 34.824313 65.163980 64.000000 12.021241 38.346375 66.236680 256.000000 253.091436
44.036709 154.400795 64.000000 14.095056 42.259165 154.117025 256.000000 232.860987 135.388784 85.391753 0.000000 11.350048 142.696445 94.082167 256.000000 246.280547 150.671322 96.960249 64.000000 33.581169 122.653864 79.592762 256.000000 225.809157 34.808618 77.658471 0.000000 21.938549 44.048896 77.742629 256.000000 220.689158
8.320491 47.894367 64.000000 12.666619 4.747907 49.654144 256.000000 254.696276 165.479765 29.813153 0.000000 8.914821 166.030249 26.809551 256.000000 231.716517 56.149380 29.693233 64.000000 57.167583 53.212555 49.145013 256.000000 196.857500 43.698853 59.863251 0.000000 13.213039 37.904515 54.797520 256.000000 229.096282
114.024345 37.282996 64.000000 15.067425 113.117727 36.661784 256.000000 239.194297 47.772602 33.720875 64.000000 8.901914 44.946196 33.599220 256.000000 258.026427 19.657180 125.890749 64.000000 28.228834 20.797471 121.354067 256.000000 226.927812 121.905204 149.244460 64.000000 9.499964 123.538280 148.079947 256.000000 251.469386
93.408082 88.902727 64.000000 21.263054 94.408216 84.817849 256.000000 246.783942 21.021851 196.182185 0.000000 55.549836 28.367453 161.529993 256.000000 191.625636 126.987675 119.396747 64.000000 17.463929 126.028576 118.636569 256.000000 248.100513 6.239802 53.172285 64.000000 35.913134 124.684022 49.834662 256.000000 224.970166
97.223549 93.996600 0.000000 24.214583 91.989965 97.758793 256.000000 235.330634 56.939424 48.462965 0.000000 12.266485 67.427185 38.394342 256.000000 245.075842 102.213271 18.808924 0.000000 21.099558 99.679078 17.852733 256.000000 255.350259 37.655033 153.227924 64.000000 13.234552 33.636993 154.167338 256.000000 224.853998
165.348235 20.892671 64.000000 17.119727 164.736238 20.136209 256.000000 244.968279 104.022325 99.088260 0.000000 24.902986 104.811847 94.821456 256.000000 244.340111 102.185115 137.966235 0.000000 20.419760 103.455755 133.771395 256.000000 234.233491 21.434338 106.635644 64.000000 23.504667 22.198865 103.332280 256.000000 232.525391
20.659878 95.350716 64.000000 12.326720 21.410673 101.232367 256.000000 266.708912 8.502069 90.911564 0.000000 15.230921 10.781718 92.459229 256.000000 259.609754 24.243549 140.261405 64.000000 14.082148 28.745489 142.299055 256.000000 253.943335 100.299384 151.551629 64.000000 17.016467 111.467009 149.942698 256.000000 245.420043
101.273224 27.371656 64.000000 35.603353 96.889745 32.880524 256.000000 207.235178 73.839067 175.622813 64.000000 22.433339 74.441098 174.214558 256.000000 230.124585 130.833116 153.031973 0.000000 14.598450 130.255984 152.440907 256.000000 235.498432 116.169195 31.991422 0.000000 23.676768 117.336875 36.883958 256.000000 230.498904
27.831724 197.234445 64.000000 19.421575 29.818404 197.280695 256.000000 242.606195 85.896895 32.699375 0.000000 14.335997 94.612844 46.565147 256.000000 234.732584 168.265993 66.234905 0.000000 15.342786 168.765796 69.914485 256.000000 262.367670 175.033747 134.367053 64.000000 82.634199 175.373647 134.322947 256.000000 190.786644
29.738524 93.756084 64.000000 24.907288 32.267204 92.387242 256.000000 227.956115 5.524511 18.213415 64.000000 10.011964 7.779247 12.352327 256.000000 268.989248 90.427344 94.205740 64.000000 14.675896 90.358964 92.491453 256.000000 234.526063 22.076067 155.262211 64.000000 30.913606 27.291138 152.517435 256.000000 231.811173
74.835955 67.031935 64.000000 9.194485 75.739980 67.593013 320.000000 256.580780 63.289105 16.359409 64.000000 26.675624 74.311955 20.541496 256.000000 222.707040 50.033649 161.175104 0.000000 14.163896 46.902880 161.201298 256.000000 260.306763 18.961227 190.167156 0.000000 14.632871 33.268118 197.655020 256.000000 218.103344
106.151464 67.056064 0.000000 35.706613 28.370449 102.971085 256.000000 226.828854 28.424735 113.891418 0.000000 18.156634 24.725631 112.322067 256.000000 248.139236 30.966696 108.239598 0.000000 12.795694 24.189013 115.099655 256.000000 237.477591 91.606991 187.165151 64.000000 33.856530 77.316733 181.319904 256.000000 233.992550
28.185555 105.637638 0.000000 30.775926 35.167456 96.739195 256.000000 222.784486 6.051564 142.714784 64.000000 17.971626 10.664324 144.332764 256.000000 234.934802 38.234715 101.464567 0.000000 11.771695 33.615055 104.709889 256.000000 249.597790 57.912213 36.576029 0.000000 30.285438 33.289078 54.111567 256.000000 239.220112
100.707513 154.660242 0.000000 37.556697 99.041516 149.591811 256.000000 237.000012 97.770882 177.678844 0.000000 24.868566 97.492076 165.598325 256.000000 222.074570 50.661320 13.343282 0.000000 94.427406 50.759442 17.372767 256.000000 154.550821 14.319947 211.071262 0.000000 11.651224 21.839251 215.318816 256.000000 252.562227
17.129778 56.386022 64.000000 8.979359 9.179476 50.325176 256.000000 253.108647 180.565675 49.925264 0.000000 35.599050 175.744987 52.588249 256.000000 218.103344 81.361473 204.010049 0.000000 20.277777 76.136909 205.684436 256.000000 239.340583 135.825845 92.773973 64.000000 20.931760 133.175720 98.332656 256.000000 236.014735
47.372095 48.746911 0.000000 23.151860 46.006085 51.279120 256.000000 226.093123 27.088107 73.284698 64.000000 19.404365 24.444744 69.556618 256.000000 240.911002 19.256665 20.994462 64.000000 14.047728 23.530936 19.781402 320.000000 243.367741 14.729805 113.737736 64.000000 24.571692 21.342771 110.310700 256.000000 237.481894
93.966353 162.751149 64.000000 8.708300 94.984880 184.638104 256.000000 236.328819 156.493513 129.362487 0.000000 11.797510 157.320113 129.277773 256.000000 257.742461 122.535047 162.632760 0.000000 36.321874 120.550358 157.172467 256.000000 207.751481 32.635696 54.748567 0.000000 44.453637 29.924009 65.402095 256.000000 192.094610
72.709500 94.936333 0.000000 23.569205 69.644238 83.672320 256.000000 236.939776 38.498740 70.830453 64.000000 17.012164 33.762356 69.470255 256.000000 236.991407 59.264524 137.895904 64.000000 8.605040 59.049818 137.394698 320.000000 259.390326 28.667565 216.175722 0.000000 30.603825 23.655191 218.328396 256.000000 214.996924
73.651193 77.663751 64.000000 11.965308 72.752651 74.122364 256.000000 251.052042 119.563222 77.530716 0.000000 15.889206 118.144687 77.751587 256.000000 225.589729 58.093862 120.111551 64.000000 16.616332 57.811069 118.066047 256.000000 243.062262 48.995018 130.763958 64.000000 36.145471 40.533971 116.351689 256.000000 212.389597
2.507265 170.963735 0.000000 43.825469 4.644995 166.098387 256.000000 207.433094 141.146607 192.453520 0.000000 35.190311 141.858611 186.901264 256.000000 233.411710 115.216925 89.329218 64.000000 9.104132 120.745680 85.800013 256.000000 252.880613 37.740489 158.670735 64.000000 13.759459 35.730838 159.321831 256.000000 236.281491
72.702096 13.983373 0.000000 15.613845 71.494738 15.870427 256.000000 239.026499 58.718605 173.916425 64.000000 27.514615 53.293745 173.070125 256.000000 222.246671 34.453484 82.291742 0.000000 15.226618 29.613811 84.743878 256.000000 236.311608 3.012747 228.442109 0.000000 18.203962 1.309424 227.968338 256.000000 239.370700
