12.270589 114.880549 64.000000 20.402550 10.415369 113.551918 256.000000 239.689087 96.264164 112.989044 64.000000 27.123086 94.972973 113.882147 256.000000 229.500719 79.680093 111.185675 64.000000 29.119455 81.814385 103.563220 256.000000 218.830470 65.966607 108.024138 0.000000 92.740819 66.438907 108.865060 256.000000 162.355592
101.721022 62.361316 0.000000 36.369202 91.529267 65.450353 256.000000 229.707240 128.866589 82.499996 64.000000 35.917437 123.414240 75.571740 256.000000 233.239609 178.709524 67.317640 64.000000 8.747023 181.062636 70.021960 256.000000 238.574734 166.631605 128.515858 64.000000 37.337269 162.924893 128.156316 256.000000 219.239209
40.938371 146.721080 0.000000 16.964836 40.622140 145.364995 256.000000 253.551806 128.497947 54.051878 0.000000 18.466416 130.733885 67.674793 256.000000 246.431136 53.398900 83.365705 0.000000 17.808130 45.555049 86.423829 256.000000 240.016078 57.363764 78.455084 0.000000 12.546148 59.067907 85.094033 256.000000 233.424618
36.652802 95.104833 64.000000 9.792536 41.236985 95.820011 256.000000 240.442028 154.976873 53.046124 0.000000 43.631855 152.827073 49.478507 256.000000 233.644046 85.896895 32.699375 0.000000 14.335997 94.612844 46.565147 256.000000 234.732584 4.240124 193.735335 0.000000 9.018082 8.809062 196.803295 256.000000 221.825024
50.674956 121.829155 64.000000 24.253305 49.497775 118.063909 256.000000 218.210907 68.676755 97.329518 0.000000 10.893981 80.071449 97.603189 256.000000 262.789317 187.348636 27.720556 64.000000 10.717577 188.270122 25.712145 256.000000 235.369357 114.855331 29.471231 0.000000 36.300361 104.284420 45.244284 256.000000 237.382936
35.702207 48.098267 64.000000 24.644835 42.931751 60.875165 256.000000 208.766875 65.995273 17.603931 64.000000 34.626681 53.849513 26.514911 256.000000 201.310608 86.544967 118.230467 0.000000 21.942852 84.877275 117.538678 256.000000 246.194497 109.010311 96.435138 64.000000 32.694849 116.407407 90.731064 256.000000 223.382536
59.368589 211.359625 64.000000 15.269643 56.544825 212.494982 256.000000 248.797522 57.617836 81.584022 64.000000 24.167255 58.257111 77.797447 256.000000 234.943407 65.552865 121.856040 0.000000 35.302177 60.589653 114.774555 256.000000 216.786773 28.745509 26.369009 64.000000 20.312197 27.625155 29.692360 256.000000 220.917192
125.398836 164.350667 0.000000 16.693778 121.587555 167.779255 256.000000 227.745291 20.708456 100.869973 0.000000 12.253577 17.106507 98.555240 256.000000 250.996109 48.036545 135.838311 64.000000 46.536056 50.327805 129.741871 256.000000 213.159748 32.214858 144.679020 0.000000 9.577410 26.408335 148.205773 256.000000 240.386095
110.724709 50.019300 64.000000 24.756700 107.803685 50.929584 256.000000 227.676451 185.862455 76.177904 64.000000 18.135122 184.838684 75.613564 256.000000 225.817762 66.513080 33.341609 0.000000 27.157506 60.694647 37.995367 256.000000 245.312480 92.937716 60.582467 64.000000 22.824869 89.759685 56.411429 256.000000 218.017293
37.034860 29.058287 64.000000 17.386483 38.017929 31.147805 256.000000 223.339511 112.226209 192.366913 64.000000 10.433611 117.396813 197.045798 256.000000 245.329690 121.905204 149.244460 64.000000 9.499964 123.538280 148.079947 256.000000 251.469386 139.233920 86.963915 0.000000 32.565774 136.470338 90.050258 256.000000 224.578636
92.439795 65.796035 64.000000 15.902114 90.910322 62.362502 256.000000 241.281019 39.195789 25.976678 0.000000 17.068097 47.395004 38.782520 256.000000 228.739173 110.149944 84.583931 0.000000 16.254921 116.037622 75.123989 256.000000 254.571503 74.929262 29.318124 0.000000 11.268300 73.656978 28.601778 256.000000 236.238466
111.808555 161.640847 0.000000 32.927186 104.192224 161.358289 256.000000 223.541729 100.707513 154.660242 0.000000 37.556697 99.041516 149.591811 256.000000 237.000012 32.166531 100.538376 64.000000 16.517374 25.684493 89.061575 256.000000 249.847336 155.348516 72.619209 0.000000 68.302505 155.328738 72.865965 256.000000 184.169369
130.691471 114.655087 0.000000 18.281407 130.434216 113.352582 256.000000 240.553893 131.343136 101.392327 64.000000 17.554282 130.179824 103.665585 256.000000 250.363639 38.824896 37.357022 64.000000 9.947426 42.073756 36.990547 256.000000 246.241825 22.338982 52.499553 0.000000 16.736803 30.623811 55.126027 256.000000 224.501191
119.648467 40.002355 0.000000 20.157306 117.670491 40.960775 256.000000 242.911674 6.854051 201.030160 0.000000 9.835561 7.654138 200.552518 256.000000 243.694733 1.233144 119.627404 0.000000 42.100158 7.022495 115.315484 256.000000 208.788388 16.173502 114.324422 64.000000 34.471790 14.021638 107.167040 256.000000 225.989863
13.478856 116.202302 64.000000 12.795694 15.892915 117.796398 256.000000 242.765388 79.903707 99.402847 64.000000 10.119527 77.978391 101.918524 256.000000 252.136277 108.938509 133.369435 0.000000 25.879658 97.929782 137.753709 256.000000 215.203445 88.459984 7.086082 0.000000 52.082005 89.308867 9.895433 256.000000 227.392485
16.206691 55.065833 64.000000 21.465272 8.386422 57.140327 256.000000 235.231676 79.896958 84.966682 64.000000 18.539559 76.528782 81.907047 256.000000 215.332521 39.346242 107.190235 64.000000 18.548164 38.393538 105.990764 256.000000 241.737086 137.268584 15.051349 64.000000 21.099558 134.575720 14.226598 256.000000 235.760886
3.050340 42.109927 0.000000 64.572220 9.617251 45.424149 256.000000 182.775352 40.207080 146.475033 64.000000 21.482482 33.258915 148.172856 256.000000 236.539642 147.500175 161.464844 0.000000 25.277305 147.454253 158.061136 256.000000 228.016350 4.966942 141.416887 0.000000 14.077845 1.257238 139.361949 256.000000 238.273558
34.766696 108.665462 0.000000 27.269372 35.709822 102.247949 256.000000 227.685056 8.380000 40.071644 64.000000 10.123830 3.380902 40.818485 256.000000 248.715774 119.029505 138.226840 64.000000 17.562887 118.002580 137.358964 256.000000 223.580452 14.217020 142.817329 0.000000 11.694249 19.934987 148.222665 256.000000 233.682769
172.896900 89.484569 64.000000 13.570148 175.293160 83.119973 320.000000 234.771306 59.372300 111.012384 64.000000 23.401406 60.199887 105.850555 256.000000 239.646061 164.988636 74.973093 0.000000 20.570348 165.097602 77.915595 256.000000 240.480750 111.966315 66.729235 64.000000 15.841879 112.118400 69.714047 256.000000 251.525319
55.847436 84.936347 0.000000 15.239526 52.912525 91.715135 256.000000 232.770635 137.583022 74.966907 64.000000 15.252433 136.801649 75.411773 256.000000 43.575923 2.359631 74.636249 64.000000 16.990651 3.269567 73.087115 256.000000 218.477663 29.101067 98.785411 64.000000 62.967380 28.446645 97.625213 256.000000 201.646205
92.168947 143.467780 0.000000 9.121342 92.208745 144.087784 256.000000 235.180046 100.746238 142.186009 0.000000 32.389371 97.216833 131.447536 256.000000 213.581395 122.535047 162.632760 0.000000 36.321874 120.550358 157.172467 256.000000 207.751481 53.143509 122.333893 0.000000 13.333509 47.979213 130.723204 256.000000 235.033760
81.242320 48.158545 64.000000 17.132635 79.009900 47.323480 256.000000 239.878398 161.774140 76.356115 64.000000 14.525308 160.938340 79.269695 256.000000 245.101657 58.052636 225.685075 64.000000 49.466072 57.082967 224.507498 256.000000 231.884315 122.622000 195.077075 0.000000 31.425606 113.144467 197.893682 256.000000 231.824080
41.921765 182.197856 64.000000 51.707685 38.450113 182.291069 256.000000 201.861331 3.589807 96.712311 0.000000 33.662916 34.720880 107.478675 256.000000 234.771306 26.711402 229.198815 0.000000 19.232264 33.897320 230.493016 256.000000 225.464956 115.065707 123.381444 0.000000 31.034077 113.618075 123.153858 256.000000 225.972653
56.500242 102.336145 64.000000 12.206249 59.234082 99.523696 256.000000 256.890562 30.671849 106.610867 0.000000 13.501308 37.389607 114.350785 256.000000 243.957187 16.407253 92.508484 64.000000 10.696065 17.107229 99.356711 256.000000 243.483909 31.331076 199.680395 64.000000 20.953272 30.419884 197.903995 256.000000 222.513427
6.051564 142.714784 64.000000 17.971626 10.664324 144.332764 256.000000 234.934802 50.349764 117.879813 64.000000 23.612230 57.903593 115.000471 256.000000 244.791875 49.459344 201.804356 64.000000 11.173644 45.796444 203.579418 256.000000 241.246599 14.090802 56.578991 0.000000 11.535056 15.037084 57.992176 256.000000 259.429048
64.906593 33.819460 0.000000 18.246987 59.952438 33.324735 256.000000 251.017622 76.739367 192.612287 0.000000 29.054918 74.088898 196.664945 256.000000 231.359408 115.935044 106.047860 0.000000 10.119527 114.212253 112.037613 256.000000 241.513355 163.349582 68.993985 0.000000 23.616532 163.795302 72.958098 256.000000 230.787173
122.023353 179.761607 0.000000 21.099558 122.151736 177.342455 256.000000 227.607611 28.706753 121.950285 64.000000 31.429909 54.737324 132.565645 256.000000 244.176615 150.424771 41.788862 64.000000 8.833074 150.526064 40.276320 256.000000 237.322701 106.875553 18.551487 0.000000 22.502180 108.435431 23.815624 256.000000 221.080688
110.549889 125.502767 0.000000 19.546348 118.739296 128.139656 256.000000 239.202902 34.373513 59.738171 64.000000 9.887191 36.184169 58.059960 256.000000 255.182461 113.189873 176.416522 64.000000 20.763962 105.355531 184.973375 256.000000 243.230061 26.070609 150.403436 0.000000 17.644635 22.786273 150.544596 256.000000 234.125928
172.437149 31.840602 64.000000 26.464801 166.798153 26.700680 256.000000 224.363510 139.347180 137.527115 64.000000 28.663388 145.918738 119.289540 256.000000 240.269927 182.054687 100.129787 64.000000 39.781100 116.746145 65.961356 256.000000 220.095411 79.469556 116.580662 0.000000 15.273946 80.211518 115.131736 256.000000 266.790660
103.123578 77.453435 64.000000 14.383324 101.734740 79.157969 256.000000 245.777152 122.039611 64.502769 64.000000 16.547492 123.434231 67.466018 256.000000 240.657154 142.760336 74.112133 64.000000 34.665404 80.735189 211.378449 256.000000 251.241353 38.465531 24.717051 0.000000 11.384468 38.233862 21.852053 256.000000 255.044781
56.800791 182.492545 0.000000 11.083292 57.420520 182.318491 256.000000 231.540114 79.901436 106.024035 0.000000 15.299761 85.631133 102.335940 256.000000 237.150600 52.540149 188.787756 0.000000 23.711188 20.196544 194.739711 256.000000 239.951540 60.730109 78.543518 0.000000 11.143527 63.801280 77.804675 256.000000 231.716517
67.382816 48.964689 64.000000 26.671321 65.172365 53.092329 256.000000 231.454063 129.252107 124.296596 64.000000 38.976529 112.604829 129.469191 256.000000 221.695948 11.388811 32.335258 0.000000 17.846853 19.680096 25.890320 256.000000 221.773393 104.989685 57.777318 0.000000 23.052902 109.966716 71.230445 256.000000 238.213322
