5.021276 203.031544 0.000000 29.321674 16.870344 197.765195 256.000000 244.503607 84.373558 175.106660 0.000000 32.006446 82.464393 173.531896 256.000000 232.353290 5.028629 103.858620 0.000000 20.475693 9.703865 102.446484 256.000000 240.519473 32.055738 37.808475 64.000000 11.423191 33.659311 39.624451 256.000000 235.524247
59.453129 229.706502 64.000000 19.120399 62.289287 218.725742 256.000000 233.394500 58.718605 173.916425 64.000000 27.514615 53.293745 173.070125 256.000000 222.246671 13.813731 137.332780 64.000000 38.240798 37.607516 110.726745 256.000000 202.988591 43.299495 198.557840 0.000000 79.945124 49.760851 197.568384 256.000000 183.549806
111.450676 38.638220 0.000000 27.140296 103.887784 29.200589 256.000000 225.129359 188.622940 109.204620 0.000000 37.668563 179.767475 107.473880 256.000000 207.992422 65.204805 100.295509 0.000000 9.913006 64.851556 106.718382 256.000000 247.511068 34.327855 164.249140 64.000000 23.642347 36.126685 161.737185 256.000000 242.317926
118.353189 46.170409 64.000000 13.841207 117.208893 45.797407 256.000000 237.068852 68.731215 108.770493 0.000000 13.359325 65.598336 113.315849 256.000000 246.289152 101.618240 29.818133 64.000000 9.771023 100.472418 29.351200 256.000000 241.836044 85.572673 23.943569 64.000000 14.594148 84.446675 24.315627 256.000000 205.415212
26.825164 115.401944 0.000000 10.992939 23.260849 115.711682 256.000000 243.978699 52.835247 51.781378 64.000000 16.052702 69.583842 68.863142 256.000000 230.692517 99.795938 93.185245 64.000000 10.485241 97.333413 94.111665 256.000000 235.704953 49.227076 7.000147 64.000000 20.097071 49.274504 7.262571 256.000000 255.599806
27.452424 133.138002 64.000000 23.190583 31.059193 129.880605 256.000000 224.036519 72.768691 183.442273 0.000000 22.540902 85.008535 179.415085 256.000000 236.380449 10.276265 48.949949 0.000000 24.649137 8.105729 56.923951 256.000000 242.989120 10.972191 26.816889 64.000000 22.459154 13.603804 27.367676 256.000000 222.384351
86.121393 14.505578 0.000000 15.192198 83.573505 7.712885 256.000000 236.117995 129.047360 119.633291 64.000000 26.619691 124.054211 118.494016 256.000000 231.957458 69.851945 80.169831 0.000000 17.382181 65.372311 61.783133 256.000000 220.878469 32.430438 5.650187 64.000000 9.431124 25.335587 2.515089 256.000000 249.133118
140.397078 39.189145 64.000000 93.984247 139.811302 37.024555 256.000000 169.278347 74.030536 197.001118 0.000000 30.526379 69.192676 199.010471 256.000000 238.286465 23.564007 163.445976 64.000000 12.701039 27.933562 167.245251 256.000000 266.687400 29.013856 114.445456 64.000000 15.751526 31.069520 111.506675 256.000000 227.831342
140.305331 57.665624 0.000000 17.975929 141.904100 62.363633 256.000000 250.836916 7.665985 166.410100 64.000000 18.991323 6.955175 165.139015 256.000000 243.918464 74.729205 121.672260 0.000000 9.977544 84.987644 139.594825 256.000000 247.136749 147.272880 38.159198 64.000000 51.518374 149.551562 21.901984 256.000000 214.192353
154.001596 115.205582 0.000000 40.697537 127.524595 131.752545 256.000000 217.070739 47.679822 226.791865 64.000000 21.138281 54.550549 227.757656 256.000000 226.321157 176.162336 44.389535 64.000000 32.453908 171.877078 40.972425 256.000000 228.734871 134.747718 55.433624 0.000000 12.219157 137.303113 59.794524 256.000000 257.751066
105.815225 52.562211 64.000000 21.796566 103.997995 53.940725 256.000000 250.105488 31.998435 92.826351 64.000000 16.388299 18.975876 89.892718 256.000000 242.533052 74.803342 161.609838 64.000000 17.747895 74.118962 160.430584 256.000000 237.296886 72.207015 61.908698 0.000000 9.172973 72.561862 58.157789 256.000000 248.251101
127.029964 41.753204 0.000000 23.379894 118.135356 34.721144 256.000000 217.746235 73.062711 138.290604 0.000000 31.214783 73.222695 132.999991 256.000000 244.417556 78.187447 83.806511 64.000000 10.575594 76.698942 83.350284 256.000000 264.815803 53.122098 161.323955 0.000000 25.741977 53.728940 164.495255 256.000000 234.560483
3.670638 119.854302 0.000000 18.165239 12.205184 130.190871 256.000000 239.271742 56.003727 88.560378 0.000000 17.519861 60.262858 95.827624 256.000000 248.393085 47.497091 64.022865 64.000000 15.966652 49.005596 59.416231 256.000000 238.665087 26.793016 228.415191 64.000000 35.895924 30.495076 226.003158 256.000000 222.513427
75.785991 39.740342 0.000000 47.542846 71.951884 41.619989 256.000000 202.308793 82.192055 221.843425 64.000000 15.609543 84.863675 220.734840 256.000000 238.587642 58.121231 92.188902 64.000000 54.577466 59.308316 96.001102 256.000000 202.248558 55.942131 43.230262 64.000000 29.244228 61.755340 54.428833 256.000000 18.117912
58.172944 40.653816 0.000000 9.181578 63.734391 37.319909 256.000000 233.824752 123.734142 91.028853 0.000000 31.361068 117.004102 102.132605 256.000000 225.985560 30.973882 5.381245 0.000000 15.781643 35.100095 4.878649 256.000000 237.043037 12.881842 105.930407 64.000000 11.608199 8.669916 114.052153 256.000000 220.951612
26.688709 206.425647 0.000000 36.446647 21.504569 196.305678 256.000000 224.238737 120.317113 97.598700 0.000000 10.076502 132.758327 91.373336 256.000000 251.585554 37.660340 87.401349 64.000000 13.497005 34.537213 87.956800 256.000000 269.647533 53.801198 162.290158 0.000000 27.364027 49.744245 153.071369 256.000000 207.144825
8.852495 220.880264 0.000000 27.140296 7.600442 216.164395 256.000000 216.455479 45.946125 33.033680 0.000000 27.635086 39.998651 32.524633 256.000000 229.341526 91.618011 96.077042 64.000000 41.368730 63.049875 83.136140 256.000000 195.975483 162.006562 36.291051 0.000000 21.275961 162.120491 39.549605 256.000000 240.579708
27.117231 199.187736 0.000000 23.504667 33.596487 198.629398 256.000000 243.471002 41.867091 90.432611 0.000000 18.900970 53.292344 97.276129 256.000000 233.820449 2.544538 105.740947 0.000000 38.993739 23.165204 100.272358 256.000000 223.292183 52.522338 110.110553 64.000000 11.754485 61.592113 121.634275 256.000000 241.293927
4.966942 141.416887 0.000000 14.077845 1.257238 139.361949 256.000000 238.273558 9.267062 20.964173 0.000000 39.096999 148.260442 79.160940 256.000000 218.916520 37.128682 209.947736 64.000000 42.637973 40.818209 200.328075 256.000000 224.875510 78.647229 104.157975 0.000000 24.012364 75.583829 101.986873 256.000000 236.784886
124.143615 23.482011 0.000000 26.688532 120.660775 24.310958 256.000000 222.629595 92.678140 121.839024 0.000000 26.314212 92.213302 116.312642 256.000000 233.351475 15.313413 51.961855 64.000000 78.650066 18.620264 55.702796 256.000000 198.066508 3.837027 65.600167 64.000000 16.564702 6.565978 60.927544 256.000000 244.081960
66.581571 87.358213 64.000000 10.833745 67.119818 95.958876 256.000000 235.816819 2.317280 151.081180 64.000000 22.248331 1.006342 149.302020 256.000000 210.388925 178.365764 18.641527 64.000000 12.012636 185.600584 21.865107 256.000000 232.628651 10.295047 160.512218 0.000000 53.970811 9.389993 157.989240 256.000000 200.931987
143.075353 68.552007 0.000000 17.330551 150.792107 70.077338 256.000000 228.179846 68.187982 30.004047 0.000000 31.391186 64.635811 30.338049 256.000000 225.615544 29.050013 77.110142 64.000000 10.235695 32.195473 79.972753 256.000000 269.406592 81.137104 97.780907 0.000000 9.504267 88.928820 94.092995 256.000000 255.238394
114.496018 120.833876 64.000000 16.018282 113.048436 126.113102 256.000000 232.835172 153.212044 25.188042 0.000000 30.780228 149.074351 37.657642 256.000000 196.371315 78.580771 29.415876 0.000000 30.414514 41.367289 62.637673 256.000000 231.161492 27.566324 203.639398 64.000000 13.957375 22.463764 206.709980 256.000000 232.112349
50.349764 117.879813 64.000000 23.612230 57.903593 115.000471 256.000000 244.791875 80.628125 184.905969 0.000000 13.690619 74.208142 199.010944 256.000000 247.016278 160.687711 48.311495 0.000000 21.693306 160.940675 45.327355 256.000000 218.559411 81.962985 53.185318 0.000000 18.371760 81.113389 50.663324 256.000000 258.555637
121.399242 60.704349 0.000000 16.491559 124.812651 66.438678 256.000000 237.916448 50.661320 13.343282 0.000000 94.427406 50.759442 17.372767 256.000000 154.550821 170.873224 72.239276 0.000000 30.973841 170.252569 63.873482 256.000000 216.360823 152.094071 105.263680 64.000000 18.100702 151.206073 105.905960 256.000000 231.096954
35.509058 54.475393 0.000000 10.450821 38.037085 58.809929 256.000000 231.755240 56.567838 196.509396 0.000000 55.760659 55.231724 194.388965 256.000000 199.731583 9.250653 11.833258 64.000000 17.089609 10.334025 12.598653 256.000000 248.040278 3.284702 105.068487 64.000000 13.548635 4.367922 103.477844 256.000000 231.221727
109.634384 164.132573 64.000000 17.919996 97.009676 187.852329 256.000000 238.226230 40.827058 48.406571 64.000000 14.125173 42.325915 43.132398 256.000000 239.904213 67.225387 180.453080 64.000000 20.411155 65.552587 180.273385 256.000000 240.076313 72.956655 12.436527 64.000000 23.900499 66.317969 16.953136 256.000000 241.573590
60.896091 222.667844 0.000000 10.859560 67.294905 225.239976 256.000000 233.394500 23.837776 111.246518 64.000000 17.747895 27.467038 115.159189 256.000000 241.065893 131.027647 169.788111 64.000000 54.297802 127.859631 168.259569 256.000000 202.661600 100.265447 155.312098 0.000000 21.697608 42.005862 177.207344 256.000000 246.848480
52.117495 190.759996 64.000000 8.781443 50.349860 192.445073 256.000000 254.911402 104.584565 154.030913 64.000000 24.838448 99.435751 157.263889 256.000000 236.006130 31.863636 86.683547 64.000000 14.688803 27.179562 84.842451 256.000000 240.652851 99.847335 60.545264 0.000000 13.884232 99.207118 57.788867 256.000000 254.674764
8.644393 99.333869 64.000000 10.653040 10.688598 101.302244 256.000000 239.658969 20.710113 58.075004 64.000000 24.730885 29.373673 52.053996 256.000000 219.643646 88.652798 117.228875 0.000000 43.713603 77.585624 64.212338 256.000000 205.574406 126.987675 119.396747 64.000000 17.463929 126.028576 118.636569 256.000000 248.100513
19.058364 203.735855 0.000000 15.562215 23.494800 205.882587 256.000000 223.571847 3.210391 109.571593 64.000000 34.123286 9.343884 110.192595 256.000000 232.417828 45.545256 14.155000 0.000000 33.705942 46.548500 20.307518 256.000000 222.160620 65.462491 119.861738 64.000000 13.002215 68.523924 117.247624 256.000000 240.179574
134.547220 79.241140 64.000000 26.994010 131.490520 71.665055 256.000000 237.546432 25.599495 85.417035 64.000000 11.522149 24.066764 82.741711 256.000000 257.402562 57.907642 151.998678 0.000000 18.543861 60.751596 153.092665 256.000000 246.607539 32.467398 6.465049 64.000000 26.800397 40.849496 7.413896 256.000000 251.030529
