89.785916 43.429000 64.000000 33.034749 88.112218 47.741267 256.000000 212.686471 54.616044 0.193547 0.000000 26.383053 46.917902 11.652038 256.000000 215.461597 22.435744 139.690320 64.000000 21.043625 21.471347 138.413524 256.000000 230.447274 89.934624 78.981365 64.000000 32.333438 66.696462 86.533065 256.000000 229.083375
165.512616 47.469487 64.000000 26.413170 163.631533 51.985555 256.000000 232.138164 79.720033 67.062958 64.000000 42.207721 57.651545 81.118605 256.000000 220.951612 97.939984 163.197009 64.000000 9.947426 100.180824 162.525302 256.000000 228.106703 13.813731 137.332780 64.000000 38.240798 37.607516 110.726745 256.000000 202.988591
128.866589 82.499996 64.000000 35.917437 123.414240 75.571740 256.000000 233.239609 149.080335 89.049538 0.000000 21.189911 151.826773 73.488038 256.000000 232.628651 8.030698 88.901573 0.000000 16.319458 12.486653 88.756542 256.000000 238.923238 44.093327 1.906653 0.000000 18.487928 48.202262 1.155587 256.000000 254.029386
159.622700 40.634956 64.000000 19.623794 159.394805 40.847284 256.000000 248.999740 34.327855 164.249140 64.000000 23.642347 36.126685 161.737185 256.000000 242.317926 159.655249 45.624331 64.000000 17.941508 158.225095 45.414704 256.000000 238.643574 77.131278 58.960256 0.000000 12.688131 76.795344 61.449791 256.000000 239.387910
97.301505 31.731827 64.000000 40.602881 92.174669 36.859913 256.000000 246.168682 60.730109 78.543518 0.000000 11.143527 63.801280 77.804675 256.000000 231.716517 151.446165 152.719489 0.000000 31.391186 142.381887 154.908320 256.000000 230.408551 159.789004 167.861336 64.000000 43.390914 143.833838 152.643767 256.000000 220.749394
70.304011 111.025769 64.000000 33.013236 42.623371 115.488373 256.000000 240.932515 197.784171 80.955765 64.000000 23.689675 196.749293 77.894807 256.000000 244.275573 162.517513 130.771364 0.000000 13.867022 161.404485 133.102918 256.000000 219.312352 166.374793 140.078702 64.000000 13.152804 166.457475 140.013105 256.000000 253.599134
48.174678 8.846322 64.000000 63.526708 49.060993 7.247215 256.000000 181.617974 52.958107 148.508600 64.000000 35.069841 57.502473 147.311713 256.000000 214.695748 154.539476 126.376269 0.000000 39.402478 149.851107 131.688956 256.000000 225.692989 134.747718 55.433624 0.000000 12.219157 137.303113 59.794524 256.000000 257.751066
35.778347 169.806564 0.000000 24.851356 43.863322 170.468775 256.000000 226.833157 95.294035 206.005509 64.000000 21.994482 96.741102 204.844753 256.000000 241.474632 165.348235 20.892671 64.000000 17.119727 164.736238 20.136209 256.000000 244.968279 114.644173 195.086160 0.000000 9.999056 118.646240 195.334407 256.000000 236.173928
80.531773 195.532182 64.000000 40.039251 76.005631 198.973893 256.000000 179.242983 48.067818 140.240185 0.000000 21.000600 47.820120 137.225095 256.000000 219.647949 110.210865 13.316127 0.000000 50.481467 116.592729 15.847740 256.000000 184.023083 46.155164 184.400431 64.000000 9.035292 48.500418 187.267662 256.000000 249.103000
19.937707 88.025576 64.000000 31.064194 34.100991 77.072924 256.000000 232.353290 29.656916 94.649611 64.000000 17.567189 39.809969 88.065207 256.000000 244.606867 106.293267 73.439235 64.000000 16.969139 104.143700 71.778035 256.000000 235.941592 24.969347 99.398673 0.000000 8.772838 25.026853 98.024476 256.000000 249.709656
86.240676 107.697598 0.000000 17.567189 75.580435 136.538080 256.000000 241.651036 93.082513 66.563940 64.000000 27.906145 95.025660 70.839235 256.000000 221.627108 178.365764 18.641527 64.000000 12.012636 185.600584 21.865107 256.000000 232.628651 160.181080 40.569622 0.000000 13.355022 161.485309 42.465498 256.000000 225.688687
97.554780 137.052558 0.000000 61.986406 98.580233 137.763589 256.000000 199.124928 85.351931 103.371545 64.000000 32.178547 82.915269 98.333304 256.000000 227.194569 73.115662 177.791065 64.000000 35.478580 113.752104 141.925847 256.000000 213.516858 86.631647 30.014638 0.000000 31.851556 83.685418 31.022940 256.000000 237.232348
38.015253 5.082533 64.000000 16.831458 32.586729 4.569671 256.000000 239.762230 17.764127 158.310864 64.000000 76.886032 22.311607 161.081811 256.000000 177.220799 29.381960 81.991144 64.000000 18.961206 39.770824 76.293391 256.000000 217.599949 46.062258 11.126525 64.000000 24.494246 47.256376 13.029269 256.000000 244.430464
40.391856 103.092458 0.000000 13.875627 39.582524 100.230753 256.000000 251.955571 146.562520 152.422600 64.000000 37.212495 144.198062 149.418115 256.000000 210.074842 88.652798 117.228875 0.000000 43.713603 77.585624 64.212338 256.000000 205.574406 41.867091 90.432611 0.000000 18.900970 53.292344 97.276129 256.000000 233.820449
67.789969 163.448227 64.000000 24.584599 59.137147 163.196227 256.000000 235.851239 162.430935 5.023344 0.000000 52.378878 160.999302 7.583491 256.000000 201.086877 103.464347 23.560178 0.000000 12.335325 102.290080 21.920531 256.000000 258.465284 1.541593 120.054835 0.000000 8.897611 1.001002 119.057424 256.000000 249.059975
1.841678 148.296351 64.000000 19.722752 3.164545 147.599755 256.000000 216.674907 90.722300 206.812796 64.000000 13.471190 93.482000 206.273115 256.000000 242.580380 79.494387 115.163153 64.000000 18.789105 75.601215 116.406633 256.000000 220.706368 66.581571 87.358213 64.000000 10.833745 67.119818 95.958876 256.000000 235.816819
158.191911 1.183898 64.000000 22.209608 159.918331 4.186024 256.000000 232.719004 25.916238 85.930833 64.000000 8.850284 26.179273 88.327044 256.000000 20.643491 9.149860 87.675865 64.000000 20.131491 12.331047 86.876873 256.000000 229.832013 50.040536 152.985855 0.000000 11.307023 58.641909 209.272485 256.000000 251.757655
15.328124 91.622364 0.000000 11.780300 18.447360 91.602898 256.000000 241.311137 165.753133 84.286129 64.000000 20.755356 164.058055 80.330836 256.000000 241.866162 95.974967 107.349995 64.000000 9.667762 95.454144 107.572164 256.000000 241.612313 53.484460 165.016847 0.000000 34.725639 61.722278 153.786036 256.000000 198.440827
29.966969 21.006307 64.000000 11.109107 29.601756 21.458960 256.000000 241.160549 94.258531 41.483262 0.000000 9.439729 197.872493 80.437365 256.000000 251.456479 104.708433 0.756931 64.000000 13.733644 104.629253 0.596242 256.000000 246.986161 106.496340 54.105207 0.000000 31.584799 103.714418 54.746687 256.000000 241.375675
38.234715 101.464567 0.000000 11.771695 33.615055 104.709889 256.000000 249.597790 8.702293 178.268000 0.000000 35.762546 14.497282 171.700444 256.000000 201.616087 159.808167 99.097080 64.000000 11.281207 159.384336 102.718131 256.000000 241.526263 130.875251 17.905333 64.000000 22.596835 130.069482 18.780515 256.000000 229.862131
18.793880 116.342107 64.000000 13.062451 20.429240 123.836580 256.000000 250.871336 164.054404 50.850473 64.000000 34.433068 164.760091 53.032709 256.000000 228.222871 118.668445 202.129833 0.000000 23.371289 118.867307 198.428758 256.000000 223.231948 6.841082 177.779858 0.000000 17.799525 14.722051 187.105925 256.000000 243.488212
103.983336 202.966805 0.000000 13.079661 100.440244 205.259064 256.000000 245.493186 10.988336 68.355613 0.000000 9.228905 11.368115 70.763780 256.000000 242.236179 86.544967 118.230467 0.000000 21.942852 84.877275 117.538678 256.000000 246.194497 96.207005 214.100720 0.000000 17.537072 95.215042 214.853131 256.000000 237.245255
4.158878 4.415322 0.000000 21.267356 5.439978 7.520665 256.000000 218.215209 34.766696 108.665462 0.000000 27.269372 35.709822 102.247949 256.000000 227.685056 172.896900 89.484569 64.000000 13.570148 175.293160 83.119973 320.000000 234.771306 131.343136 101.392327 64.000000 17.554282 130.179824 103.665585 256.000000 250.363639
129.700002 87.811096 0.000000 17.993139 128.066664 88.977318 256.000000 227.771106 124.696375 37.843847 64.000000 39.944596 149.004498 191.801185 256.000000 230.331106 25.034080 52.760007 0.000000 15.506282 26.401822 56.031124 256.000000 233.325660 48.039015 153.966207 0.000000 8.622250 47.479100 153.263924 256.000000 252.428848
88.569618 89.013815 64.000000 21.392129 85.179122 86.753004 256.000000 239.400818 11.278489 29.342864 64.000000 16.624937 15.689805 27.581660 256.000000 233.058903 91.193245 211.969540 0.000000 22.420432 59.338162 195.962605 256.000000 210.074842 32.055738 37.808475 64.000000 11.423191 33.659311 39.624451 256.000000 235.524247
79.896958 84.966682 64.000000 18.539559 76.528782 81.907047 256.000000 215.332521 78.647229 104.157975 0.000000 24.012364 75.583829 101.986873 256.000000 236.784886 129.428209 87.131980 64.000000 13.311997 130.015309 85.546900 256.000000 239.060919 42.265247 82.965505 64.000000 39.376663 56.664509 79.224098 256.000000 224.656082
8.380000 40.071644 64.000000 10.123830 3.380902 40.818485 256.000000 248.715774 49.780922 40.245220 64.000000 54.990508 62.544525 52.060309 256.000000 213.495345 33.015522 41.874109 64.000000 21.035020 32.117800 44.377793 256.000000 245.652379 111.450676 38.638220 0.000000 27.140296 103.887784 29.200589 256.000000 225.129359
73.651193 77.663751 64.000000 11.965308 72.752651 74.122364 256.000000 251.052042 69.284942 6.394956 0.000000 12.929073 73.371398 7.673642 256.000000 232.998668 22.964184 132.653222 64.000000 11.078989 18.934851 133.467976 256.000000 251.654395 28.203442 39.138742 0.000000 20.445575 13.961553 42.309956 256.000000 230.791475
28.136462 186.115193 0.000000 18.918180 37.678809 191.971800 256.000000 228.842434 67.546869 5.642018 0.000000 19.955088 64.991044 7.361489 256.000000 229.741660 6.523698 77.110531 0.000000 23.655255 10.385933 75.120715 256.000000 239.964448 58.901455 58.625909 0.000000 17.175660 63.461391 62.997573 256.000000 239.598734
88.109875 36.412302 0.000000 52.877971 89.813898 26.285031 256.000000 204.799952 99.852451 83.127598 0.000000 14.292971 118.388578 63.542069 256.000000 250.342126 93.490675 78.416520 0.000000 14.456467 104.487905 67.863205 256.000000 253.590529 81.544158 118.756469 0.000000 12.429980 94.701584 138.016618 256.000000 235.042365
69.221236 71.078984 64.000000 25.935591 63.253809 65.758380 256.000000 232.314567 25.561853 129.749089 64.000000 17.377878 31.072649 127.752660 256.000000 225.082031 38.531262 139.901615 0.000000 9.009477 32.591716 147.580916 256.000000 261.507166 48.888276 3.035969 0.000000 9.082620 57.285416 1.677244 256.000000 245.665287
52.253673 218.870271 0.000000 36.240126 39.232549 210.818764 256.000000 226.837459 75.568415 138.576705 64.000000 26.770279 79.276976 134.921578 256.000000 243.466699 55.518949 97.631336 0.000000 21.060835 16.074195 163.566962 256.000000 227.147241 62.951735 51.813664 0.000000 11.552266 66.781045 51.882369 256.000000 255.926797
