19.199209 174.966216 64.000000 14.581240 22.110704 177.375264 256.000000 227.973325 22.040473 100.999555 0.000000 13.595963 10.449438 101.290744 256.000000 241.001355 35.509058 54.475393 0.000000 10.450821 38.037085 58.809929 256.000000 231.755240 57.436098 138.651549 0.000000 36.481067 63.257880 131.053529 256.000000 212.036791
34.638475 92.951553 64.000000 16.285038 38.269567 95.297475 256.000000 250.273286 172.250418 71.563167 0.000000 19.129004 171.455998 69.903000 256.000000 242.683641 102.434607 152.838191 64.000000 16.547492 103.400076 151.368124 256.000000 232.964248 172.896900 89.484569 64.000000 13.570148 175.293160 83.119973 320.000000 234.771306
18.530015 42.473191 0.000000 26.933775 15.473658 53.456009 256.000000 213.564185 84.697391 224.212200 64.000000 16.706685 88.005298 224.987984 256.000000 230.864618 153.319971 57.742800 0.000000 24.911591 151.904069 78.449427 256.000000 239.607339 121.687253 144.548058 64.000000 45.778813 121.218380 138.053460 256.000000 213.168353
58.567322 87.668222 0.000000 21.770751 52.500033 89.371300 256.000000 237.598062 3.781776 49.709664 0.000000 10.334653 1.319605 52.413598 256.000000 245.368413 46.062258 11.126525 64.000000 24.494246 47.256376 13.029269 256.000000 244.430464 110.342593 176.102935 64.000000 10.691762 110.248924 176.638753 256.000000 245.148985
38.531262 139.901615 0.000000 9.009477 32.591716 147.580916 256.000000 261.507166 184.485104 22.577491 0.000000 8.729813 246.110587 47.141845 256.000000 250.858429 16.407253 92.508484 64.000000 10.696065 17.107229 99.356711 256.000000 243.483909 11.897767 45.138449 0.000000 16.414114 6.494055 48.661905 256.000000 237.271070
121.494436 120.092693 64.000000 16.504467 120.495371 121.384464 256.000000 264.699635 98.349309 138.631836 64.000000 14.241341 97.198009 138.062347 256.000000 251.383336 14.850287 95.366520 0.000000 9.319258 15.986207 98.273255 256.000000 249.791404 170.316742 44.902938 0.000000 33.895253 166.304284 56.071504 256.000000 231.690702
141.612211 79.407922 0.000000 11.565174 148.297515 88.217416 256.000000 234.001155 11.262676 102.087404 0.000000 12.675224 14.866496 105.854640 256.000000 251.998596 133.226416 129.285793 64.000000 19.826012 132.518765 129.250275 256.000000 225.615544 59.475844 130.153620 64.000000 21.917037 55.776482 129.282755 256.000000 228.949997
118.593547 84.944075 64.000000 9.035292 117.103122 84.730100 256.000000 258.323301 79.720033 67.062958 64.000000 42.207721 57.651545 81.118605 256.000000 220.951612 62.564709 172.780478 0.000000 28.986077 59.449529 170.570662 256.000000 237.826096 51.945402 152.580724 0.000000 8.854586 57.146653 154.970947 256.000000 276.738086
125.836678 24.706549 64.000000 28.525708 123.879165 24.558331 256.000000 221.188251 121.646745 71.362347 64.000000 14.318787 121.262891 71.133645 256.000000 240.433423 59.684571 142.837867 64.000000 20.819894 68.654338 146.831145 256.000000 232.318870 42.336000 130.452362 64.000000 33.998513 39.173491 128.995505 256.000000 216.498504
55.942131 43.230262 64.000000 29.244228 61.755340 54.428833 256.000000 18.117912 33.434273 104.462471 64.000000 14.546820 13.259400 112.166098 256.000000 233.394500 14.969855 76.519402 64.000000 20.148701 23.040969 70.603035 256.000000 221.816419 77.918525 134.758082 0.000000 18.780500 111.121629 132.958445 256.000000 221.278604
69.914229 223.583371 64.000000 29.282951 73.785609 221.487202 256.000000 239.689087 87.247485 28.948798 64.000000 11.973913 110.669560 31.571611 256.000000 227.173056 88.673895 31.046265 64.000000 31.124430 89.829105 38.183251 256.000000 226.101729 36.747171 90.241693 64.000000 18.987021 39.445645 88.666615 256.000000 257.475704
116.927267 50.514565 64.000000 15.949442 116.425447 50.378444 256.000000 233.884987 76.400231 74.012376 64.000000 11.169342 75.350967 73.451044 256.000000 247.330362 49.071382 121.038020 64.000000 22.807659 50.663762 119.031224 256.000000 238.161692 180.808287 125.784229 64.000000 9.732300 182.452813 125.332305 256.000000 253.624949
42.548493 75.733609 0.000000 9.650552 46.900813 48.657265 256.000000 240.011776 20.034225 35.666987 0.000000 32.105404 30.527764 29.790598 256.000000 218.395915 22.998995 59.695896 0.000000 17.416601 27.872796 59.257025 256.000000 247.317455 134.867638 175.733113 64.000000 29.756228 131.278053 170.870835 256.000000 212.294942
40.207080 146.475033 64.000000 21.482482 33.258915 148.172856 256.000000 236.539642 83.188865 8.827915 0.000000 39.195957 84.687878 27.426624 256.000000 235.291911 185.862455 76.177904 64.000000 18.135122 184.838684 75.613564 256.000000 225.817762 55.396531 135.638424 64.000000 31.464329 47.782776 126.908989 256.000000 234.026970
12.145396 150.095718 64.000000 33.142312 14.587684 148.143509 256.000000 221.816419 101.694889 61.367400 64.000000 29.287254 96.478349 57.961256 256.000000 231.643374 142.965671 185.970033 0.000000 23.990852 128.374420 198.523238 256.000000 234.599206 45.848940 97.579100 64.000000 30.930816 52.911318 88.678998 256.000000 250.023740
124.569900 103.935353 64.000000 27.424262 123.782749 97.970835 256.000000 54.930273 69.700184 68.507944 0.000000 11.522149 72.931682 64.103827 256.000000 263.787501 23.966789 52.730016 64.000000 45.348561 25.986380 52.428940 256.000000 209.468186 63.530215 180.970587 64.000000 13.264669 79.526607 196.449776 256.000000 250.131303
30.214258 168.062596 64.000000 19.425878 33.672060 165.910695 256.000000 231.596047 45.281204 180.934733 0.000000 30.453237 90.591564 179.525515 256.000000 210.767547 68.027591 77.811578 64.000000 16.323761 65.143104 76.330189 256.000000 247.889690 143.075353 68.552007 0.000000 17.330551 150.792107 70.077338 256.000000 228.179846
98.448636 172.576718 64.000000 27.953472 95.851087 171.420160 256.000000 210.810572 165.035585 14.450569 64.000000 33.241270 163.927831 4.735687 256.000000 248.672748 16.333580 59.693760 64.000000 11.066081 18.148891 62.566540 256.000000 234.405592 68.693144 110.341615 64.000000 11.952401 75.819742 109.619422 256.000000 227.994837
114.089773 108.639991 64.000000 16.414114 113.902411 106.606358 256.000000 231.303475 178.116747 60.423824 64.000000 8.768536 178.867496 59.178478 256.000000 253.405520 53.143509 122.333893 0.000000 13.333509 47.979213 130.723204 256.000000 235.033760 20.583493 70.354220 64.000000 13.299089 17.056438 69.830698 256.000000 251.856613
161.316227 38.948985 64.000000 34.523420 161.523695 43.058760 256.000000 217.810772 68.458456 97.072009 64.000000 12.860232 76.500327 102.528635 256.000000 237.701322 72.675980 95.396744 0.000000 14.607055 72.508698 92.366136 256.000000 244.856413 31.112453 25.280509 64.000000 13.139896 30.316035 26.897095 256.000000 246.362295
54.708089 65.076978 64.000000 19.666819 52.340356 62.341778 256.000000 230.318198 40.958264 138.690184 64.000000 23.276633 49.830764 133.852236 256.000000 214.519345 47.507925 102.150264 64.000000 17.330551 48.798951 96.072462 256.000000 232.013391 48.649087 129.827682 64.000000 11.457611 50.764484 128.594678 256.000000 256.894864
32.105822 101.001431 0.000000 43.524292 36.515749 70.466213 256.000000 223.563242 14.045885 184.637504 64.000000 39.183050 12.424127 178.620307 256.000000 222.238066 111.716733 20.589653 0.000000 40.589974 103.463605 23.205078 256.000000 206.602708 114.644173 195.086160 0.000000 9.999056 118.646240 195.334407 256.000000 236.173928
42.719627 182.608671 0.000000 44.845166 46.420798 184.730540 256.000000 202.493801 57.575771 68.164435 0.000000 21.998785 49.157636 63.772373 256.000000 234.233491 74.960144 42.872325 64.000000 18.354550 71.614485 35.894024 256.000000 234.242096 76.791427 74.122149 0.000000 37.074815 74.646985 80.433176 256.000000 233.760214
175.033747 134.367053 64.000000 82.634199 175.373647 134.322947 256.000000 190.786644 50.349764 117.879813 64.000000 23.612230 57.903593 115.000471 256.000000 244.791875 25.753415 139.159595 64.000000 14.477980 30.207600 141.713682 256.000000 239.237322 79.792593 21.662415 0.000000 38.060092 76.584016 24.394293 256.000000 211.615144
134.815598 195.551707 64.000000 30.956631 133.252640 194.638884 256.000000 217.522504 106.548775 175.091702 0.000000 15.428837 107.809227 176.075142 256.000000 232.632954 79.912536 79.472865 0.000000 9.568804 79.731082 81.174744 256.000000 239.852582 25.034080 52.760007 0.000000 15.506282 26.401822 56.031124 256.000000 233.325660
12.484849 59.108718 64.000000 20.918852 15.814996 57.915140 256.000000 239.284650 5.911460 199.200055 64.000000 20.118584 9.231800 199.166485 256.000000 228.825224 16.206691 55.065833 64.000000 21.465272 8.386422 57.140327 256.000000 235.231676 98.865836 79.969220 0.000000 20.419760 102.049502 72.049715 256.000000 222.384351
63.578593 142.045444 64.000000 9.018082 62.710493 141.915169 256.000000 245.540514 117.000398 2.317711 64.000000 16.143055 116.678162 2.524773 256.000000 229.857828 41.894729 128.676638 0.000000 26.770279 55.655640 115.037045 256.000000 214.334336 43.299495 198.557840 0.000000 79.945124 49.760851 197.568384 256.000000 183.549806
124.178229 198.738962 0.000000 24.438314 126.459202 193.708084 256.000000 248.900782 70.432151 84.458938 64.000000 14.370417 71.337058 73.247193 256.000000 246.396715 110.648220 15.079884 64.000000 20.178819 108.106245 14.347255 256.000000 228.339039 95.879473 38.480520 64.000000 18.234080 93.231335 39.147356 256.000000 226.011376
38.052011 117.575047 64.000000 9.388099 37.053775 120.109520 256.000000 260.995166 31.538922 7.244607 64.000000 31.640732 29.229636 12.810291 256.000000 225.641359 70.732104 98.828684 0.000000 24.287725 62.098518 71.977811 256.000000 230.442971 142.760336 74.112133 64.000000 34.665404 80.735189 211.378449 256.000000 251.241353
23.367335 23.716629 64.000000 48.777669 36.381840 43.230727 256.000000 217.389126 120.154224 79.102171 0.000000 37.517974 98.228556 81.297158 256.000000 207.041565 73.750447 135.177778 0.000000 26.124901 112.099833 88.185176 256.000000 217.952756 153.877229 162.902711 64.000000 62.291885 153.651149 164.894435 256.000000 181.011319
60.896091 222.667844 0.000000 10.859560 67.294905 225.239976 256.000000 233.394500 28.759756 220.549487 0.000000 36.894109 35.434116 216.386576 256.000000 223.077057 71.112002 13.385680 64.000000 9.000872 82.755035 17.841580 256.000000 255.733184 90.623620 190.319689 0.000000 10.795023 88.310375 195.452025 256.000000 231.596047
60.736013 29.296227 0.000000 9.482754 64.182224 23.320040 256.000000 258.250158 107.173578 85.154125 0.000000 20.613373 104.785133 85.571400 256.000000 232.271542 29.669936 126.116858 64.000000 18.044769 33.509651 126.609618 256.000000 231.316383 135.421536 60.449271 0.000000 15.575122 137.826645 65.887309 256.000000 234.375474
