28.130504 153.594549 0.000000 19.765777 25.213433 152.043469 256.000000 228.562770 139.988422 153.281815 0.000000 10.786418 144.404969 151.643400 256.000000 244.817691 13.461918 213.016715 0.000000 15.816064 7.276304 213.228458 256.000000 241.259506 53.140173 12.335458 64.000000 32.402278 52.753300 18.934149 256.000000 230.572047
98.122733 89.400258 64.000000 21.293171 115.457353 90.282011 256.000000 239.585826 43.698853 59.863251 0.000000 13.213039 37.904515 54.797520 256.000000 229.096282 41.000551 62.106598 0.000000 40.245772 8.264296 70.235424 256.000000 202.467986 9.379298 173.432851 0.000000 13.527123 12.155849 177.451769 256.000000 257.023940
39.762093 36.088331 0.000000 10.777813 41.876635 37.553860 256.000000 257.346629 44.901253 173.872824 0.000000 28.284766 28.675076 168.090245 256.000000 235.171441 144.845696 61.023578 0.000000 45.120527 143.464936 55.287875 256.000000 213.598605 64.038195 109.951524 64.000000 18.539559 62.943036 108.487753 256.000000 249.735471
65.251740 120.387402 0.000000 10.635829 60.711985 124.179115 256.000000 239.331978 136.951713 124.568604 0.000000 11.547964 145.408365 117.690829 256.000000 253.439941 33.015522 41.874109 64.000000 21.035020 32.117800 44.377793 256.000000 245.652379 92.098718 7.506725 64.000000 9.439729 90.167178 5.304175 256.000000 238.884515
109.098785 162.475649 0.000000 23.999457 113.098633 146.865098 256.000000 246.844177 110.884967 134.383600 64.000000 25.957103 103.539127 142.088709 256.000000 229.896551 35.751500 7.476555 64.000000 21.086651 35.085953 9.439985 256.000000 247.881085 94.653415 35.642247 0.000000 9.082620 123.034724 23.979405 256.000000 244.073355
103.032411 57.848993 0.000000 15.347089 101.988296 59.277973 256.000000 232.947038 101.655829 174.287745 64.000000 12.804300 99.576653 186.577687 256.000000 251.176815 7.889013 47.134002 64.000000 10.046384 7.561920 48.560191 256.000000 249.464412 146.701682 106.894422 64.000000 14.353207 147.582804 106.098587 256.000000 237.395844
98.829856 81.614907 64.000000 35.560328 97.698396 91.313265 256.000000 236.939776 185.639733 90.588958 0.000000 34.596563 166.404760 81.104022 256.000000 230.705425 63.289105 16.359409 64.000000 26.675624 74.311955 20.541496 256.000000 222.707040 106.783965 58.334618 0.000000 13.458283 111.159164 48.874620 256.000000 246.241825
15.163807 110.402044 64.000000 15.566517 13.531762 110.427789 256.000000 241.956515 11.139053 140.219680 64.000000 18.023256 14.246484 139.982996 256.000000 248.492043 89.934624 78.981365 64.000000 32.333438 66.696462 86.533065 256.000000 229.083375 62.749395 68.768475 64.000000 16.870181 68.445724 69.464407 256.000000 229.268383
39.090456 122.459375 0.000000 22.274146 44.244333 116.993493 256.000000 251.516714 113.254827 8.670596 0.000000 24.799725 111.758084 9.849851 256.000000 236.229861 134.043578 154.824127 64.000000 17.317643 138.955380 149.716720 256.000000 219.746906 22.700373 50.045440 0.000000 10.399191 20.100607 53.185304 256.000000 219.604923
13.097144 69.428396 0.000000 15.157778 16.155373 66.858851 256.000000 219.777024 26.160082 12.604222 0.000000 17.489744 26.953836 12.920315 256.000000 225.374603 138.203596 158.412851 64.000000 36.524092 135.302318 156.882522 256.000000 208.543144 136.611689 161.142276 0.000000 10.162552 136.830715 161.401247 256.000000 243.212851
109.057264 50.377209 64.000000 9.796838 109.973702 50.032700 256.000000 244.787573 16.407253 92.508484 64.000000 10.696065 17.107229 99.356711 256.000000 243.483909 116.760175 30.452893 0.000000 32.380766 116.362685 36.902824 256.000000 246.646262 160.157011 5.276680 64.000000 20.970482 159.556962 3.579529 256.000000 238.923238
87.384409 35.407878 0.000000 12.128804 89.055658 36.643133 256.000000 234.827239 33.884593 99.436165 0.000000 9.667762 35.840022 97.529395 256.000000 248.874967 19.475255 101.299287 64.000000 18.061979 23.248405 103.874829 256.000000 233.192281 156.955900 96.356809 64.000000 24.132835 156.297120 97.753695 256.000000 239.375003
39.971284 178.184240 0.000000 34.342715 114.526695 104.304522 256.000000 200.648020 66.597295 134.649422 64.000000 56.500693 65.737627 131.738945 256.000000 209.085262 139.068671 170.719782 64.000000 14.611358 147.766949 167.312345 256.000000 253.547504 104.147424 158.642073 64.000000 17.894181 105.577182 158.112356 256.000000 244.133590
14.933191 12.650040 0.000000 12.752669 7.379285 13.048869 256.000000 241.199271 6.854051 201.030160 0.000000 9.835561 7.654138 200.552518 256.000000 243.694733 21.143962 32.566358 64.000000 26.426078 17.679482 40.231813 256.000000 237.490499 32.466309 42.197318 0.000000 24.253305 40.271478 43.071835 256.000000 237.770163
80.469416 185.926373 0.000000 37.513672 78.412244 181.744404 256.000000 225.598334 111.434924 88.846395 64.000000 26.090481 108.329645 88.081482 256.000000 230.985089 8.300127 89.801678 64.000000 19.296802 6.376993 99.236922 256.000000 255.556780 124.808764 110.281867 0.000000 38.950714 115.917667 110.748651 256.000000 235.623205
60.706916 138.540953 64.000000 11.922283 60.495215 137.696773 256.000000 238.221927 146.621844 103.780524 0.000000 38.240798 149.053042 103.225982 256.000000 207.428792 129.664558 14.607167 0.000000 10.773510 130.885924 7.580882 256.000000 242.356649 165.945882 78.191609 64.000000 20.811289 165.316131 79.457242 256.000000 219.604923
93.082513 66.563940 64.000000 27.906145 95.025660 70.839235 256.000000 221.627108 56.547967 91.962195 0.000000 15.592332 68.678662 90.769460 256.000000 224.428048 41.282485 96.886015 64.000000 10.855258 42.372475 95.191016 256.000000 241.379977 97.108227 106.781964 64.000000 8.747023 97.141222 105.962004 256.000000 256.210763
132.916027 180.777280 0.000000 43.399519 122.606660 172.835555 256.000000 194.572862 94.214467 218.486658 64.000000 10.855258 92.502009 219.813825 256.000000 243.049355 119.179200 171.379149 64.000000 8.630855 119.548845 180.301878 256.000000 247.295942 59.823938 43.006298 0.000000 23.788633 66.575558 77.741669 256.000000 231.841290
121.052676 94.079282 0.000000 10.631527 125.678235 100.523535 256.000000 244.611170 53.672684 91.742720 0.000000 45.580897 48.315011 93.181129 256.000000 215.031345 48.612869 53.563091 64.000000 40.133907 48.428425 55.623624 256.000000 207.162035 10.891887 71.017107 64.000000 14.826484 4.004833 64.198100 256.000000 252.360008
92.937716 60.582467 64.000000 22.824869 89.759685 56.411429 256.000000 218.017293 76.954364 118.284642 64.000000 21.899827 71.157331 122.704824 256.000000 233.063206 17.617282 4.553747 64.000000 12.967795 16.764169 4.981395 256.000000 250.600277 145.722400 107.301498 0.000000 26.490616 146.534785 98.552553 256.000000 249.305219
58.121231 92.188902 64.000000 54.577466 59.308316 96.001102 256.000000 202.248558 39.174573 23.124373 64.000000 26.503523 37.330111 25.536676 256.000000 230.726938 90.028933 86.139129 0.000000 8.712603 90.394191 86.657938 256.000000 251.301588 34.621905 144.374791 64.000000 12.318115 64.273525 194.261818 256.000000 267.900710
101.719409 23.537553 64.000000 15.557912 100.411595 21.564780 256.000000 260.199200 64.751418 137.416467 0.000000 12.666619 71.910505 137.682371 256.000000 244.383136 165.753133 84.286129 64.000000 20.755356 164.058055 80.330836 256.000000 241.866162 131.527216 122.963213 64.000000 38.305336 122.757565 103.821824 256.000000 219.738301
66.836358 42.210073 0.000000 29.003287 70.883471 56.940798 256.000000 219.781327 138.967133 136.604111 64.000000 99.358094 145.510653 151.285293 256.000000 169.024498 54.708089 65.076978 64.000000 19.666819 52.340356 62.341778 256.000000 230.318198 50.206533 105.883635 64.000000 17.812433 52.442360 102.092095 256.000000 231.738030
181.587629 87.649287 64.000000 32.148429 178.454827 99.727796 256.000000 234.517458 66.950535 217.729205 64.000000 19.864735 63.386671 219.008933 256.000000 239.039406 17.998135 186.481667 0.000000 19.533441 17.967498 184.172540 256.000000 237.193625 174.198398 35.695847 0.000000 9.469847 175.382056 32.866160 256.000000 245.019909
20.805662 95.547607 0.000000 12.399863 22.098913 94.096278 256.000000 228.541257 39.304918 95.981740 0.000000 16.861576 30.724207 98.526136 256.000000 236.892449 95.943493 222.522989 64.000000 12.765577 93.164756 225.938267 256.000000 237.073155 121.936335 187.001000 64.000000 29.300161 121.787885 186.041118 256.000000 213.559883
99.911958 132.491129 0.000000 28.396632 113.437431 116.568575 256.000000 226.665359 157.725207 52.121871 64.000000 24.339356 156.144424 53.131524 256.000000 222.960889 10.305145 158.306155 64.000000 9.302048 13.138709 162.752987 256.000000 251.559739 22.047587 60.455076 0.000000 18.836433 18.005133 65.316742 256.000000 248.027370
131.568742 81.351798 64.000000 14.891022 131.614380 87.796035 256.000000 234.672348 69.806155 115.182895 64.000000 27.351120 69.585222 121.251102 256.000000 243.152615 56.939424 48.462965 0.000000 12.266485 67.427185 38.394342 256.000000 245.075842 85.885245 103.005378 64.000000 15.540702 88.346680 99.598531 256.000000 245.704010
48.067818 140.240185 0.000000 21.000600 47.820120 137.225095 256.000000 219.647949 92.504467 61.062667 64.000000 69.455580 93.207616 63.989582 256.000000 189.719619 14.370065 126.734165 64.000000 26.864935 23.108011 83.295036 256.000000 240.954028 104.547949 218.759707 64.000000 18.500836 109.318347 217.412349 256.000000 238.781255
151.010216 121.704836 0.000000 14.972770 150.976073 119.644971 256.000000 239.813860 76.872335 180.209191 0.000000 43.713603 53.170967 160.474029 256.000000 211.356992 147.246287 126.182320 64.000000 10.029174 147.451842 126.555060 256.000000 239.263137 5.988435 179.693427 0.000000 15.962349 11.974409 188.253905 256.000000 246.667774
40.827058 48.406571 64.000000 14.125173 42.325915 43.132398 256.000000 239.904213 129.168147 107.378253 0.000000 19.705542 126.218671 90.826649 256.000000 243.772178 172.437149 31.840602 64.000000 26.464801 166.798153 26.700680 256.000000 224.363510 24.132382 176.895027 64.000000 33.404765 21.194095 174.309673 256.000000 219.376890
96.612778 173.789153 0.000000 19.202147 96.363655 172.467482 256.000000 254.562898 123.165989 128.758367 0.000000 19.942180 119.408358 132.889098 256.000000 222.035847 105.968753 36.521145 0.000000 79.166368 109.292409 39.140331 256.000000 185.210578 51.077496 152.710075 0.000000 9.091225 59.288522 156.780133 256.000000 246.125657
124.774651 38.559727 64.000000 39.208865 118.427867 35.499958 256.000000 225.654266 44.179345 103.693007 0.000000 12.589174 43.950387 101.742444 256.000000 223.034032 155.521615 37.703571 0.000000 13.965980 163.280215 46.213355 256.000000 249.038463 16.299518 166.911809 64.000000 12.417073 20.312733 173.376262 256.000000 231.066837
