159.272715 149.674216 0.000000 40.034949 136.460920 146.499356 256.000000 211.559211 15.799413 62.172425 64.000000 14.865207 6.166602 61.106196 256.000000 253.465756 130.691471 114.655087 0.000000 18.281407 130.434216 113.352582 256.000000 240.553893 1.541593 120.054835 0.000000 8.897611 1.001002 119.057424 256.000000 249.059975
65.419469 153.279822 64.000000 21.822381 68.252616 152.761847 256.000000 219.940520 165.994309 95.377364 64.000000 45.361468 138.321240 111.177962 256.000000 212.307849 105.847369 116.797478 64.000000 11.276905 104.499575 115.858493 256.000000 268.369685 67.758640 82.435720 64.000000 31.090010 56.862264 72.994607 256.000000 233.437525
18.232676 63.399031 0.000000 13.079661 20.128116 61.627993 256.000000 269.217281 183.280155 91.539553 0.000000 48.093569 177.879705 94.317160 256.000000 208.272086 51.711527 53.298933 64.000000 13.574451 52.733547 57.017896 256.000000 219.256419 39.349835 123.611287 64.000000 27.488800 12.863336 106.727271 256.000000 232.620046
102.974115 17.591987 64.000000 14.964165 100.458969 9.297940 256.000000 243.234363 40.391856 103.092458 0.000000 13.875627 39.582524 100.230753 256.000000 251.955571 27.117231 199.187736 0.000000 23.504667 33.596487 198.629398 256.000000 243.471002 85.461275 127.703453 0.000000 35.241941 78.345653 127.214587 256.000000 195.028929
79.870527 175.644660 64.000000 33.043354 88.389307 173.444984 256.000000 226.316855 101.392753 13.857004 0.000000 19.511928 108.434198 21.176429 256.000000 229.363039 0.440200 153.838464 0.000000 30.629640 3.893111 148.620925 256.000000 212.118539 147.170053 100.481864 64.000000 24.868566 163.232475 84.439664 256.000000 229.307106
79.800715 159.033807 0.000000 26.137809 76.794038 157.952244 256.000000 229.169425 135.400716 93.344376 64.000000 25.062179 131.407433 100.341082 256.000000 231.570231 136.431315 73.021331 64.000000 17.300433 135.691749 71.026082 256.000000 245.355506 83.252893 77.560065 64.000000 30.625337 81.332967 78.212635 256.000000 210.638472
20.947749 107.246544 0.000000 16.857273 8.592305 120.092782 256.000000 250.152815 36.747171 90.241693 64.000000 18.987021 39.445645 88.666615 256.000000 257.475704 80.368753 80.796496 0.000000 9.052502 86.351784 80.322413 256.000000 247.795034 58.172944 40.653816 0.000000 9.181578 63.734391 37.319909 256.000000 233.824752
16.451427 70.838936 0.000000 17.442416 17.785898 77.314669 256.000000 245.230732 118.441589 48.513993 0.000000 11.388770 118.479262 43.487067 256.000000 239.392213 74.813996 90.356696 64.000000 13.376535 73.323875 88.126531 256.000000 248.801824 48.583065 153.667713 0.000000 14.262854 80.038453 169.902678 256.000000 232.934130
50.267040 9.643025 0.000000 20.699424 63.765180 8.912740 256.000000 240.222599 127.845804 204.322056 64.000000 36.162681 125.112480 201.901833 256.000000 218.021596 39.566238 99.110196 64.000000 28.848397 50.694376 89.868204 256.000000 227.934602 77.493964 121.814936 0.000000 12.997913 77.062753 120.699315 256.000000 246.882900
76.872335 180.209191 0.000000 43.713603 53.170967 160.474029 256.000000 211.356992 3.781776 49.709664 0.000000 10.334653 1.319605 52.413598 256.000000 245.368413 61.189087 59.670809 0.000000 20.944667 89.657305 53.948840 256.000000 240.278532 110.342593 176.102935 64.000000 10.691762 110.248924 176.638753 256.000000 245.148985
121.936335 187.001000 64.000000 29.300161 121.787885 186.041118 256.000000 213.559883 0.921738 79.650640 64.000000 9.276233 0.921295 77.923387 256.000000 245.260850 110.149944 84.583931 0.000000 16.254921 116.037622 75.123989 256.000000 254.571503 155.531627 134.972767 0.000000 36.825269 148.151100 134.853240 256.000000 215.569160
54.435540 127.818967 64.000000 13.484098 57.695185 126.590025 256.000000 239.159877 25.753415 139.159595 64.000000 14.477980 30.207600 141.713682 256.000000 239.237322 14.998062 35.212365 0.000000 20.432667 22.140667 36.819595 256.000000 226.880485 75.785991 39.740342 0.000000 47.542846 71.951884 41.619989 256.000000 202.308793
117.386418 167.907178 64.000000 21.572835 117.691358 170.376167 256.000000 243.178430 69.754976 100.307191 0.000000 18.436298 74.462145 97.452338 256.000000 235.597390 151.391944 36.772813 0.000000 16.048400 151.930191 41.185549 256.000000 243.514027 132.915722 163.544320 64.000000 9.000872 133.550667 162.402296 256.000000 259.480679
12.074464 143.144422 0.000000 16.013979 7.312744 141.304293 256.000000 224.307578 88.437036 23.932658 0.000000 13.832602 89.975596 25.366416 256.000000 241.861859 106.617827 35.059389 64.000000 24.511456 96.387822 12.585675 256.000000 229.040350 106.875553 18.551487 0.000000 22.502180 108.435431 23.815624 256.000000 221.080688
109.555258 68.136449 64.000000 15.334181 107.701353 64.161651 256.000000 236.647205 6.771182 73.503311 0.000000 11.044569 3.621171 68.483876 256.000000 238.488684 64.751418 137.416467 0.000000 12.666619 71.910505 137.682371 256.000000 244.383136 64.471196 29.882858 64.000000 20.075558 62.858795 33.901947 256.000000 233.471945
111.492527 199.537553 0.000000 80.999242 112.847309 197.111404 256.000000 170.711086 43.383265 120.411653 0.000000 11.410283 47.831362 132.017058 256.000000 261.425418 158.082002 61.954004 0.000000 35.160193 155.160453 63.927415 256.000000 236.393356 103.123578 77.453435 64.000000 14.383324 101.734740 79.157969 256.000000 245.777152
65.966607 108.024138 0.000000 92.740819 66.438907 108.865060 256.000000 162.355592 5.356402 55.670316 64.000000 41.661301 12.051458 56.211045 256.000000 225.279947 177.630536 35.698198 64.000000 14.998585 181.986591 40.442238 256.000000 239.942935 18.296187 71.388333 64.000000 9.271931 17.698105 72.988236 256.000000 254.115436
110.549725 96.654342 0.000000 23.633742 109.261975 96.022325 256.000000 239.280347 26.688709 206.425647 0.000000 36.446647 21.504569 196.305678 256.000000 224.238737 5.419447 133.556233 0.000000 11.827627 7.827202 145.847087 256.000000 239.207204 73.343100 11.098700 64.000000 9.990451 72.430671 11.060415 256.000000 234.332449
6.321005 100.111393 0.000000 17.175660 9.165342 96.651213 256.000000 234.810029 25.439902 85.267993 64.000000 9.254721 26.206829 87.478611 256.000000 242.261994 113.871618 58.505378 0.000000 9.603225 114.990095 61.005585 256.000000 233.252517 49.425802 35.719075 64.000000 17.963021 46.692842 36.595858 256.000000 248.177959
58.535091 204.942804 64.000000 22.192398 56.708960 204.681511 256.000000 241.500448 18.837535 24.747693 64.000000 10.214182 14.520191 22.318515 256.000000 241.268112 65.642622 131.641896 64.000000 10.205577 67.518142 130.515493 256.000000 234.999340 49.252427 32.985456 64.000000 17.244500 37.223675 29.402809 256.000000 236.509524
64.286815 50.635289 64.000000 16.052702 62.493636 52.732860 256.000000 243.436582 142.379885 118.598629 0.000000 22.028902 139.141715 119.957005 320.000000 223.206133 37.528587 37.932958 64.000000 33.981303 94.991202 151.424098 256.000000 228.954299 53.398900 83.365705 0.000000 17.808130 45.555049 86.423829 256.000000 240.016078
21.434338 106.635644 64.000000 23.504667 22.198865 103.332280 256.000000 232.525391 29.581025 78.863189 0.000000 18.612702 23.717509 86.783784 256.000000 231.845593 170.281976 118.606555 64.000000 40.168327 165.353196 116.893511 256.000000 208.470002 153.156918 117.995475 0.000000 20.514415 147.714851 128.639500 256.000000 248.139236
26.098249 156.443296 64.000000 21.727726 27.913878 157.807282 256.000000 230.899038 51.077496 152.710075 0.000000 9.091225 59.288522 156.780133 256.000000 246.125657 14.799233 206.361040 64.000000 35.525908 16.594611 202.269611 256.000000 245.187707 64.919264 32.561102 0.000000 10.773510 70.359025 32.777520 256.000000 251.714630
39.669145 36.135285 0.000000 10.743392 38.885196 37.179896 256.000000 231.264753 36.445185 155.893665 64.000000 71.185193 37.965918 144.714700 256.000000 185.391284 80.180335 55.398258 0.000000 9.177275 78.581524 55.731649 256.000000 251.030529 59.018656 41.933965 0.000000 29.162481 81.145153 39.994233 256.000000 228.166938
32.166531 100.538376 64.000000 16.517374 25.684493 89.061575 256.000000 249.847336 5.911460 199.200055 64.000000 20.118584 9.231800 199.166485 256.000000 228.825224 29.280545 128.312682 0.000000 28.861304 19.087105 106.726178 256.000000 235.025155 6.679296 196.971751 0.000000 10.584199 21.577867 212.119249 256.000000 238.157390
34.252900 25.754662 0.000000 14.017610 41.080875 23.398345 256.000000 223.756855 67.382816 48.964689 64.000000 26.671321 65.172365 53.092329 256.000000 231.454063 173.369822 30.360882 0.000000 20.230449 174.107036 30.669311 256.000000 201.663415 38.326205 91.274842 0.000000 13.811089 40.443640 88.092249 256.000000 254.683369
27.247493 124.377405 64.000000 13.798182 35.322589 133.638278 256.000000 225.615544 115.342533 170.993565 64.000000 19.834617 121.664140 168.214305 256.000000 236.019037 103.450771 205.792969 0.000000 9.233208 103.033980 207.822158 256.000000 235.334936 66.513080 33.341609 0.000000 27.157506 60.694647 37.995367 256.000000 245.312480
48.611135 84.537205 0.000000 15.213711 47.496384 82.312307 256.000000 242.911674 68.321127 94.754893 0.000000 10.386283 65.276951 96.803535 256.000000 238.006801 100.299384 151.551629 64.000000 17.016467 111.467009 149.942698 256.000000 245.420043 110.637009 40.931269 0.000000 29.300161 102.668438 38.463215 256.000000 213.030673
134.575671 128.971527 64.000000 26.770279 193.060105 57.957691 256.000000 249.348244 122.533220 122.046825 0.000000 11.371560 124.117011 117.390629 256.000000 233.695676 69.241518 79.585076 0.000000 17.997441 72.583980 90.443456 256.000000 229.040350 19.199209 174.966216 64.000000 14.581240 22.110704 177.375264 256.000000 227.973325
84.653578 218.273285 0.000000 22.489272 86.015591 217.375867 256.000000 219.686671 34.012198 13.216204 64.000000 24.773910 71.474385 5.651200 256.000000 235.636113 179.304738 43.537873 64.000000 22.928129 179.420475 33.922804 256.000000 223.898838 166.265589 153.914276 64.000000 24.244700 161.746900 150.841364 256.000000 219.493058
32.475382 6.541356 64.000000 9.302048 29.503955 3.167431 256.000000 244.688615 41.570502 42.362024 0.000000 26.959590 18.637422 53.948271 256.000000 223.679410 163.990195 16.540198 64.000000 20.286382 167.306560 26.790215 256.000000 236.608482 71.587116 37.201785 0.000000 11.917980 66.870815 31.997116 256.000000 231.170097
27.809251 37.434085 0.000000 22.170886 32.371575 38.034895 256.000000 224.053729 38.824896 37.357022 64.000000 9.947426 42.073756 36.990547 256.000000 246.241825 112.257698 202.126671 0.000000 70.931345 112.812018 201.719435 256.000000 195.127887 14.482218 67.183765 64.000000 47.650409 15.189240 61.694305 256.000000 224.036519
