106.151464 67.056064 0.000000 35.706613 28.370449 102.971085 256.000000 226.828854 76.838942 181.165769 64.000000 18.483626 75.656056 180.336693 256.000000 235.347844 134.209729 79.948745 64.000000 10.704670 133.984449 78.910356 256.000000 237.404449 49.885091 119.559242 64.000000 26.340027 47.290105 115.830956 256.000000 230.034232
141.612211 79.407922 0.000000 11.565174 148.297515 88.217416 256.000000 234.001155 131.027647 169.788111 64.000000 54.297802 127.859631 168.259569 256.000000 202.661600 42.733471 98.508684 64.000000 20.436970 43.264304 93.270805 256.000000 242.270599 44.405127 58.302631 64.000000 12.068569 46.370195 61.319327 256.000000 248.939505
101.686853 195.261138 64.000000 33.542446 100.233896 194.658505 256.000000 231.763845 38.052011 117.575047 64.000000 9.388099 37.053775 120.109520 256.000000 260.995166 105.743756 7.283765 64.000000 30.582312 100.690031 6.537680 256.000000 221.893864 13.093662 127.743164 0.000000 10.928401 16.370362 129.791913 256.000000 248.689959
170.450138 52.688422 0.000000 13.574451 170.942491 52.354720 256.000000 247.261522 46.894709 99.521938 0.000000 10.205577 44.141733 101.486815 256.000000 253.607739 6.752664 144.168171 64.000000 43.928729 8.539953 131.567016 256.000000 208.168825 31.022807 172.318958 64.000000 38.098815 37.522900 158.186909 256.000000 221.553965
3.050340 42.109927 0.000000 64.572220 9.617251 45.424149 256.000000 182.775352 24.752631 164.304925 0.000000 35.672193 26.991518 159.301218 256.000000 225.675779 26.070609 150.403436 0.000000 17.644635 22.786273 150.544596 256.000000 234.125928 60.524124 186.992545 64.000000 21.607255 61.289087 185.507338 256.000000 249.417084
30.347891 39.125967 64.000000 14.551123 23.225496 46.690949 256.000000 227.379577 88.459984 7.086082 0.000000 52.082005 89.308867 9.895433 256.000000 227.392485 134.111089 70.571556 0.000000 41.114881 128.373804 73.512116 256.000000 225.817762 0.605618 34.451922 0.000000 11.268300 2.386611 35.956529 256.000000 244.460581
114.024345 37.282996 64.000000 15.067425 113.117727 36.661784 256.000000 239.194297 75.568415 138.576705 64.000000 26.770279 79.276976 134.921578 256.000000 243.466699 83.130796 132.505002 64.000000 47.379350 184.208982 80.882924 256.000000 228.339039 38.254004 38.731680 0.000000 10.308838 31.402918 33.975369 256.000000 253.642159
94.888725 140.321900 64.000000 43.838376 88.362362 140.031658 256.000000 221.304419 19.937707 88.025576 64.000000 31.064194 34.100991 77.072924 256.000000 232.353290 79.720033 67.062958 64.000000 42.207721 57.651545 81.118605 256.000000 220.951612 93.408082 88.902727 64.000000 21.263054 94.408216 84.817849 256.000000 246.783942
28.758091 105.061144 64.000000 32.591589 51.712220 65.466175 256.000000 203.044524 19.939627 76.819885 0.000000 12.567661 7.207902 75.780896 256.000000 222.431679 24.243549 140.261405 64.000000 14.082148 28.745489 142.299055 256.000000 253.943335 10.155067 131.231324 64.000000 28.573035 14.609642 128.645198 256.000000 217.849495
70.432151 84.458938 64.000000 14.370417 71.337058 73.247193 256.000000 246.396715 0.716813 139.336753 64.000000 11.427493 0.494867 138.421009 320.000000 245.734127 153.353987 108.411556 0.000000 44.161065 141.681578 108.448618 256.000000 216.244655 107.173578 85.154125 0.000000 20.613373 104.785133 85.571400 256.000000 232.271542
114.004929 196.884325 0.000000 16.762618 114.747185 195.806584 256.000000 237.400146 118.668445 202.129833 0.000000 23.371289 118.867307 198.428758 256.000000 223.231948 63.585376 94.611433 64.000000 9.302048 61.028245 97.171473 256.000000 251.658697 96.430342 108.813653 64.000000 9.375191 95.302742 110.362271 256.000000 239.276045
62.113027 119.317091 0.000000 13.570148 68.498178 117.974380 256.000000 252.631067 132.442878 41.438422 64.000000 14.822181 134.209129 43.463771 256.000000 261.782527 90.839356 130.963618 64.000000 41.403150 92.251387 128.158002 256.000000 193.174543 162.006562 36.291051 0.000000 21.275961 162.120491 39.549605 256.000000 240.579708
148.597149 59.613845 64.000000 11.750182 148.617985 56.966515 256.000000 256.305419 1.451038 67.424847 0.000000 14.323089 4.434645 68.756905 256.000000 252.480479 78.647229 104.157975 0.000000 24.012364 75.583829 101.986873 256.000000 236.784886 169.816267 20.145122 64.000000 23.250818 169.491811 22.667358 256.000000 207.932187
96.108780 132.438538 64.000000 27.196229 95.087256 131.429767 256.000000 232.839475 148.576569 79.538273 64.000000 16.001072 145.584018 82.853556 256.000000 230.103072 71.916251 75.374965 64.000000 25.049271 66.209195 78.252682 256.000000 232.254332 22.851545 50.075529 0.000000 43.735116 13.478780 44.748844 256.000000 185.296629
23.837776 111.246518 64.000000 17.747895 27.467038 115.159189 256.000000 241.065893 98.865836 79.969220 0.000000 20.419760 102.049502 72.049715 256.000000 222.384351 46.082400 217.244378 0.000000 30.530682 42.868331 214.999304 256.000000 222.887746 177.630536 35.698198 64.000000 14.998585 181.986591 40.442238 256.000000 239.942935
27.782458 117.830753 0.000000 25.677439 31.767049 114.080293 256.000000 236.070667 37.687069 223.087689 64.000000 12.313812 37.629627 223.976485 256.000000 243.793691 105.968753 36.521145 0.000000 79.166368 109.292409 39.140331 256.000000 185.210578 113.254827 8.670596 0.000000 24.799725 111.758084 9.849851 256.000000 236.229861
68.027591 77.811578 64.000000 16.323761 65.143104 76.330189 256.000000 247.889690 155.531627 134.972767 0.000000 36.825269 148.151100 134.853240 256.000000 215.569160 39.878509 137.871575 64.000000 27.794279 44.134831 135.943985 256.000000 215.693933 110.342593 176.102935 64.000000 10.691762 110.248924 176.638753 256.000000 245.148985
98.038500 73.187562 0.000000 10.463729 97.768451 72.748764 256.000000 238.303675 187.348636 27.720556 64.000000 10.717577 188.270122 25.712145 256.000000 235.369357 75.312740 12.966951 64.000000 10.829443 78.306480 12.798785 256.000000 229.715845 115.171384 132.500165 0.000000 11.590989 114.915982 131.948744 256.000000 237.154902
92.278616 86.103753 64.000000 10.270115 94.610516 82.934858 256.000000 234.887474 78.580771 29.415876 0.000000 30.414514 41.367289 62.637673 256.000000 231.161492 86.190631 213.149231 0.000000 10.988636 101.308224 219.073276 256.000000 261.537283 11.278489 29.342864 64.000000 16.624937 15.689805 27.581660 256.000000 233.058903
93.438420 50.090544 64.000000 14.817879 93.646816 43.526962 256.000000 245.699707 22.338982 52.499553 0.000000 16.736803 30.623811 55.126027 256.000000 224.501191 159.272715 149.674216 0.000000 40.034949 136.460920 146.499356 256.000000 211.559211 54.015744 9.430651 64.000000 37.909504 49.837976 14.793824 256.000000 220.005058
140.562364 84.719956 0.000000 10.721880 145.847924 92.889665 256.000000 239.572919 46.312676 99.113305 0.000000 10.356166 49.729480 98.056218 256.000000 253.766932 34.341385 79.661265 0.000000 12.976400 37.365235 83.138824 256.000000 245.983673 8.732173 177.810320 0.000000 72.914806 13.220344 185.585609 256.000000 183.179789
42.886829 80.329722 64.000000 14.572635 43.617031 84.323867 256.000000 262.320342 52.346904 132.246356 0.000000 20.948970 60.052349 128.208524 256.000000 247.321757 92.439795 65.796035 64.000000 15.902114 90.910322 62.362502 256.000000 241.281019 178.917331 101.052255 64.000000 13.148501 178.476764 100.169671 256.000000 242.640615
154.976873 53.046124 0.000000 43.631855 152.827073 49.478507 256.000000 233.644046 129.813982 89.579080 0.000000 10.257208 130.975567 85.667891 256.000000 225.959745 107.275082 103.733887 64.000000 27.148901 112.043878 95.747878 256.000000 237.481894 78.065762 97.425749 64.000000 19.266685 86.170007 92.296347 256.000000 232.361895
74.158989 95.495547 0.000000 27.510313 116.420849 77.183544 256.000000 214.373059 10.870955 149.726604 64.000000 14.572635 7.486042 149.378356 256.000000 240.863675 74.049742 57.527575 0.000000 12.021241 72.133887 52.705895 256.000000 243.582867 34.824840 95.730522 64.000000 17.098214 29.133589 101.166058 256.000000 234.095811
24.845113 30.073053 0.000000 9.061107 16.153091 15.217713 256.000000 257.161620 163.979844 115.131871 0.000000 39.178747 158.267951 114.744727 256.000000 225.972653 32.095465 123.909549 0.000000 19.795895 24.595778 126.808669 256.000000 239.745019 93.769435 43.266522 0.000000 46.028359 65.008236 48.115425 256.000000 232.955643
29.529542 16.034480 64.000000 9.413914 27.816971 16.065698 256.000000 243.019237 180.808287 125.784229 64.000000 9.732300 182.452813 125.332305 256.000000 253.624949 57.001665 80.077602 64.000000 39.385268 43.034880 82.926980 256.000000 208.895951 140.460662 34.401173 64.000000 13.088266 140.896133 34.964665 256.000000 254.283235
76.394438 87.966216 64.000000 16.117240 75.379951 95.895389 256.000000 249.296614 52.212576 60.657311 64.000000 14.323089 58.825680 59.606633 256.000000 239.960145 84.373558 175.106660 0.000000 32.006446 82.464393 173.531896 256.000000 232.353290 97.943598 18.903022 64.000000 19.034348 98.183809 21.661776 256.000000 242.184548
95.033109 55.801145 0.000000 25.703254 93.563573 54.023420 256.000000 235.786701 29.616918 21.785802 64.000000 24.773910 25.552400 22.861838 256.000000 243.612985 167.626524 73.014195 0.000000 33.357438 164.684542 67.915265 256.000000 226.377090 69.608513 139.944938 0.000000 23.160465 62.413695 142.583749 256.000000 215.702538
94.214467 218.486658 64.000000 10.855258 92.502009 219.813825 256.000000 243.049355 82.786665 81.488080 64.000000 57.227819 83.202158 82.519247 256.000000 195.923853 26.475280 94.457253 0.000000 14.129476 11.066947 93.779413 256.000000 245.944951 34.327855 164.249140 64.000000 23.642347 36.126685 161.737185 256.000000 242.317926
12.171989 25.263164 64.000000 28.551523 22.731307 27.089300 256.000000 230.597862 62.898238 61.292500 64.000000 34.622378 59.497456 64.661307 256.000000 220.413797 114.675327 2.663184 64.000000 21.929944 112.887947 2.878707 256.000000 255.591201 169.166065 43.027625 64.000000 23.745608 166.498491 39.978662 256.000000 220.263209
19.711635 99.622204 0.000000 16.857273 26.087296 102.134556 256.000000 234.194769 15.082284 122.299662 64.000000 19.972298 22.987689 126.197805 256.000000 248.547975 114.910947 89.062380 64.000000 11.436098 117.663478 85.707142 256.000000 257.630595 145.077609 25.702138 64.000000 46.191855 142.308993 25.561271 256.000000 200.884659
29.710844 229.773376 64.000000 39.720865 29.313622 224.282460 256.000000 217.126672 66.095044 137.107722 0.000000 20.114281 71.653827 134.339315 256.000000 238.669389 80.322173 28.327384 64.000000 67.635614 80.861215 30.046551 256.000000 189.543216 139.988422 153.281815 0.000000 10.786418 144.404969 151.643400 256.000000 244.817691
