111.122611 36.102244 64.000000 19.064466 111.699647 38.990669 256.000000 217.634369 48.612869 53.563091 64.000000 40.133907 48.428425 55.623624 256.000000 207.162035 64.225620 141.162820 64.000000 22.446247 61.346093 138.701193 256.000000 221.704553 81.390229 137.047847 64.000000 12.055661 79.605222 138.995145 256.000000 236.543945
71.392373 29.217498 0.000000 17.059492 77.115378 37.002013 256.000000 239.340583 5.988435 179.693427 0.000000 15.962349 11.974409 188.253905 256.000000 246.667774 131.086298 85.125702 64.000000 15.321274 136.713996 78.798156 256.000000 235.760886 86.790564 11.581613 64.000000 17.554282 79.572135 6.318925 256.000000 219.333865
110.401729 175.759833 64.000000 11.586686 109.389691 177.446720 256.000000 61.315213 32.475382 6.541356 64.000000 9.302048 29.503955 3.167431 256.000000 244.688615 42.596765 186.016191 0.000000 19.967995 38.965478 184.887505 256.000000 237.851911 88.569618 89.013815 64.000000 21.392129 85.179122 86.753004 256.000000 239.400818
23.079665 119.896364 64.000000 30.311253 22.858191 113.349829 256.000000 235.347844 22.047587 60.455076 0.000000 18.836433 18.005133 65.316742 256.000000 248.027370 73.409611 37.843327 64.000000 9.448334 73.742413 31.072615 256.000000 240.041893 20.009416 189.991613 0.000000 49.018610 27.314880 187.306785 256.000000 213.899782
69.380018 139.367293 0.000000 18.354550 72.203704 137.328740 256.000000 248.896479 31.110691 148.347162 0.000000 22.213911 28.545585 146.514947 256.000000 216.137092 54.057385 129.659835 64.000000 11.027359 52.982258 129.559938 256.000000 249.451505 85.351931 103.371545 64.000000 32.178547 82.915269 98.333304 256.000000 227.194569
197.096056 85.961822 64.000000 19.339827 200.979480 76.254620 256.000000 216.012319 10.742836 27.627824 0.000000 9.284838 7.385667 28.892633 256.000000 258.680410 53.640662 157.637787 64.000000 10.683157 57.684220 162.682249 256.000000 253.934730 28.935753 130.093869 0.000000 38.929201 38.129936 108.293460 256.000000 223.997796
71.112002 13.385680 64.000000 9.000872 82.755035 17.841580 256.000000 255.733184 79.631989 10.382756 0.000000 26.499221 75.923649 12.036235 256.000000 238.316583 57.596967 26.205858 64.000000 10.493846 55.812840 22.991004 256.000000 248.956715 100.553756 172.119669 0.000000 11.134922 141.902824 184.039627 256.000000 239.693389
19.513436 125.517320 64.000000 18.302920 17.792036 122.378102 256.000000 222.276788 44.226613 81.267673 64.000000 10.614317 46.529649 79.916935 256.000000 260.345485 63.578593 142.045444 64.000000 9.018082 62.710493 141.915169 256.000000 245.540514 27.247493 124.377405 64.000000 13.798182 35.322589 133.638278 256.000000 225.615544
150.990085 103.558278 0.000000 30.500564 148.470456 100.893235 256.000000 237.043037 74.577342 154.326542 0.000000 8.850284 75.917804 154.666678 256.000000 243.187035 43.698853 59.863251 0.000000 13.213039 37.904515 54.797520 256.000000 229.096282 78.688636 209.415004 0.000000 25.759187 73.828622 205.086965 256.000000 225.744619
186.581918 115.775871 64.000000 12.206249 187.352098 115.047849 320.000000 244.159405 67.062444 184.588085 64.000000 39.815520 66.708545 178.657651 256.000000 216.317798 60.594265 28.603562 64.000000 12.812905 65.239616 30.453502 256.000000 230.485996 104.724100 156.169440 64.000000 16.650752 100.969515 159.118905 256.000000 224.780855
145.046724 65.422791 0.000000 17.287525 144.160035 67.327484 256.000000 227.177359 53.484460 165.016847 0.000000 34.725639 61.722278 153.786036 256.000000 198.440827 143.075353 68.552007 0.000000 17.330551 150.792107 70.077338 256.000000 228.179846 69.932511 41.632251 64.000000 18.298618 73.251469 45.407082 256.000000 240.300045
14.933191 12.650040 0.000000 12.752669 7.379285 13.048869 256.000000 241.199271 19.256665 20.994462 64.000000 14.047728 23.530936 19.781402 320.000000 243.367741 146.404731 78.182707 0.000000 10.222788 148.831656 82.190160 256.000000 228.511140 170.842029 23.821291 0.000000 46.669434 167.617171 17.426333 256.000000 229.720148
51.473053 77.515998 64.000000 14.387627 53.723489 76.070069 256.000000 241.780111 62.827416 69.142785 0.000000 15.936534 69.344147 63.137593 256.000000 241.754296 88.546400 23.517980 64.000000 19.021441 90.561396 25.435018 256.000000 229.221056 129.884696 33.697445 64.000000 24.984734 127.836040 34.679527 256.000000 237.679810
37.996775 99.937085 0.000000 18.487928 29.872171 97.319225 256.000000 247.205589 111.492527 199.537553 0.000000 80.999242 112.847309 197.111404 256.000000 170.711086 17.336764 130.080367 0.000000 24.890078 25.744127 126.834776 256.000000 245.712615 114.050225 138.351149 64.000000 23.483154 115.022115 135.786033 256.000000 254.993150
149.490084 172.727353 0.000000 20.406852 147.461636 174.041707 256.000000 240.033288 161.442542 40.856015 64.000000 24.881473 159.380556 43.045298 256.000000 225.193897 58.120975 109.854256 0.000000 12.412770 64.847978 109.772811 256.000000 249.503135 118.668445 202.129833 0.000000 23.371289 118.867307 198.428758 256.000000 223.231948
125.519156 40.587600 64.000000 67.252690 126.723318 55.885340 256.000000 193.897366 0.476515 82.515269 64.000000 10.816535 2.513855 87.710658 256.000000 263.976812 32.049758 4.973905 64.000000 9.891493 33.376600 4.871907 256.000000 236.944079 36.919415 113.141022 64.000000 33.822110 47.836253 85.006742 256.000000 233.372987
25.697802 177.816249 0.000000 18.492231 23.762302 175.991015 256.000000 226.510468 84.477769 86.978847 64.000000 18.776197 85.290113 82.619273 256.000000 243.230061 4.992951 181.424720 0.000000 19.202147 20.148673 187.752198 256.000000 249.240681 153.353987 108.411556 0.000000 44.161065 141.681578 108.448618 256.000000 216.244655
5.546067 68.419742 0.000000 17.476836 5.041155 76.078853 256.000000 229.720148 103.674711 36.950640 0.000000 21.542718 99.366295 37.973304 256.000000 236.789188 131.104744 147.444176 64.000000 24.365171 128.429340 147.548987 256.000000 204.275045 13.921880 27.833013 64.000000 8.695393 15.340996 28.094840 256.000000 247.657354
70.177184 58.365538 64.000000 22.678583 67.081213 58.369976 256.000000 229.560955 114.810162 205.461840 64.000000 22.261238 114.999440 204.624811 256.000000 235.528550 79.469556 116.580662 0.000000 15.273946 80.211518 115.131736 256.000000 266.790660 195.208287 94.690565 64.000000 17.248803 194.819473 95.400975 256.000000 242.477120
65.280440 73.275129 0.000000 16.117240 54.983560 67.066862 256.000000 231.286265 25.400269 132.593807 64.000000 13.092568 24.035295 130.919633 256.000000 255.539570 27.596356 113.769022 0.000000 19.606584 24.688184 109.773665 256.000000 229.147913 48.157249 144.147985 64.000000 12.146014 47.918496 142.553751 256.000000 249.920479
35.928876 80.603860 64.000000 39.639117 39.274893 88.138258 256.000000 206.869464 11.897767 45.138449 0.000000 16.414114 6.494055 48.661905 256.000000 237.271070 50.114744 29.301131 0.000000 22.588230 45.057295 26.449707 256.000000 244.150800 152.761169 36.093205 64.000000 40.241470 145.420842 35.643447 256.000000 212.647748
90.699891 157.629104 0.000000 37.109235 86.250660 144.016720 256.000000 207.174943 48.084229 6.813491 64.000000 19.929273 47.013373 8.912018 256.000000 227.827039 113.603618 169.582007 64.000000 22.183793 112.495885 167.659676 256.000000 247.356177 97.167262 37.518827 0.000000 27.759859 96.986453 40.940113 256.000000 227.491442
123.226035 80.912871 64.000000 20.191726 112.594496 97.330516 256.000000 253.285050 21.791989 75.227451 0.000000 15.566517 26.627236 78.584315 256.000000 245.712615 34.373513 59.738171 64.000000 9.887191 36.184169 58.059960 256.000000 255.182461 76.733167 40.926531 64.000000 36.222916 77.461407 53.732055 256.000000 230.748450
148.765993 7.334509 64.000000 18.939693 146.677049 2.459007 256.000000 242.920279 72.828036 86.729785 0.000000 36.993067 74.143591 95.830815 256.000000 233.880685 87.798120 159.362447 64.000000 12.214854 88.185938 158.725618 256.000000 256.107503 125.640809 92.240009 64.000000 34.790177 115.589791 95.612336 256.000000 226.884787
0.461173 172.032280 64.000000 50.003887 22.254338 169.295204 256.000000 209.687615 183.926145 28.614742 64.000000 30.517774 182.609365 32.762067 256.000000 224.479678 91.340982 46.994002 64.000000 37.264126 87.788562 45.146371 256.000000 245.729825 66.403798 222.730384 0.000000 38.167655 54.441831 219.630693 256.000000 222.070267
81.332311 23.054516 0.000000 9.147158 81.020665 24.700953 320.000000 233.854870 121.867304 35.997375 0.000000 20.957575 122.641545 37.634295 256.000000 251.645790 114.072673 36.623033 0.000000 36.025000 99.112085 39.936271 256.000000 232.632954 27.331929 65.996562 64.000000 13.742249 23.773544 67.504200 256.000000 258.551334
107.826658 49.240525 0.000000 21.086651 103.235115 53.739053 256.000000 234.005458 165.035585 14.450569 64.000000 33.241270 163.927831 4.735687 256.000000 248.672748 150.424771 41.788862 64.000000 8.833074 150.526064 40.276320 256.000000 237.322701 72.586358 113.054887 0.000000 22.889406 70.152636 109.747233 256.000000 238.191810
113.468633 84.096015 64.000000 12.688131 115.961493 88.334045 256.000000 222.272486 47.923200 147.186665 0.000000 20.178819 78.240236 157.326622 256.000000 249.498832 78.666462 203.862282 0.000000 18.294315 73.664729 207.155945 256.000000 217.664487 72.458542 81.759647 0.000000 12.645106 69.238944 81.793969 256.000000 228.816619
99.180745 15.923224 0.000000 15.846181 92.159591 17.977493 256.000000 242.064078 70.675113 96.419605 0.000000 11.074686 72.369653 104.238335 256.000000 242.270599 72.044024 126.393365 64.000000 16.797038 70.978047 123.051473 256.000000 238.209020 82.952795 20.976025 64.000000 19.924970 84.307851 23.789213 256.000000 236.982802
22.851545 50.075529 0.000000 43.735116 13.478780 44.748844 256.000000 185.296629 138.877693 121.401920 64.000000 40.886848 130.541631 101.905971 256.000000 208.078472 129.700002 87.811096 0.000000 17.993139 128.066664 88.977318 256.000000 227.771106 137.144115 48.046775 0.000000 24.937406 136.813062 49.071924 256.000000 241.397187
68.408193 128.905455 0.000000 12.309510 78.928942 113.861480 256.000000 245.996581 103.193967 131.517631 64.000000 12.331022 106.520671 129.030122 256.000000 228.197056 49.071382 121.038020 64.000000 22.807659 50.663762 119.031224 256.000000 238.161692 93.884996 109.783707 64.000000 25.991523 88.511631 110.600605 256.000000 233.893592
117.835844 146.331633 64.000000 10.657342 135.091704 160.822471 256.000000 243.088077 101.273224 27.371656 64.000000 35.603353 96.889745 32.880524 256.000000 207.235178 38.326205 91.274842 0.000000 13.811089 40.443640 88.092249 256.000000 254.683369 113.449831 20.605591 64.000000 13.626081 112.626104 18.324498 256.000000 242.752481
