24.392829 105.426544 64.000000 9.091225 19.277140 109.523236 256.000000 245.097354 24.025065 138.670669 0.000000 13.815392 8.837680 150.414669 256.000000 241.999540 27.823949 63.949616 0.000000 8.841679 25.778944 65.926809 256.000000 242.649220 165.172747 84.081820 64.000000 44.470847 154.515055 75.733013 256.000000 201.603180
11.897767 45.138449 0.000000 16.414114 6.494055 48.661905 256.000000 237.271070 106.164738 20.007655 0.000000 9.624737 202.340300 30.829687 256.000000 241.225086 36.938931 70.160118 64.000000 14.555425 36.359825 73.323798 256.000000 242.890162 161.041867 5.844724 64.000000 15.966652 160.556184 4.353704 256.000000 252.080344
63.289105 16.359409 64.000000 26.675624 74.311955 20.541496 256.000000 222.707040 74.929262 29.318124 0.000000 11.268300 73.656978 28.601778 256.000000 236.238466 32.430438 5.650187 64.000000 9.431124 25.335587 2.515089 256.000000 249.133118 19.832740 68.273069 0.000000 21.525508 22.135431 69.780500 256.000000 226.519073
64.122562 120.417496 0.000000 10.751997 69.759885 122.276655 256.000000 243.608682 89.105031 155.075776 0.000000 17.459626 84.315796 157.322756 256.000000 225.331577 16.678658 44.736020 0.000000 16.513072 15.393980 48.678627 256.000000 223.941863 20.583493 70.354220 64.000000 13.299089 17.056438 69.830698 256.000000 251.856613
5.356402 55.670316 64.000000 41.661301 12.051458 56.211045 256.000000 225.279947 109.178293 208.820035 0.000000 26.447590 116.202855 206.349249 256.000000 217.234235 34.218727 67.049482 64.000000 22.411827 32.220713 52.927222 256.000000 233.394500 21.555256 48.313929 64.000000 10.308838 15.088200 46.085904 256.000000 242.447002
93.836705 125.603573 64.000000 17.786618 103.904971 123.566700 256.000000 241.478935 64.134102 44.910782 0.000000 9.164368 70.862358 39.742631 256.000000 241.887674 10.891485 114.408235 0.000000 8.807258 4.643218 118.886333 256.000000 244.925254 80.531773 195.532182 64.000000 40.039251 76.005631 198.973893 256.000000 179.242983
4.992951 181.424720 0.000000 19.202147 20.148673 187.752198 256.000000 249.240681 14.290525 96.595356 64.000000 14.301576 5.753976 98.987444 256.000000 242.812716 89.366560 36.870142 0.000000 18.638517 89.898964 40.459925 256.000000 238.131574 25.916238 85.930833 64.000000 8.850284 26.179273 88.327044 256.000000 20.643491
118.639684 183.737096 0.000000 19.154819 115.838645 185.498747 256.000000 252.028714 40.526467 31.338609 0.000000 15.893509 38.588982 34.124676 256.000000 220.129831 158.145115 134.419740 64.000000 19.288197 157.306040 133.287253 256.000000 229.401761 79.489549 124.826296 64.000000 17.623122 78.620104 123.338245 256.000000 233.123441
52.835247 51.781378 64.000000 16.052702 69.583842 68.863142 256.000000 230.692517 31.521409 76.369736 64.000000 15.992467 33.104307 80.159671 256.000000 253.741117 57.964849 104.716009 0.000000 26.839120 42.853911 147.904305 256.000000 215.349731 45.930360 179.535455 0.000000 9.508569 43.202429 180.051138 256.000000 264.170425
54.015744 9.430651 64.000000 37.909504 49.837976 14.793824 256.000000 220.005058 49.139158 156.175842 0.000000 25.797910 53.660927 151.327691 256.000000 237.834701 8.914515 57.462842 0.000000 9.078317 10.021540 59.149860 256.000000 243.169825 22.483109 64.867433 64.000000 11.543661 23.275484 62.874809 256.000000 260.909115
108.173004 161.623525 64.000000 10.067897 112.719587 161.493844 256.000000 225.064821 25.258995 96.375720 0.000000 10.829443 23.884538 92.926949 256.000000 245.463069 26.512969 107.131907 64.000000 16.715290 29.340222 104.404925 256.000000 245.850295 48.400620 206.119347 0.000000 9.603225 60.396851 215.309384 256.000000 257.768276
85.150622 13.599844 64.000000 22.063323 82.363233 10.367373 256.000000 254.266024 149.632862 2.573600 64.000000 10.227090 168.498476 11.383124 256.000000 242.472817 65.030362 102.853178 0.000000 16.680870 65.243916 99.707951 256.000000 234.091508 82.811735 48.119747 0.000000 36.678983 62.570049 64.930675 256.000000 214.291311
85.896895 32.699375 0.000000 14.335997 94.612844 46.565147 256.000000 234.732584 48.141338 61.704404 0.000000 49.879114 49.092973 63.059100 256.000000 210.965463 18.232676 63.399031 0.000000 13.079661 20.128116 61.627993 256.000000 269.217281 172.155673 106.013233 64.000000 31.731085 166.980262 108.404240 256.000000 209.562842
82.192055 221.843425 64.000000 15.609543 84.863675 220.734840 256.000000 238.587642 63.179915 146.470889 0.000000 16.302248 69.227951 144.200251 256.000000 211.890505 171.840149 95.520485 0.000000 13.492703 175.012815 89.762778 256.000000 239.172784 101.392753 13.857004 0.000000 19.511928 108.434198 21.176429 256.000000 229.363039
104.708433 0.756931 64.000000 13.733644 104.629253 0.596242 256.000000 246.986161 114.072673 36.623033 0.000000 36.025000 99.112085 39.936271 256.000000 232.632954 134.451662 190.570024 0.000000 28.788161 134.307729 186.378338 256.000000 230.847408 76.775320 121.437031 0.000000 39.329335 66.930407 116.192222 256.000000 227.865762
25.288271 88.044671 64.000000 43.300561 32.465227 79.979704 256.000000 206.684456 39.362096 172.338411 64.000000 14.155291 34.278104 172.827585 256.000000 226.510468 7.629267 101.391305 0.000000 21.486785 9.283584 97.280656 256.000000 238.669389 2.768664 166.534965 0.000000 13.010820 2.371824 165.215427 256.000000 248.332849
47.926016 99.294693 64.000000 14.921139 47.673933 95.688778 256.000000 240.007473 69.572307 135.447705 64.000000 16.160265 88.086982 124.405600 256.000000 229.272686 43.004689 108.808224 64.000000 28.813976 40.599342 107.416838 256.000000 225.671477 148.597149 59.613845 64.000000 11.750182 148.617985 56.966515 256.000000 256.305419
78.845967 25.296516 64.000000 11.362955 79.713209 26.011787 256.000000 232.163979 15.441565 60.737100 64.000000 17.197172 19.290629 56.520529 256.000000 232.452248 16.255262 205.737585 64.000000 11.371560 17.506447 201.964678 256.000000 223.928956 114.810940 161.103371 0.000000 51.070912 114.397065 164.275742 256.000000 187.452191
137.978304 82.724676 0.000000 16.211895 147.448305 105.106871 256.000000 233.484853 23.352513 102.057207 64.000000 17.941508 26.549416 100.385138 256.000000 242.838531 78.430249 16.906520 64.000000 22.790448 77.421595 19.867620 256.000000 256.933587 67.046991 127.827973 0.000000 16.564702 65.176187 129.762689 256.000000 233.467643
149.456396 4.524131 64.000000 37.746008 141.562658 24.179962 256.000000 228.450904 71.321093 45.964907 0.000000 11.935190 67.544124 38.777178 256.000000 255.023268 37.273273 105.354007 0.000000 40.637301 32.429335 98.061404 256.000000 220.065293 31.174500 203.683615 64.000000 29.510985 26.053256 202.856484 256.000000 234.594903
54.708089 65.076978 64.000000 19.666819 52.340356 62.341778 256.000000 230.318198 76.733167 40.926531 64.000000 36.222916 77.461407 53.732055 256.000000 230.748450 57.632387 160.330416 0.000000 19.111794 57.006187 156.714769 256.000000 241.087406 34.824840 95.730522 64.000000 17.098214 29.133589 101.166058 256.000000 234.095811
47.192353 84.051324 64.000000 22.743121 42.675522 79.665087 256.000000 240.050498 83.431289 49.861398 64.000000 12.933375 86.793682 37.441764 256.000000 238.703810 50.674956 121.829155 64.000000 24.253305 49.497775 118.063909 256.000000 218.210907 100.545325 54.909860 0.000000 53.768592 98.397525 57.010196 256.000000 199.697163
129.047360 119.633291 64.000000 26.619691 124.054211 118.494016 256.000000 231.957458 120.163547 187.166982 0.000000 15.282551 129.337400 184.592896 256.000000 234.947710 25.392820 133.274922 0.000000 9.482754 26.938238 133.834724 256.000000 253.883100 57.912033 139.387105 0.000000 21.448062 67.389184 129.254851 256.000000 229.918064
72.956655 12.436527 64.000000 23.900499 66.317969 16.953136 256.000000 241.573590 35.479602 214.118636 64.000000 15.902114 40.362047 214.904998 256.000000 239.671877 19.711635 99.622204 0.000000 16.857273 26.087296 102.134556 256.000000 234.194769 11.357169 158.736756 64.000000 37.943924 11.785013 142.982613 256.000000 223.262065
114.496018 120.833876 64.000000 16.018282 113.048436 126.113102 256.000000 232.835172 11.139053 140.219680 64.000000 18.023256 14.246484 139.982996 256.000000 248.492043 3.589807 96.712311 0.000000 33.662916 34.720880 107.478675 256.000000 234.771306 164.969500 56.547204 64.000000 28.327792 161.786822 57.578282 256.000000 226.983745
59.490242 153.203640 64.000000 17.803828 76.521733 156.625462 256.000000 233.867777 88.437036 23.932658 0.000000 13.832602 89.975596 25.366416 256.000000 241.861859 36.919415 113.141022 64.000000 33.822110 47.836253 85.006742 256.000000 233.372987 75.785991 39.740342 0.000000 47.542846 71.951884 41.619989 256.000000 202.308793
142.202940 85.072442 0.000000 10.214182 141.535887 85.068822 256.000000 251.103672 104.499053 145.678376 64.000000 25.509641 101.103455 146.167935 256.000000 255.698764 153.679927 103.589647 0.000000 26.968195 139.760867 104.106675 256.000000 219.338167 104.795047 126.890469 64.000000 41.777469 106.481107 127.444922 256.000000 229.449089
126.722202 34.362833 64.000000 9.000872 126.344235 32.906193 256.000000 251.989991 50.023753 84.927885 0.000000 23.754213 44.734071 89.999855 256.000000 230.679610 53.178049 90.813253 0.000000 17.674752 32.722609 192.048045 256.000000 231.738030 94.667820 102.690209 64.000000 33.671522 95.388856 90.139018 256.000000 227.938905
78.187447 83.806511 64.000000 10.575594 76.698942 83.350284 256.000000 264.815803 26.711402 229.198815 0.000000 19.232264 33.897320 230.493016 256.000000 225.464956 48.067818 140.240185 0.000000 21.000600 47.820120 137.225095 256.000000 219.647949 87.247485 28.948798 64.000000 11.973913 110.669560 31.571611 256.000000 227.173056
68.051858 78.787509 0.000000 10.442216 70.307469 82.726427 256.000000 262.965720 22.667435 74.932415 0.000000 18.888063 27.659396 76.015916 256.000000 210.212522 79.720033 67.062958 64.000000 42.207721 57.651545 81.118605 256.000000 220.951612 130.875251 17.905333 64.000000 22.596835 130.069482 18.780515 256.000000 229.862131
20.805662 95.547607 0.000000 12.399863 22.098913 94.096278 256.000000 228.541257 62.818565 67.727082 64.000000 24.257608 60.489845 57.779898 256.000000 226.032888 63.034380 44.855225 0.000000 40.379150 63.511016 45.605549 256.000000 214.678538 52.606580 130.216540 0.000000 12.645106 54.430220 128.848576 256.000000 255.092108
52.986509 59.531504 64.000000 27.338212 44.152635 63.194098 256.000000 224.092452 3.670638 119.854302 0.000000 18.165239 12.205184 130.190871 256.000000 239.271742 6.771182 73.503311 0.000000 11.044569 3.621171 68.483876 256.000000 238.488684 58.616905 144.653511 0.000000 31.412699 33.791391 110.735169 256.000000 211.593631
