159.477900 67.901533 0.000000 11.160737 159.894556 70.253567 256.000000 255.105016 8.914515 57.462842 0.000000 9.078317 10.021540 59.149860 256.000000 243.169825 70.675113 96.419605 0.000000 11.074686 72.369653 104.238335 256.000000 242.270599 94.653415 35.642247 0.000000 9.082620 123.034724 23.979405 256.000000 244.073355
117.012438 150.770460 64.000000 13.578753 118.677687 152.242700 256.000000 226.906300 107.981827 157.480871 0.000000 23.237911 107.476584 152.200029 256.000000 234.689558 114.548991 102.580769 64.000000 33.727454 143.441762 109.170031 256.000000 192.460325 140.734818 86.341296 0.000000 17.201475 139.336578 90.106462 256.000000 251.495202
165.287056 55.697962 0.000000 13.114081 166.013711 56.938884 256.000000 259.764645 9.149860 87.675865 64.000000 20.131491 12.331047 86.876873 256.000000 229.832013 21.004871 196.292951 64.000000 20.656399 18.750184 195.534818 256.000000 232.650164 19.657180 125.890749 64.000000 28.228834 20.797471 121.354067 256.000000 226.927812
67.029325 42.250669 0.000000 9.327863 65.479020 42.162305 256.000000 256.912074 39.339520 190.269891 64.000000 16.762618 39.082633 189.195998 256.000000 244.796178 77.082156 138.597982 64.000000 37.582512 81.091775 127.100889 256.000000 211.137564 19.256665 20.994462 64.000000 14.047728 23.530936 19.781402 320.000000 243.367741
33.015522 41.874109 64.000000 21.035020 32.117800 44.377793 256.000000 245.652379 168.265993 66.234905 0.000000 15.342786 168.765796 69.914485 256.000000 262.367670 38.498740 70.830453 64.000000 17.012164 33.762356 69.470255 256.000000 236.991407 11.262676 102.087404 0.000000 12.675224 14.866496 105.854640 256.000000 251.998596
20.063862 26.679491 64.000000 14.417745 21.390322 27.271420 256.000000 242.735271 131.577022 102.675576 0.000000 15.359996 138.563091 95.877391 256.000000 256.933587 50.707769 80.554858 64.000000 19.550651 45.507407 81.994980 256.000000 227.827039 129.904482 76.413853 64.000000 24.249003 123.265073 55.015707 256.000000 235.907172
147.384633 183.011729 64.000000 41.003016 101.998853 117.513596 256.000000 189.155989 13.097144 69.428396 0.000000 15.157778 16.155373 66.858851 256.000000 219.777024 130.875251 17.905333 64.000000 22.596835 130.069482 18.780515 256.000000 229.862131 132.164051 73.277193 64.000000 30.156363 127.060567 81.047305 256.000000 221.102200
0.716813 139.336753 64.000000 11.427493 0.494867 138.421009 320.000000 245.734127 107.173578 85.154125 0.000000 20.613373 104.785133 85.571400 256.000000 232.271542 75.518304 171.905247 0.000000 21.590045 74.835389 170.914315 256.000000 235.184348 147.421227 130.641256 64.000000 23.896196 146.411138 129.105055 256.000000 220.624621
3.605233 89.829051 0.000000 19.606584 1.326402 77.063624 256.000000 229.294198 13.093662 127.743164 0.000000 10.928401 16.370362 129.791913 256.000000 248.689959 69.851945 80.169831 0.000000 17.382181 65.372311 61.783133 256.000000 220.878469 63.772705 32.517511 64.000000 9.151460 63.739524 33.545211 256.000000 243.970094
84.796022 155.880051 0.000000 12.881745 93.171815 154.248184 256.000000 262.535468 11.118744 72.995644 64.000000 21.443760 11.578755 75.608025 256.000000 241.573590 115.061696 9.655413 64.000000 40.680327 128.975260 26.716680 256.000000 234.229189 104.852309 154.741280 64.000000 15.114753 116.107822 155.384298 256.000000 236.221256
31.118965 34.032187 64.000000 21.882617 33.962080 35.908582 256.000000 234.603508 58.535091 204.942804 64.000000 22.192398 56.708960 204.681511 256.000000 241.500448 155.521615 37.703571 0.000000 13.965980 163.280215 46.213355 256.000000 249.038463 104.775002 99.918696 64.000000 28.973170 100.961689 96.864324 256.000000 231.432551
75.637242 80.115902 64.000000 9.861376 82.064578 78.140298 256.000000 233.867777 39.827191 111.444409 64.000000 12.524636 38.515060 110.268564 256.000000 233.304147 101.655829 174.287745 64.000000 12.804300 99.576653 186.577687 256.000000 251.176815 18.065640 105.683287 64.000000 20.376735 16.410825 102.677824 256.000000 239.766532
34.344556 177.771985 64.000000 42.216326 28.940898 177.457331 256.000000 214.588185 165.625760 117.238489 64.000000 38.189168 162.125598 117.489647 256.000000 218.748722 43.971589 9.083276 64.000000 43.283351 52.534462 21.499160 256.000000 219.290839 172.744796 113.400751 64.000000 33.421975 170.967255 113.522273 256.000000 240.067708
138.388160 88.469353 64.000000 21.869709 137.630013 89.454436 256.000000 235.205861 104.449642 160.840587 64.000000 11.935190 106.281931 159.681196 320.000000 246.818362 178.709524 67.317640 64.000000 8.747023 181.062636 70.021960 256.000000 238.574734 12.615616 41.570536 0.000000 21.753541 11.283289 45.913340 256.000000 239.159877
71.916251 75.374965 64.000000 25.049271 66.209195 78.252682 256.000000 232.254332 62.738049 59.141696 64.000000 43.111250 52.687965 61.073667 256.000000 216.614672 29.084955 189.013593 0.000000 21.456667 26.828367 188.390431 256.000000 243.402161 16.732105 103.885873 64.000000 12.787089 10.233678 105.868785 256.000000 257.893049
137.946167 109.218802 0.000000 61.259280 126.656758 98.545716 256.000000 199.877869 43.324318 43.309385 0.000000 33.421975 40.050900 45.835367 256.000000 223.666502 9.558311 51.145711 64.000000 10.403493 8.112055 52.238038 256.000000 257.720948 86.667785 87.552242 64.000000 15.811761 85.409189 85.295095 256.000000 241.487540
96.207005 214.100720 0.000000 17.537072 95.215042 214.853131 256.000000 237.245255 47.657336 37.843978 0.000000 11.612501 45.787087 38.885891 256.000000 247.149656 43.838033 58.717905 64.000000 18.010349 44.789135 46.405373 256.000000 226.923510 29.529542 16.034480 64.000000 9.413914 27.816971 16.065698 256.000000 243.019237
29.656916 94.649611 64.000000 17.567189 39.809969 88.065207 256.000000 244.606867 3.814902 134.933911 64.000000 24.773910 6.125776 133.970811 256.000000 216.520016 93.490675 78.416520 0.000000 14.456467 104.487905 67.863205 256.000000 253.590529 94.650325 193.325262 64.000000 12.649409 86.701016 214.280115 256.000000 241.121826
172.950211 64.139444 64.000000 10.218485 192.167251 49.560585 256.000000 249.339639 134.209729 79.948745 64.000000 10.704670 133.984449 78.910356 256.000000 237.404449 166.879475 35.832795 0.000000 16.349576 165.410560 34.923787 256.000000 251.942664 11.388811 32.335258 0.000000 17.846853 19.680096 25.890320 256.000000 221.773393
84.697391 224.212200 64.000000 16.706685 88.005298 224.987984 256.000000 230.864618 93.654445 193.146858 64.000000 28.998985 95.606309 190.996396 256.000000 234.883172 164.969500 56.547204 64.000000 28.327792 161.786822 57.578282 256.000000 226.983745 147.297891 124.143489 64.000000 20.720936 147.060984 122.271573 256.000000 251.370428
173.826325 86.343700 64.000000 40.293100 164.016867 75.063773 256.000000 206.641431 51.649022 124.440407 64.000000 11.999728 39.733211 135.014116 256.000000 238.669389 45.384304 146.176827 0.000000 27.850212 42.212729 144.778989 256.000000 225.262737 68.676755 97.329518 0.000000 10.893981 80.071449 97.603189 256.000000 262.789317
16.206864 203.503047 64.000000 12.950585 28.679293 233.255189 256.000000 269.686256 1.451038 67.424847 0.000000 14.323089 4.434645 68.756905 256.000000 252.480479 161.041867 5.844724 64.000000 15.966652 160.556184 4.353704 256.000000 252.080344 58.448844 58.321016 0.000000 12.189039 53.860471 58.270782 256.000000 229.397459
124.957071 87.539965 64.000000 42.728326 120.507084 89.963536 256.000000 221.205461 110.724709 50.019300 64.000000 24.756700 107.803685 50.929584 256.000000 227.676451 16.255262 205.737585 64.000000 11.371560 17.506447 201.964678 256.000000 223.928956 24.529409 72.213922 64.000000 11.367258 22.018236 74.149442 256.000000 257.415469
77.493964 121.814936 0.000000 12.997913 77.062753 120.699315 256.000000 246.882900 79.343991 159.104931 0.000000 30.560800 75.940213 154.874567 256.000000 237.882028 15.441565 60.737100 64.000000 17.197172 19.290629 56.520529 256.000000 232.452248 75.048467 92.262544 0.000000 12.016938 76.483789 90.420353 256.000000 250.634698
98.719675 17.192345 0.000000 9.207393 104.946087 19.220536 256.000000 243.354834 155.662235 67.794187 64.000000 13.019426 155.675089 67.320353 256.000000 246.676379 105.815225 52.562211 64.000000 21.796566 103.997995 53.940725 256.000000 250.105488 128.497947 54.051878 0.000000 18.466416 130.733885 67.674793 256.000000 246.431136
15.225238 88.469391 0.000000 16.939021 5.100496 85.295575 256.000000 247.390597 58.052636 225.685075 64.000000 49.466072 57.082967 224.507498 256.000000 231.884315 45.652651 95.032395 64.000000 13.823997 46.313815 91.802269 256.000000 238.333793 100.805047 73.027649 0.000000 29.205506 85.628064 64.617882 256.000000 236.926869
137.978304 82.724676 0.000000 16.211895 147.448305 105.106871 256.000000 233.484853 72.748458 213.993187 64.000000 43.765233 68.714138 216.091451 256.000000 212.424017 52.999216 60.084933 64.000000 14.568333 56.043005 49.738511 256.000000 272.728138 146.562520 152.422600 64.000000 37.212495 144.198062 149.418115 256.000000 210.074842
34.218727 67.049482 64.000000 22.411827 32.220713 52.927222 256.000000 233.394500 68.187982 30.004047 0.000000 31.391186 64.635811 30.338049 256.000000 225.615544 74.577342 154.326542 0.000000 8.850284 75.917804 154.666678 256.000000 243.187035 34.491671 142.342140 0.000000 28.512800 22.526360 136.291269 256.000000 225.761829
48.649087 129.827682 64.000000 11.457611 50.764484 128.594678 256.000000 256.894864 72.130456 52.445524 64.000000 11.767392 68.567898 42.176740 256.000000 246.267640 10.918882 72.038024 0.000000 24.928801 19.156651 43.661551 256.000000 225.340182 125.042436 23.217098 64.000000 15.897811 133.630949 29.161769 256.000000 239.297557
121.954842 151.493387 64.000000 40.357638 119.416884 144.441493 256.000000 224.139779 109.900485 41.488485 0.000000 10.881073 114.498718 44.667855 256.000000 239.392213 24.769756 43.084249 64.000000 9.435426 28.619367 42.210684 256.000000 239.000683 160.181080 40.569622 0.000000 13.355022 161.485309 42.465498 256.000000 225.688687
156.140636 97.274996 0.000000 24.709372 154.839058 99.725629 256.000000 228.446602 20.034225 35.666987 0.000000 32.105404 30.527764 29.790598 256.000000 218.395915 67.546869 5.642018 0.000000 19.955088 64.991044 7.361489 256.000000 229.741660 131.527216 122.963213 64.000000 38.305336 122.757565 103.821824 256.000000 219.738301
15.853013 107.877484 64.000000 18.595491 15.802325 105.840076 256.000000 239.254532 104.968340 48.248435 64.000000 28.594548 98.099460 49.973287 256.000000 230.197728 63.179915 146.470889 0.000000 16.302248 69.227951 144.200251 256.000000 211.890505 14.031216 57.897829 64.000000 10.313140 15.922475 58.768669 256.000000 238.209020
