145.623549 57.938465 64.000000 9.039595 145.500780 57.546065 256.000000 251.675907 31.331076 199.680395 64.000000 20.953272 30.419884 197.903995 256.000000 222.513427 51.445296 69.475296 0.000000 9.237510 58.519256 65.565896 256.000000 242.317926 115.685365 86.907631 0.000000 17.532769 114.181987 85.446993 256.000000 226.824552
16.451427 70.838936 0.000000 17.442416 17.785898 77.314669 256.000000 245.230732 104.708433 0.756931 64.000000 13.733644 104.629253 0.596242 256.000000 246.986161 134.209729 79.948745 64.000000 10.704670 133.984449 78.910356 256.000000 237.404449 100.920725 116.924640 64.000000 12.279392 110.426282 128.914495 256.000000 251.052042
56.234613 87.309071 0.000000 13.152804 51.210769 84.225020 256.000000 238.531709 38.531262 139.901615 0.000000 9.009477 32.591716 147.580916 256.000000 261.507166 80.531773 195.532182 64.000000 40.039251 76.005631 198.973893 256.000000 179.242983 31.460062 39.047487 64.000000 32.337740 31.038407 48.263547 256.000000 226.433023
24.195180 91.397847 0.000000 17.068097 27.868476 107.730669 256.000000 214.618303 93.884996 109.783707 64.000000 25.991523 88.511631 110.600605 256.000000 233.893592 16.411013 69.167498 0.000000 32.187152 39.747429 69.893911 256.000000 229.363039 62.236318 165.995322 0.000000 28.839792 53.503720 161.958231 256.000000 212.165866
51.162758 0.610736 64.000000 12.490216 49.840502 1.288200 256.000000 233.084718 46.650915 226.942393 0.000000 15.863391 51.632902 227.552911 256.000000 238.437053 14.799233 206.361040 64.000000 35.525908 16.594611 202.269611 256.000000 245.187707 61.050662 131.050965 0.000000 12.429980 71.946013 130.583458 256.000000 221.467914
80.628125 184.905969 0.000000 13.690619 74.208142 199.010944 256.000000 247.016278 97.770882 177.678844 0.000000 24.868566 97.492076 165.598325 256.000000 222.074570 5.021276 203.031544 0.000000 29.321674 16.870344 197.765195 256.000000 244.503607 32.262931 135.378324 0.000000 21.602953 36.568178 135.071553 256.000000 231.264753
33.884593 99.436165 0.000000 9.667762 35.840022 97.529395 256.000000 248.874967 37.660340 87.401349 64.000000 13.497005 34.537213 87.956800 256.000000 269.647533 30.594424 117.150195 64.000000 42.267956 30.510105 123.355755 256.000000 208.069867 59.453129 229.706502 64.000000 19.120399 62.289287 218.725742 256.000000 233.394500
37.694705 131.867860 64.000000 37.651353 42.489371 128.005567 256.000000 211.434438 85.201038 94.137667 64.000000 52.159450 88.005147 90.100456 256.000000 200.790003 71.300125 71.052638 0.000000 25.255792 67.694853 49.083547 256.000000 251.602765 112.257698 202.126671 0.000000 70.931345 112.812018 201.719435 256.000000 195.127887
24.243549 140.261405 64.000000 14.082148 28.745489 142.299055 256.000000 253.943335 162.006562 36.291051 0.000000 21.275961 162.120491 39.549605 256.000000 240.579708 158.082002 61.954004 0.000000 35.160193 155.160453 63.927415 256.000000 236.393356 13.622524 208.336789 0.000000 44.466544 39.434007 191.496649 256.000000 224.204317
18.666580 114.842220 64.000000 42.857402 26.320069 109.683573 256.000000 207.153430 32.105822 101.001431 0.000000 43.524292 36.515749 70.466213 256.000000 223.563242 87.583602 49.363693 64.000000 15.622450 89.041685 53.979516 256.000000 236.952684 1.917722 166.973631 0.000000 38.791520 5.371216 165.772051 256.000000 223.137292
174.820789 25.125349 64.000000 26.099086 172.631455 24.796078 256.000000 208.001027 147.500175 161.464844 0.000000 25.277305 147.454253 158.061136 256.000000 228.016350 159.622700 40.634956 64.000000 19.623794 159.394805 40.847284 256.000000 248.999740 23.642853 40.564773 64.000000 11.483426 20.955455 24.413289 256.000000 227.039678
14.350007 117.136873 64.000000 11.195157 12.633284 115.492778 256.000000 235.507037 7.667649 30.992782 64.000000 26.008733 24.016235 29.354564 256.000000 234.418500 157.201389 74.905749 0.000000 10.420703 158.467556 74.513027 256.000000 246.921623 12.687660 105.952944 0.000000 8.987964 14.906531 107.180940 256.000000 237.899238
87.384409 35.407878 0.000000 12.128804 89.055658 36.643133 256.000000 234.827239 124.569900 103.935353 64.000000 27.424262 123.782749 97.970835 256.000000 54.930273 4.966942 141.416887 0.000000 14.077845 1.257238 139.361949 256.000000 238.273558 75.405413 96.421722 64.000000 17.610214 74.174098 96.916300 256.000000 241.655338
31.956840 86.672991 0.000000 20.445575 45.048389 90.714458 256.000000 221.683040 27.831724 197.234445 64.000000 19.421575 29.818404 197.280695 256.000000 242.606195 79.680093 111.185675 64.000000 29.119455 81.814385 103.563220 256.000000 218.830470 10.378567 145.445604 64.000000 13.944467 12.352271 146.608091 256.000000 241.956515
39.026744 92.786185 0.000000 16.229105 34.798407 91.434885 256.000000 243.294598 84.387898 16.284607 0.000000 28.340699 91.824376 27.616747 256.000000 231.996181 12.311309 72.558504 0.000000 11.621107 13.992785 72.649478 256.000000 226.562098 29.946147 153.844311 64.000000 9.362284 31.836524 155.488087 256.000000 242.976212
76.733167 40.926531 64.000000 36.222916 77.461407 53.732055 256.000000 230.748450 49.014716 74.386191 0.000000 12.429980 42.592236 84.119576 256.000000 246.082631 106.875553 18.551487 0.000000 22.502180 108.435431 23.815624 256.000000 221.080688 100.227675 25.756709 64.000000 19.154819 97.630991 24.695044 256.000000 250.342126
176.284393 112.187231 0.000000 9.383796 177.389271 111.464811 256.000000 240.949725 171.756169 97.278235 64.000000 50.890207 173.679142 92.712084 256.000000 225.082031 124.827124 135.111280 0.000000 15.988164 119.556015 154.168536 256.000000 258.344813 80.353758 53.508256 0.000000 17.326248 78.369678 45.292502 256.000000 234.440012
23.263935 83.591424 64.000000 9.013779 20.996007 81.061876 256.000000 253.814260 84.981818 25.383867 64.000000 41.489200 93.577064 51.111898 256.000000 222.324116 52.606580 130.216540 0.000000 12.645106 54.430220 128.848576 256.000000 255.092108 34.766696 108.665462 0.000000 27.269372 35.709822 102.247949 256.000000 227.685056
180.400020 37.103678 64.000000 42.267956 177.416622 37.804056 256.000000 209.928556 46.519009 48.315947 0.000000 27.131691 42.953356 62.271975 256.000000 224.582939 70.304011 111.025769 64.000000 33.013236 42.623371 115.488373 256.000000 240.932515 109.634384 164.132573 64.000000 17.919996 97.009676 187.852329 256.000000 238.226230
152.171862 46.451996 0.000000 18.948298 147.548582 43.290236 320.000000 231.849895 19.513436 125.517320 64.000000 18.302920 17.792036 122.378102 256.000000 222.276788 69.874396 15.963285 0.000000 18.139424 63.353415 14.466315 256.000000 231.935946 66.651055 88.766507 64.000000 16.814248 64.189540 87.712175 256.000000 245.415741
105.702391 107.369560 64.000000 26.671321 105.828729 106.878744 256.000000 227.203174 79.500758 214.649080 0.000000 34.540631 78.767962 213.942140 256.000000 211.223614 42.557536 19.329831 64.000000 9.740905 41.343715 19.383675 256.000000 239.241625 49.252427 32.985456 64.000000 17.244500 37.223675 29.402809 256.000000 236.509524
95.879473 38.480520 64.000000 18.234080 93.231335 39.147356 256.000000 226.011376 170.600222 104.232847 64.000000 17.524164 172.744616 99.252076 256.000000 243.152615 1.078058 55.351053 64.000000 10.597107 3.034707 56.710411 256.000000 232.189794 46.178275 29.422133 0.000000 11.031661 54.897660 25.254749 256.000000 247.812244
84.796022 155.880051 0.000000 12.881745 93.171815 154.248184 256.000000 262.535468 48.607022 190.166471 64.000000 15.084635 44.677344 189.900267 256.000000 222.160620 58.135338 124.021133 0.000000 21.331894 58.102900 122.507627 256.000000 230.434366 99.847335 60.545264 0.000000 13.884232 99.207118 57.788867 256.000000 254.674764
120.652931 161.395182 64.000000 46.217670 109.899380 139.272835 256.000000 203.547919 13.291520 77.492585 0.000000 15.773038 15.412796 75.082600 256.000000 230.929156 57.596967 26.205858 64.000000 10.493846 55.812840 22.991004 256.000000 248.956715 113.907176 201.062155 0.000000 33.314412 110.519889 200.504904 256.000000 229.629795
26.688709 206.425647 0.000000 36.446647 21.504569 196.305678 256.000000 224.238737 78.688636 209.415004 0.000000 25.759187 73.828622 205.086965 256.000000 225.744619 42.336000 130.452362 64.000000 33.998513 39.173491 128.995505 256.000000 216.498504 134.547220 79.241140 64.000000 26.994010 131.490520 71.665055 256.000000 237.546432
115.162349 88.949987 0.000000 33.766177 103.117051 112.694204 256.000000 242.391069 66.950535 217.729205 64.000000 19.864735 63.386671 219.008933 256.000000 239.039406 94.449082 5.554682 64.000000 15.463257 94.114471 11.698147 256.000000 219.450033 3.400516 120.934451 0.000000 24.330751 5.061380 120.660231 256.000000 238.854398
84.957700 22.063360 0.000000 50.386812 80.985255 24.727738 256.000000 197.898710 132.424755 13.621927 64.000000 35.943252 142.069160 16.830816 256.000000 225.335880 69.754976 100.307191 0.000000 18.436298 74.462145 97.452338 256.000000 235.597390 14.299993 195.929140 0.000000 9.310653 9.643233 198.879960 256.000000 241.814532
47.679822 226.791865 64.000000 21.138281 54.550549 227.757656 256.000000 226.321157 123.734142 91.028853 0.000000 31.361068 117.004102 102.132605 256.000000 225.985560 42.400482 22.586820 0.000000 11.513544 54.436205 10.226076 256.000000 225.976955 72.706282 91.703349 0.000000 21.060835 71.305342 90.104680 256.000000 236.935474
20.351796 189.598518 0.000000 16.203290 17.816153 189.529069 256.000000 258.495402 36.426589 71.039609 0.000000 19.395760 28.279618 74.466893 256.000000 238.897423 15.313413 51.961855 64.000000 78.650066 18.620264 55.702796 256.000000 198.066508 106.430384 19.988685 0.000000 15.988164 103.174507 19.667445 256.000000 252.381521
80.368753 80.796496 0.000000 9.052502 86.351784 80.322413 256.000000 247.795034 83.658611 68.342885 64.000000 8.716906 83.869751 66.426515 256.000000 254.907100 29.068447 54.366605 64.000000 10.906888 30.122345 56.865356 256.000000 238.256348 81.946353 49.389855 0.000000 14.925442 81.150960 33.450696 256.000000 230.688215
153.353987 108.411556 0.000000 44.161065 141.681578 108.448618 256.000000 216.244655 39.304918 95.981740 0.000000 16.861576 30.724207 98.526136 256.000000 236.892449 118.668445 202.129833 0.000000 23.371289 118.867307 198.428758 256.000000 223.231948 20.604051 212.788242 64.000000 41.932360 22.452251 202.415471 256.000000 217.100857
49.892187 37.287415 64.000000 30.164968 47.864904 39.811807 256.000000 232.848080 3.837027 65.600167 64.000000 16.564702 6.565978 60.927544 256.000000 244.081960 184.279813 124.049638 0.000000 40.443688 180.430545 115.849658 256.000000 204.145969 161.041867 5.844724 64.000000 15.966652 160.556184 4.353704 256.000000 252.080344
