111.716733 20.589653 0.000000 40.589974 103.463605 23.205078 256.000000 206.602708 30.904289 102.899113 0.000000 35.568933 31.413405 92.519473 256.000000 238.729625 93.243122 127.429802 64.000000 14.968467 93.942469 125.669111 256.000000 248.930900 85.201038 94.137667 64.000000 52.159450 88.005147 90.100456 256.000000 200.790003
36.652802 95.104833 64.000000 9.792536 41.236985 95.820011 256.000000 240.442028 74.888240 21.312807 0.000000 14.929744 71.293665 21.112869 256.000000 224.991678 30.162336 15.381273 64.000000 62.618876 31.658516 16.504993 256.000000 211.322572 115.685365 86.907631 0.000000 17.532769 114.181987 85.446993 256.000000 226.824552
27.331929 65.996562 64.000000 13.742249 23.773544 67.504200 256.000000 258.551334 1.432409 13.183147 0.000000 23.754213 9.792784 13.175136 256.000000 242.274901 33.922991 27.599942 64.000000 25.225675 24.517049 36.471291 256.000000 233.579508 122.533220 122.046825 0.000000 11.371560 124.117011 117.390629 256.000000 233.695676
22.302367 13.780002 64.000000 34.093168 21.065949 20.882975 256.000000 238.170297 65.558524 67.818427 0.000000 53.041467 76.095796 57.282760 256.000000 205.617431 20.999393 119.279558 64.000000 17.102517 17.046145 117.726627 256.000000 227.280619 159.477900 67.901533 0.000000 11.160737 159.894556 70.253567 256.000000 255.105016
159.475629 62.099385 0.000000 12.391258 189.379187 45.749211 256.000000 231.548719 153.679927 103.589647 0.000000 26.968195 139.760867 104.106675 256.000000 219.338167 153.319971 57.742800 0.000000 24.911591 151.904069 78.449427 256.000000 239.607339 153.565556 25.487793 64.000000 19.348432 152.803716 26.241675 256.000000 235.081088
13.813731 137.332780 64.000000 38.240798 37.607516 110.726745 256.000000 202.988591 24.836069 121.766304 64.000000 31.696665 22.029535 114.847582 256.000000 211.886202 17.617282 4.553747 64.000000 12.967795 16.764169 4.981395 256.000000 250.600277 48.888276 3.035969 0.000000 9.082620 57.285416 1.677244 256.000000 245.665287
91.484125 142.779765 64.000000 15.407324 93.714665 141.617098 256.000000 215.840218 57.632387 160.330416 0.000000 19.111794 57.006187 156.714769 256.000000 241.087406 9.250653 11.833258 64.000000 17.089609 10.334025 12.598653 256.000000 248.040278 46.894709 99.521938 0.000000 10.205577 44.141733 101.486815 256.000000 253.607739
13.797833 106.434813 0.000000 33.370345 8.943909 81.408900 256.000000 211.197799 80.988215 110.907913 64.000000 37.449134 75.722393 122.708896 256.000000 210.638472 49.139158 156.175842 0.000000 25.797910 53.660927 151.327691 256.000000 237.834701 156.749382 58.024435 64.000000 31.434211 153.765280 57.189662 256.000000 226.041493
42.815916 84.332536 64.000000 16.022584 43.966887 82.223796 256.000000 224.135477 97.214907 118.392118 0.000000 28.108363 98.051027 114.005069 256.000000 212.247614 44.134824 213.181225 0.000000 14.185408 37.592673 217.151091 256.000000 256.477520 61.189087 59.670809 0.000000 20.944667 89.657305 53.948840 256.000000 240.278532
75.900980 129.781500 0.000000 20.979088 69.855029 132.813835 256.000000 251.172513 22.586236 125.889958 64.000000 12.610686 21.454209 124.750631 256.000000 225.383208 20.710113 58.075004 64.000000 24.730885 29.373673 52.053996 256.000000 219.643646 39.669145 36.135285 0.000000 10.743392 38.885196 37.179896 256.000000 231.264753
94.309195 185.275762 64.000000 15.385812 94.662751 185.015647 256.000000 252.691302 134.547220 79.241140 64.000000 26.994010 131.490520 71.665055 256.000000 237.546432 97.770882 177.678844 0.000000 24.868566 97.492076 165.598325 256.000000 222.074570 79.395465 119.694622 0.000000 11.539359 79.161347 119.904685 256.000000 255.900982
59.823938 43.006298 0.000000 23.788633 66.575558 77.741669 256.000000 231.841290 72.654287 146.215085 0.000000 22.386012 56.808718 154.967075 256.000000 229.397459 116.242722 64.678438 0.000000 27.678111 109.275975 65.386627 256.000000 218.469058 47.372095 48.746911 0.000000 23.151860 46.006085 51.279120 256.000000 226.093123
23.582365 2.665527 0.000000 36.674680 31.145773 6.892045 256.000000 242.675036 68.890420 18.264289 0.000000 20.527323 65.687898 18.653804 256.000000 228.136820 4.482585 60.947360 0.000000 28.073943 9.253745 64.017365 256.000000 234.835844 56.767055 77.793465 0.000000 14.426350 58.895385 82.932227 256.000000 258.611570
28.279951 124.210575 0.000000 22.480667 28.494655 121.001169 256.000000 242.735271 72.449498 129.064207 64.000000 74.566974 68.949367 130.917298 256.000000 198.230004 106.293267 73.439235 64.000000 16.969139 104.143700 71.778035 256.000000 235.941592 84.155249 37.458182 0.000000 30.569405 85.198633 42.290051 256.000000 243.526935
79.469556 116.580662 0.000000 15.273946 80.211518 115.131736 256.000000 266.790660 97.825793 170.093336 0.000000 10.459426 224.307900 225.397573 256.000000 251.589857 78.265722 62.911685 0.000000 27.269372 72.669253 66.207731 256.000000 227.211779 104.785604 18.724473 64.000000 21.663188 118.663820 26.782029 256.000000 239.740717
162.411309 109.305433 64.000000 15.992467 162.289307 110.974229 256.000000 243.810901 72.044024 126.393365 64.000000 16.797038 70.978047 123.051473 256.000000 238.209020 76.394438 87.966216 64.000000 16.117240 75.379951 95.895389 256.000000 249.296614 84.919511 59.400660 0.000000 10.747695 93.667787 60.232098 256.000000 225.344485
42.733471 98.508684 64.000000 20.436970 43.264304 93.270805 256.000000 242.270599 43.020565 34.320745 0.000000 19.645306 43.288682 37.976273 256.000000 229.023140 29.960755 154.808945 64.000000 43.911519 30.030216 151.290580 256.000000 221.837931 46.521562 71.949578 0.000000 11.586686 52.977847 64.880971 256.000000 245.970766
43.874738 162.946385 0.000000 42.891822 37.417649 128.111991 256.000000 247.110934 27.221782 46.299796 0.000000 10.485241 25.805585 46.842780 256.000000 238.325188 99.847335 60.545264 0.000000 13.884232 99.207118 57.788867 256.000000 254.674764 126.851396 14.740515 64.000000 23.422919 125.088982 12.192540 256.000000 226.346972
120.329938 150.496065 64.000000 35.267756 110.424460 153.579725 256.000000 220.598805 92.125876 171.729896 64.000000 26.301305 86.615889 169.568402 256.000000 211.782942 99.089029 73.494718 64.000000 39.114209 53.255862 54.557236 256.000000 229.517929 132.299351 112.659469 64.000000 10.394888 132.538487 111.445355 256.000000 223.550334
165.348235 20.892671 64.000000 17.119727 164.736238 20.136209 256.000000 244.968279 108.938509 133.369435 0.000000 25.879658 97.929782 137.753709 256.000000 215.203445 69.380018 139.367293 0.000000 18.354550 72.203704 137.328740 256.000000 248.896479 73.429309 17.338060 0.000000 9.444031 72.857562 17.730107 256.000000 229.565257
38.824896 37.357022 64.000000 9.947426 42.073756 36.990547 256.000000 246.241825 34.799767 138.618947 0.000000 22.639860 52.441535 132.254211 256.000000 232.994366 60.550665 104.422058 0.000000 41.829099 57.400095 101.759451 256.000000 224.677594 79.387222 110.213298 64.000000 10.072199 89.735778 115.339491 256.000000 243.759271
105.702391 107.369560 64.000000 26.671321 105.828729 106.878744 256.000000 227.203174 72.768691 183.442273 0.000000 22.540902 85.008535 179.415085 256.000000 236.380449 52.999216 60.084933 64.000000 14.568333 56.043005 49.738511 256.000000 272.728138 54.057385 129.659835 64.000000 11.027359 52.982258 129.559938 256.000000 249.451505
111.300944 53.693395 64.000000 12.692434 114.141347 59.735355 256.000000 240.304347 51.077496 152.710075 0.000000 9.091225 59.288522 156.780133 256.000000 246.125657 50.707769 80.554858 64.000000 19.550651 45.507407 81.994980 256.000000 227.827039 32.262931 135.378324 0.000000 21.602953 36.568178 135.071553 256.000000 231.264753
28.783671 111.590424 0.000000 11.302720 25.462935 111.602475 256.000000 251.155302 84.035451 70.293936 64.000000 17.709172 82.737115 69.356382 256.000000 217.931243 15.082284 122.299662 64.000000 19.972298 22.987689 126.197805 256.000000 248.547975 8.298171 92.620958 0.000000 22.145070 14.791493 91.080698 256.000000 248.328547
48.829115 50.525087 0.000000 20.531625 48.732893 55.363551 256.000000 240.183876 18.249973 32.539565 0.000000 10.554082 3.170718 21.309958 256.000000 239.366398 104.153620 173.283182 64.000000 11.302720 112.065464 171.966009 256.000000 246.327875 27.555158 168.445885 0.000000 12.498821 12.534344 202.058020 256.000000 255.703066
75.998571 58.705878 64.000000 17.674752 73.947280 56.214180 256.000000 241.749994 60.797484 221.975636 0.000000 10.141040 62.128973 221.668316 256.000000 251.968479 109.356896 214.496005 64.000000 16.822853 117.116356 210.535393 256.000000 250.187235 94.650325 193.325262 64.000000 12.649409 86.701016 214.280115 256.000000 241.121826
162.517513 130.771364 0.000000 13.867022 161.404485 133.102918 256.000000 219.312352 33.434273 104.462471 64.000000 14.546820 13.259400 112.166098 256.000000 233.394500 73.907073 85.199971 64.000000 9.676367 83.206198 82.148160 256.000000 250.832613 178.709524 67.317640 64.000000 8.747023 181.062636 70.021960 256.000000 238.574734
154.655360 156.803089 64.000000 28.370817 150.622560 159.133275 256.000000 200.006945 21.791989 75.227451 0.000000 15.566517 26.627236 78.584315 256.000000 245.712615 132.442878 41.438422 64.000000 14.822181 134.209129 43.463771 256.000000 261.782527 55.828980 34.006345 0.000000 11.986821 59.985369 35.944773 256.000000 238.927541
12.574342 115.355069 64.000000 14.120871 2.905271 112.718682 256.000000 232.843777 111.450676 38.638220 0.000000 27.140296 103.887784 29.200589 256.000000 225.129359 151.391944 36.772813 0.000000 16.048400 151.930191 41.185549 256.000000 243.514027 62.898238 61.292500 64.000000 34.622378 59.497456 64.661307 256.000000 220.413797
8.113747 53.216009 64.000000 11.909375 10.561229 53.852869 256.000000 250.544345 139.233920 86.963915 0.000000 32.565774 136.470338 90.050258 256.000000 224.578636 31.574698 59.954742 64.000000 27.764162 48.820542 64.235796 256.000000 224.802367 13.751682 198.480631 0.000000 35.284967 16.449680 193.237898 256.000000 211.580724
108.507429 216.244851 0.000000 10.291628 106.661011 218.322564 256.000000 239.942935 19.706342 165.206973 64.000000 26.533641 15.966849 161.911420 256.000000 232.508181 108.269135 30.678375 64.000000 27.131691 115.198393 39.756293 256.000000 224.823880 51.449187 130.878785 64.000000 18.776197 47.017778 129.563264 256.000000 234.280819
3.339758 91.587507 0.000000 30.362884 6.940165 88.311733 256.000000 244.908043 165.479765 29.813153 0.000000 8.914821 166.030249 26.809551 256.000000 231.716517 107.574095 4.365413 0.000000 13.978887 107.070902 5.146773 256.000000 252.730025 45.940813 73.010498 64.000000 32.165640 47.056675 80.176718 256.000000 220.904284
