86.544967 118.230467 0.000000 21.942852 84.877275 117.538678 256.000000 246.194497 21.024187 192.143004 64.000000 29.123758 15.268413 190.704620 256.000000 236.948381 100.545325 54.909860 0.000000 53.768592 98.397525 57.010196 256.000000 199.697163 34.344556 177.771985 64.000000 42.216326 28.940898 177.457331 256.000000 214.588185
64.529318 124.844564 0.000000 10.102317 77.772925 131.697300 256.000000 244.951069 103.464347 23.560178 0.000000 12.335325 102.290080 21.920531 256.000000 258.465284 27.566324 203.639398 64.000000 13.957375 22.463764 206.709980 256.000000 232.112349 92.174264 98.764740 0.000000 29.971354 92.206942 133.457560 256.000000 221.850839
23.352513 102.057207 64.000000 17.941508 26.549416 100.385138 256.000000 242.838531 53.759091 104.932195 0.000000 21.960062 44.897562 106.000480 256.000000 220.172856 36.697475 76.571371 0.000000 46.772695 33.326629 75.521553 256.000000 216.291983 79.896958 84.966682 64.000000 18.539559 76.528782 81.907047 256.000000 215.332521
6.651124 103.185187 0.000000 18.070584 3.407520 93.443140 256.000000 240.528078 94.272764 47.003129 64.000000 12.804300 86.475536 38.093967 256.000000 253.254932 102.155133 31.163438 64.000000 10.390586 102.148633 26.658016 256.000000 247.188379 36.056585 76.513500 64.000000 17.842550 32.312773 74.734995 256.000000 254.885587
67.046991 127.827973 0.000000 16.564702 65.176187 129.762689 256.000000 233.467643 27.221782 46.299796 0.000000 10.485241 25.805585 46.842780 256.000000 238.325188 56.547967 91.962195 0.000000 15.592332 68.678662 90.769460 256.000000 224.428048 5.205269 66.485267 64.000000 10.042082 3.189556 63.327524 256.000000 243.914161
107.455458 168.466191 64.000000 10.850955 107.225638 168.654633 256.000000 241.220784 45.448820 219.410891 64.000000 39.712260 52.658175 217.205107 256.000000 208.573262 118.789080 103.718982 0.000000 17.485441 117.735893 102.700645 256.000000 216.584554 196.550525 79.651982 0.000000 14.391929 197.291256 75.224929 256.000000 219.553293
93.243122 127.429802 64.000000 14.968467 93.942469 125.669111 256.000000 248.930900 61.050662 131.050965 0.000000 12.429980 71.946013 130.583458 256.000000 221.467914 70.389482 188.853487 0.000000 19.412970 69.231745 188.717593 256.000000 245.596447 28.759756 220.549487 0.000000 36.894109 35.434116 216.386576 256.000000 223.077057
38.135935 144.541271 64.000000 19.770079 31.734284 143.199116 256.000000 219.811444 45.652651 95.032395 64.000000 13.823997 46.313815 91.802269 256.000000 238.333793 124.696375 37.843847 64.000000 39.944596 149.004498 191.801185 256.000000 230.331106 4.875125 86.550467 0.000000 30.423119 12.482235 87.513915 256.000000 220.710671
176.162336 44.389535 64.000000 32.453908 171.877078 40.972425 256.000000 228.734871 159.477900 67.901533 0.000000 11.160737 159.894556 70.253567 256.000000 255.105016 148.444205 145.289075 0.000000 39.832730 154.195676 140.770429 256.000000 210.281362 69.963349 98.712593 0.000000 8.932032 68.749775 99.264402 256.000000 243.797993
21.579144 194.973413 0.000000 29.803556 21.264591 192.494615 256.000000 212.888690 131.343136 101.392327 64.000000 17.554282 130.179824 103.665585 256.000000 250.363639 105.158660 101.630282 0.000000 9.517174 103.047302 104.545667 256.000000 247.949925 121.939742 116.471256 0.000000 29.097943 117.652780 116.251302 256.000000 222.199343
21.330265 88.056145 64.000000 25.556969 28.146900 85.063984 256.000000 219.548991 156.198555 143.840356 0.000000 16.513072 159.704675 138.990362 256.000000 244.671405 151.705800 11.905265 0.000000 23.194885 150.335380 15.406575 256.000000 245.222127 119.290305 87.546973 0.000000 14.288669 118.817613 89.562053 256.000000 257.923166
112.191342 2.475749 64.000000 30.612430 108.917809 4.734758 256.000000 214.304219 87.247485 28.948798 64.000000 11.973913 110.669560 31.571611 256.000000 227.173056 159.808167 99.097080 64.000000 11.281207 159.384336 102.718131 256.000000 241.526263 63.086496 102.322907 0.000000 91.630768 64.676442 101.286049 256.000000 159.937576
8.030698 88.901573 0.000000 16.319458 12.486653 88.756542 256.000000 238.923238 33.205169 192.485147 64.000000 23.526179 31.253951 190.350936 256.000000 236.789188 28.935753 130.093869 0.000000 38.929201 38.129936 108.293460 256.000000 223.997796 152.649289 119.533784 64.000000 13.682014 157.713905 114.887356 256.000000 239.770835
107.173578 85.154125 0.000000 20.613373 104.785133 85.571400 256.000000 232.271542 49.921345 75.505645 0.000000 10.386283 47.683880 77.378364 256.000000 243.032145 13.553318 51.330640 64.000000 12.034148 10.946902 50.512678 256.000000 240.631339 53.973185 170.981429 64.000000 23.556297 69.816095 171.340127 256.000000 238.277860
126.722202 34.362833 64.000000 9.000872 126.344235 32.906193 256.000000 251.989991 35.778347 169.806564 0.000000 24.851356 43.863322 170.468775 256.000000 226.833157 170.317200 45.992345 0.000000 25.501036 168.730695 44.934558 256.000000 235.593088 41.383609 15.572596 64.000000 27.561943 121.777551 83.076318 256.000000 219.678066
14.799233 206.361040 64.000000 35.525908 16.594611 202.269611 256.000000 245.187707 176.384225 55.683924 0.000000 13.656198 179.662362 48.764924 256.000000 238.174600 85.461275 127.703453 0.000000 35.241941 78.345653 127.214587 256.000000 195.028929 106.352396 19.300249 0.000000 13.802484 105.529300 19.672107 256.000000 249.571975
13.995740 66.305984 64.000000 40.013436 51.781107 24.213858 256.000000 230.382736 99.847335 60.545264 0.000000 13.884232 99.207118 57.788867 256.000000 254.674764 44.134824 213.181225 0.000000 14.185408 37.592673 217.151091 256.000000 256.477520 10.742836 27.627824 0.000000 9.284838 7.385667 28.892633 256.000000 258.680410
39.174573 23.124373 64.000000 26.503523 37.330111 25.536676 256.000000 230.726938 14.217020 142.817329 0.000000 11.694249 19.934987 148.222665 256.000000 233.682769 49.014716 74.386191 0.000000 12.429980 42.592236 84.119576 256.000000 246.082631 62.880427 109.382278 0.000000 13.742249 60.393487 109.305824 256.000000 240.769019
85.896895 32.699375 0.000000 14.335997 94.612844 46.565147 256.000000 234.732584 131.240740 83.606082 0.000000 21.086651 129.436236 84.686356 256.000000 240.695876 32.262931 135.378324 0.000000 21.602953 36.568178 135.071553 256.000000 231.264753 69.754976 100.307191 0.000000 18.436298 74.462145 97.452338 256.000000 235.597390
54.503698 94.686460 64.000000 18.522349 61.579213 97.908649 256.000000 236.139508 45.748011 14.723320 64.000000 20.277777 47.710165 14.722842 256.000000 228.975812 115.171384 132.500165 0.000000 11.590989 114.915982 131.948744 256.000000 237.154902 14.299993 195.929140 0.000000 9.310653 9.643233 198.879960 256.000000 241.814532
138.180147 146.572015 64.000000 31.270715 134.197495 147.151211 256.000000 216.253260 57.835878 184.764602 64.000000 8.665275 55.818347 187.807615 256.000000 245.037119 7.889013 47.134002 64.000000 10.046384 7.561920 48.560191 256.000000 249.464412 142.348431 126.465167 64.000000 24.094112 141.456529 124.016318 256.000000 242.214666
176.997251 130.030389 64.000000 21.456667 176.825187 127.341767 256.000000 228.128215 67.180845 88.996735 0.000000 8.738418 69.785591 85.458329 256.000000 247.928412 18.009453 152.442015 64.000000 25.582784 16.157931 149.460231 256.000000 231.845593 39.026744 92.786185 0.000000 16.229105 34.798407 91.434885 256.000000 243.294598
62.710680 117.146860 64.000000 11.741577 59.271480 124.146995 256.000000 238.622062 36.422422 150.738224 0.000000 9.771023 31.242305 153.318320 256.000000 253.831470 92.278616 86.103753 64.000000 10.270115 94.610516 82.934858 256.000000 234.887474 92.617525 64.051267 0.000000 20.996298 89.065522 54.712675 256.000000 231.359408
34.896258 182.892593 64.000000 25.311725 36.549535 181.657213 256.000000 224.307578 88.675313 120.144640 64.000000 11.784602 87.759976 127.605458 256.000000 245.467371 160.181080 40.569622 0.000000 13.355022 161.485309 42.465498 256.000000 225.688687 16.270458 34.220911 0.000000 14.379022 17.385667 24.841049 256.000000 237.907843
111.122611 36.102244 64.000000 19.064466 111.699647 38.990669 256.000000 217.634369 31.318065 140.058853 0.000000 45.262510 40.614947 143.040667 256.000000 205.660456 105.658153 47.655338 64.000000 25.987221 98.176578 33.380776 256.000000 237.051642 0.605618 34.451922 0.000000 11.268300 2.386611 35.956529 256.000000 244.460581
131.086298 85.125702 64.000000 15.321274 136.713996 78.798156 256.000000 235.760886 73.429309 17.338060 0.000000 9.444031 72.857562 17.730107 256.000000 229.565257 111.350638 94.720345 64.000000 36.962949 104.243275 98.867615 256.000000 226.691174 67.207098 114.751053 0.000000 18.543861 67.195098 111.633829 256.000000 248.694261
34.808618 77.658471 0.000000 21.938549 44.048896 77.742629 256.000000 220.689158 40.827058 48.406571 64.000000 14.125173 42.325915 43.132398 256.000000 239.904213 3.339758 91.587507 0.000000 30.362884 6.940165 88.311733 256.000000 244.908043 75.063675 7.713065 64.000000 43.692091 55.462804 24.241136 256.000000 213.491042
65.855938 48.731964 64.000000 8.936334 67.952740 44.267062 256.000000 260.728409 37.687069 223.087689 64.000000 12.313812 37.629627 223.976485 256.000000 243.793691 112.226209 192.366913 64.000000 10.433611 117.396813 197.045798 256.000000 245.329690 0.461173 172.032280 64.000000 50.003887 22.254338 169.295204 256.000000 209.687615
152.312395 135.787160 64.000000 27.656599 152.673429 137.780225 256.000000 218.314167 8.644393 99.333869 64.000000 10.653040 10.688598 101.302244 256.000000 239.658969 77.558213 67.133800 64.000000 16.039795 75.250956 67.667193 256.000000 241.956515 66.807429 25.380427 0.000000 16.108635 68.281553 26.040465 256.000000 256.731368
20.948491 153.372344 0.000000 21.779356 26.143158 150.250769 256.000000 226.286737 9.264344 178.469880 0.000000 18.754685 5.300609 175.881178 256.000000 228.050770 58.120975 109.854256 0.000000 12.412770 64.847978 109.772811 256.000000 249.503135 115.723735 117.316853 64.000000 26.094784 112.916596 118.088855 256.000000 238.819978
8.714680 23.891709 0.000000 70.135379 16.421069 25.945640 256.000000 192.266711 65.440067 14.076458 0.000000 8.721208 68.973962 12.070816 256.000000 239.116852 44.533098 208.825487 0.000000 8.794351 47.987598 211.600984 256.000000 263.103401 54.435540 127.818967 64.000000 13.484098 57.695185 126.590025 256.000000 239.159877
16.463016 76.294175 64.000000 24.425406 29.132931 75.010307 256.000000 218.834772 73.258085 84.299040 64.000000 21.400734 72.378600 77.572285 256.000000 233.596718 56.767055 77.793465 0.000000 14.426350 58.895385 82.932227 256.000000 258.611570 172.250418 71.563167 0.000000 19.129004 171.455998 69.903000 256.000000 242.683641
