114.050225 138.351149 64.000000 23.483154 115.022115 135.786033 256.000000 254.993150 32.825522 90.663962 64.000000 11.565174 30.812882 88.473876 256.000000 256.073083 66.590053 51.500922 0.000000 15.054517 61.922827 52.807095 256.000000 233.248214 95.974967 107.349995 64.000000 9.667762 95.454144 107.572164 256.000000 241.612313
185.202273 106.348053 0.000000 9.000872 187.147735 105.299016 256.000000 233.076113 15.443827 173.900460 0.000000 11.965308 12.701275 174.388029 256.000000 235.627508 119.648467 40.002355 0.000000 20.157306 117.670491 40.960775 256.000000 242.911674 90.562525 96.541593 0.000000 33.150917 97.201045 96.559796 256.000000 229.887946
140.460662 34.401173 64.000000 13.088266 140.896133 34.964665 256.000000 254.283235 73.320389 15.663595 64.000000 10.016267 74.424591 16.025498 256.000000 241.096011 112.060669 36.213835 0.000000 30.646850 101.057571 42.127413 256.000000 219.622133 20.947749 107.246544 0.000000 16.857273 8.592305 120.092782 256.000000 250.152815
134.209729 79.948745 64.000000 10.704670 133.984449 78.910356 256.000000 237.404449 14.850287 95.366520 0.000000 9.319258 15.986207 98.273255 256.000000 249.791404 128.866589 82.499996 64.000000 35.917437 123.414240 75.571740 256.000000 233.239609 158.953651 47.576444 64.000000 78.921124 155.685420 47.329093 256.000000 183.141066
24.642498 12.323085 0.000000 22.635558 31.728138 13.537602 256.000000 240.678666 76.906100 223.473953 0.000000 17.033677 81.351725 223.329244 256.000000 240.162364 27.823949 63.949616 0.000000 8.841679 25.778944 65.926809 256.000000 242.649220 105.847369 116.797478 64.000000 11.276905 104.499575 115.858493 256.000000 268.369685
49.892187 37.287415 64.000000 30.164968 47.864904 39.811807 256.000000 232.848080 2.544538 105.740947 0.000000 38.993739 23.165204 100.272358 256.000000 223.292183 110.401729 175.759833 64.000000 11.586686 109.389691 177.446720 256.000000 61.315213 60.049407 67.957269 64.000000 19.739962 61.863324 76.049518 256.000000 222.917864
10.372089 99.610429 0.000000 14.619963 10.666113 93.862015 256.000000 213.667446 130.749885 73.917576 0.000000 12.417073 137.001333 86.876558 256.000000 234.134533 35.342480 21.728395 64.000000 17.984534 42.766215 21.570473 256.000000 234.263609 76.838942 181.165769 64.000000 18.483626 75.656056 180.336693 256.000000 235.347844
52.253673 218.870271 0.000000 36.240126 39.232549 210.818764 256.000000 226.837459 155.521615 37.703571 0.000000 13.965980 163.280215 46.213355 256.000000 249.038463 16.732105 103.885873 64.000000 12.787089 10.233678 105.868785 256.000000 257.893049 5.911460 199.200055 64.000000 20.118584 9.231800 199.166485 256.000000 228.825224
75.637242 80.115902 64.000000 9.861376 82.064578 78.140298 256.000000 233.867777 36.426589 71.039609 0.000000 19.395760 28.279618 74.466893 256.000000 238.897423 26.627535 18.861747 0.000000 14.370417 31.750582 16.379738 256.000000 259.738830 66.530349 104.166664 0.000000 11.479123 63.793651 105.098335 256.000000 230.997996
70.904251 126.044671 0.000000 8.802956 69.204889 125.821742 256.000000 249.812916 92.617525 64.051267 0.000000 20.996298 89.065522 54.712675 256.000000 231.359408 54.616044 0.193547 0.000000 26.383053 46.917902 11.652038 256.000000 215.461597 80.628125 184.905969 0.000000 13.690619 74.208142 199.010944 256.000000 247.016278
40.996749 33.131669 0.000000 36.635958 19.828495 57.781724 256.000000 217.685999 159.477900 67.901533 0.000000 11.160737 159.894556 70.253567 256.000000 255.105016 30.973882 5.381245 0.000000 15.781643 35.100095 4.878649 256.000000 237.043037 48.252062 199.269482 64.000000 24.369473 36.802178 202.660624 256.000000 221.949797
2.768664 166.534965 0.000000 13.010820 2.371824 165.215427 256.000000 248.332849 67.180845 88.996735 0.000000 8.738418 69.785591 85.458329 256.000000 247.928412 31.660936 36.500387 0.000000 19.739962 41.366436 20.282347 256.000000 241.466027 97.214907 118.392118 0.000000 28.108363 98.051027 114.005069 256.000000 212.247614
124.564520 70.362989 64.000000 19.464600 123.012136 70.618020 256.000000 239.951540 96.062287 105.025673 64.000000 10.201275 95.346236 105.518513 256.000000 225.675779 21.361878 76.456105 64.000000 12.709644 18.311453 80.054353 256.000000 257.350931 93.893076 64.336336 64.000000 29.618548 91.993124 59.600613 256.000000 256.172041
62.347278 42.618509 0.000000 20.148701 65.784175 47.965584 256.000000 225.658569 159.808167 99.097080 64.000000 11.281207 159.384336 102.718131 256.000000 241.526263 127.029964 41.753204 0.000000 23.379894 118.135356 34.721144 256.000000 217.746235 133.784285 119.429318 64.000000 24.989036 131.650522 120.041176 256.000000 257.613385
17.120158 117.234462 64.000000 22.730213 10.013231 114.091522 256.000000 247.059303 91.476133 161.349276 0.000000 35.844294 85.764629 158.032751 256.000000 218.658369 91.165540 140.214647 0.000000 51.432324 90.236245 138.926111 256.000000 205.023683 97.272409 215.068975 64.000000 38.628025 102.957489 200.669338 256.000000 217.161092
14.030765 16.218598 64.000000 10.997241 12.600456 16.723575 256.000000 261.201687 136.093627 72.736671 64.000000 38.541974 128.262949 73.783840 256.000000 223.980586 53.973185 170.981429 64.000000 23.556297 69.816095 171.340127 256.000000 238.277860 115.162349 88.949987 0.000000 33.766177 103.117051 112.694204 256.000000 242.391069
2.806311 105.646904 64.000000 32.432396 9.371475 102.622509 256.000000 228.945694 176.997251 130.030389 64.000000 21.456667 176.825187 127.341767 256.000000 228.128215 138.346880 106.933933 0.000000 9.934519 139.268758 107.970231 256.000000 250.484109 6.051564 142.714784 64.000000 17.971626 10.664324 144.332764 256.000000 234.934802
128.975316 9.342176 64.000000 32.918581 129.588589 10.907895 256.000000 236.875239 16.407253 92.508484 64.000000 10.696065 17.107229 99.356711 256.000000 243.483909 117.835844 146.331633 64.000000 10.657342 135.091704 160.822471 256.000000 243.088077 15.161838 201.886393 0.000000 12.782787 20.434082 206.082456 256.000000 245.454463
76.820944 73.232638 64.000000 20.208936 74.242773 75.298740 256.000000 234.194769 179.955591 65.637891 64.000000 36.442344 176.763462 68.254240 256.000000 205.742204 89.623795 139.454258 64.000000 10.648737 90.329713 138.307607 256.000000 234.745491 118.433591 133.047058 0.000000 10.024872 120.791416 130.985516 256.000000 232.951340
78.688636 209.415004 0.000000 25.759187 73.828622 205.086965 256.000000 225.744619 28.112242 6.829707 64.000000 22.011692 30.253731 9.195540 256.000000 232.456551 114.024345 37.282996 64.000000 15.067425 113.117727 36.661784 256.000000 239.194297 49.425802 35.719075 64.000000 17.963021 46.692842 36.595858 256.000000 248.177959
104.532796 30.353487 64.000000 14.972770 102.737702 29.692907 256.000000 229.565257 67.439509 115.580562 0.000000 12.649409 67.551038 111.647540 256.000000 220.258906 3.699545 10.324275 0.000000 17.700567 3.589558 13.583329 256.000000 228.166938 115.935044 106.047860 0.000000 10.119527 114.212253 112.037613 256.000000 241.513355
124.808764 110.281867 0.000000 38.950714 115.917667 110.748651 256.000000 235.623205 102.185115 137.966235 0.000000 20.419760 103.455755 133.771395 256.000000 234.233491 49.780922 40.245220 64.000000 54.990508 62.544525 52.060309 256.000000 213.495345 12.074464 143.144422 0.000000 16.013979 7.312744 141.304293 256.000000 224.307578
80.180335 55.398258 0.000000 9.177275 78.581524 55.731649 256.000000 251.030529 149.490084 172.727353 0.000000 20.406852 147.461636 174.041707 256.000000 240.033288 94.888725 140.321900 64.000000 43.838376 88.362362 140.031658 256.000000 221.304419 19.035635 102.820644 64.000000 37.414714 16.591038 97.551607 256.000000 214.033160
86.544967 118.230467 0.000000 21.942852 84.877275 117.538678 256.000000 246.194497 108.173004 161.623525 64.000000 10.067897 112.719587 161.493844 256.000000 225.064821 24.836069 121.766304 64.000000 31.696665 22.029535 114.847582 256.000000 211.886202 51.649022 124.440407 64.000000 11.999728 39.733211 135.014116 256.000000 238.669389
59.725165 220.897838 0.000000 35.306479 61.405193 215.350700 256.000000 222.414469 77.334853 72.742089 64.000000 14.723223 80.683835 61.928562 256.000000 238.630667 106.548775 175.091702 0.000000 15.428837 107.809227 176.075142 256.000000 232.632954 28.998175 10.119724 0.000000 9.233208 25.867293 10.235164 256.000000 241.259506
165.035585 14.450569 64.000000 33.241270 163.927831 4.735687 256.000000 248.672748 42.796324 158.781738 0.000000 17.515559 44.187855 158.107242 256.000000 254.068109 129.892945 68.038500 64.000000 16.698080 128.010493 64.532669 256.000000 232.348988 147.221033 52.833153 64.000000 10.747695 153.982162 39.153536 256.000000 229.535139
43.219804 154.735115 64.000000 10.059292 44.747007 154.264742 256.000000 246.874295 136.611689 161.142276 0.000000 10.162552 136.830715 161.401247 256.000000 243.212851 75.518304 171.905247 0.000000 21.590045 74.835389 170.914315 256.000000 235.184348 114.899218 39.595875 0.000000 17.864063 111.727769 34.528125 256.000000 237.925053
26.767735 100.509040 64.000000 24.158650 34.611675 97.846275 256.000000 237.735743 53.759091 104.932195 0.000000 21.960062 44.897562 106.000480 256.000000 220.172856 39.026744 92.786185 0.000000 16.229105 34.798407 91.434885 256.000000 243.294598 82.847173 178.615924 64.000000 19.787289 79.850164 178.240405 256.000000 217.488083
113.189873 176.416522 64.000000 20.763962 105.355531 184.973375 256.000000 243.230061 116.741838 106.678200 0.000000 24.085507 115.533627 104.107596 256.000000 236.660113 18.388684 126.678331 0.000000 16.693778 21.662318 125.724860 256.000000 231.892920 70.758284 173.444356 0.000000 13.316299 151.137287 224.848138 256.000000 259.213922
124.827124 135.111280 0.000000 15.988164 119.556015 154.168536 256.000000 258.344813 47.923200 147.186665 0.000000 20.178819 78.240236 157.326622 256.000000 249.498832 74.875122 45.029127 64.000000 27.781372 79.580338 56.677500 256.000000 244.439069 134.547220 79.241140 64.000000 26.994010 131.490520 71.665055 256.000000 237.546432
75.267622 42.625889 64.000000 11.952401 73.296162 39.557118 256.000000 233.024483 57.575771 68.164435 0.000000 21.998785 49.157636 63.772373 256.000000 234.233491 68.490764 22.267918 0.000000 32.436698 64.191864 25.417991 256.000000 227.766804 22.040473 100.999555 0.000000 13.595963 10.449438 101.290744 256.000000 241.001355
120.309173 6.165727 0.000000 11.586686 119.093307 3.733213 256.000000 257.398259 167.235191 135.983467 64.000000 16.689475 165.646640 135.794740 256.000000 235.038063 47.679822 226.791865 64.000000 21.138281 54.550549 227.757656 256.000000 226.321157 73.115662 177.791065 64.000000 35.478580 113.752104 141.925847 256.000000 213.516858
