75.008098 139.277693 0.000000 35.822782 61.855535 131.404798 256.000000 229.156518 169.631831 32.063429 64.000000 56.427550 169.293662 33.547340 256.000000 188.213737 11.897767 45.138449 0.000000 16.414114 6.494055 48.661905 256.000000 237.271070 151.010216 121.704836 0.000000 14.972770 150.976073 119.644971 256.000000 239.813860
50.864775 91.942558 0.000000 18.307223 44.109647 97.514236 256.000000 245.041422 112.226209 192.366913 64.000000 10.433611 117.396813 197.045798 256.000000 245.329690 63.034380 44.855225 0.000000 40.379150 63.511016 45.605549 256.000000 214.678538 65.642622 131.641896 64.000000 10.205577 67.518142 130.515493 256.000000 234.999340
91.212784 12.167238 0.000000 8.906216 97.531929 10.358689 256.000000 252.626764 30.803400 141.084089 64.000000 24.313541 40.990182 140.551540 256.000000 235.360752 97.989898 143.792695 64.000000 43.089738 96.881940 135.548073 256.000000 226.755712 33.310655 104.446411 0.000000 25.113809 48.469173 96.168082 256.000000 227.745291
59.545993 127.158145 0.000000 30.207993 58.410516 122.168515 256.000000 225.219712 14.482218 67.183765 64.000000 47.650409 15.189240 61.694305 256.000000 224.036519 122.039611 64.502769 64.000000 16.547492 123.434231 67.466018 256.000000 240.657154 48.451271 62.107658 64.000000 22.265541 42.227267 60.676765 256.000000 236.376146
72.044024 126.393365 64.000000 16.797038 70.978047 123.051473 256.000000 238.209020 44.840044 62.719467 0.000000 14.860904 36.394969 51.736760 256.000000 229.444787 151.941876 50.780047 64.000000 21.882617 150.941267 53.180915 256.000000 243.815203 82.952795 20.976025 64.000000 19.924970 84.307851 23.789213 256.000000 236.982802
16.333580 59.693760 64.000000 11.066081 18.148891 62.566540 256.000000 234.405592 151.416867 19.853464 64.000000 15.936534 152.022404 21.110580 320.000000 256.352747 173.985500 141.017144 0.000000 10.657342 180.057058 136.199664 256.000000 241.861859 66.597295 134.649422 64.000000 56.500693 65.737627 131.738945 256.000000 209.085262
123.088153 165.292620 64.000000 16.513072 121.605984 165.592045 256.000000 232.228517 65.597255 150.177065 64.000000 13.759459 89.075273 162.729645 256.000000 253.177487 41.894729 128.676638 0.000000 26.770279 55.655640 115.037045 256.000000 214.334336 104.795047 126.890469 64.000000 41.777469 106.481107 127.444922 256.000000 229.449089
128.638389 69.605995 64.000000 80.607712 136.709815 77.394011 256.000000 173.830413 21.279987 50.342884 64.000000 10.007662 17.944264 50.554445 256.000000 252.045924 39.130405 214.491964 64.000000 36.713403 36.783056 208.884767 256.000000 219.949125 72.828036 86.729785 0.000000 36.993067 74.143591 95.830815 256.000000 233.880685
146.542284 144.357918 64.000000 18.354550 146.778833 143.178253 256.000000 246.074026 45.653664 45.724671 64.000000 29.097943 48.362493 47.529960 256.000000 223.034032 119.561009 13.491424 0.000000 33.249875 89.587496 9.213684 256.000000 223.903141 20.501624 207.123064 0.000000 13.350720 23.276420 197.984784 256.000000 241.225086
67.789505 37.951442 64.000000 21.387827 70.713189 44.353738 256.000000 242.941792 112.257698 202.126671 0.000000 70.931345 112.812018 201.719435 256.000000 195.127887 183.212531 99.909835 0.000000 17.438114 189.160625 89.402245 256.000000 220.491242 15.799413 62.172425 64.000000 14.865207 6.166602 61.106196 256.000000 253.465756
92.294133 17.688755 0.000000 67.188152 92.158975 11.076227 256.000000 172.552565 22.899944 162.850936 64.000000 10.717577 22.832182 162.371427 256.000000 233.786029 17.874247 199.284860 0.000000 14.718921 30.161476 201.143727 256.000000 228.524047 139.671945 185.229656 64.000000 15.936534 144.578418 191.684131 256.000000 231.256147
24.564615 98.704742 0.000000 14.211224 18.134645 108.095731 256.000000 237.942264 31.552149 179.644831 0.000000 16.336668 28.310364 176.772607 256.000000 255.763301 196.550525 79.651982 0.000000 14.391929 197.291256 75.224929 256.000000 219.553293 79.498115 93.164222 64.000000 20.277777 80.716235 87.634195 256.000000 246.869993
106.414075 104.362025 0.000000 24.705070 103.753538 109.786471 256.000000 246.900110 104.153620 173.283182 64.000000 11.302720 112.065464 171.966009 256.000000 246.327875 60.758109 75.571449 64.000000 30.367186 22.447298 70.982722 256.000000 224.062334 54.015744 9.430651 64.000000 37.909504 49.837976 14.793824 256.000000 220.005058
12.039702 77.171676 64.000000 10.825140 8.762440 76.430444 256.000000 229.264081 35.951702 153.881042 0.000000 24.773910 26.162945 148.092684 256.000000 204.894607 72.768691 183.442273 0.000000 22.540902 85.008535 179.415085 256.000000 236.380449 118.433591 133.047058 0.000000 10.024872 120.791416 130.985516 256.000000 232.951340
31.153305 176.368505 0.000000 21.056533 21.794084 181.319244 256.000000 240.657154 24.836069 121.766304 64.000000 31.696665 22.029535 114.847582 256.000000 211.886202 71.587116 37.201785 0.000000 11.917980 66.870815 31.997116 256.000000 231.170097 84.653578 218.273285 0.000000 22.489272 86.015591 217.375867 256.000000 219.686671
139.302869 66.163355 64.000000 20.510113 138.646609 69.850055 256.000000 238.660784 100.805047 73.027649 0.000000 29.205506 85.628064 64.617882 256.000000 236.926869 77.391462 12.222647 0.000000 22.885104 75.507789 17.225609 256.000000 225.615544 24.132382 176.895027 64.000000 33.404765 21.194095 174.309673 256.000000 219.376890
72.956655 12.436527 64.000000 23.900499 66.317969 16.953136 256.000000 241.573590 76.733167 40.926531 64.000000 36.222916 77.461407 53.732055 256.000000 230.748450 66.513080 33.341609 0.000000 27.157506 60.694647 37.995367 256.000000 245.312480 54.503698 94.686460 64.000000 18.522349 61.579213 97.908649 256.000000 236.139508
16.173502 114.324422 64.000000 34.471790 14.021638 107.167040 256.000000 225.989863 22.719300 22.892785 0.000000 23.792936 63.848687 8.297907 256.000000 230.520417 15.427098 72.530636 64.000000 10.932703 15.612838 74.913947 256.000000 238.131574 79.494387 115.163153 64.000000 18.789105 75.601215 116.406633 256.000000 220.706368
131.527216 122.963213 64.000000 38.305336 122.757565 103.821824 256.000000 219.738301 21.330265 88.056145 64.000000 25.556969 28.146900 85.063984 256.000000 219.548991 58.053496 40.486815 64.000000 36.511185 29.940960 51.480869 256.000000 216.472689 19.937707 88.025576 64.000000 31.064194 34.100991 77.072924 256.000000 232.353290
38.135935 144.541271 64.000000 19.770079 31.734284 143.199116 256.000000 219.811444 116.927267 50.514565 64.000000 15.949442 116.425447 50.378444 256.000000 233.884987 113.603618 169.582007 64.000000 22.183793 112.495885 167.659676 256.000000 247.356177 47.923200 147.186665 0.000000 20.178819 78.240236 157.326622 256.000000 249.498832
121.867304 35.997375 0.000000 20.957575 122.641545 37.634295 256.000000 251.645790 28.310162 230.440775 0.000000 45.744393 29.945107 225.035724 256.000000 218.559411 151.245767 158.374260 64.000000 23.039995 151.359020 157.521287 256.000000 239.529893 142.751244 152.214238 64.000000 23.969339 142.147807 150.697493 256.000000 228.941392
168.783373 140.140029 0.000000 50.541702 161.636398 134.392633 256.000000 204.580523 85.461275 127.703453 0.000000 35.241941 78.345653 127.214587 256.000000 195.028929 118.639684 183.737096 0.000000 19.154819 115.838645 185.498747 256.000000 252.028714 111.581669 146.014815 0.000000 51.045097 106.470185 143.044705 256.000000 226.045796
138.967133 136.604111 64.000000 99.358094 145.510653 151.285293 256.000000 169.024498 116.901824 55.167865 64.000000 18.948298 128.195413 77.873984 256.000000 246.999068 19.268498 76.583405 0.000000 12.309510 20.192465 72.181071 256.000000 234.934802 65.855938 48.731964 64.000000 8.936334 67.952740 44.267062 256.000000 260.728409
52.522338 110.110553 64.000000 11.754485 61.592113 121.634275 256.000000 241.293927 57.363764 78.455084 0.000000 12.546148 59.067907 85.094033 256.000000 233.424618 1.227775 55.553544 64.000000 21.594348 0.440296 61.168384 256.000000 247.924110 67.225387 180.453080 64.000000 20.411155 65.552587 180.273385 256.000000 240.076313
82.590565 68.732560 0.000000 8.936334 82.512684 70.822567 256.000000 247.528278 175.543178 85.086227 0.000000 19.963693 174.736551 86.618920 256.000000 235.455407 108.617425 5.984315 64.000000 8.639460 109.288378 6.555949 256.000000 252.600949 31.174500 203.683615 64.000000 29.510985 26.053256 202.856484 256.000000 234.594903
180.657716 95.593322 0.000000 60.820423 186.636842 97.896493 256.000000 178.124328 54.150784 60.002016 64.000000 10.799325 57.001325 65.166235 256.000000 223.653595 54.965055 58.268042 0.000000 22.484970 93.410031 32.730662 256.000000 237.451776 31.455138 206.806145 0.000000 24.799725 34.976915 205.374885 256.000000 235.429592
79.870527 175.644660 64.000000 33.043354 88.389307 173.444984 256.000000 226.316855 121.953300 110.042387 64.000000 11.109107 124.862451 107.788007 256.000000 269.608811 25.392820 133.274922 0.000000 9.482754 26.938238 133.834724 256.000000 253.883100 37.835218 61.834804 0.000000 13.707829 37.273224 66.981462 256.000000 246.710799
97.946382 33.755636 64.000000 69.825597 101.721093 34.006345 256.000000 181.402848 166.705898 36.838571 64.000000 36.915622 166.252258 34.583029 256.000000 225.322972 66.413038 165.696158 64.000000 18.135122 68.452264 164.440611 256.000000 237.839003 14.370065 126.734165 64.000000 26.864935 23.108011 83.295036 256.000000 240.954028
94.214467 218.486658 64.000000 10.855258 92.502009 219.813825 256.000000 243.049355 13.524527 207.070151 0.000000 19.993810 13.422815 206.461456 256.000000 240.545288 106.151464 67.056064 0.000000 35.706613 28.370449 102.971085 256.000000 226.828854 166.202660 71.847038 64.000000 16.775525 166.689165 75.093273 256.000000 246.882900
80.411007 29.077860 0.000000 22.046112 77.330587 28.273902 256.000000 215.607882 57.436098 138.651549 0.000000 36.481067 63.257880 131.053529 256.000000 212.036791 5.378222 113.953811 64.000000 23.823053 19.588169 117.065044 256.000000 235.352147 23.966789 52.730016 64.000000 45.348561 25.986380 52.428940 256.000000 209.468186
20.501976 123.457187 0.000000 13.359325 24.101935 125.610425 256.000000 233.919407 166.631605 128.515858 64.000000 37.337269 162.924893 128.156316 256.000000 219.239209 163.367113 58.669175 64.000000 29.162481 160.824184 58.805540 256.000000 214.958202 145.077609 25.702138 64.000000 46.191855 142.308993 25.561271 256.000000 200.884659
148.006478 0.278442 0.000000 54.482811 143.214396 9.506500 256.000000 203.289767 49.687262 159.698338 64.000000 10.270115 51.537882 161.015209 256.000000 249.146026 84.281791 49.582184 64.000000 47.723552 73.992580 63.011451 256.000000 206.908187 93.408082 88.902727 64.000000 21.263054 94.408216 84.817849 256.000000 246.783942
