13.265045 39.016956 0.000000 23.134650 16.421145 41.516256 256.000000 236.896751 42.265247 82.965505 64.000000 39.376663 56.664509 79.224098 256.000000 224.656082 70.351082 23.945053 64.000000 60.329935 66.278331 28.147976 256.000000 208.254876 136.782882 30.098458 0.000000 9.925914 137.427907 26.600540 256.000000 243.901254
17.149898 17.441598 0.000000 43.593133 15.685915 18.975369 256.000000 209.868321 16.407253 92.508484 64.000000 10.696065 17.107229 99.356711 256.000000 243.483909 71.829467 61.462331 64.000000 16.904601 69.284693 56.986518 256.000000 231.157190 18.103691 4.592351 64.000000 213.981530 16.426576 2.806809 256.000000 47.680527
86.054456 21.124729 64.000000 39.690747 54.594147 39.677087 256.000000 218.361495 136.248000 144.723802 0.000000 13.746551 134.835607 145.342985 256.000000 217.152487 106.293267 73.439235 64.000000 16.969139 104.143700 71.778035 256.000000 235.941592 85.856175 89.203447 64.000000 25.526851 82.553251 91.437209 256.000000 236.010432
44.214676 38.340507 0.000000 12.008333 39.051442 34.188320 256.000000 259.364511 57.415845 152.323236 0.000000 29.967052 57.303964 145.593122 256.000000 213.594303 159.789004 167.861336 64.000000 43.390914 143.833838 152.643767 256.000000 220.749394 130.875251 17.905333 64.000000 22.596835 130.069482 18.780515 256.000000 229.862131
37.128682 209.947736 64.000000 42.637973 40.818209 200.328075 256.000000 224.875510 26.872300 89.450760 64.000000 15.174988 29.073358 92.878696 256.000000 235.786701 101.719409 23.537553 64.000000 15.557912 100.411595 21.564780 256.000000 260.199200 41.975587 71.764898 0.000000 19.653911 41.787287 82.948356 256.000000 246.904413
155.531627 134.972767 0.000000 36.825269 148.151100 134.853240 256.000000 215.569160 48.157249 144.147985 64.000000 12.146014 47.918496 142.553751 256.000000 249.920479 4.240124 193.735335 0.000000 9.018082 8.809062 196.803295 256.000000 221.825024 60.684555 58.460573 64.000000 11.642619 61.158209 51.818402 256.000000 226.772922
102.486791 54.476955 0.000000 11.935190 102.379473 50.500020 256.000000 237.907843 113.907176 201.062155 0.000000 33.314412 110.519889 200.504904 256.000000 229.629795 30.713104 21.143996 64.000000 24.950313 31.315673 24.876609 256.000000 239.383608 17.617282 4.553747 64.000000 12.967795 16.764169 4.981395 256.000000 250.600277
49.576649 73.565502 64.000000 17.197172 46.647031 70.089664 256.000000 226.544888 166.879475 35.832795 0.000000 16.349576 165.410560 34.923787 256.000000 251.942664 46.903309 71.728085 64.000000 11.909375 52.831480 67.899195 256.000000 245.587842 84.281791 49.582184 64.000000 47.723552 73.992580 63.011451 256.000000 206.908187
16.732105 103.885873 64.000000 12.787089 10.233678 105.868785 256.000000 257.893049 132.611718 39.715607 0.000000 26.886447 123.742133 25.307864 256.000000 246.814060 15.732433 71.100818 0.000000 36.993067 34.618465 56.096369 256.000000 210.629867 64.687129 6.903504 0.000000 27.996498 101.731467 39.558956 256.000000 225.103544
75.267622 42.625889 64.000000 11.952401 73.296162 39.557118 256.000000 233.024483 118.353189 46.170409 64.000000 13.841207 117.208893 45.797407 256.000000 237.068852 69.959264 71.879987 0.000000 29.652968 64.929100 94.237744 256.000000 220.607410 66.156738 46.784796 64.000000 20.062651 56.415729 34.631129 256.000000 225.094939
90.839356 130.963618 64.000000 41.403150 92.251387 128.158002 256.000000 193.174543 5.676447 16.418711 0.000000 20.944667 16.208029 15.957409 256.000000 230.757055 124.456796 20.712153 64.000000 13.944467 126.527349 10.190551 256.000000 243.402161 42.886829 80.329722 64.000000 14.572635 43.617031 84.323867 256.000000 262.320342
71.153607 160.700920 64.000000 11.117712 70.956113 160.993973 256.000000 245.381321 140.460662 34.401173 64.000000 13.088266 140.896133 34.964665 256.000000 254.283235 83.080105 52.841676 64.000000 10.588502 85.822713 56.711007 256.000000 254.524176 16.518871 58.171058 64.000000 23.203490 21.380204 59.078296 256.000000 230.159005
25.823909 87.685482 0.000000 12.176132 29.892762 87.371789 256.000000 223.141595 130.833116 153.031973 0.000000 14.598450 130.255984 152.440907 256.000000 235.498432 44.162804 58.553685 64.000000 22.067625 60.232049 63.278105 256.000000 231.006601 98.219449 154.243025 64.000000 234.840147 96.511273 150.019949 256.000000 27.097271
59.018656 41.933965 0.000000 29.162481 81.145153 39.994233 256.000000 228.166938 156.125245 116.726785 64.000000 34.015723 153.466513 115.334644 256.000000 231.531509 85.005984 179.346047 0.000000 16.147358 92.355156 177.921355 256.000000 230.597862 11.897767 45.138449 0.000000 16.414114 6.494055 48.661905 256.000000 237.271070
15.225238 88.469391 0.000000 16.939021 5.100496 85.295575 256.000000 247.390597 67.225387 180.453080 64.000000 20.411155 65.552587 180.273385 256.000000 240.076313 42.799125 150.224695 0.000000 16.887391 46.191645 148.552109 256.000000 234.255004 165.136844 88.379500 64.000000 47.383653 142.320258 84.697042 256.000000 198.587113
150.402936 184.500958 64.000000 63.298674 132.952382 163.588293 256.000000 181.050042 97.108227 106.781964 64.000000 8.747023 97.141222 105.962004 256.000000 256.210763 22.728935 7.438796 64.000000 14.490887 17.331062 7.132329 256.000000 238.256348 88.675313 120.144640 64.000000 11.784602 87.759976 127.605458 256.000000 245.467371
11.251509 98.851951 64.000000 22.747423 12.914169 100.737233 256.000000 248.948110 48.733893 202.187538 64.000000 43.339284 51.565813 171.715415 256.000000 228.597190 16.333580 59.693760 64.000000 11.066081 18.148891 62.566540 256.000000 234.405592 1.583180 74.269195 64.000000 21.275961 20.620696 82.690951 256.000000 226.248014
44.134824 213.181225 0.000000 14.185408 37.592673 217.151091 256.000000 256.477520 135.755700 36.229218 64.000000 20.966180 130.973596 35.132444 256.000000 225.520888 65.223040 58.899631 0.000000 35.039723 57.230173 57.425175 256.000000 217.359008 165.479765 29.813153 0.000000 8.914821 166.030249 26.809551 256.000000 231.716517
88.618120 25.502664 64.000000 24.119927 85.280796 23.907898 256.000000 221.825024 72.748458 213.993187 64.000000 43.765233 68.714138 216.091451 256.000000 212.424017 160.296611 75.350218 0.000000 14.052030 159.650173 75.749093 256.000000 243.724850 113.474164 117.114655 64.000000 35.564630 106.710496 117.216562 256.000000 228.468115
45.804642 150.757478 0.000000 47.822510 27.596793 121.606171 256.000000 205.789532 138.719820 131.456416 0.000000 19.950785 140.865015 127.971267 256.000000 227.168753 27.809251 37.434085 0.000000 22.170886 32.371575 38.034895 256.000000 224.053729 22.302367 13.780002 64.000000 34.093168 21.065949 20.882975 256.000000 238.170297
3.589807 96.712311 0.000000 33.662916 34.720880 107.478675 256.000000 234.771306 36.803989 68.999505 64.000000 13.707829 32.946824 71.777545 256.000000 247.472345 114.756555 17.650269 64.000000 13.286182 113.724267 21.688500 256.000000 244.925254 186.494567 66.827056 64.000000 13.987493 187.780115 63.350522 256.000000 246.233220
188.622940 109.204620 0.000000 37.668563 179.767475 107.473880 256.000000 207.992422 178.441715 38.285291 64.000000 11.681342 193.660116 47.709729 256.000000 243.105288 116.927267 50.514565 64.000000 15.949442 116.425447 50.378444 256.000000 233.884987 69.180649 34.423909 64.000000 13.217341 75.598035 36.386091 256.000000 233.097626
60.736013 29.296227 0.000000 9.482754 64.182224 23.320040 256.000000 258.250158 182.806058 27.704853 0.000000 17.894181 182.008235 30.105338 256.000000 244.963976 11.949418 12.573405 0.000000 38.352663 10.449798 17.283447 256.000000 233.592416 29.960755 154.808945 64.000000 43.911519 30.030216 151.290580 256.000000 221.837931
68.211758 90.391825 0.000000 20.763962 63.515220 114.711944 256.000000 246.568816 57.820882 88.390396 64.000000 16.177475 55.099602 88.418733 256.000000 247.136749 126.487669 34.262180 0.000000 14.903929 124.454476 33.293100 256.000000 248.552278 103.906342 0.936804 64.000000 52.159450 89.145633 39.366002 256.000000 212.669261
92.125876 171.729896 64.000000 26.301305 86.615889 169.568402 256.000000 211.782942 32.105822 101.001431 0.000000 43.524292 36.515749 70.466213 256.000000 223.563242 36.938931 70.160118 64.000000 14.555425 36.359825 73.323798 256.000000 242.890162 103.674711 36.950640 0.000000 21.542718 99.366295 37.973304 256.000000 236.789188
36.697475 76.571371 0.000000 46.772695 33.326629 75.521553 256.000000 216.291983 27.188191 22.442229 64.000000 23.263726 63.717607 37.750664 256.000000 237.968079 56.567838 196.509396 0.000000 55.760659 55.231724 194.388965 256.000000 199.731583 153.877229 162.902711 64.000000 62.291885 153.651149 164.894435 256.000000 181.011319
121.953300 110.042387 64.000000 11.109107 124.862451 107.788007 256.000000 269.608811 136.431315 73.021331 64.000000 17.300433 135.691749 71.026082 256.000000 245.355506 40.207080 146.475033 64.000000 21.482482 33.258915 148.172856 256.000000 236.539642 179.304738 43.537873 64.000000 22.928129 179.420475 33.922804 256.000000 223.898838
20.999393 119.279558 64.000000 17.102517 17.046145 117.726627 256.000000 227.280619 170.281976 118.606555 64.000000 40.168327 165.353196 116.893511 256.000000 208.470002 73.523582 162.914169 64.000000 17.584399 57.941073 177.223365 256.000000 222.500519 69.111173 115.141782 64.000000 23.332566 65.434929 111.732473 256.000000 237.172112
66.598675 69.759415 0.000000 28.671993 57.290647 64.069295 256.000000 205.410910 119.290305 87.546973 0.000000 14.288669 118.817613 89.562053 256.000000 257.923166 32.866305 33.283258 64.000000 18.909575 31.789291 34.250825 256.000000 233.187979 162.245904 114.677978 0.000000 20.583256 164.398287 106.560916 256.000000 199.189466
2.507265 170.963735 0.000000 43.825469 4.644995 166.098387 256.000000 207.433094 40.938371 146.721080 0.000000 16.964836 40.622140 145.364995 256.000000 253.551806 56.500242 102.336145 64.000000 12.206249 59.234082 99.523696 256.000000 256.890562 6.771182 73.503311 0.000000 11.044569 3.621171 68.483876 256.000000 238.488684
51.077496 152.710075 0.000000 9.091225 59.288522 156.780133 256.000000 246.125657 101.452973 44.527807 64.000000 28.882817 96.066711 55.293458 256.000000 216.472689 32.166531 100.538376 64.000000 16.517374 25.684493 89.061575 256.000000 249.847336 72.207015 61.908698 0.000000 9.172973 72.561862 58.157789 256.000000 248.251101
90.623620 190.319689 0.000000 10.795023 88.310375 195.452025 256.000000 231.596047 85.967036 190.469607 0.000000 23.397104 115.944211 178.732200 256.000000 229.122098 73.907073 85.199971 64.000000 9.676367 83.206198 82.148160 256.000000 250.832613 92.313202 199.718473 64.000000 10.093712 91.044607 201.676736 256.000000 239.753624
