75.149773 150.736220 64.000000 45.933704 74.603380 143.938525 256.000000 220.332049 104.708433 0.756931 64.000000 13.733644 104.629253 0.596242 256.000000 246.986161 45.848940 97.579100 64.000000 30.930816 52.911318 88.678998 256.000000 250.023740 48.951427 50.545458 64.000000 11.074686 48.197462 52.050542 256.000000 236.328819
29.713513 92.919611 0.000000 25.113809 35.026853 91.475105 256.000000 235.438197 188.475942 75.457798 0.000000 16.676568 195.724895 67.573100 256.000000 249.021253 152.649289 119.533784 64.000000 13.682014 157.713905 114.887356 256.000000 239.770835 39.349835 123.611287 64.000000 27.488800 12.863336 106.727271 256.000000 232.620046
54.965055 58.268042 0.000000 22.484970 93.410031 32.730662 256.000000 237.451776 151.437395 175.897024 0.000000 24.107020 151.524140 171.948742 256.000000 207.032960 58.726013 100.350331 64.000000 17.683357 66.840471 96.155435 256.000000 237.021524 30.671849 106.610867 0.000000 13.501308 37.389607 114.350785 256.000000 243.957187
54.665365 199.867115 0.000000 23.130348 66.437465 206.156253 256.000000 227.190266 128.866589 82.499996 64.000000 35.917437 123.414240 75.571740 256.000000 233.239609 112.060669 36.213835 0.000000 30.646850 101.057571 42.127413 256.000000 219.622133 86.240676 107.697598 0.000000 17.567189 75.580435 136.538080 256.000000 241.651036
24.392829 105.426544 64.000000 9.091225 19.277140 109.523236 256.000000 245.097354 140.562364 84.719956 0.000000 10.721880 145.847924 92.889665 256.000000 239.572919 47.963940 6.511338 0.000000 39.815520 45.474304 18.112791 256.000000 228.519745 37.655033 153.227924 64.000000 13.234552 33.636993 154.167338 256.000000 224.853998
100.265447 155.312098 0.000000 21.697608 42.005862 177.207344 256.000000 246.848480 121.295460 84.979211 64.000000 27.359725 117.838256 81.797355 256.000000 223.881628 72.882442 94.234165 64.000000 15.910719 97.727387 91.469945 256.000000 240.876582 81.242320 48.158545 64.000000 17.132635 79.009900 47.323480 256.000000 239.878398
85.596158 69.689751 64.000000 66.250203 83.733004 56.808225 256.000000 184.276932 33.234049 110.014884 64.000000 17.872668 33.733976 105.940980 256.000000 235.649020 90.623665 76.589364 0.000000 11.453308 89.523520 75.939436 256.000000 253.530294 155.348516 72.619209 0.000000 68.302505 155.328738 72.865965 256.000000 184.169369
135.399129 23.478411 64.000000 44.797838 119.473100 32.817096 256.000000 221.906772 55.908742 11.989938 64.000000 19.877642 52.715431 11.706631 256.000000 239.065221 98.526733 100.014049 0.000000 42.104461 78.807127 90.335205 256.000000 227.534468 137.946167 109.218802 0.000000 61.259280 126.656758 98.545716 256.000000 199.877869
54.708089 65.076978 64.000000 19.666819 52.340356 62.341778 256.000000 230.318198 103.193967 131.517631 64.000000 12.331022 106.520671 129.030122 256.000000 228.197056 60.730109 78.543518 0.000000 11.143527 63.801280 77.804675 256.000000 231.716517 153.679927 103.589647 0.000000 26.968195 139.760867 104.106675 256.000000 219.338167
121.647325 125.253231 0.000000 16.590517 119.820315 127.809096 256.000000 229.758871 69.380018 139.367293 0.000000 18.354550 72.203704 137.328740 256.000000 248.896479 10.276265 48.949949 0.000000 24.649137 8.105729 56.923951 256.000000 242.989120 108.452836 49.837415 64.000000 17.184265 109.023736 51.765467 256.000000 267.887803
113.189873 176.416522 64.000000 20.763962 105.355531 184.973375 256.000000 243.230061 38.592873 59.130573 0.000000 8.729813 35.708171 60.596033 256.000000 276.837044 134.867638 175.733113 64.000000 29.756228 131.278053 170.870835 256.000000 212.294942 83.720505 137.598227 0.000000 32.230177 72.188998 146.475255 256.000000 223.778368
71.112002 13.385680 64.000000 9.000872 82.755035 17.841580 256.000000 255.733184 27.857740 83.771762 64.000000 82.165224 33.385389 87.815365 256.000000 194.671820 57.596967 26.205858 64.000000 10.493846 55.812840 22.991004 256.000000 248.956715 72.869818 92.369965 0.000000 17.846853 72.768142 83.334385 256.000000 238.062734
49.014716 74.386191 0.000000 12.429980 42.592236 84.119576 256.000000 246.082631 144.845696 61.023578 0.000000 45.120527 143.464936 55.287875 256.000000 213.598605 13.097144 69.428396 0.000000 15.157778 16.155373 66.858851 256.000000 219.777024 23.808085 126.217093 0.000000 9.839863 26.788376 127.805269 256.000000 230.344013
95.115367 96.375140 64.000000 16.134450 101.549136 90.896447 256.000000 239.073826 45.448820 219.410891 64.000000 39.712260 52.658175 217.205107 256.000000 208.573262 114.220584 108.074269 0.000000 10.016267 117.968395 112.939251 256.000000 234.538970 79.423431 114.561280 0.000000 64.120456 76.715956 112.393089 256.000000 207.179246
154.653144 98.069504 0.000000 27.239254 145.645758 96.071140 256.000000 218.473361 48.611135 84.537205 0.000000 15.213711 47.496384 82.312307 256.000000 242.911674 93.408082 88.902727 64.000000 21.263054 94.408216 84.817849 256.000000 246.783942 91.165540 140.214647 0.000000 51.432324 90.236245 138.926111 256.000000 205.023683
72.207015 61.908698 0.000000 9.172973 72.561862 58.157789 256.000000 248.251101 98.556075 118.918944 0.000000 32.656127 91.653058 116.681853 256.000000 208.784086 11.897767 45.138449 0.000000 16.414114 6.494055 48.661905 256.000000 237.271070 45.910551 70.757933 64.000000 32.965908 50.223469 38.376344 256.000000 226.760014
147.272880 38.159198 64.000000 51.518374 149.551562 21.901984 256.000000 214.192353 74.284711 169.308493 0.000000 23.431524 71.546975 167.965365 256.000000 234.668046 122.533220 122.046825 0.000000 11.371560 124.117011 117.390629 256.000000 233.695676 96.194053 38.862358 64.000000 17.231593 97.670802 41.942775 256.000000 242.132918
2.544538 105.740947 0.000000 38.993739 23.165204 100.272358 256.000000 223.292183 10.208516 124.995578 64.000000 17.584399 10.256913 131.662200 256.000000 233.708584 135.421536 60.449271 0.000000 15.575122 137.826645 65.887309 256.000000 234.375474 31.521409 76.369736 64.000000 15.992467 33.104307 80.159671 256.000000 253.741117
65.223040 58.899631 0.000000 35.039723 57.230173 57.425175 256.000000 217.359008 29.656916 94.649611 64.000000 17.567189 39.809969 88.065207 256.000000 244.606867 8.852495 220.880264 0.000000 27.140296 7.600442 216.164395 256.000000 216.455479 53.661955 28.600135 0.000000 15.110450 62.388900 31.115484 256.000000 254.851167
15.452033 95.977913 64.000000 9.504267 14.754636 101.175480 256.000000 232.878198 3.850358 56.808684 64.000000 13.544333 1.275049 50.796624 256.000000 238.828583 36.882024 141.057731 64.000000 10.541174 32.254927 151.515064 256.000000 249.326731 96.108780 132.438538 64.000000 27.196229 95.087256 131.429767 256.000000 232.839475
106.500104 13.520082 64.000000 10.278720 115.499509 4.555662 256.000000 237.886331 48.939193 121.161293 64.000000 18.784802 66.084849 120.823855 256.000000 232.417828 51.145773 39.748740 0.000000 9.697880 56.182845 40.607776 256.000000 248.801824 76.011825 165.580747 0.000000 32.273203 78.301642 166.587213 256.000000 231.243240
39.090456 122.459375 0.000000 22.274146 44.244333 116.993493 256.000000 251.516714 9.149860 87.675865 64.000000 20.131491 12.331047 86.876873 256.000000 229.832013 9.711218 130.777976 0.000000 27.979288 7.369576 130.193920 256.000000 234.319542 37.996775 99.937085 0.000000 18.487928 29.872171 97.319225 256.000000 247.205589
97.946382 33.755636 64.000000 69.825597 101.721093 34.006345 256.000000 181.402848 172.779940 31.047020 0.000000 38.847453 149.731725 12.036831 256.000000 225.262737 60.594265 28.603562 64.000000 12.812905 65.239616 30.453502 256.000000 230.485996 169.816267 20.145122 64.000000 23.250818 169.491811 22.667358 256.000000 207.932187
94.723938 119.518218 0.000000 43.653368 82.232989 132.856856 256.000000 208.478607 62.491029 229.078062 64.000000 19.129004 60.651582 229.096087 256.000000 238.105759 177.367100 46.604535 64.000000 10.536871 177.644009 47.025838 256.000000 241.939305 52.008969 48.048593 64.000000 22.992667 48.742478 41.668767 256.000000 258.435166
22.434842 105.241729 64.000000 21.848197 16.313800 122.831256 256.000000 240.622734 98.456422 17.175013 0.000000 13.527123 97.023649 13.358880 256.000000 241.612313 111.637507 186.110545 0.000000 25.488128 114.299111 183.536233 256.000000 244.649892 66.597295 134.649422 64.000000 56.500693 65.737627 131.738945 256.000000 209.085262
78.187447 83.806511 64.000000 10.575594 76.698942 83.350284 256.000000 264.815803 19.939627 76.819885 0.000000 12.567661 7.207902 75.780896 256.000000 222.431679 9.267062 20.964173 0.000000 39.096999 148.260442 79.160940 256.000000 218.916520 191.315395 89.468302 64.000000 14.658686 196.609640 96.271384 256.000000 248.264009
6.523698 77.110531 0.000000 23.655255 10.385933 75.120715 256.000000 239.964448 107.323982 203.313895 0.000000 37.130748 102.943307 196.974353 256.000000 215.401361 58.072520 28.000818 64.000000 29.601338 62.689567 31.190162 256.000000 254.102529 3.670638 119.854302 0.000000 18.165239 12.205184 130.190871 256.000000 239.271742
11.278489 29.342864 64.000000 16.624937 15.689805 27.581660 256.000000 233.058903 78.580771 29.415876 0.000000 30.414514 41.367289 62.637673 256.000000 231.161492 118.763305 108.955202 64.000000 38.443016 104.512107 107.952105 256.000000 203.608154 49.417305 79.917485 64.000000 36.653168 61.903573 58.233155 256.000000 212.768219
14.363144 53.227544 0.000000 46.178947 9.928905 52.256224 256.000000 202.726137 103.674711 36.950640 0.000000 21.542718 99.366295 37.973304 256.000000 236.789188 96.430342 108.813653 64.000000 9.375191 95.302742 110.362271 256.000000 239.276045 74.796209 19.592949 0.000000 18.061979 73.733905 26.293395 256.000000 235.438197
72.748458 213.993187 64.000000 43.765233 68.714138 216.091451 256.000000 212.424017 92.131244 112.625362 64.000000 19.425878 92.042005 112.283964 256.000000 242.593288 44.093327 1.906653 0.000000 18.487928 48.202262 1.155587 256.000000 254.029386 11.234502 162.589795 64.000000 41.747352 14.092980 159.458022 256.000000 204.855885
79.870527 175.644660 64.000000 33.043354 88.389307 173.444984 256.000000 226.316855 129.389435 79.868800 0.000000 18.259895 129.046084 86.194867 256.000000 230.481694 25.015069 101.253704 64.000000 11.134922 26.168918 103.840800 256.000000 235.231676 100.621965 80.913535 0.000000 45.998241 103.110373 80.420998 256.000000 207.544960
52.117495 190.759996 64.000000 8.781443 50.349860 192.445073 256.000000 254.911402 81.946353 49.389855 0.000000 14.925442 81.150960 33.450696 256.000000 230.688215 164.054404 50.850473 64.000000 34.433068 164.760091 53.032709 256.000000 228.222871 31.174500 203.683615 64.000000 29.510985 26.053256 202.856484 256.000000 234.594903
