85.443644 95.256945 64.000000 18.711659 85.115593 105.632136 256.000000 242.076985 45.755667 141.218735 0.000000 14.069240 54.750509 148.338749 256.000000 239.921423 40.658213 76.527298 64.000000 8.893309 39.447316 75.319222 256.000000 257.677923 24.969347 99.398673 0.000000 8.772838 25.026853 98.024476 256.000000 249.709656
154.379218 70.814216 64.000000 10.631527 155.689215 68.435035 256.000000 245.114564 11.105455 222.572656 0.000000 16.805643 12.502147 222.603687 256.000000 247.141051 89.105031 155.075776 0.000000 17.459626 84.315796 157.322756 256.000000 225.331577 123.165989 128.758367 0.000000 19.942180 119.408358 132.889098 256.000000 222.035847
74.888240 21.312807 0.000000 14.929744 71.293665 21.112869 256.000000 224.991678 45.588224 93.926962 0.000000 18.401878 43.714458 90.305822 256.000000 242.885859 32.635696 54.748567 0.000000 44.453637 29.924009 65.402095 256.000000 192.094610 79.343991 159.104931 0.000000 30.560800 75.940213 154.874567 256.000000 237.882028
106.151464 67.056064 0.000000 35.706613 28.370449 102.971085 256.000000 226.828854 94.357235 14.574693 64.000000 10.932703 92.307151 11.642522 256.000000 260.138964 29.084955 189.013593 0.000000 21.456667 26.828367 188.390431 256.000000 243.402161 168.240135 11.302418 0.000000 41.906545 157.115229 6.542258 256.000000 206.370372
16.590156 27.671845 64.000000 13.243157 9.357991 26.881149 256.000000 249.421387 24.344376 34.909791 0.000000 10.437914 0.733487 29.365676 256.000000 234.921895 103.674711 36.950640 0.000000 21.542718 99.366295 37.973304 256.000000 236.789188 181.112800 115.454598 0.000000 31.318043 175.674740 125.469545 256.000000 220.943007
67.789505 37.951442 64.000000 21.387827 70.713189 44.353738 256.000000 242.941792 56.192825 170.607891 64.000000 24.855658 55.774116 169.459795 256.000000 231.772450 73.244876 91.695735 64.000000 12.675224 77.167969 92.537776 256.000000 252.131975 141.200056 42.114124 64.000000 52.172358 140.061833 38.980856 256.000000 208.534539
94.650325 193.325262 64.000000 12.649409 86.701016 214.280115 256.000000 241.121826 196.550525 79.651982 0.000000 14.391929 197.291256 75.224929 256.000000 219.553293 72.709500 94.936333 0.000000 23.569205 69.644238 83.672320 256.000000 236.939776 86.240676 107.697598 0.000000 17.567189 75.580435 136.538080 256.000000 241.651036
78.065762 97.425749 64.000000 19.266685 86.170007 92.296347 256.000000 232.361895 52.787342 221.776605 64.000000 27.587758 56.796698 219.929216 256.000000 247.790732 21.426833 71.801689 0.000000 13.178619 28.353511 73.046296 256.000000 238.682297 39.339520 190.269891 64.000000 16.762618 39.082633 189.195998 256.000000 244.796178
22.964184 132.653222 64.000000 11.078989 18.934851 133.467976 256.000000 251.654395 120.131300 95.922253 64.000000 22.756028 119.344667 94.481144 256.000000 228.369157 97.913656 31.982647 64.000000 16.758315 101.231558 36.370458 256.000000 253.513083 48.235713 18.860096 64.000000 21.689003 48.195111 21.396524 256.000000 250.195841
68.731215 108.770493 0.000000 13.359325 65.598336 113.315849 256.000000 246.289152 25.741325 83.203553 0.000000 12.632199 25.503578 84.724435 256.000000 263.929484 137.735602 108.646315 0.000000 16.745408 140.418202 104.396458 256.000000 235.472617 43.324318 43.309385 0.000000 33.421975 40.050900 45.835367 256.000000 223.666502
94.258531 41.483262 0.000000 9.439729 197.872493 80.437365 256.000000 251.456479 3.781776 49.709664 0.000000 10.334653 1.319605 52.413598 256.000000 245.368413 59.478576 86.928327 0.000000 31.959119 48.646847 86.509744 256.000000 229.272686 103.032411 57.848993 0.000000 15.347089 101.988296 59.277973 256.000000 232.947038
56.567838 196.509396 0.000000 55.760659 55.231724 194.388965 256.000000 199.731583 79.903707 99.402847 64.000000 10.119527 77.978391 101.918524 256.000000 252.136277 49.466924 6.033058 0.000000 10.007662 45.242300 4.444564 256.000000 240.282834 48.765582 93.008555 0.000000 19.886247 85.212809 75.825755 256.000000 242.008145
20.009416 189.991613 0.000000 49.018610 27.314880 187.306785 256.000000 213.899782 132.946947 144.205098 0.000000 20.312197 130.994229 144.956507 256.000000 240.226902 132.948542 81.915120 0.000000 31.756900 129.881844 81.158320 256.000000 223.657897 111.808555 161.640847 0.000000 32.927186 104.192224 161.358289 256.000000 223.541729
142.048145 19.378118 0.000000 51.118240 138.303405 22.924809 256.000000 197.571718 75.747816 185.336402 64.000000 18.505139 72.733284 186.129804 256.000000 232.271542 45.281204 180.934733 0.000000 30.453237 90.591564 179.525515 256.000000 210.767547 8.699338 188.126031 0.000000 14.654383 15.404667 191.257300 256.000000 238.544616
104.532796 30.353487 64.000000 14.972770 102.737702 29.692907 256.000000 229.565257 18.076787 31.939278 64.000000 26.490616 17.616893 35.631551 256.000000 250.664815 35.751500 7.476555 64.000000 21.086651 35.085953 9.439985 256.000000 247.881085 121.513598 169.304644 64.000000 25.686044 118.851773 170.636102 256.000000 242.218968
129.892945 68.038500 64.000000 16.698080 128.010493 64.532669 256.000000 232.348988 91.709065 69.476822 64.000000 10.863863 90.823562 68.257062 256.000000 248.672748 178.441715 38.285291 64.000000 11.681342 193.660116 47.709729 256.000000 243.105288 9.062067 88.602840 0.000000 13.768064 7.720695 91.371493 256.000000 212.531580
13.751682 198.480631 0.000000 35.284967 16.449680 193.237898 256.000000 211.580724 9.152967 130.897638 64.000000 21.861104 14.392218 131.789358 256.000000 227.736686 95.929687 213.893804 64.000000 25.879658 80.842533 225.604453 256.000000 213.207076 72.748458 213.993187 64.000000 43.765233 68.714138 216.091451 256.000000 212.424017
44.252789 159.678071 64.000000 34.303992 43.113545 157.416382 256.000000 224.221527 120.472304 78.864029 64.000000 16.698080 137.644362 59.180933 256.000000 259.923838 99.247616 86.645089 0.000000 36.390714 83.799253 91.418087 256.000000 210.866505 75.475818 19.049284 0.000000 13.957375 74.825027 22.295689 256.000000 233.786029
60.524124 186.992545 64.000000 21.607255 61.289087 185.507338 256.000000 249.417084 120.854078 28.714929 0.000000 10.906888 120.115735 26.942740 256.000000 246.641959 88.202884 102.429004 64.000000 9.353678 94.212578 103.139895 256.000000 274.522289 69.700184 68.507944 0.000000 11.522149 72.931682 64.103827 256.000000 263.787501
21.047604 93.199838 0.000000 16.530282 20.598718 86.734373 256.000000 250.367941 69.241518 79.585076 0.000000 17.997441 72.583980 90.443456 256.000000 229.040350 84.136582 220.560169 64.000000 31.507354 88.539269 218.636056 256.000000 234.078601 58.172944 40.653816 0.000000 9.181578 63.734391 37.319909 256.000000 233.824752
52.117495 190.759996 64.000000 8.781443 50.349860 192.445073 256.000000 254.911402 137.946167 109.218802 0.000000 61.259280 126.656758 98.545716 256.000000 199.877869 53.178049 90.813253 0.000000 17.674752 32.722609 192.048045 256.000000 231.738030 99.911958 132.491129 0.000000 28.396632 113.437431 116.568575 256.000000 226.665359
165.545651 67.371949 64.000000 28.852699 161.488829 63.384355 256.000000 227.525863 33.755796 37.319493 64.000000 12.877442 34.717216 37.006160 256.000000 255.311537 166.631605 128.515858 64.000000 37.337269 162.924893 128.156316 256.000000 219.239209 79.680093 111.185675 64.000000 29.119455 81.814385 103.563220 256.000000 218.830470
44.966851 99.179104 64.000000 13.195829 41.515000 101.531329 256.000000 233.622533 69.447351 89.849331 64.000000 16.766920 67.641724 91.082913 256.000000 246.693589 131.343136 101.392327 64.000000 17.554282 130.179824 103.665585 256.000000 250.363639 148.597149 59.613845 64.000000 11.750182 148.617985 56.966515 256.000000 256.305419
146.022342 65.184469 64.000000 32.273203 137.681942 61.783749 256.000000 214.988319 113.449831 20.605591 64.000000 13.626081 112.626104 18.324498 256.000000 242.752481 42.596765 186.016191 0.000000 19.967995 38.965478 184.887505 256.000000 237.851911 56.218849 151.250540 0.000000 15.153475 56.268862 150.566485 256.000000 233.928012
136.611689 161.142276 0.000000 10.162552 136.830715 161.401247 256.000000 243.212851 111.300944 53.693395 64.000000 12.692434 114.141347 59.735355 256.000000 240.304347 64.134102 44.910782 0.000000 9.164368 70.862358 39.742631 256.000000 241.887674 131.027647 169.788111 64.000000 54.297802 127.859631 168.259569 256.000000 202.661600
64.225620 141.162820 64.000000 22.446247 61.346093 138.701193 256.000000 221.704553 134.561378 92.812820 64.000000 8.613645 139.149138 97.960269 256.000000 275.778624 168.059118 53.524882 64.000000 36.278849 165.008598 54.261125 256.000000 197.378105 6.752664 144.168171 64.000000 43.928729 8.539953 131.567016 256.000000 208.168825
45.940813 73.010498 64.000000 32.165640 47.056675 80.176718 256.000000 220.904284 114.089773 108.639991 64.000000 16.414114 113.902411 106.606358 256.000000 231.303475 173.573109 77.450638 0.000000 11.281207 186.941595 88.078853 256.000000 282.305547 13.524527 207.070151 0.000000 19.993810 13.422815 206.461456 256.000000 240.545288
84.373558 175.106660 0.000000 32.006446 82.464393 173.531896 256.000000 232.353290 56.939424 48.462965 0.000000 12.266485 67.427185 38.394342 256.000000 245.075842 125.398836 164.350667 0.000000 16.693778 121.587555 167.779255 256.000000 227.745291 57.835878 184.764602 64.000000 8.665275 55.818347 187.807615 256.000000 245.037119
114.072673 36.623033 0.000000 36.025000 99.112085 39.936271 256.000000 232.632954 158.317913 63.045402 64.000000 15.114753 158.071907 62.875995 256.000000 254.584411 84.533445 101.803485 64.000000 13.290484 102.088102 101.833925 256.000000 238.252045 83.247120 133.500016 0.000000 23.668163 80.855547 133.305169 256.000000 217.673092
13.750282 10.684022 64.000000 22.420432 23.384805 11.923582 256.000000 240.549591 32.825522 90.663962 64.000000 11.565174 30.812882 88.473876 256.000000 256.073083 7.657787 146.166144 0.000000 26.520733 5.554765 142.049376 256.000000 237.232348 174.894760 75.232791 64.000000 8.919124 181.177320 66.248387 256.000000 242.132918
69.572307 135.447705 64.000000 16.160265 88.086982 124.405600 256.000000 229.272686 117.644735 80.892209 0.000000 48.824997 107.854322 60.464051 256.000000 208.108590 53.640662 157.637787 64.000000 10.683157 57.684220 162.682249 256.000000 253.934730 21.185689 133.830636 64.000000 30.827556 29.023255 125.734742 256.000000 217.883915
24.282778 121.690191 0.000000 28.379422 19.602264 117.243742 256.000000 218.507781 46.190585 138.151553 64.000000 13.518518 37.886489 92.406464 256.000000 244.834901 79.720033 67.062958 64.000000 42.207721 57.651545 81.118605 256.000000 220.951612 166.791573 139.291882 0.000000 17.162752 166.364198 137.962089 256.000000 227.319342
