66.413038 165.696158 64.000000 18.135122 68.452264 164.440611 256.000000 237.839003 108.862473 157.229380 0.000000 12.954888 106.402300 159.318560 256.000000 244.348716 94.251376 167.531333 64.000000 37.294243 83.970120 166.409493 256.000000 216.390941 23.230136 222.937356 0.000000 9.314956 26.485918 226.674858 256.000000 260.698292
16.113522 170.543471 64.000000 30.100430 18.432255 166.783500 256.000000 236.178230 114.967793 122.156824 0.000000 9.091225 115.208696 120.222082 256.000000 235.825424 58.121231 92.188902 64.000000 54.577466 59.308316 96.001102 256.000000 202.248558 120.723844 132.333969 0.000000 35.345202 112.367627 128.631611 256.000000 212.346572
185.862455 76.177904 64.000000 18.135122 184.838684 75.613564 256.000000 225.817762 89.934624 78.981365 64.000000 32.333438 66.696462 86.533065 256.000000 229.083375 127.790513 95.847911 64.000000 10.011964 132.727460 91.498209 256.000000 248.677051 44.140782 44.708616 64.000000 11.216670 46.614640 40.100553 256.000000 260.500376
143.075353 68.552007 0.000000 17.330551 150.792107 70.077338 256.000000 228.179846 186.151082 81.333445 64.000000 38.206378 182.692175 82.136567 256.000000 231.776752 92.504467 61.062667 64.000000 69.455580 93.207616 63.989582 256.000000 189.719619 118.441589 48.513993 0.000000 11.388770 118.479262 43.487067 256.000000 239.392213
128.092295 123.897553 64.000000 31.034077 127.313840 118.181515 256.000000 230.395643 3.605233 89.829051 0.000000 19.606584 1.326402 77.063624 256.000000 229.294198 53.672684 91.742720 0.000000 45.580897 48.315011 93.181129 256.000000 215.031345 79.160867 108.490873 64.000000 20.940365 80.316225 103.260384 256.000000 210.423346
14.350007 117.136873 64.000000 11.195157 12.633284 115.492778 256.000000 235.507037 50.114744 29.301131 0.000000 22.588230 45.057295 26.449707 256.000000 244.150800 38.015253 5.082533 64.000000 16.831458 32.586729 4.569671 256.000000 239.762230 70.432151 84.458938 64.000000 14.370417 71.337058 73.247193 256.000000 246.396715
64.145658 214.262895 64.000000 28.125573 31.380571 216.915891 256.000000 224.965863 13.524527 207.070151 0.000000 19.993810 13.422815 206.461456 256.000000 240.545288 75.518304 171.905247 0.000000 21.590045 74.835389 170.914315 256.000000 235.184348 2.359631 74.636249 64.000000 16.990651 3.269567 73.087115 256.000000 218.477663
39.366278 134.066078 0.000000 37.913806 52.126691 122.604282 256.000000 214.700051 6.239802 53.172285 64.000000 35.913134 124.684022 49.834662 256.000000 224.970166 121.052676 94.079282 0.000000 10.631527 125.678235 100.523535 256.000000 244.611170 56.767055 77.793465 0.000000 14.426350 58.895385 82.932227 256.000000 258.611570
63.586318 161.313425 64.000000 19.322617 57.325229 161.803693 256.000000 241.930700 76.954364 118.284642 64.000000 21.899827 71.157331 122.704824 256.000000 233.063206 166.265589 153.914276 64.000000 24.244700 161.746900 150.841364 256.000000 219.493058 15.954905 124.190318 64.000000 17.063794 19.191171 123.168720 256.000000 243.135405
51.337493 55.841242 64.000000 25.113809 70.824207 57.257882 256.000000 249.610698 151.255405 8.729204 64.000000 11.728670 151.111173 7.973893 256.000000 266.683097 28.227093 67.502085 0.000000 26.890750 35.349875 59.047953 256.000000 230.632282 89.312647 44.078720 64.000000 76.133091 87.619060 43.496507 256.000000 186.621805
56.470044 56.806998 64.000000 9.164368 56.512636 58.554900 256.000000 237.722835 136.611689 161.142276 0.000000 10.162552 136.830715 161.401247 256.000000 243.212851 58.552840 68.627649 0.000000 14.168198 54.684716 66.679809 256.000000 243.862531 152.635251 39.261951 64.000000 15.011492 152.336173 39.033353 256.000000 266.300173
14.700300 100.951720 64.000000 14.994282 19.043924 109.312164 256.000000 243.892649 8.012373 17.407404 64.000000 24.481339 20.014867 16.045113 256.000000 216.958874 118.323649 0.285393 64.000000 27.333910 117.966153 3.391458 256.000000 222.603780 33.755796 37.319493 64.000000 12.877442 34.717216 37.006160 256.000000 255.311537
55.035293 48.505095 0.000000 21.732029 54.992909 57.312585 256.000000 243.681825 111.657409 68.406251 64.000000 20.927457 112.543155 50.986387 256.000000 212.652051 117.574671 112.150369 0.000000 16.211895 123.395164 106.296160 256.000000 243.204246 22.586236 125.889958 64.000000 12.610686 21.454209 124.750631 256.000000 225.383208
14.969855 76.519402 64.000000 20.148701 23.040969 70.603035 256.000000 221.816419 7.665985 166.410100 64.000000 18.991323 6.955175 165.139015 256.000000 243.918464 128.952976 147.381224 64.000000 20.114281 131.898395 143.924013 256.000000 234.921895 39.130405 214.491964 64.000000 36.713403 36.783056 208.884767 256.000000 219.949125
31.956840 86.672991 0.000000 20.445575 45.048389 90.714458 256.000000 221.683040 150.187825 63.431075 0.000000 16.242013 149.985287 65.688002 256.000000 241.272414 83.216415 152.896895 64.000000 27.566246 80.995709 148.958987 256.000000 235.451104 85.116804 153.250075 0.000000 63.049128 73.346547 178.325209 256.000000 200.992222
28.136462 186.115193 0.000000 18.918180 37.678809 191.971800 256.000000 228.842434 84.533445 101.803485 64.000000 13.290484 102.088102 101.833925 256.000000 238.252045 1.233144 119.627404 0.000000 42.100158 7.022495 115.315484 256.000000 208.788388 71.302495 108.580689 64.000000 23.952129 70.795615 101.881067 256.000000 215.280891
145.077609 25.702138 64.000000 46.191855 142.308993 25.561271 256.000000 200.884659 49.576649 73.565502 64.000000 17.197172 46.647031 70.089664 256.000000 226.544888 121.442291 181.548744 0.000000 32.970211 120.713916 180.451158 256.000000 227.185964 187.516047 113.130964 0.000000 16.706685 188.188105 119.355173 256.000000 248.664143
22.728935 7.438796 64.000000 14.490887 17.331062 7.132329 256.000000 238.256348 22.435744 139.690320 64.000000 21.043625 21.471347 138.413524 256.000000 230.447274 25.672889 38.700316 64.000000 14.482282 30.230127 31.554785 256.000000 245.833085 10.372089 99.610429 0.000000 14.619963 10.666113 93.862015 256.000000 213.667446
185.595218 68.547236 0.000000 25.526851 182.730076 67.714244 256.000000 194.689030 24.132382 176.895027 64.000000 33.404765 21.194095 174.309673 256.000000 219.376890 115.898905 141.016955 0.000000 15.273946 115.587024 139.910907 256.000000 239.869793 140.836731 74.120040 64.000000 32.677639 138.662240 74.737816 256.000000 219.075713
34.218727 67.049482 64.000000 22.411827 32.220713 52.927222 256.000000 233.394500 13.324131 58.957018 64.000000 32.888463 3.053933 54.555411 256.000000 225.206804 5.911460 199.200055 64.000000 20.118584 9.231800 199.166485 256.000000 228.825224 32.430438 5.650187 64.000000 9.431124 25.335587 2.515089 256.000000 249.133118
39.350029 84.671098 0.000000 23.577810 38.806664 69.937787 256.000000 242.464212 65.462491 119.861738 64.000000 13.002215 68.523924 117.247624 256.000000 240.179574 181.193525 85.773851 64.000000 9.521477 184.777184 82.159216 256.000000 238.058432 53.509220 93.366769 64.000000 12.658014 52.992551 92.115531 256.000000 235.743676
146.022342 65.184469 64.000000 32.273203 137.681942 61.783749 256.000000 214.988319 53.833235 131.236007 0.000000 11.763090 57.473884 132.427791 256.000000 250.488412 86.855347 117.892760 64.000000 14.172501 85.076131 118.514053 256.000000 234.332449 163.437736 127.803005 0.000000 12.434283 162.399393 122.902498 256.000000 234.293727
59.812391 80.055664 64.000000 16.069912 56.701885 77.541724 256.000000 249.576278 78.265722 62.911685 0.000000 27.269372 72.669253 66.207731 256.000000 227.211779 58.373785 77.497036 0.000000 20.828499 53.697153 80.490620 256.000000 244.538027 8.714680 23.891709 0.000000 70.135379 16.421069 25.945640 256.000000 192.266711
11.118744 72.995644 64.000000 21.443760 11.578755 75.608025 256.000000 241.573590 80.353758 53.508256 0.000000 17.326248 78.369678 45.292502 256.000000 234.440012 41.414605 50.706958 64.000000 14.916837 35.294895 48.668585 256.000000 242.279204 31.660936 36.500387 0.000000 19.739962 41.366436 20.282347 256.000000 241.466027
150.369575 122.179767 64.000000 10.377678 152.552218 121.064765 256.000000 249.658026 25.675795 61.913976 64.000000 9.456939 29.558096 61.259249 256.000000 244.968279 78.666462 203.862282 0.000000 18.294315 73.664729 207.155945 256.000000 217.664487 38.120913 44.102691 64.000000 23.431524 29.927740 42.458340 256.000000 223.623477
60.653371 57.813364 0.000000 11.100502 67.828415 55.356360 256.000000 237.856213 57.912033 139.387105 0.000000 21.448062 67.389184 129.254851 256.000000 229.918064 0.126284 78.851011 0.000000 17.653240 5.340129 78.475291 256.000000 252.820378 139.658076 88.439284 64.000000 58.677768 137.926760 90.201202 256.000000 201.366541
180.081069 10.016422 0.000000 10.807930 180.960084 5.652020 256.000000 255.036176 30.347891 39.125967 64.000000 14.551123 23.225496 46.690949 256.000000 227.379577 43.123520 194.401458 64.000000 42.220629 51.298576 181.461762 256.000000 218.421730 87.966331 128.340711 64.000000 18.900970 76.491693 135.948353 256.000000 230.791475
47.192353 84.051324 64.000000 22.743121 42.675522 79.665087 256.000000 240.050498 131.104744 147.444176 64.000000 24.365171 128.429340 147.548987 256.000000 204.275045 35.461485 74.628578 64.000000 20.518718 38.604484 64.038153 256.000000 243.057960 41.942809 94.164776 0.000000 18.130819 12.363785 97.294225 256.000000 250.677723
136.951713 124.568604 0.000000 11.547964 145.408365 117.690829 256.000000 253.439941 183.018813 42.272142 64.000000 36.145471 181.357131 41.649071 256.000000 226.011376 21.791989 75.227451 0.000000 15.566517 26.627236 78.584315 256.000000 245.712615 36.919415 113.141022 64.000000 33.822110 47.836253 85.006742 256.000000 233.372987
70.351082 23.945053 64.000000 60.329935 66.278331 28.147976 256.000000 208.254876 44.179345 103.693007 0.000000 12.589174 43.950387 101.742444 256.000000 223.034032 28.310162 230.440775 0.000000 45.744393 29.945107 225.035724 256.000000 218.559411 149.456396 4.524131 64.000000 37.746008 141.562658 24.179962 256.000000 228.450904
93.356744 85.838062 64.000000 15.742921 91.269049 87.936707 256.000000 225.503678 37.005765 21.943620 64.000000 13.230249 36.310262 23.348309 256.000000 237.770163 58.202858 46.666562 64.000000 11.023056 56.071733 45.895847 256.000000 250.122698 161.774140 76.356115 64.000000 14.525308 160.938340 79.269695 256.000000 245.101657
70.389482 188.853487 0.000000 19.412970 69.231745 188.717593 256.000000 245.596447 45.418075 12.638735 64.000000 19.421575 41.598425 13.417487 256.000000 232.753424 86.054456 21.124729 64.000000 39.690747 54.594147 39.677087 256.000000 218.361495 73.997307 120.758804 0.000000 10.330351 74.055360 117.998982 256.000000 224.070939
