59.264524 137.895904 64.000000 8.605040 59.049818 137.394698 320.000000 259.390326 73.907073 85.199971 64.000000 9.676367 83.206198 82.148160 256.000000 250.832613 26.067302 148.799291 0.000000 28.603153 30.220965 146.584818 256.000000 232.959945 146.542284 144.357918 64.000000 18.354550 146.778833 143.178253 256.000000 246.074026
18.076787 31.939278 64.000000 26.490616 17.616893 35.631551 256.000000 250.664815 64.019231 151.090075 0.000000 35.448462 61.520258 145.173715 256.000000 222.268183 129.428209 87.131980 64.000000 13.311997 130.015309 85.546900 256.000000 239.060919 23.230136 222.937356 0.000000 9.314956 26.485918 226.674858 256.000000 260.698292
106.164738 20.007655 0.000000 9.624737 202.340300 30.829687 256.000000 241.225086 68.401271 95.283536 64.000000 10.885376 66.842531 96.287007 256.000000 231.548719 53.833235 131.236007 0.000000 11.763090 57.473884 132.427791 256.000000 250.488412 88.618120 25.502664 64.000000 24.119927 85.280796 23.907898 256.000000 221.825024
122.533220 122.046825 0.000000 11.371560 124.117011 117.390629 256.000000 233.695676 14.654011 82.802125 0.000000 17.545677 15.830796 77.265029 256.000000 254.119739 63.304462 2.971869 0.000000 18.573979 63.876173 5.497211 256.000000 237.546432 19.252420 134.098738 64.000000 15.545005 8.807758 139.724531 256.000000 241.534868
207.341722 47.929733 64.000000 29.579825 227.884289 22.640351 256.000000 225.292855 131.240740 83.606082 0.000000 21.086651 129.436236 84.686356 256.000000 240.695876 178.741449 95.182478 0.000000 17.050887 182.950575 86.786691 256.000000 239.224415 3.339758 91.587507 0.000000 30.362884 6.940165 88.311733 256.000000 244.908043
159.655249 45.624331 64.000000 17.941508 158.225095 45.414704 256.000000 238.643574 135.740096 67.877742 0.000000 19.963693 132.309369 68.482191 256.000000 235.145626 173.890985 37.565131 64.000000 12.877442 180.354458 20.076735 256.000000 249.485925 106.293267 73.439235 64.000000 16.969139 104.143700 71.778035 256.000000 235.941592
2.795878 91.286278 0.000000 12.369745 2.705380 84.749860 256.000000 236.100785 62.175969 122.179042 0.000000 8.751326 66.542633 136.104905 256.000000 234.026970 68.211758 90.391825 0.000000 20.763962 63.515220 114.711944 256.000000 246.568816 26.462947 72.630391 0.000000 19.813105 25.329373 66.076705 256.000000 216.623277
87.583602 49.363693 64.000000 15.622450 89.041685 53.979516 256.000000 236.952684 156.140636 97.274996 0.000000 24.709372 154.839058 99.725629 256.000000 228.446602 143.637673 176.206000 64.000000 16.470047 143.462527 179.996942 256.000000 238.579037 67.382816 48.964689 64.000000 26.671321 65.172365 53.092329 256.000000 231.454063
19.063405 82.194638 0.000000 12.098686 18.735064 80.002362 256.000000 253.977756 31.076109 68.769667 0.000000 13.492703 27.947725 70.860773 256.000000 248.857757 33.506224 54.487496 0.000000 11.827627 26.313100 52.038780 256.000000 248.634026 159.622700 40.634956 64.000000 19.623794 159.394805 40.847284 256.000000 248.999740
34.105015 226.791178 0.000000 10.394888 24.707860 234.605787 256.000000 237.309793 56.567838 196.509396 0.000000 55.760659 55.231724 194.388965 256.000000 199.731583 67.439509 115.580562 0.000000 12.649409 67.551038 111.647540 256.000000 220.258906 78.845967 25.296516 64.000000 11.362955 79.713209 26.011787 256.000000 232.163979
14.784453 182.812158 0.000000 66.559984 19.165618 175.499438 256.000000 178.270614 118.763305 108.955202 64.000000 38.443016 104.512107 107.952105 256.000000 203.608154 5.028629 103.858620 0.000000 20.475693 9.703865 102.446484 256.000000 240.519473 25.753415 139.159595 64.000000 14.477980 30.207600 141.713682 256.000000 239.237322
50.114744 29.301131 0.000000 22.588230 45.057295 26.449707 256.000000 244.150800 120.163547 187.166982 0.000000 15.282551 129.337400 184.592896 256.000000 234.947710 109.172162 159.792815 64.000000 8.609343 129.238095 166.355227 256.000000 238.768347 79.343991 159.104931 0.000000 30.560800 75.940213 154.874567 256.000000 237.882028
77.421467 108.178056 0.000000 28.607455 88.259784 89.769565 256.000000 237.524919 10.972191 26.816889 64.000000 22.459154 13.603804 27.367676 256.000000 222.384351 149.345276 98.645715 0.000000 23.323961 149.706871 94.562565 256.000000 247.726194 94.434027 171.674604 0.000000 36.210008 62.868331 154.969798 256.000000 215.960689
178.116747 60.423824 64.000000 8.768536 178.867496 59.178478 256.000000 253.405520 45.458933 138.201802 64.000000 60.080389 45.562527 137.298789 256.000000 200.247886 107.868685 160.927658 64.000000 40.904058 102.078180 158.922391 256.000000 225.030401 21.047604 93.199838 0.000000 16.530282 20.598718 86.734373 256.000000 250.367941
134.561378 92.812820 64.000000 8.613645 139.149138 97.960269 256.000000 275.778624 18.009453 152.442015 64.000000 25.582784 16.157931 149.460231 256.000000 231.845593 25.439902 85.267993 64.000000 9.254721 26.206829 87.478611 256.000000 242.261994 122.039611 64.502769 64.000000 16.547492 123.434231 67.466018 256.000000 240.657154
111.019258 9.637267 64.000000 11.393073 116.446024 11.836171 256.000000 241.732784 58.760845 98.979018 64.000000 32.255992 45.742220 90.178942 256.000000 231.157190 12.074464 143.144422 0.000000 16.013979 7.312744 141.304293 256.000000 224.307578 10.870955 149.726604 64.000000 14.572635 7.486042 149.378356 256.000000 240.863675
63.032120 138.717289 0.000000 18.935391 54.930244 147.083993 256.000000 244.809085 124.957071 87.539965 64.000000 42.728326 120.507084 89.963536 256.000000 221.205461 25.288271 88.044671 64.000000 43.300561 32.465227 79.979704 256.000000 206.684456 30.973882 5.381245 0.000000 15.781643 35.100095 4.878649 256.000000 237.043037
61.741060 151.034124 0.000000 33.688732 63.958778 142.013827 256.000000 227.418300 79.494387 115.163153 64.000000 18.789105 75.601215 116.406633 256.000000 220.706368 48.235713 18.860096 64.000000 21.689003 48.195111 21.396524 256.000000 250.195841 84.919511 59.400660 0.000000 10.747695 93.667787 60.232098 256.000000 225.344485
41.570502 42.362024 0.000000 26.959590 18.637422 53.948271 256.000000 223.679410 9.109938 103.188656 64.000000 59.615717 13.151340 101.263549 256.000000 182.327890 180.657716 95.593322 0.000000 60.820423 186.636842 97.896493 256.000000 178.124328 38.254004 38.731680 0.000000 10.308838 31.402918 33.975369 256.000000 253.642159
117.919722 159.897760 0.000000 27.359725 138.322982 138.570109 256.000000 226.592216 41.393347 160.618440 0.000000 29.984262 44.174309 155.624511 256.000000 227.018165 75.065669 73.987202 64.000000 13.148501 76.383904 71.513509 256.000000 254.618831 58.616905 144.653511 0.000000 31.412699 33.791391 110.735169 256.000000 211.593631
103.123578 77.453435 64.000000 14.383324 101.734740 79.157969 256.000000 245.777152 5.356402 55.670316 64.000000 41.661301 12.051458 56.211045 256.000000 225.279947 31.552149 179.644831 0.000000 16.336668 28.310364 176.772607 256.000000 255.763301 80.531773 195.532182 64.000000 40.039251 76.005631 198.973893 256.000000 179.242983
25.741325 83.203553 0.000000 12.632199 25.503578 84.724435 256.000000 263.929484 24.752631 164.304925 0.000000 35.672193 26.991518 159.301218 256.000000 225.675779 10.891416 96.755140 0.000000 9.491359 11.330620 95.539007 256.000000 232.701794 44.405127 58.302631 64.000000 12.068569 46.370195 61.319327 256.000000 248.939505
151.442293 107.671864 64.000000 25.552666 150.375382 108.788444 256.000000 232.340383 41.282485 96.886015 64.000000 10.855258 42.372475 95.191016 256.000000 241.379977 11.262676 102.087404 0.000000 12.675224 14.866496 105.854640 256.000000 251.998596 8.732173 177.810320 0.000000 72.914806 13.220344 185.585609 256.000000 183.179789
97.946382 33.755636 64.000000 69.825597 101.721093 34.006345 256.000000 181.402848 34.252900 25.754662 0.000000 14.017610 41.080875 23.398345 256.000000 223.756855 77.762618 145.790369 64.000000 35.654983 96.157613 103.171665 256.000000 198.604323 26.818151 53.496820 0.000000 13.832602 23.386589 57.437762 256.000000 261.107031
101.721022 62.361316 0.000000 36.369202 91.529267 65.450353 256.000000 229.707240 30.904289 102.899113 0.000000 35.568933 31.413405 92.519473 256.000000 238.729625 21.991518 89.476091 0.000000 20.208936 28.650509 87.545947 256.000000 234.211979 18.961227 190.167156 0.000000 14.632871 33.268118 197.655020 256.000000 218.103344
43.698853 59.863251 0.000000 13.213039 37.904515 54.797520 256.000000 229.096282 14.217020 142.817329 0.000000 11.694249 19.934987 148.222665 256.000000 233.682769 124.552331 18.643693 0.000000 15.699895 125.816549 21.362898 256.000000 242.773994 130.924116 96.402669 0.000000 21.465272 129.605998 96.426053 256.000000 249.150328
1.541593 120.054835 0.000000 8.897611 1.001002 119.057424 256.000000 249.059975 110.403438 120.472965 64.000000 18.070584 109.402216 125.930116 256.000000 220.667646 68.027591 77.811578 64.000000 16.323761 65.143104 76.330189 256.000000 247.889690 51.189600 88.129040 0.000000 9.654855 55.022227 94.940976 256.000000 255.315839
149.456396 4.524131 64.000000 37.746008 141.562658 24.179962 256.000000 228.450904 7.657787 146.166144 0.000000 26.520733 5.554765 142.049376 256.000000 237.232348 29.616918 21.785802 64.000000 24.773910 25.552400 22.861838 256.000000 243.612985 106.352396 19.300249 0.000000 13.802484 105.529300 19.672107 256.000000 249.571975
81.242320 48.158545 64.000000 17.132635 79.009900 47.323480 256.000000 239.878398 42.434689 107.855144 64.000000 11.801812 45.300769 108.390224 256.000000 252.674092 110.728531 118.487585 64.000000 65.062707 108.628373 114.099815 256.000000 201.727953 24.094909 156.069013 0.000000 18.595491 13.543698 147.584393 256.000000 234.637928
153.561538 171.973191 0.000000 36.442344 151.285382 168.335444 256.000000 217.135277 188.464609 103.781004 64.000000 16.930416 187.818336 104.734460 256.000000 240.687271 2.806311 105.646904 64.000000 32.432396 9.371475 102.622509 256.000000 228.945694 7.889013 47.134002 64.000000 10.046384 7.561920 48.560191 256.000000 249.464412
22.728935 7.438796 64.000000 14.490887 17.331062 7.132329 256.000000 238.256348 142.379885 118.598629 0.000000 22.028902 139.141715 119.957005 320.000000 223.206133 62.555984 214.410405 64.000000 19.735659 60.756411 214.733724 256.000000 251.232748 114.831311 200.624005 0.000000 31.059892 115.769215 192.039764 256.000000 225.383208
135.751795 60.646900 64.000000 13.518518 135.577196 58.976056 256.000000 261.786829 26.141271 48.385215 64.000000 23.100230 44.437356 37.610942 256.000000 236.341726 79.901436 106.024035 0.000000 15.299761 85.631133 102.335940 256.000000 237.150600 19.205027 211.750049 64.000000 44.802141 15.435109 203.913884 256.000000 199.271214
