84.997438 7.137920 0.000000 37.363084 88.223882 13.056756 256.000000 220.159948 16.173502 114.324422 64.000000 34.471790 14.021638 107.167040 256.000000 225.989863 50.267040 9.643025 0.000000 20.699424 63.765180 8.912740 256.000000 240.222599 15.319420 101.852258 64.000000 42.926242 31.404909 73.934305 256.000000 217.204117
124.178229 198.738962 0.000000 24.438314 126.459202 193.708084 256.000000 248.900782 153.207136 13.822047 64.000000 18.875155 152.823493 13.408478 256.000000 236.126600 146.594469 184.003395 0.000000 25.776397 144.065484 184.331687 256.000000 233.403105 110.884967 134.383600 64.000000 25.957103 103.539127 142.088709 256.000000 229.896551
47.737896 179.992589 64.000000 26.288397 52.527415 178.588125 256.000000 236.926869 162.430935 5.023344 0.000000 52.378878 160.999302 7.583491 256.000000 201.086877 173.985500 141.017144 0.000000 10.657342 180.057058 136.199664 256.000000 241.861859 18.076787 31.939278 64.000000 26.490616 17.616893 35.631551 256.000000 250.664815
3.050340 42.109927 0.000000 64.572220 9.617251 45.424149 256.000000 182.775352 31.998435 92.826351 64.000000 16.388299 18.975876 89.892718 256.000000 242.533052 49.783260 208.878400 64.000000 30.685573 50.685013 206.853967 256.000000 224.440956 25.561853 129.749089 64.000000 17.377878 31.072649 127.752660 256.000000 225.082031
37.128682 209.947736 64.000000 42.637973 40.818209 200.328075 256.000000 224.875510 160.181080 40.569622 0.000000 13.355022 161.485309 42.465498 256.000000 225.688687 97.272409 215.068975 64.000000 38.628025 102.957489 200.669338 256.000000 217.161092 14.482218 67.183765 64.000000 47.650409 15.189240 61.694305 256.000000 224.036519
100.920725 116.924640 64.000000 12.279392 110.426282 128.914495 256.000000 251.052042 41.088935 22.458271 64.000000 24.292028 38.248191 24.667556 256.000000 231.690702 75.568415 138.576705 64.000000 26.770279 79.276976 134.921578 256.000000 243.466699 45.458933 138.201802 64.000000 60.080389 45.562527 137.298789 256.000000 200.247886
15.537536 151.938358 0.000000 12.223459 12.329438 151.787907 256.000000 233.403105 177.832591 120.504453 0.000000 13.092568 176.914733 128.518749 256.000000 235.322029 87.384409 35.407878 0.000000 12.128804 89.055658 36.643133 256.000000 234.827239 32.105822 101.001431 0.000000 43.524292 36.515749 70.466213 256.000000 223.563242
68.211758 90.391825 0.000000 20.763962 63.515220 114.711944 256.000000 246.568816 142.760336 74.112133 64.000000 34.665404 80.735189 211.378449 256.000000 251.241353 26.512969 107.131907 64.000000 16.715290 29.340222 104.404925 256.000000 245.850295 70.799038 75.032696 64.000000 9.930216 69.181987 74.833878 256.000000 245.002699
176.284393 112.187231 0.000000 9.383796 177.389271 111.464811 256.000000 240.949725 100.707513 154.660242 0.000000 37.556697 99.041516 149.591811 256.000000 237.000012 21.047604 93.199838 0.000000 16.530282 20.598718 86.734373 256.000000 250.367941 62.909633 97.187435 64.000000 27.665204 58.158573 84.806785 256.000000 225.667174
27.857740 83.771762 64.000000 82.165224 33.385389 87.815365 256.000000 194.671820 56.003727 88.560378 0.000000 17.519861 60.262858 95.827624 256.000000 248.393085 124.053538 53.369256 0.000000 48.472190 125.107080 52.732958 256.000000 220.525663 97.726187 48.260627 0.000000 21.620163 111.064000 58.825716 256.000000 231.901525
82.763475 121.662993 64.000000 43.971754 79.117640 119.301962 256.000000 208.229060 169.166065 43.027625 64.000000 23.745608 166.498491 39.978662 256.000000 220.263209 45.930360 179.535455 0.000000 9.508569 43.202429 180.051138 256.000000 264.170425 27.924545 199.728842 64.000000 12.507426 37.471269 208.744664 256.000000 243.754968
72.238771 101.133478 64.000000 14.404837 75.927527 98.108040 256.000000 52.477836 73.360764 53.173465 64.000000 15.902114 74.362509 53.423875 256.000000 225.069124 9.396180 188.165758 0.000000 11.156434 14.872656 194.839600 256.000000 230.249358 93.490675 78.416520 0.000000 14.456467 104.487905 67.863205 256.000000 253.590529
91.301173 86.562120 64.000000 26.925170 12.670382 85.198067 256.000000 218.172184 46.312676 99.113305 0.000000 10.356166 49.729480 98.056218 256.000000 253.766932 105.388869 114.415595 64.000000 12.744064 104.406769 118.127204 256.000000 247.003371 11.251509 98.851951 64.000000 22.747423 12.914169 100.737233 256.000000 248.948110
138.203596 158.412851 64.000000 36.524092 135.302318 156.882522 256.000000 208.543144 15.931602 131.644269 64.000000 11.513544 13.473002 131.712433 256.000000 231.738030 96.176180 211.030749 64.000000 22.037507 95.305153 209.990640 256.000000 241.100313 134.561378 92.812820 64.000000 8.613645 139.149138 97.960269 256.000000 275.778624
79.680093 111.185675 64.000000 29.119455 81.814385 103.563220 256.000000 218.830470 101.137956 31.597565 64.000000 17.390786 100.454415 32.649235 256.000000 242.778296 124.696375 37.843847 64.000000 39.944596 149.004498 191.801185 256.000000 230.331106 50.661320 13.343282 0.000000 94.427406 50.759442 17.372767 256.000000 154.550821
7.665985 166.410100 64.000000 18.991323 6.955175 165.139015 256.000000 243.918464 8.238425 154.979611 0.000000 8.622250 3.976993 155.641309 256.000000 247.928412 155.426913 160.143784 64.000000 11.978216 155.783631 159.557398 256.000000 256.180646 163.169618 162.807631 0.000000 24.511456 154.146571 178.700358 256.000000 211.757127
110.987427 86.211798 0.000000 27.979288 107.569058 73.634915 256.000000 231.953156 172.155673 106.013233 64.000000 31.731085 166.980262 108.404240 256.000000 209.562842 16.590156 27.671845 64.000000 13.243157 9.357991 26.881149 256.000000 249.421387 26.881496 170.209958 64.000000 18.668634 27.413098 167.638395 256.000000 233.734399
52.965127 133.767973 64.000000 38.348361 45.092216 125.377133 256.000000 223.236250 130.329238 148.849509 0.000000 15.261038 130.940582 141.934791 256.000000 232.314567 27.117231 199.187736 0.000000 23.504667 33.596487 198.629398 256.000000 243.471002 111.350638 94.720345 64.000000 36.962949 104.243275 98.867615 256.000000 226.691174
122.023353 179.761607 0.000000 21.099558 122.151736 177.342455 256.000000 227.607611 151.245767 158.374260 64.000000 23.039995 151.359020 157.521287 256.000000 239.529893 66.597295 134.649422 64.000000 56.500693 65.737627 131.738945 256.000000 209.085262 81.137104 97.780907 0.000000 9.504267 88.928820 94.092995 256.000000 255.238394
66.513080 33.341609 0.000000 27.157506 60.694647 37.995367 256.000000 245.312480 32.866305 33.283258 64.000000 18.909575 31.789291 34.250825 256.000000 233.187979 31.311664 3.335707 64.000000 13.342115 35.148936 1.302473 256.000000 263.679938 29.529542 16.034480 64.000000 9.413914 27.816971 16.065698 256.000000 243.019237
48.067818 140.240185 0.000000 21.000600 47.820120 137.225095 256.000000 219.647949 3.605233 89.829051 0.000000 19.606584 1.326402 77.063624 256.000000 229.294198 166.705898 36.838571 64.000000 36.915622 166.252258 34.583029 256.000000 225.322972 62.898238 61.292500 64.000000 34.622378 59.497456 64.661307 256.000000 220.413797
77.772633 95.398865 64.000000 9.715090 82.387287 93.358367 256.000000 242.881557 24.212991 100.730153 64.000000 9.401006 28.501140 101.350276 256.000000 256.761486 60.896091 222.667844 0.000000 10.859560 67.294905 225.239976 256.000000 233.394500 13.097144 69.428396 0.000000 15.157778 16.155373 66.858851 256.000000 219.777024
135.227167 25.662985 0.000000 39.522949 116.947284 35.087853 256.000000 216.309193 57.912033 139.387105 0.000000 21.448062 67.389184 129.254851 256.000000 229.918064 172.896900 89.484569 64.000000 13.570148 175.293160 83.119973 320.000000 234.771306 27.221782 46.299796 0.000000 10.485241 25.805585 46.842780 256.000000 238.325188
124.382680 104.121811 64.000000 34.846109 120.939525 98.889824 256.000000 207.312624 82.192055 221.843425 64.000000 15.609543 84.863675 220.734840 256.000000 238.587642 24.682531 141.253156 64.000000 42.100158 26.303105 137.965091 256.000000 209.136892 34.799767 138.618947 0.000000 22.639860 52.441535 132.254211 256.000000 232.994366
96.000478 152.877460 0.000000 9.538687 109.635931 205.049907 256.000000 246.865690 46.631578 21.601269 64.000000 31.761203 45.127693 31.239198 256.000000 226.609426 64.225620 141.162820 64.000000 22.446247 61.346093 138.701193 256.000000 221.704553 73.320389 15.663595 64.000000 10.016267 74.424591 16.025498 256.000000 241.096011
154.141022 74.239222 64.000000 82.974098 163.877820 79.589105 256.000000 183.055016 36.333775 108.164769 0.000000 13.015123 41.984209 110.498958 256.000000 221.708856 84.155249 37.458182 0.000000 30.569405 85.198633 42.290051 256.000000 243.526935 102.185115 137.966235 0.000000 20.419760 103.455755 133.771395 256.000000 234.233491
38.254004 38.731680 0.000000 10.308838 31.402918 33.975369 256.000000 253.642159 131.540971 86.441609 0.000000 44.178275 109.987515 85.328582 256.000000 214.145025 107.323982 203.313895 0.000000 37.130748 102.943307 196.974353 256.000000 215.401361 121.646745 71.362347 64.000000 14.318787 121.262891 71.133645 256.000000 240.433423
23.642853 40.564773 64.000000 11.483426 20.955455 24.413289 256.000000 227.039678 82.590565 68.732560 0.000000 8.936334 82.512684 70.822567 256.000000 247.528278 114.810940 161.103371 0.000000 51.070912 114.397065 164.275742 256.000000 187.452191 20.139365 137.626516 0.000000 18.548164 15.051198 135.749776 256.000000 234.732584
33.375735 146.919649 64.000000 21.181306 32.973700 145.102915 256.000000 225.335880 165.479765 29.813153 0.000000 8.914821 166.030249 26.809551 256.000000 231.716517 55.828980 34.006345 0.000000 11.986821 59.985369 35.944773 256.000000 238.927541 24.769756 43.084249 64.000000 9.435426 28.619367 42.210684 256.000000 239.000683
121.760667 161.875527 0.000000 15.398719 121.404045 161.797715 256.000000 239.189994 48.995018 130.763958 64.000000 36.145471 40.533971 116.351689 256.000000 212.389597 132.611718 39.715607 0.000000 26.886447 123.742133 25.307864 256.000000 246.814060 118.763305 108.955202 64.000000 38.443016 104.512107 107.952105 256.000000 203.608154
48.951427 50.545458 64.000000 11.074686 48.197462 52.050542 256.000000 236.328819 52.999216 60.084933 64.000000 14.568333 56.043005 49.738511 256.000000 272.728138 180.808287 125.784229 64.000000 9.732300 182.452813 125.332305 256.000000 253.624949 87.349344 199.347393 64.000000 14.353207 84.865456 200.911107 256.000000 226.803039
69.572307 135.447705 64.000000 16.160265 88.086982 124.405600 256.000000 229.272686 38.824896 37.357022 64.000000 9.947426 42.073756 36.990547 256.000000 246.241825 9.379298 173.432851 0.000000 13.527123 12.155849 177.451769 256.000000 257.023940 136.248000 144.723802 0.000000 13.746551 134.835607 145.342985 256.000000 217.152487
