173.068765 58.004120 0.000000 72.454437 169.674589 56.385384 256.000000 211.774337 136.951713 124.568604 0.000000 11.547964 145.408365 117.690829 256.000000 253.439941 155.531627 134.972767 0.000000 36.825269 148.151100 134.853240 256.000000 215.569160 154.653144 98.069504 0.000000 27.239254 145.645758 96.071140 256.000000 218.473361
40.556811 37.664125 64.000000 23.827356 45.506375 39.457124 256.000000 234.633626 60.288956 46.268758 64.000000 27.579153 96.437015 52.291064 256.000000 227.358064 63.314353 129.041467 64.000000 33.921068 71.427120 130.157224 256.000000 211.258035 112.191342 2.475749 64.000000 30.612430 108.917809 4.734758 256.000000 214.304219
92.294133 17.688755 0.000000 67.188152 92.158975 11.076227 256.000000 172.552565 33.310655 104.446411 0.000000 25.113809 48.469173 96.168082 256.000000 227.745291 149.990075 73.149047 64.000000 23.311053 151.287745 78.148645 256.000000 247.627236 31.466451 111.848115 64.000000 14.047728 33.644885 110.475518 256.000000 246.323573
107.357842 164.456444 0.000000 16.409811 111.253740 163.561815 256.000000 224.841090 131.104744 147.444176 64.000000 24.365171 128.429340 147.548987 256.000000 204.275045 5.676447 16.418711 0.000000 20.944667 16.208029 15.957409 256.000000 230.757055 49.935911 89.968020 64.000000 18.857945 42.513369 88.536138 256.000000 251.064950
142.348431 126.465167 64.000000 24.094112 141.456529 124.016318 256.000000 242.214666 163.349582 68.993985 0.000000 23.616532 163.795302 72.958098 256.000000 230.787173 49.139158 156.175842 0.000000 25.797910 53.660927 151.327691 256.000000 237.834701 73.226153 125.661675 64.000000 17.373576 97.698358 126.813696 256.000000 252.041622
94.214467 218.486658 64.000000 10.855258 92.502009 219.813825 256.000000 243.049355 68.321127 94.754893 0.000000 10.386283 65.276951 96.803535 256.000000 238.006801 38.592873 59.130573 0.000000 8.729813 35.708171 60.596033 256.000000 276.837044 15.157573 170.446331 64.000000 24.507154 14.758825 168.579733 256.000000 229.031745
89.934624 78.981365 64.000000 32.333438 66.696462 86.533065 256.000000 229.083375 41.657442 37.392520 64.000000 21.947155 42.290584 41.641018 256.000000 236.888146 7.181407 91.196636 64.000000 72.157563 5.112496 89.648982 256.000000 178.120025 83.130796 132.505002 64.000000 47.379350 184.208982 80.882924 256.000000 228.339039
57.436098 138.651549 0.000000 36.481067 63.257880 131.053529 256.000000 212.036791 76.191195 98.129945 0.000000 13.316299 82.417433 92.809682 256.000000 230.189123 36.652802 95.104833 64.000000 9.792536 41.236985 95.820011 256.000000 240.442028 120.131300 95.922253 64.000000 22.756028 119.344667 94.481144 256.000000 228.369157
144.215498 19.641382 0.000000 10.063594 139.672693 12.737285 256.000000 230.115980 76.838942 181.165769 64.000000 18.483626 75.656056 180.336693 256.000000 235.347844 30.594424 117.150195 64.000000 42.267956 30.510105 123.355755 256.000000 208.069867 102.085140 169.934447 64.000000 28.142783 98.116220 169.883702 256.000000 240.201087
52.915431 59.181100 0.000000 9.844166 51.823020 62.176018 256.000000 240.902397 88.109875 36.412302 0.000000 52.877971 89.813898 26.285031 256.000000 204.799952 97.939984 163.197009 64.000000 9.947426 100.180824 162.525302 256.000000 228.106703 29.669936 126.116858 64.000000 18.044769 33.509651 126.609618 256.000000 231.316383
133.685800 147.539351 0.000000 22.011692 131.633365 148.516713 256.000000 251.323101 6.051564 142.714784 64.000000 17.971626 10.664324 144.332764 256.000000 234.934802 41.631918 93.208747 0.000000 29.265741 31.009296 90.580989 256.000000 225.989863 110.980307 39.017276 64.000000 29.450749 110.314520 40.880665 256.000000 255.100713
77.421467 108.178056 0.000000 28.607455 88.259784 89.769565 256.000000 237.524919 114.181805 87.695629 64.000000 9.792536 114.121525 88.979365 256.000000 246.259035 31.550964 69.746355 0.000000 12.120199 31.537958 75.051489 256.000000 228.050770 114.910576 61.105809 0.000000 30.608127 111.520813 63.836645 256.000000 216.365126
135.227167 25.662985 0.000000 39.522949 116.947284 35.087853 256.000000 216.309193 25.400269 132.593807 64.000000 13.092568 24.035295 130.919633 256.000000 255.539570 124.382680 104.121811 64.000000 34.846109 120.939525 98.889824 256.000000 207.312624 39.802667 160.423693 64.000000 23.934919 24.487031 157.056038 256.000000 230.662400
110.149944 84.583931 0.000000 16.254921 116.037622 75.123989 256.000000 254.571503 66.747329 138.622520 64.000000 40.125302 73.366047 150.043260 256.000000 212.991950 73.244876 91.695735 64.000000 12.675224 77.167969 92.537776 256.000000 252.131975 185.862455 76.177904 64.000000 18.135122 184.838684 75.613564 256.000000 225.817762
139.347180 137.527115 64.000000 28.663388 145.918738 119.289540 256.000000 240.269927 86.121393 14.505578 0.000000 15.192198 83.573505 7.712885 256.000000 236.117995 25.823909 87.685482 0.000000 12.176132 29.892762 87.371789 256.000000 223.141595 65.103224 44.182833 64.000000 9.865678 64.819998 40.162247 256.000000 247.769219
70.675113 96.419605 0.000000 11.074686 72.369653 104.238335 256.000000 242.270599 78.454029 50.187958 64.000000 22.213911 78.492311 56.937940 256.000000 227.973325 141.277691 73.545915 0.000000 17.020769 143.946927 69.409100 256.000000 229.337224 62.880427 109.382278 0.000000 13.742249 60.393487 109.305824 256.000000 240.769019
136.011031 194.102156 0.000000 12.374048 140.654218 192.332324 256.000000 252.420243 30.214258 168.062596 64.000000 19.425878 33.672060 165.910695 256.000000 231.596047 70.551589 97.984116 0.000000 10.476636 68.978185 100.345242 256.000000 254.644646 75.342238 149.479293 64.000000 11.165039 76.686276 148.235775 256.000000 234.491643
100.545325 54.909860 0.000000 53.768592 98.397525 57.010196 256.000000 199.697163 180.081069 10.016422 0.000000 10.807930 180.960084 5.652020 256.000000 255.036176 69.932511 41.632251 64.000000 18.298618 73.251469 45.407082 256.000000 240.300045 106.772913 145.713851 64.000000 18.290013 104.826844 145.252331 256.000000 237.172112
33.074387 133.408133 0.000000 57.985062 37.764327 133.033509 256.000000 194.904156 16.411013 69.167498 0.000000 32.187152 39.747429 69.893911 256.000000 229.363039 83.095093 53.948709 64.000000 16.685173 84.520042 45.816391 256.000000 217.242840 42.240029 49.924167 0.000000 16.728198 37.013631 51.955882 256.000000 225.116451
13.553318 51.330640 64.000000 12.034148 10.946902 50.512678 256.000000 240.631339 61.189087 59.670809 0.000000 20.944667 89.657305 53.948840 256.000000 240.278532 172.437149 31.840602 64.000000 26.464801 166.798153 26.700680 256.000000 224.363510 60.049407 67.957269 64.000000 19.739962 61.863324 76.049518 256.000000 222.917864
41.298895 70.664705 0.000000 12.683829 39.700147 65.054145 256.000000 259.076242 57.415845 152.323236 0.000000 29.967052 57.303964 145.593122 256.000000 213.594303 38.785744 0.852631 0.000000 23.263726 43.076189 3.907884 256.000000 229.926669 106.414075 104.362025 0.000000 24.705070 103.753538 109.786471 256.000000 246.900110
124.564520 70.362989 64.000000 19.464600 123.012136 70.618020 256.000000 239.951540 8.380000 40.071644 64.000000 10.123830 3.380902 40.818485 256.000000 248.715774 0.947956 2.850824 0.000000 30.311253 4.612867 8.332322 256.000000 224.621662 77.604131 78.768571 64.000000 22.738818 73.498882 85.034535 256.000000 244.357321
54.435540 127.818967 64.000000 13.484098 57.695185 126.590025 256.000000 239.159877 2.952198 191.266567 64.000000 9.878586 9.291698 206.502578 256.000000 242.313624 151.391944 36.772813 0.000000 16.048400 151.930191 41.185549 256.000000 243.514027 120.566702 171.174675 0.000000 38.077302 119.743285 169.171515 256.000000 230.214938
107.455458 168.466191 64.000000 10.850955 107.225638 168.654633 256.000000 241.220784 40.268573 12.557689 0.000000 21.047928 35.430795 17.604707 256.000000 232.736214 17.550233 91.741271 64.000000 14.516702 16.074480 97.997413 256.000000 251.835101 28.361702 143.574813 0.000000 10.042082 32.654680 146.927524 256.000000 251.396244
86.915593 157.158807 64.000000 15.071728 84.865016 159.174618 256.000000 236.044852 114.910947 89.062380 64.000000 11.436098 117.663478 85.707142 256.000000 257.630595 73.251589 125.913316 0.000000 11.294115 73.610251 122.204698 256.000000 249.705353 161.316227 38.948985 64.000000 34.523420 161.523695 43.058760 256.000000 217.810772
94.148907 87.847555 64.000000 20.097071 93.539762 83.335596 256.000000 251.934059 178.709524 67.317640 64.000000 8.747023 181.062636 70.021960 256.000000 238.574734 77.263780 164.090958 64.000000 12.524636 70.943175 169.606653 256.000000 236.259978 111.492527 199.537553 0.000000 80.999242 112.847309 197.111404 256.000000 170.711086
110.884967 134.383600 64.000000 25.957103 103.539127 142.088709 256.000000 229.896551 66.403798 222.730384 0.000000 38.167655 54.441831 219.630693 256.000000 222.070267 57.211716 129.462455 64.000000 30.702783 51.195489 129.361476 256.000000 231.277660 35.751500 7.476555 64.000000 21.086651 35.085953 9.439985 256.000000 247.881085
183.212531 99.909835 0.000000 17.438114 189.160625 89.402245 256.000000 220.491242 157.543418 117.825015 64.000000 12.713947 160.341291 115.621169 256.000000 243.569960 90.623665 76.589364 0.000000 11.453308 89.523520 75.939436 256.000000 253.530294 77.693225 143.632307 0.000000 8.901914 77.130242 142.372467 256.000000 256.335537
44.214676 38.340507 0.000000 12.008333 39.051442 34.188320 256.000000 259.364511 74.982891 190.637149 64.000000 64.025800 76.842840 192.736682 256.000000 186.415284 184.485104 22.577491 0.000000 8.729813 246.110587 47.141845 256.000000 250.858429 18.760407 124.633198 64.000000 16.452836 20.437058 125.197842 256.000000 236.311608
37.694705 131.867860 64.000000 37.651353 42.489371 128.005567 256.000000 211.434438 98.719675 17.192345 0.000000 9.207393 104.946087 19.220536 256.000000 243.354834 104.724100 156.169440 64.000000 16.650752 100.969515 159.118905 256.000000 224.780855 93.174325 147.782327 0.000000 11.066081 102.138087 147.492735 256.000000 247.115236
31.064222 113.639178 0.000000 21.366314 26.660300 112.214151 256.000000 236.776281 118.865211 28.761565 64.000000 27.299489 110.616838 27.917971 256.000000 240.562498 56.567838 196.509396 0.000000 55.760659 55.231724 194.388965 256.000000 199.731583 42.557536 19.329831 64.000000 9.740905 41.343715 19.383675 256.000000 239.241625
41.971773 31.529531 0.000000 10.523964 51.826876 20.715309 256.000000 225.030401 34.824313 65.163980 64.000000 12.021241 38.346375 66.236680 256.000000 253.091436 134.747718 55.433624 0.000000 12.219157 137.303113 59.794524 256.000000 257.751066 41.570502 42.362024 0.000000 26.959590 18.637422 53.948271 256.000000 223.679410
