68.458456 97.072009 64.000000 12.860232 76.500327 102.528635 256.000000 237.701322 75.342238 149.479293 64.000000 11.165039 76.686276 148.235775 256.000000 234.491643 87.583602 49.363693 64.000000 15.622450 89.041685 53.979516 256.000000 236.952684 165.753133 84.286129 64.000000 20.755356 164.058055 80.330836 256.000000 241.866162
49.576649 73.565502 64.000000 17.197172 46.647031 70.089664 256.000000 226.544888 111.350638 94.720345 64.000000 36.962949 104.243275 98.867615 256.000000 226.691174 48.995018 130.763958 64.000000 36.145471 40.533971 116.351689 256.000000 212.389597 157.725207 52.121871 64.000000 24.339356 156.144424 53.131524 256.000000 222.960889
11.251509 98.851951 64.000000 22.747423 12.914169 100.737233 256.000000 248.948110 92.374869 204.941980 0.000000 32.230177 96.575704 202.006015 256.000000 206.710271 121.646745 71.362347 64.000000 14.318787 121.262891 71.133645 256.000000 240.433423 39.878509 137.871575 64.000000 27.794279 44.134831 135.943985 256.000000 215.693933
55.559758 225.370135 0.000000 8.970754 57.007693 227.077245 256.000000 259.545216 58.093862 120.111551 64.000000 16.616332 57.811069 118.066047 256.000000 243.062262 101.719409 23.537553 64.000000 15.557912 100.411595 21.564780 256.000000 260.199200 76.912062 24.338924 0.000000 14.512400 72.432998 20.887469 256.000000 238.553221
2.768664 166.534965 0.000000 13.010820 2.371824 165.215427 256.000000 248.332849 66.651055 88.766507 64.000000 16.814248 64.189540 87.712175 256.000000 245.415741 16.206691 55.065833 64.000000 21.465272 8.386422 57.140327 256.000000 235.231676 37.620591 145.142318 64.000000 9.852771 39.259738 151.701467 256.000000 244.284178
115.935044 106.047860 0.000000 10.119527 114.212253 112.037613 256.000000 241.513355 107.926615 194.824993 64.000000 19.881945 110.190704 192.663433 256.000000 235.235978 89.934624 78.981365 64.000000 32.333438 66.696462 86.533065 256.000000 229.083375 48.067818 140.240185 0.000000 21.000600 47.820120 137.225095 256.000000 219.647949
18.065640 105.683287 64.000000 20.376735 16.410825 102.677824 256.000000 239.766532 86.667785 87.552242 64.000000 15.811761 85.409189 85.295095 256.000000 241.487540 62.809771 192.068735 64.000000 27.708229 62.983555 190.124918 256.000000 224.927141 108.239642 97.626555 64.000000 8.979359 108.832544 96.815222 256.000000 253.607739
36.183893 111.894235 64.000000 25.367658 31.793655 109.080153 256.000000 226.867577 118.639684 183.737096 0.000000 19.154819 115.838645 185.498747 256.000000 252.028714 133.685800 147.539351 0.000000 22.011692 131.633365 148.516713 256.000000 251.323101 16.299518 166.911809 64.000000 12.417073 20.312733 173.376262 256.000000 231.066837
15.319420 101.852258 64.000000 42.926242 31.404909 73.934305 256.000000 217.204117 88.394333 141.505998 0.000000 22.984062 86.661536 143.775362 256.000000 205.707784 49.935911 89.968020 64.000000 18.857945 42.513369 88.536138 256.000000 251.064950 173.890985 37.565131 64.000000 12.877442 180.354458 20.076735 256.000000 249.485925
35.588591 58.633684 0.000000 19.357037 39.532822 60.909033 256.000000 239.805255 27.835733 119.233418 0.000000 14.697408 18.385471 123.348791 256.000000 229.952484 35.751500 7.476555 64.000000 21.086651 35.085953 9.439985 256.000000 247.881085 2.795878 91.286278 0.000000 12.369745 2.705380 84.749860 256.000000 236.100785
36.333775 108.164769 0.000000 13.015123 41.984209 110.498958 256.000000 221.708856 162.193702 7.106515 0.000000 212.884387 162.422607 6.212891 256.000000 35.495790 152.761169 36.093205 64.000000 40.241470 145.420842 35.643447 256.000000 212.647748 102.974115 17.591987 64.000000 14.964165 100.458969 9.297940 256.000000 243.234363
94.650325 193.325262 64.000000 12.649409 86.701016 214.280115 256.000000 241.121826 84.101858 151.321804 0.000000 12.477308 84.344827 150.229436 256.000000 241.543473 168.783373 140.140029 0.000000 50.541702 161.636398 134.392633 256.000000 204.580523 107.574095 4.365413 0.000000 13.978887 107.070902 5.146773 256.000000 252.730025
69.806155 115.182895 64.000000 27.351120 69.585222 121.251102 256.000000 243.152615 56.939424 48.462965 0.000000 12.266485 67.427185 38.394342 256.000000 245.075842 130.329238 148.849509 0.000000 15.261038 130.940582 141.934791 256.000000 232.314567 30.671849 106.610867 0.000000 13.501308 37.389607 114.350785 256.000000 243.957187
6.239802 53.172285 64.000000 35.913134 124.684022 49.834662 256.000000 224.970166 49.139158 156.175842 0.000000 25.797910 53.660927 151.327691 256.000000 237.834701 12.881842 105.930407 64.000000 11.608199 8.669916 114.052153 256.000000 220.951612 11.949418 12.573405 0.000000 38.352663 10.449798 17.283447 256.000000 233.592416
29.966969 21.006307 64.000000 11.109107 29.601756 21.458960 256.000000 241.160549 31.521409 76.369736 64.000000 15.992467 33.104307 80.159671 256.000000 253.741117 11.907249 75.571945 0.000000 12.434283 4.979411 76.533891 256.000000 237.283978 102.435165 101.846835 0.000000 29.476565 106.996255 110.999675 256.000000 220.508453
62.909633 97.187435 64.000000 27.665204 58.158573 84.806785 256.000000 225.667174 22.434842 105.241729 64.000000 21.848197 16.313800 122.831256 256.000000 240.622734 98.728236 132.672549 64.000000 25.651624 103.194885 125.272420 256.000000 244.094867 71.717305 132.805616 0.000000 18.191055 71.641555 133.757524 256.000000 256.309721
100.509338 178.095718 0.000000 33.288597 100.295702 168.861435 256.000000 226.910602 72.828036 86.729785 0.000000 36.993067 74.143591 95.830815 256.000000 233.880685 19.986335 87.858624 0.000000 25.285910 34.566704 61.353236 256.000000 228.975812 110.401729 175.759833 64.000000 11.586686 109.389691 177.446720 256.000000 61.315213
74.813996 90.356696 64.000000 13.376535 73.323875 88.126531 256.000000 248.801824 156.493513 129.362487 0.000000 11.797510 157.320113 129.277773 256.000000 257.742461 79.800715 159.033807 0.000000 26.137809 76.794038 157.952244 256.000000 229.169425 26.053915 137.631820 0.000000 11.010149 30.503336 140.961449 256.000000 240.549591
164.611613 152.137153 0.000000 38.584999 159.378476 149.292578 256.000000 222.741460 142.048145 19.378118 0.000000 51.118240 138.303405 22.924809 256.000000 197.571718 46.650915 226.942393 0.000000 15.863391 51.632902 227.552911 256.000000 238.437053 10.347745 217.035631 64.000000 11.986821 12.258838 218.012185 256.000000 269.187164
84.084380 57.956956 0.000000 31.881673 57.218660 33.392400 256.000000 236.419171 169.816267 20.145122 64.000000 23.250818 169.491811 22.667358 256.000000 207.932187 106.548775 175.091702 0.000000 15.428837 107.809227 176.075142 256.000000 232.632954 49.544925 30.558664 0.000000 12.331022 49.022853 31.148525 256.000000 240.364582
64.906593 33.819460 0.000000 18.246987 59.952438 33.324735 256.000000 251.017622 62.175969 122.179042 0.000000 8.751326 66.542633 136.104905 256.000000 234.026970 109.010311 96.435138 64.000000 32.694849 116.407407 90.731064 256.000000 223.382536 46.665349 99.270213 64.000000 58.441129 45.774451 97.515585 256.000000 191.741804
97.770882 177.678844 0.000000 24.868566 97.492076 165.598325 256.000000 222.074570 182.368996 133.143409 64.000000 17.593004 181.107029 138.294527 256.000000 243.363439 95.499567 190.495865 0.000000 23.913406 93.673945 193.031696 256.000000 240.867977 128.497947 54.051878 0.000000 18.466416 130.733885 67.674793 256.000000 246.431136
85.461275 127.703453 0.000000 35.241941 78.345653 127.214587 256.000000 195.028929 180.196642 60.515404 64.000000 18.264197 179.836416 59.963793 256.000000 265.151400 21.104158 47.340460 64.000000 25.032061 75.702991 62.634087 256.000000 232.921223 1.033642 157.646918 0.000000 28.917237 7.657093 156.184027 256.000000 221.536755
103.450771 205.792969 0.000000 9.233208 103.033980 207.822158 256.000000 235.334936 5.286307 5.892498 0.000000 13.772367 1.775676 6.862902 256.000000 236.638600 20.805662 95.547607 0.000000 12.399863 22.098913 94.096278 256.000000 228.541257 34.105015 226.791178 0.000000 10.394888 24.707860 234.605787 256.000000 237.309793
8.298171 92.620958 0.000000 22.145070 14.791493 91.080698 256.000000 248.328547 154.697218 33.937091 64.000000 42.487385 145.230496 37.444760 256.000000 227.818434 32.105822 101.001431 0.000000 43.524292 36.515749 70.466213 256.000000 223.563242 25.034080 52.760007 0.000000 15.506282 26.401822 56.031124 256.000000 233.325660
34.338016 146.669345 64.000000 23.229305 32.444102 143.208464 256.000000 240.790532 182.806058 27.704853 0.000000 17.894181 182.008235 30.105338 256.000000 244.963976 121.494436 120.092693 64.000000 16.504467 120.495371 121.384464 256.000000 264.699635 0.716813 139.336753 64.000000 11.427493 0.494867 138.421009 320.000000 245.734127
11.766098 120.078949 64.000000 19.391458 16.382707 123.211927 256.000000 249.800009 21.555256 48.313929 64.000000 10.308838 15.088200 46.085904 256.000000 242.447002 69.412076 71.001931 0.000000 9.048200 68.706918 71.620505 256.000000 256.456007 43.585251 143.427771 0.000000 13.669106 53.183687 145.771256 256.000000 254.967335
58.044673 98.990267 64.000000 18.530954 61.916280 93.534705 256.000000 230.800080 144.845696 61.023578 0.000000 45.120527 143.464936 55.287875 256.000000 213.598605 135.421536 60.449271 0.000000 15.575122 137.826645 65.887309 256.000000 234.375474 68.027591 77.811578 64.000000 16.323761 65.143104 76.330189 256.000000 247.889690
34.638475 92.951553 64.000000 16.285038 38.269567 95.297475 256.000000 250.273286 12.615616 41.570536 0.000000 21.753541 11.283289 45.913340 256.000000 239.159877 13.461918 213.016715 0.000000 15.816064 7.276304 213.228458 256.000000 241.259506 131.086298 85.125702 64.000000 15.321274 136.713996 78.798156 256.000000 235.760886
139.302869 66.163355 64.000000 20.510113 138.646609 69.850055 256.000000 238.660784 25.672889 38.700316 64.000000 14.482282 30.230127 31.554785 256.000000 245.833085 21.325813 112.887322 0.000000 14.069240 5.971511 120.541265 256.000000 230.485996 55.908742 11.989938 64.000000 19.877642 52.715431 11.706631 256.000000 239.065221
63.578593 142.045444 64.000000 9.018082 62.710493 141.915169 256.000000 245.540514 33.884593 99.436165 0.000000 9.667762 35.840022 97.529395 256.000000 248.874967 58.448844 58.321016 0.000000 12.189039 53.860471 58.270782 256.000000 229.397459 29.738524 93.756084 64.000000 24.907288 32.267204 92.387242 256.000000 227.956115
56.470044 56.806998 64.000000 9.164368 56.512636 58.554900 256.000000 237.722835 131.027647 169.788111 64.000000 54.297802 127.859631 168.259569 256.000000 202.661600 110.276427 103.907011 0.000000 59.228490 110.634889 107.782682 256.000000 192.434510 38.785744 0.852631 0.000000 23.263726 43.076189 3.907884 256.000000 229.926669
