16.718587 59.277605 0.000000 20.905945 6.692265 65.552684 256.000000 228.700451 68.037273 80.097335 0.000000 8.635158 71.657493 76.931622 256.000000 256.378562 73.523582 162.914169 64.000000 17.584399 57.941073 177.223365 256.000000 222.500519 48.141338 61.704404 0.000000 49.879114 49.092973 63.059100 256.000000 210.965463
75.048467 92.262544 0.000000 12.016938 76.483789 90.420353 256.000000 250.634698 30.904484 44.759025 64.000000 22.923827 41.732453 52.470291 256.000000 206.193968 134.209729 79.948745 64.000000 10.704670 133.984449 78.910356 256.000000 237.404449 3.012747 228.442109 0.000000 18.203962 1.309424 227.968338 256.000000 239.370700
27.809251 37.434085 0.000000 22.170886 32.371575 38.034895 256.000000 224.053729 74.341785 116.062598 64.000000 15.140568 72.295789 115.678984 256.000000 256.847536 29.656916 94.649611 64.000000 17.567189 39.809969 88.065207 256.000000 244.606867 69.932511 41.632251 64.000000 18.298618 73.251469 45.407082 256.000000 240.300045
40.889696 50.948538 0.000000 11.388770 43.166911 53.849415 256.000000 245.183405 12.970364 27.963718 64.000000 8.699695 14.876144 26.065920 256.000000 238.673692 36.688633 231.815058 64.000000 20.600466 32.564958 232.072155 256.000000 246.271942 3.339758 91.587507 0.000000 30.362884 6.940165 88.311733 256.000000 244.908043
38.824896 37.357022 64.000000 9.947426 42.073756 36.990547 256.000000 246.241825 173.826325 86.343700 64.000000 40.293100 164.016867 75.063773 256.000000 206.641431 88.652798 117.228875 0.000000 43.713603 77.585624 64.212338 256.000000 205.574406 162.430935 5.023344 0.000000 52.378878 160.999302 7.583491 256.000000 201.086877
126.851396 14.740515 64.000000 23.422919 125.088982 12.192540 256.000000 226.346972 155.733487 49.415509 0.000000 23.057205 159.773731 45.326771 256.000000 240.373187 146.594469 184.003395 0.000000 25.776397 144.065484 184.331687 256.000000 233.403105 14.045885 184.637504 64.000000 39.183050 12.424127 178.620307 256.000000 222.238066
68.401271 95.283536 64.000000 10.885376 66.842531 96.287007 256.000000 231.548719 49.014716 74.386191 0.000000 12.429980 42.592236 84.119576 256.000000 246.082631 130.749885 73.917576 0.000000 12.417073 137.001333 86.876558 256.000000 234.134533 129.904482 76.413853 64.000000 24.249003 123.265073 55.015707 256.000000 235.907172
85.596158 69.689751 64.000000 66.250203 83.733004 56.808225 256.000000 184.276932 66.597295 134.649422 64.000000 56.500693 65.737627 131.738945 256.000000 209.085262 40.207080 146.475033 64.000000 21.482482 33.258915 148.172856 256.000000 236.539642 91.709065 69.476822 64.000000 10.863863 90.823562 68.257062 256.000000 248.672748
54.516300 54.771025 0.000000 13.643291 60.864553 56.003304 256.000000 260.973653 89.623795 139.454258 64.000000 10.648737 90.329713 138.307607 256.000000 234.745491 9.379298 173.432851 0.000000 13.527123 12.155849 177.451769 256.000000 257.023940 106.500104 13.520082 64.000000 10.278720 115.499509 4.555662 256.000000 237.886331
38.128180 68.294196 0.000000 35.525908 36.802040 68.853938 256.000000 214.519345 111.581669 146.014815 0.000000 51.045097 106.470185 143.044705 256.000000 226.045796 67.029325 42.250669 0.000000 9.327863 65.479020 42.162305 256.000000 256.912074 1.233144 119.627404 0.000000 42.100158 7.022495 115.315484 256.000000 208.788388
32.430438 5.650187 64.000000 9.431124 25.335587 2.515089 256.000000 249.133118 63.772705 32.517511 64.000000 9.151460 63.739524 33.545211 256.000000 243.970094 132.131129 44.134942 64.000000 19.834617 130.912258 41.784644 256.000000 216.606067 31.550964 69.746355 0.000000 12.120199 31.537958 75.051489 256.000000 228.050770
21.434338 106.635644 64.000000 23.504667 22.198865 103.332280 256.000000 232.525391 77.850887 108.959182 64.000000 24.115625 75.704853 106.097731 256.000000 244.090565 69.608513 139.944938 0.000000 23.160465 62.413695 142.583749 256.000000 215.702538 30.803400 141.084089 64.000000 24.313541 40.990182 140.551540 256.000000 235.360752
19.657180 125.890749 64.000000 28.228834 20.797471 121.354067 256.000000 226.927812 1.078058 55.351053 64.000000 10.597107 3.034707 56.710411 256.000000 232.189794 14.290525 96.595356 64.000000 14.301576 5.753976 98.987444 256.000000 242.812716 130.875251 17.905333 64.000000 22.596835 130.069482 18.780515 256.000000 229.862131
43.871360 15.724200 0.000000 64.172086 45.776309 12.874615 256.000000 181.790075 16.451427 70.838936 0.000000 17.442416 17.785898 77.314669 256.000000 245.230732 85.091258 65.101065 64.000000 28.452565 81.591024 65.294395 256.000000 249.442900 137.368495 43.392511 0.000000 22.893709 138.365158 47.399511 256.000000 223.610569
154.001596 115.205582 0.000000 40.697537 127.524595 131.752545 256.000000 217.070739 1.451038 67.424847 0.000000 14.323089 4.434645 68.756905 256.000000 252.480479 131.104744 147.444176 64.000000 24.365171 128.429340 147.548987 256.000000 204.275045 38.015253 5.082533 64.000000 16.831458 32.586729 4.569671 256.000000 239.762230
67.180845 88.996735 0.000000 8.738418 69.785591 85.458329 256.000000 247.928412 167.699796 156.043395 0.000000 38.778613 165.708720 156.841102 256.000000 209.864018 38.052011 117.575047 64.000000 9.388099 37.053775 120.109520 256.000000 260.995166 92.374869 204.941980 0.000000 32.230177 96.575704 202.006015 256.000000 206.710271
65.391489 178.651325 64.000000 13.892837 77.305909 187.586278 256.000000 281.918320 81.390229 137.047847 64.000000 12.055661 79.605222 138.995145 256.000000 236.543945 100.934615 51.768831 64.000000 17.532769 99.247660 50.494000 256.000000 231.793962 76.954364 118.284642 64.000000 21.899827 71.157331 122.704824 256.000000 233.063206
84.758864 108.953011 0.000000 11.565174 91.747073 106.610056 256.000000 251.017622 88.683056 85.751222 0.000000 25.901170 79.519793 100.146402 256.000000 234.762701 156.604135 42.756353 64.000000 12.602081 157.266504 42.951296 256.000000 243.647405 103.032411 57.848993 0.000000 15.347089 101.988296 59.277973 256.000000 232.947038
145.046724 65.422791 0.000000 17.287525 144.160035 67.327484 256.000000 227.177359 112.060669 36.213835 0.000000 30.646850 101.057571 42.127413 256.000000 219.622133 161.774140 76.356115 64.000000 14.525308 160.938340 79.269695 256.000000 245.101657 67.062444 184.588085 64.000000 39.815520 66.708545 178.657651 256.000000 216.317798
188.622940 109.204620 0.000000 37.668563 179.767475 107.473880 256.000000 207.992422 111.538225 49.414282 64.000000 11.315628 116.882809 42.972840 256.000000 248.354362 135.751795 60.646900 64.000000 13.518518 135.577196 58.976056 256.000000 261.786829 48.611135 84.537205 0.000000 15.213711 47.496384 82.312307 256.000000 242.911674
22.586236 125.889958 64.000000 12.610686 21.454209 124.750631 256.000000 225.383208 1.583180 74.269195 64.000000 21.275961 20.620696 82.690951 256.000000 226.248014 97.770882 177.678844 0.000000 24.868566 97.492076 165.598325 256.000000 222.074570 158.191911 1.183898 64.000000 22.209608 159.918331 4.186024 256.000000 232.719004
38.980758 157.954495 64.000000 39.449806 39.166742 153.083765 256.000000 215.771378 185.202273 106.348053 0.000000 9.000872 187.147735 105.299016 256.000000 233.076113 153.877229 162.902711 64.000000 62.291885 153.651149 164.894435 256.000000 181.011319 126.722202 34.362833 64.000000 9.000872 126.344235 32.906193 256.000000 251.989991
172.135624 27.147853 0.000000 11.212367 172.859731 21.144073 256.000000 235.575878 179.304738 43.537873 64.000000 22.928129 179.420475 33.922804 256.000000 223.898838 46.082400 217.244378 0.000000 30.530682 42.868331 214.999304 256.000000 222.887746 173.369822 30.360882 0.000000 20.230449 174.107036 30.669311 256.000000 201.663415
29.694536 47.710027 64.000000 25.182650 17.141520 41.389595 256.000000 259.609754 137.633602 107.090860 0.000000 19.073071 137.457584 104.971020 256.000000 224.699107 94.650325 193.325262 64.000000 12.649409 86.701016 214.280115 256.000000 241.121826 171.756169 97.278235 64.000000 50.890207 173.679142 92.712084 256.000000 225.082031
111.787004 173.242725 0.000000 36.334781 110.296604 171.861860 256.000000 217.277260 90.427344 94.205740 64.000000 14.675896 90.358964 92.491453 256.000000 234.526063 117.710613 9.279713 64.000000 17.855458 157.173002 11.948053 256.000000 247.941320 11.907249 75.571945 0.000000 12.434283 4.979411 76.533891 256.000000 237.283978
6.841082 177.779858 0.000000 17.799525 14.722051 187.105925 256.000000 243.488212 152.263036 119.037633 0.000000 11.698552 158.868607 134.156949 256.000000 241.242296 51.945402 152.580724 0.000000 8.854586 57.146653 154.970947 256.000000 276.738086 22.016113 95.993664 64.000000 18.049071 26.542911 95.793658 256.000000 238.170297
49.892187 37.287415 64.000000 30.164968 47.864904 39.811807 256.000000 232.848080 177.593676 97.659507 64.000000 32.582984 173.568969 93.219445 256.000000 229.083375 40.556811 37.664125 64.000000 23.827356 45.506375 39.457124 256.000000 234.633626 116.734149 86.541982 0.000000 18.888063 115.059240 90.344104 256.000000 237.697020
100.441116 150.600907 64.000000 13.983190 99.909655 151.824033 256.000000 242.842834 26.688709 206.425647 0.000000 36.446647 21.504569 196.305678 256.000000 224.238737 48.829115 50.525087 0.000000 20.531625 48.732893 55.363551 256.000000 240.183876 96.968420 41.387229 64.000000 14.938349 96.176529 41.394533 256.000000 236.617087
113.468633 84.096015 64.000000 12.688131 115.961493 88.334045 256.000000 222.272486 48.995018 130.763958 64.000000 36.145471 40.533971 116.351689 256.000000 212.389597 42.886829 80.329722 64.000000 14.572635 43.617031 84.323867 256.000000 262.320342 8.714680 23.891709 0.000000 70.135379 16.421069 25.945640 256.000000 192.266711
10.891416 96.755140 0.000000 9.491359 11.330620 95.539007 256.000000 232.701794 98.556075 118.918944 0.000000 32.656127 91.653058 116.681853 256.000000 208.784086 186.581918 115.775871 64.000000 12.206249 187.352098 115.047849 320.000000 244.159405 93.836705 125.603573 64.000000 17.786618 103.904971 123.566700 256.000000 241.478935
45.453065 152.157955 0.000000 22.717306 45.933856 151.730485 256.000000 231.238937 30.671849 106.610867 0.000000 13.501308 37.389607 114.350785 256.000000 243.957187 18.397005 116.335545 0.000000 40.387755 15.984515 116.203725 256.000000 215.216353 18.645460 36.934367 0.000000 9.869981 18.154593 37.575458 256.000000 246.422530
32.055738 37.808475 64.000000 11.423191 33.659311 39.624451 256.000000 235.524247 68.187982 30.004047 0.000000 31.391186 64.635811 30.338049 256.000000 225.615544 64.906593 33.819460 0.000000 18.246987 59.952438 33.324735 256.000000 251.017622 47.372095 48.746911 0.000000 23.151860 46.006085 51.279120 256.000000 226.093123
