118.427195 143.747207 64.000000 43.816864 111.607353 141.160785 256.000000 203.276860 67.207098 114.751053 0.000000 18.543861 67.195098 111.633829 256.000000 248.694261 114.855331 29.471231 0.000000 36.300361 104.284420 45.244284 256.000000 237.382936 74.888240 21.312807 0.000000 14.929744 71.293665 21.112869 256.000000 224.991678
99.847335 60.545264 0.000000 13.884232 99.207118 57.788867 256.000000 254.674764 74.341785 116.062598 64.000000 15.140568 72.295789 115.678984 256.000000 256.847536 83.188865 8.827915 0.000000 39.195957 84.687878 27.426624 256.000000 235.291911 43.871360 15.724200 0.000000 64.172086 45.776309 12.874615 256.000000 181.790075
83.776496 77.010225 64.000000 26.791792 82.747036 64.602956 256.000000 256.795906 79.489549 124.826296 64.000000 17.623122 78.620104 123.338245 256.000000 233.123441 19.205027 211.750049 64.000000 44.802141 15.435109 203.913884 256.000000 199.271214 67.029325 42.250669 0.000000 9.327863 65.479020 42.162305 256.000000 256.912074
185.809175 80.042507 64.000000 42.513200 179.344753 75.887973 256.000000 229.909459 40.807118 137.074545 0.000000 29.158178 38.125115 131.977849 256.000000 230.477391 99.180745 15.923224 0.000000 15.846181 92.159591 17.977493 256.000000 242.064078 33.015522 41.874109 64.000000 21.035020 32.117800 44.377793 256.000000 245.652379
74.284711 169.308493 0.000000 23.431524 71.546975 167.965365 256.000000 234.668046 148.274682 141.929867 0.000000 30.242413 132.176822 131.090789 256.000000 224.832485 5.988435 179.693427 0.000000 15.962349 11.974409 188.253905 256.000000 246.667774 63.034380 44.855225 0.000000 40.379150 63.511016 45.605549 256.000000 214.678538
83.130796 132.505002 64.000000 47.379350 184.208982 80.882924 256.000000 228.339039 91.606991 187.165151 64.000000 33.856530 77.316733 181.319904 256.000000 233.992550 73.327024 68.915895 0.000000 56.767449 71.376355 66.825856 256.000000 198.600021 14.319947 211.071262 0.000000 11.651224 21.839251 215.318816 256.000000 252.562227
42.632949 164.737391 64.000000 46.437098 39.801280 154.872471 256.000000 220.116923 160.157011 5.276680 64.000000 20.970482 159.556962 3.579529 256.000000 238.923238 83.658611 68.342885 64.000000 8.716906 83.869751 66.426515 256.000000 254.907100 66.950535 217.729205 64.000000 19.864735 63.386671 219.008933 256.000000 239.039406
35.751500 7.476555 64.000000 21.086651 35.085953 9.439985 256.000000 247.881085 11.388811 32.335258 0.000000 17.846853 19.680096 25.890320 256.000000 221.773393 67.789505 37.951442 64.000000 21.387827 70.713189 44.353738 256.000000 242.941792 36.056585 76.513500 64.000000 17.842550 32.312773 74.734995 256.000000 254.885587
8.699338 188.126031 0.000000 14.654383 15.404667 191.257300 256.000000 238.544616 56.800791 182.492545 0.000000 11.083292 57.420520 182.318491 256.000000 231.540114 13.324131 58.957018 64.000000 32.888463 3.053933 54.555411 256.000000 225.206804 72.586358 113.054887 0.000000 22.889406 70.152636 109.747233 256.000000 238.191810
158.953651 47.576444 64.000000 78.921124 155.685420 47.329093 256.000000 183.141066 22.488449 93.511569 64.000000 12.649409 25.138624 89.770284 256.000000 244.202430 106.617827 35.059389 64.000000 24.511456 96.387822 12.585675 256.000000 229.040350 80.593551 159.330324 0.000000 10.218485 81.930224 158.629809 256.000000 224.075242
170.842029 23.821291 0.000000 46.669434 167.617171 17.426333 256.000000 229.720148 89.366560 36.870142 0.000000 18.638517 89.898964 40.459925 256.000000 238.131574 60.143769 149.743200 64.000000 25.010549 59.805822 147.700695 256.000000 227.805526 19.356131 147.362667 64.000000 17.128332 6.568060 152.601082 256.000000 246.147169
52.965127 133.767973 64.000000 38.348361 45.092216 125.377133 256.000000 223.236250 128.497947 54.051878 0.000000 18.466416 130.733885 67.674793 256.000000 246.431136 158.082002 61.954004 0.000000 35.160193 155.160453 63.927415 256.000000 236.393356 180.196642 60.515404 64.000000 18.264197 179.836416 59.963793 256.000000 265.151400
30.803400 141.084089 64.000000 24.313541 40.990182 140.551540 256.000000 235.360752 157.195813 84.070553 0.000000 9.022384 157.625667 85.818222 256.000000 246.852782 37.128682 209.947736 64.000000 42.637973 40.818209 200.328075 256.000000 224.875510 42.802107 196.119271 64.000000 11.685644 43.848618 196.549209 256.000000 256.051570
46.312676 99.113305 0.000000 10.356166 49.729480 98.056218 256.000000 253.766932 36.697475 76.571371 0.000000 46.772695 33.326629 75.521553 256.000000 216.291983 0.527938 131.834005 64.000000 13.423862 15.571369 178.060720 256.000000 233.170769 63.314353 129.041467 64.000000 33.921068 71.427120 130.157224 256.000000 211.258035
186.494567 66.827056 64.000000 13.987493 187.780115 63.350522 256.000000 246.233220 17.559000 9.267256 0.000000 29.807859 22.767720 22.227191 256.000000 217.453663 34.472147 61.112440 64.000000 20.665004 22.999487 67.842980 256.000000 221.304419 120.329938 150.496065 64.000000 35.267756 110.424460 153.579725 256.000000 220.598805
170.316742 44.902938 0.000000 33.895253 166.304284 56.071504 256.000000 231.690702 98.665180 24.831395 0.000000 11.836233 103.069560 27.066578 256.000000 251.430664 75.149773 150.736220 64.000000 45.933704 74.603380 143.938525 256.000000 220.332049 135.388784 85.391753 0.000000 11.350048 142.696445 94.082167 256.000000 246.280547
121.399242 60.704349 0.000000 16.491559 124.812651 66.438678 256.000000 237.916448 158.145115 134.419740 64.000000 19.288197 157.306040 133.287253 256.000000 229.401761 68.037273 80.097335 0.000000 8.635158 71.657493 76.931622 256.000000 256.378562 4.479284 105.573858 64.000000 22.110650 6.219300 103.285645 256.000000 240.975540
34.931145 9.648905 64.000000 31.085707 38.173145 16.221518 256.000000 247.407808 16.615855 91.183125 64.000000 9.413914 17.478371 91.528740 256.000000 249.606395 20.063862 26.679491 64.000000 14.417745 21.390322 27.271420 256.000000 242.735271 80.988215 110.907913 64.000000 37.449134 75.722393 122.708896 256.000000 210.638472
38.642693 106.380775 64.000000 43.593133 34.592095 102.946591 256.000000 214.132118 117.432560 152.088035 0.000000 9.530082 114.005309 155.856393 256.000000 244.748850 85.959205 190.306304 0.000000 9.968939 85.481605 191.337811 256.000000 238.858700 44.162804 58.553685 64.000000 22.067625 60.232049 63.278105 256.000000 231.006601
130.875251 17.905333 64.000000 22.596835 130.069482 18.780515 256.000000 229.862131 84.387898 16.284607 0.000000 28.340699 91.824376 27.616747 256.000000 231.996181 161.566547 118.253775 0.000000 17.730685 161.588829 116.331696 256.000000 240.708784 19.986335 87.858624 0.000000 25.285910 34.566704 61.353236 256.000000 228.975812
142.751244 152.214238 64.000000 23.969339 142.147807 150.697493 256.000000 228.941392 191.845936 82.146535 0.000000 19.972298 193.118609 109.752218 256.000000 236.819306 72.869818 92.369965 0.000000 17.846853 72.768142 83.334385 256.000000 238.062734 9.163538 52.546031 0.000000 14.581240 9.106484 56.516145 256.000000 246.672077
88.394333 141.505998 0.000000 22.984062 86.661536 143.775362 256.000000 205.707784 142.077316 20.506860 0.000000 13.793879 144.545789 24.138209 256.000000 247.627236 48.603187 79.903195 64.000000 13.772367 46.241973 82.862196 256.000000 241.831742 34.786049 72.602835 0.000000 20.036836 39.927136 63.342615 256.000000 236.255676
185.639733 90.588958 0.000000 34.596563 166.404760 81.104022 256.000000 230.705425 32.049758 4.973905 64.000000 9.891493 33.376600 4.871907 256.000000 236.944079 22.076067 155.262211 64.000000 30.913606 27.291138 152.517435 256.000000 231.811173 41.867091 90.432611 0.000000 18.900970 53.292344 97.276129 256.000000 233.820449
1.451038 67.424847 0.000000 14.323089 4.434645 68.756905 256.000000 252.480479 63.304462 2.971869 0.000000 18.573979 63.876173 5.497211 256.000000 237.546432 96.612778 173.789153 0.000000 19.202147 96.363655 172.467482 256.000000 254.562898 23.248864 228.949076 64.000000 27.923355 25.105575 224.136253 256.000000 215.564857
99.530796 66.998975 64.000000 20.905945 97.359785 66.493645 256.000000 223.903141 96.108780 132.438538 64.000000 27.196229 95.087256 131.429767 256.000000 232.839475 1.078058 55.351053 64.000000 10.597107 3.034707 56.710411 256.000000 232.189794 157.783367 171.103318 64.000000 38.064394 144.700933 149.692202 256.000000 215.474504
120.886653 25.189740 0.000000 24.016667 130.826069 32.251265 256.000000 240.781927 136.530042 62.118431 64.000000 15.458954 140.978960 54.573778 256.000000 253.491571 7.665985 166.410100 64.000000 18.991323 6.955175 165.139015 256.000000 243.918464 14.363144 53.227544 0.000000 46.178947 9.928905 52.256224 256.000000 202.726137
110.210865 13.316127 0.000000 50.481467 116.592729 15.847740 256.000000 184.023083 92.439795 65.796035 64.000000 15.902114 90.910322 62.362502 256.000000 241.281019 38.785744 0.852631 0.000000 23.263726 43.076189 3.907884 256.000000 229.926669 134.815598 195.551707 64.000000 30.956631 133.252640 194.638884 256.000000 217.522504
73.115662 177.791065 64.000000 35.478580 113.752104 141.925847 256.000000 213.516858 26.825164 115.401944 0.000000 10.992939 23.260849 115.711682 256.000000 243.978699 151.442293 107.671864 64.000000 25.552666 150.375382 108.788444 256.000000 232.340383 86.667785 87.552242 64.000000 15.811761 85.409189 85.295095 256.000000 241.487540
104.160093 115.248535 64.000000 35.121471 122.232162 106.482204 256.000000 227.482837 21.143962 32.566358 64.000000 26.426078 17.679482 40.231813 256.000000 237.490499 156.488882 52.032149 64.000000 8.884704 157.298800 52.601982 256.000000 245.226430 110.401729 175.759833 64.000000 11.586686 109.389691 177.446720 256.000000 61.315213
13.093662 127.743164 0.000000 10.928401 16.370362 129.791913 256.000000 248.689959 18.961227 190.167156 0.000000 14.632871 33.268118 197.655020 256.000000 218.103344 150.402936 184.500958 64.000000 63.298674 132.952382 163.588293 256.000000 181.050042 13.893111 20.264813 0.000000 25.354750 5.259384 26.044336 256.000000 236.298701
124.808764 110.281867 0.000000 38.950714 115.917667 110.748651 256.000000 235.623205 149.490084 172.727353 0.000000 20.406852 147.461636 174.041707 256.000000 240.033288 5.356402 55.670316 64.000000 41.661301 12.051458 56.211045 256.000000 225.279947 132.621142 47.638173 64.000000 12.193342 132.793142 48.535264 256.000000 246.607539
92.174264 98.764740 0.000000 29.971354 92.206942 133.457560 256.000000 221.850839 41.312635 159.526489 64.000000 9.465544 43.598678 160.349695 256.000000 243.699035 97.946382 33.755636 64.000000 69.825597 101.721093 34.006345 256.000000 181.402848 90.722300 206.812796 64.000000 13.471190 93.482000 206.273115 256.000000 242.580380
