34.824840 95.730522 64.000000 17.098214 29.133589 101.166058 256.000000 234.095811 113.474164 117.114655 64.000000 35.564630 106.710496 117.216562 256.000000 228.468115 31.064222 113.639178 0.000000 21.366314 26.660300 112.214151 256.000000 236.776281 88.323542 100.934291 0.000000 9.947426 86.655818 100.619905 256.000000 254.433823
61.920364 105.716627 0.000000 27.613573 63.386567 103.370213 256.000000 228.653123 166.705898 36.838571 64.000000 36.915622 166.252258 34.583029 256.000000 225.322972 119.179200 171.379149 64.000000 8.630855 119.548845 180.301878 256.000000 247.295942 1.841678 148.296351 64.000000 19.722752 3.164545 147.599755 256.000000 216.674907
34.808618 77.658471 0.000000 21.938549 44.048896 77.742629 256.000000 220.689158 21.279987 50.342884 64.000000 10.007662 17.944264 50.554445 256.000000 252.045924 52.787342 221.776605 64.000000 27.587758 56.796698 219.929216 256.000000 247.790732 107.357842 164.456444 0.000000 16.409811 111.253740 163.561815 256.000000 224.841090
102.974115 17.591987 64.000000 14.964165 100.458969 9.297940 256.000000 243.234363 137.144115 48.046775 0.000000 24.937406 136.813062 49.071924 256.000000 241.397187 14.031216 57.897829 64.000000 10.313140 15.922475 58.768669 256.000000 238.209020 84.997438 7.137920 0.000000 37.363084 88.223882 13.056756 256.000000 220.159948
24.344376 34.909791 0.000000 10.437914 0.733487 29.365676 256.000000 234.921895 54.708089 65.076978 64.000000 19.666819 52.340356 62.341778 256.000000 230.318198 142.379885 118.598629 0.000000 22.028902 139.141715 119.957005 320.000000 223.206133 100.508065 13.801982 0.000000 23.668163 99.291687 16.992275 256.000000 221.356049
116.734149 86.541982 0.000000 18.888063 115.059240 90.344104 256.000000 237.697020 81.532856 157.029420 64.000000 36.227218 58.154502 151.748836 256.000000 216.141395 136.431315 73.021331 64.000000 17.300433 135.691749 71.026082 256.000000 245.355506 132.876520 133.013911 0.000000 8.794351 138.398207 147.697769 256.000000 241.844649
138.346880 106.933933 0.000000 9.934519 139.268758 107.970231 256.000000 250.484109 65.552865 121.856040 0.000000 35.302177 60.589653 114.774555 256.000000 216.786773 110.549889 125.502767 0.000000 19.546348 118.739296 128.139656 256.000000 239.202902 79.903707 99.402847 64.000000 10.119527 77.978391 101.918524 256.000000 252.136277
132.131129 44.134942 64.000000 19.834617 130.912258 41.784644 256.000000 216.606067 91.193245 211.969540 0.000000 22.420432 59.338162 195.962605 256.000000 210.074842 111.657409 68.406251 64.000000 20.927457 112.543155 50.986387 256.000000 212.652051 97.726187 48.260627 0.000000 21.620163 111.064000 58.825716 256.000000 231.901525
80.018513 159.968349 0.000000 13.634686 77.909651 158.352604 256.000000 232.361895 51.649022 124.440407 64.000000 11.999728 39.733211 135.014116 256.000000 238.669389 51.077496 152.710075 0.000000 9.091225 59.288522 156.780133 256.000000 246.125657 41.548993 31.532424 64.000000 20.763962 56.945818 26.203604 256.000000 233.549391
15.161838 201.886393 0.000000 12.782787 20.434082 206.082456 256.000000 245.454463 133.659033 94.166764 64.000000 56.599651 119.005035 115.297727 256.000000 194.241568 135.564816 60.733785 64.000000 50.485770 126.600527 61.435467 256.000000 220.349259 56.547967 91.962195 0.000000 15.592332 68.678662 90.769460 256.000000 224.428048
72.544691 92.294555 64.000000 16.715290 73.480340 87.675265 256.000000 230.714030 41.631918 93.208747 0.000000 29.265741 31.009296 90.580989 256.000000 225.989863 93.060740 84.295367 64.000000 10.011964 93.294835 89.459287 256.000000 250.682025 197.784171 80.955765 64.000000 23.689675 196.749293 77.894807 256.000000 244.275573
159.475629 62.099385 0.000000 12.391258 189.379187 45.749211 256.000000 231.548719 89.705833 20.274925 64.000000 29.153876 87.514033 21.352495 256.000000 228.795106 62.096035 95.335895 0.000000 11.956703 57.406738 94.117065 256.000000 256.378562 41.867091 90.432611 0.000000 18.900970 53.292344 97.276129 256.000000 233.820449
8.500004 194.436164 0.000000 8.940637 3.697340 198.214171 256.000000 247.635841 74.490836 168.381029 0.000000 12.176132 96.983411 164.893136 256.000000 207.695548 58.053496 40.486815 64.000000 36.511185 29.940960 51.480869 256.000000 216.472689 12.039702 77.171676 64.000000 10.825140 8.762440 76.430444 256.000000 229.264081
35.778347 169.806564 0.000000 24.851356 43.863322 170.468775 256.000000 226.833157 17.878158 45.282936 0.000000 55.128189 27.035513 65.937796 256.000000 192.339854 11.118744 72.995644 64.000000 21.443760 11.578755 75.608025 256.000000 241.573590 21.056204 38.755151 0.000000 25.066482 12.741302 42.481658 256.000000 229.221056
80.411007 29.077860 0.000000 22.046112 77.330587 28.273902 256.000000 215.607882 17.550233 91.741271 64.000000 14.516702 16.074480 97.997413 256.000000 251.835101 82.006600 64.011020 0.000000 23.160465 70.984858 56.617796 256.000000 233.058903 108.862473 157.229380 0.000000 12.954888 106.402300 159.318560 256.000000 244.348716
180.904105 87.902444 64.000000 37.406109 177.070344 86.695196 256.000000 218.593831 86.855347 117.892760 64.000000 14.172501 85.076131 118.514053 256.000000 234.332449 170.842029 23.821291 0.000000 46.669434 167.617171 17.426333 256.000000 229.720148 35.928876 80.603860 64.000000 39.639117 39.274893 88.138258 256.000000 206.869464
73.662196 49.694669 64.000000 22.910919 75.720978 53.985982 256.000000 233.101929 81.390229 137.047847 64.000000 12.055661 79.605222 138.995145 256.000000 236.543945 0.476515 82.515269 64.000000 10.816535 2.513855 87.710658 256.000000 263.976812 79.343991 159.104931 0.000000 30.560800 75.940213 154.874567 256.000000 237.882028
121.954842 151.493387 64.000000 40.357638 119.416884 144.441493 256.000000 224.139779 83.252893 77.560065 64.000000 30.625337 81.332967 78.212635 256.000000 210.638472 128.497947 54.051878 0.000000 18.466416 130.733885 67.674793 256.000000 246.431136 25.546158 87.999747 64.000000 17.360668 28.325422 90.837595 256.000000 261.782527
52.007027 47.781640 64.000000 18.410483 56.414258 28.284340 256.000000 245.385623 71.908678 133.023389 0.000000 8.932032 70.130027 134.287373 256.000000 243.281691 140.516238 76.090400 0.000000 12.193342 142.077456 72.650993 256.000000 257.428377 150.369575 122.179767 64.000000 10.377678 152.552218 121.064765 256.000000 249.658026
92.617525 64.051267 0.000000 20.996298 89.065522 54.712675 256.000000 231.359408 145.623549 57.938465 64.000000 9.039595 145.500780 57.546065 256.000000 251.675907 89.366560 36.870142 0.000000 18.638517 89.898964 40.459925 256.000000 238.131574 186.581918 115.775871 64.000000 12.206249 187.352098 115.047849 320.000000 244.159405
39.181495 122.603773 64.000000 15.403022 43.709013 123.401373 256.000000 252.742932 161.946647 42.646807 64.000000 26.572364 161.525224 43.618820 256.000000 237.370028 72.702096 13.983373 0.000000 15.613845 71.494738 15.870427 256.000000 239.026499 21.024187 192.143004 64.000000 29.123758 15.268413 190.704620 256.000000 236.948381
68.408193 128.905455 0.000000 12.309510 78.928942 113.861480 256.000000 245.996581 88.569618 89.013815 64.000000 21.392129 85.179122 86.753004 256.000000 239.400818 150.671322 96.960249 64.000000 33.581169 122.653864 79.592762 256.000000 225.809157 3.583967 33.021016 64.000000 29.829371 26.459756 29.832671 256.000000 216.855613
31.998435 92.826351 64.000000 16.388299 18.975876 89.892718 256.000000 242.533052 90.623620 190.319689 0.000000 10.795023 88.310375 195.452025 256.000000 231.596047 130.691471 114.655087 0.000000 18.281407 130.434216 113.352582 256.000000 240.553893 74.982891 190.637149 64.000000 64.025800 76.842840 192.736682 256.000000 186.415284
48.400620 206.119347 0.000000 9.603225 60.396851 215.309384 256.000000 257.768276 5.378222 113.953811 64.000000 23.823053 19.588169 117.065044 256.000000 235.352147 5.744835 54.428362 64.000000 14.585543 5.269593 56.770425 256.000000 229.866434 41.570502 42.362024 0.000000 26.959590 18.637422 53.948271 256.000000 223.679410
103.516240 165.912778 0.000000 9.091225 124.590447 171.270542 256.000000 247.442228 82.192055 221.843425 64.000000 15.609543 84.863675 220.734840 256.000000 238.587642 33.290473 60.444611 0.000000 14.004703 39.174289 62.977458 256.000000 249.756983 29.258447 27.519633 64.000000 20.609071 31.479393 29.339431 256.000000 249.679538
141.061316 74.974935 64.000000 14.013308 169.625020 88.290347 256.000000 228.364854 43.618418 62.736093 64.000000 25.376263 31.993635 57.415096 256.000000 232.680282 57.986169 70.435680 0.000000 20.583256 68.104260 59.362458 256.000000 239.013591 1.227538 160.930384 64.000000 27.759859 3.992445 160.228025 256.000000 240.622734
33.375735 146.919649 64.000000 21.181306 32.973700 145.102915 256.000000 225.335880 85.856175 89.203447 64.000000 25.526851 82.553251 91.437209 256.000000 236.010432 197.757524 60.892205 0.000000 42.065738 194.354502 59.938664 256.000000 206.869464 33.234049 110.014884 64.000000 17.872668 33.733976 105.940980 256.000000 235.649020
58.760845 98.979018 64.000000 32.255992 45.742220 90.178942 256.000000 231.157190 49.363851 83.144456 0.000000 14.572635 57.778165 84.433376 256.000000 229.939576 115.342533 170.993565 64.000000 19.834617 121.664140 168.214305 256.000000 236.019037 60.862756 58.119538 0.000000 13.002215 67.261600 62.271905 256.000000 228.640215
16.255262 205.737585 64.000000 11.371560 17.506447 201.964678 256.000000 223.928956 121.158158 70.727585 0.000000 24.003759 119.187722 80.728087 256.000000 230.584954 114.756555 17.650269 64.000000 13.286182 113.724267 21.688500 256.000000 244.925254 83.431289 49.861398 64.000000 12.933375 86.793682 37.441764 256.000000 238.703810
21.185689 133.830636 64.000000 30.827556 29.023255 125.734742 256.000000 217.883915 96.503227 137.544729 64.000000 32.212967 89.495333 134.836644 256.000000 223.317998 38.135935 144.541271 64.000000 19.770079 31.734284 143.199116 256.000000 219.811444 48.990553 11.651075 64.000000 16.267828 47.664445 12.576215 256.000000 244.495002
110.403438 120.472965 64.000000 18.070584 109.402216 125.930116 256.000000 220.667646 62.827416 69.142785 0.000000 15.936534 69.344147 63.137593 256.000000 241.754296 167.603709 72.528680 64.000000 37.311453 151.483080 66.417885 256.000000 220.327747 57.820882 88.390396 64.000000 16.177475 55.099602 88.418733 256.000000 247.136749
62.738049 59.141696 64.000000 43.111250 52.687965 61.073667 256.000000 216.614672 79.423431 114.561280 0.000000 64.120456 76.715956 112.393089 256.000000 207.179246 136.530042 62.118431 64.000000 15.458954 140.978960 54.573778 256.000000 253.491571 42.434689 107.855144 64.000000 11.801812 45.300769 108.390224 256.000000 252.674092
