167.603709 72.528680 64.000000 37.311453 151.483080 66.417885 256.000000 220.327747 84.084380 57.956956 0.000000 31.881673 57.218660 33.392400 256.000000 236.419171 4.976124 184.436691 64.000000 24.644835 27.458049 186.315555 256.000000 233.114836 62.096035 95.335895 0.000000 11.956703 57.406738 94.117065 256.000000 256.378562
158.191911 1.183898 64.000000 22.209608 159.918331 4.186024 256.000000 232.719004 36.676265 179.422151 64.000000 29.519590 44.708624 174.545935 256.000000 254.395100 117.542498 174.683284 64.000000 17.851155 117.573660 173.861036 256.000000 235.455407 128.092295 123.897553 64.000000 31.034077 127.313840 118.181515 256.000000 230.395643
170.842029 23.821291 0.000000 46.669434 167.617171 17.426333 256.000000 229.720148 139.068671 170.719782 64.000000 14.611358 147.766949 167.312345 256.000000 253.547504 160.296611 75.350218 0.000000 14.052030 159.650173 75.749093 256.000000 243.724850 97.939984 163.197009 64.000000 9.947426 100.180824 162.525302 256.000000 228.106703
4.763985 131.091376 0.000000 11.337140 8.067956 133.378438 256.000000 252.859100 34.218727 67.049482 64.000000 22.411827 32.220713 52.927222 256.000000 233.394500 66.207973 26.328351 0.000000 25.445103 61.156398 26.081269 256.000000 222.935074 34.621905 144.374791 64.000000 12.318115 64.273525 194.261818 256.000000 267.900710
38.135935 144.541271 64.000000 19.770079 31.734284 143.199116 256.000000 219.811444 148.006478 0.278442 0.000000 54.482811 143.214396 9.506500 256.000000 203.289767 36.697475 76.571371 0.000000 46.772695 33.326629 75.521553 256.000000 216.291983 38.531262 139.901615 0.000000 9.009477 32.591716 147.580916 256.000000 261.507166
85.967036 190.469607 0.000000 23.397104 115.944211 178.732200 256.000000 229.122098 94.309195 185.275762 64.000000 15.385812 94.662751 185.015647 256.000000 252.691302 35.342480 21.728395 64.000000 17.984534 42.766215 21.570473 256.000000 234.263609 28.638122 53.041400 64.000000 27.015523 21.976753 55.859136 256.000000 251.434966
98.038500 73.187562 0.000000 10.463729 97.768451 72.748764 256.000000 238.303675 3.605233 89.829051 0.000000 19.606584 1.326402 77.063624 256.000000 229.294198 70.796949 80.826553 64.000000 14.409139 85.489256 81.324020 256.000000 232.163979 91.618011 96.077042 64.000000 41.368730 63.049875 83.136140 256.000000 195.975483
152.094071 105.263680 64.000000 18.100702 151.206073 105.905960 256.000000 231.096954 79.489549 124.826296 64.000000 17.623122 78.620104 123.338245 256.000000 233.123441 41.393347 160.618440 0.000000 29.984262 44.174309 155.624511 256.000000 227.018165 58.616905 144.653511 0.000000 31.412699 33.791391 110.735169 256.000000 211.593631
86.217084 191.566978 0.000000 27.045641 84.526295 190.508815 256.000000 223.692317 162.006562 36.291051 0.000000 21.275961 162.120491 39.549605 256.000000 240.579708 82.192055 221.843425 64.000000 15.609543 84.863675 220.734840 256.000000 238.587642 44.405127 58.302631 64.000000 12.068569 46.370195 61.319327 256.000000 248.939505
86.121393 14.505578 0.000000 15.192198 83.573505 7.712885 256.000000 236.117995 178.441715 38.285291 64.000000 11.681342 193.660116 47.709729 256.000000 243.105288 178.741449 95.182478 0.000000 17.050887 182.950575 86.786691 256.000000 239.224415 116.169195 31.991422 0.000000 23.676768 117.336875 36.883958 256.000000 230.498904
77.329744 59.770865 0.000000 15.979559 75.291253 35.729687 256.000000 249.916177 70.351082 23.945053 64.000000 60.329935 66.278331 28.147976 256.000000 208.254876 120.309173 6.165727 0.000000 11.586686 119.093307 3.733213 256.000000 257.398259 42.434689 107.855144 64.000000 11.801812 45.300769 108.390224 256.000000 252.674092
78.034207 16.350144 0.000000 17.352063 73.823249 7.188024 256.000000 240.454935 70.904251 126.044671 0.000000 8.802956 69.204889 125.821742 256.000000 249.812916 71.392373 29.217498 0.000000 17.059492 77.115378 37.002013 256.000000 239.340583 15.517616 153.336365 64.000000 17.412298 4.977609 154.664753 256.000000 243.690430
0.947956 2.850824 0.000000 30.311253 4.612867 8.332322 256.000000 224.621662 121.971251 188.831256 0.000000 27.372632 118.645749 190.643704 256.000000 229.388854 57.835878 184.764602 64.000000 8.665275 55.818347 187.807615 256.000000 245.037119 13.291520 77.492585 0.000000 15.773038 15.412796 75.082600 256.000000 230.929156
96.447595 41.145758 0.000000 15.243828 95.498624 39.183069 256.000000 219.019781 13.751682 198.480631 0.000000 35.284967 16.449680 193.237898 256.000000 211.580724 79.395465 119.694622 0.000000 11.539359 79.161347 119.904685 256.000000 255.900982 118.789080 103.718982 0.000000 17.485441 117.735893 102.700645 256.000000 216.584554
32.139251 144.616222 0.000000 19.877642 39.568909 145.952455 256.000000 253.775537 3.837027 65.600167 64.000000 16.564702 6.565978 60.927544 256.000000 244.081960 70.551589 97.984116 0.000000 10.476636 68.978185 100.345242 256.000000 254.644646 73.429309 17.338060 0.000000 9.444031 72.857562 17.730107 256.000000 229.565257
24.195180 91.397847 0.000000 17.068097 27.868476 107.730669 256.000000 214.618303 118.323649 0.285393 64.000000 27.333910 117.966153 3.391458 256.000000 222.603780 107.926615 194.824993 64.000000 19.881945 110.190704 192.663433 256.000000 235.235978 106.414075 104.362025 0.000000 24.705070 103.753538 109.786471 256.000000 246.900110
178.058829 77.974862 64.000000 18.135122 168.864556 77.221022 256.000000 246.986161 78.714431 81.779155 64.000000 9.379494 77.498058 85.266055 256.000000 249.735471 10.305145 158.306155 64.000000 9.302048 13.138709 162.752987 256.000000 251.559739 46.178275 29.422133 0.000000 11.031661 54.897660 25.254749 256.000000 247.812244
78.804971 81.486353 0.000000 13.944467 76.353407 86.730913 256.000000 236.526734 85.461275 127.703453 0.000000 35.241941 78.345653 127.214587 256.000000 195.028929 69.284942 6.394956 0.000000 12.929073 73.371398 7.673642 256.000000 232.998668 31.064222 113.639178 0.000000 21.366314 26.660300 112.214151 256.000000 236.776281
34.931145 9.648905 64.000000 31.085707 38.173145 16.221518 256.000000 247.407808 51.649022 124.440407 64.000000 11.999728 39.733211 135.014116 256.000000 238.669389 35.017213 23.356598 0.000000 11.074686 38.275025 17.827604 256.000000 244.538027 27.323335 125.379529 64.000000 11.109107 24.412125 125.734645 256.000000 258.628780
92.490693 191.286667 0.000000 13.058148 114.015182 190.539340 256.000000 230.335408 47.507925 102.150264 64.000000 17.330551 48.798951 96.072462 256.000000 232.013391 36.623047 220.726891 0.000000 10.373376 38.544073 219.966227 256.000000 229.380249 35.588591 58.633684 0.000000 19.357037 39.532822 60.909033 256.000000 239.805255
104.153620 173.283182 64.000000 11.302720 112.065464 171.966009 256.000000 246.327875 8.300127 89.801678 64.000000 19.296802 6.376993 99.236922 256.000000 255.556780 113.907176 201.062155 0.000000 33.314412 110.519889 200.504904 256.000000 229.629795 124.822409 151.767805 0.000000 42.603553 118.568738 142.587767 256.000000 211.847480
15.188089 47.475756 64.000000 10.825140 10.176431 47.506073 256.000000 244.129287 60.736013 29.296227 0.000000 9.482754 64.182224 23.320040 256.000000 258.250158 109.098785 162.475649 0.000000 23.999457 113.098633 146.865098 256.000000 246.844177 12.097740 184.303298 0.000000 16.013979 6.638180 185.440040 256.000000 226.596518
111.122611 36.102244 64.000000 19.064466 111.699647 38.990669 256.000000 217.634369 16.518871 58.171058 64.000000 23.203490 21.380204 59.078296 256.000000 230.159005 30.904484 44.759025 64.000000 22.923827 41.732453 52.470291 256.000000 206.193968 53.833235 131.236007 0.000000 11.763090 57.473884 132.427791 256.000000 250.488412
103.068551 190.441102 64.000000 22.747423 92.310358 208.247235 256.000000 229.724450 177.462898 77.332622 0.000000 20.338012 176.707171 77.291805 256.000000 236.324516 102.064362 148.479653 0.000000 10.523964 101.688049 158.656493 256.000000 248.758799 110.884967 134.383600 64.000000 25.957103 103.539127 142.088709 256.000000 229.896551
50.661320 13.343282 0.000000 94.427406 50.759442 17.372767 256.000000 154.550821 92.757333 191.152113 0.000000 15.033005 95.058691 191.437778 256.000000 236.776281 44.816851 94.994595 64.000000 33.030446 40.199949 81.098571 256.000000 218.529293 86.382451 168.375585 0.000000 21.030718 87.688062 168.014135 256.000000 240.799137
7.667649 30.992782 64.000000 26.008733 24.016235 29.354564 256.000000 234.418500 29.946147 153.844311 64.000000 9.362284 31.836524 155.488087 256.000000 242.976212 9.004029 65.018544 0.000000 21.641676 11.981649 54.025704 256.000000 231.664887 141.061316 74.974935 64.000000 14.013308 169.625020 88.290347 256.000000 228.364854
15.443827 173.900460 0.000000 11.965308 12.701275 174.388029 256.000000 235.627508 130.875251 17.905333 64.000000 22.596835 130.069482 18.780515 256.000000 229.862131 37.318147 52.695351 0.000000 15.510585 32.938264 54.333778 256.000000 231.105559 67.523829 61.390669 0.000000 9.512872 66.101738 61.937565 256.000000 243.587170
121.646745 71.362347 64.000000 14.318787 121.262891 71.133645 256.000000 240.433423 100.621965 80.913535 0.000000 45.998241 103.110373 80.420998 256.000000 207.544960 74.630745 143.013249 0.000000 27.609271 90.058278 142.018391 256.000000 232.968550 48.039015 153.966207 0.000000 8.622250 47.479100 153.263924 256.000000 252.428848
140.397078 39.189145 64.000000 93.984247 139.811302 37.024555 256.000000 169.278347 20.034225 35.666987 0.000000 32.105404 30.527764 29.790598 256.000000 218.395915 197.784171 80.955765 64.000000 23.689675 196.749293 77.894807 256.000000 244.275573 93.356744 85.838062 64.000000 15.742921 91.269049 87.936707 256.000000 225.503678
58.726013 100.350331 64.000000 17.683357 66.840471 96.155435 256.000000 237.021524 97.167262 37.518827 0.000000 27.759859 96.986453 40.940113 256.000000 227.491442 107.455458 168.466191 64.000000 10.850955 107.225638 168.654633 256.000000 241.220784 16.407253 92.508484 64.000000 10.696065 17.107229 99.356711 256.000000 243.483909
13.553318 51.330640 64.000000 12.034148 10.946902 50.512678 256.000000 240.631339 45.946125 33.033680 0.000000 27.635086 39.998651 32.524633 256.000000 229.341526 39.304918 95.981740 0.000000 16.861576 30.724207 98.526136 256.000000 236.892449 42.719627 182.608671 0.000000 44.845166 46.420798 184.730540 256.000000 202.493801
50.140871 30.609815 0.000000 17.360668 53.412189 31.141480 256.000000 240.119339 10.891416 96.755140 0.000000 9.491359 11.330620 95.539007 256.000000 232.701794 137.583022 74.966907 64.000000 15.252433 136.801649 75.411773 256.000000 43.575923 41.942809 94.164776 0.000000 18.130819 12.363785 97.294225 256.000000 250.677723
