43.285264 213.614160 64.000000 25.664532 45.226000 197.042011 256.000000 184.165066 93.090300 138.582740 0.000000 24.455524 102.109705 135.237824 256.000000 184.109133 139.624756 33.022673 64.000000 11.014451 137.880753 33.801031 256.000000 179.767891 111.465358 175.292307 64.000000 37.840663 111.538616 158.656700 256.000000 76.107276
133.296696 208.740669 0.000000 17.175660 130.680502 208.156153 256.000000 185.675251 199.089291 47.131955 0.000000 22.338684 195.081022 71.689911 256.000000 205.441027 254.364885 168.884382 64.000000 28.009405 240.690527 164.664769 256.000000 94.991037 212.799513 95.931467 64.000000 12.761274 216.959558 92.435009 256.000000 205.866977
120.265156 210.820553 0.000000 118.943165 119.880464 212.331124 256.000000 117.381351 90.725871 108.002889 64.000000 18.617004 91.366349 110.449578 256.000000 186.927284 33.241165 30.773293 0.000000 28.551523 42.467995 30.677245 256.000000 164.524062 138.818947 70.108675 64.000000 136.975027 134.615098 74.287298 256.000000 76.563343
66.998925 183.885605 0.000000 28.573035 82.612707 183.061195 256.000000 60.459011 37.405898 238.632067 0.000000 13.535728 41.554105 245.257385 256.000000 203.810372 118.125504 162.471529 64.000000 137.960304 130.996887 153.360295 256.000000 72.708285 46.261969 89.407735 0.000000 11.078989 54.579431 81.572987 256.000000 202.786373
174.463238 219.307540 0.000000 26.520733 165.470245 202.568433 256.000000 174.105774 90.076398 69.719547 0.000000 18.681542 92.048875 67.507884 256.000000 215.336823 167.600025 210.861869 64.000000 12.610686 164.438440 215.268940 256.000000 226.605123 252.124867 173.881795 0.000000 113.767234 255.197322 183.973564 256.000000 96.952986
77.098944 156.710387 64.000000 12.774182 76.843040 159.242464 256.000000 208.284993 45.630942 20.914442 64.000000 32.613102 53.509705 16.997885 256.000000 192.232291 126.222840 104.948209 64.000000 12.929073 125.679071 106.394916 256.000000 216.274773 212.829511 25.061644 64.000000 16.560399 188.181580 5.348965 256.000000 79.054502
34.302567 230.917098 0.000000 11.388770 35.689147 238.341193 256.000000 193.660728 234.792304 206.286209 64.000000 16.362484 234.071784 205.520329 256.000000 202.175415 164.582087 184.709476 64.000000 42.272259 152.607907 178.722313 256.000000 176.644261 193.510149 201.801713 0.000000 11.001544 197.488358 201.902311 256.000000 192.684056
248.348636 96.702278 0.000000 15.777341 248.420476 102.160269 256.000000 176.833572 26.481251 7.239933 0.000000 13.445375 26.830344 6.762984 256.000000 205.591616 122.002982 98.951551 0.000000 15.278249 126.281518 101.030136 256.000000 182.431151 51.605416 179.267233 0.000000 113.410125 52.231456 177.721784 256.000000 90.602466
226.971211 198.325484 0.000000 35.852899 214.620955 209.106387 256.000000 201.555852 151.230278 155.670649 64.000000 14.878114 152.709655 158.826825 256.000000 187.348931 33.359560 96.742876 64.000000 22.898011 34.309669 108.463696 256.000000 197.735214 243.064211 98.734024 64.000000 9.616132 253.447360 106.513522 256.000000 199.778911
74.839811 157.575198 0.000000 112.399032 68.164775 159.731335 256.000000 101.823438 126.036871 80.599625 0.000000 148.880100 124.423707 81.257075 256.000000 95.416986 174.420829 42.127433 64.000000 14.026215 177.083640 42.098080 256.000000 216.550134 152.492729 162.425600 0.000000 99.241926 153.302873 163.024515 256.000000 143.493345
32.689602 3.807953 64.000000 11.917980 30.714358 5.210540 256.000000 234.607811 151.153195 87.419549 64.000000 9.289141 146.475176 89.328355 256.000000 210.173799 164.180885 135.101684 64.000000 13.608871 166.100440 174.166749 256.000000 207.600893 221.311538 129.320875 64.000000 19.004231 215.297127 126.862582 256.000000 176.915320
22.746489 114.748547 0.000000 29.751926 18.827991 118.963669 256.000000 57.068625 187.383711 74.939375 64.000000 13.096871 190.615253 75.652349 256.000000 197.184492 8.132598 233.497645 0.000000 25.475221 14.360911 232.147755 256.000000 182.332193 106.856755 23.424840 0.000000 11.763090 114.803773 22.472247 256.000000 208.379649
227.326124 125.038980 64.000000 124.880643 226.431569 125.453084 256.000000 80.482939 145.423909 4.227362 0.000000 40.138209 143.042813 13.441680 256.000000 179.815218 59.524173 85.556513 0.000000 9.323561 60.073115 82.510020 256.000000 230.881828 122.536118 187.284356 64.000000 10.244300 124.224704 190.671682 256.000000 115.466729
234.182855 45.198404 64.000000 35.302177 233.199487 52.095756 256.000000 207.820321 46.679193 112.968153 64.000000 10.356166 48.743949 109.149195 256.000000 199.907987 138.722545 96.636333 64.000000 19.946483 111.332093 115.763353 256.000000 199.000155 154.329593 87.219409 64.000000 22.721608 175.664711 83.114864 256.000000 98.544918
225.659947 84.937735 0.000000 19.572163 220.020653 84.536736 256.000000 192.150543 121.053355 178.674647 0.000000 120.126358 128.182709 205.796042 256.000000 94.797423 179.319969 199.258136 64.000000 8.785746 178.442620 198.390916 256.000000 201.233163 190.932664 219.161276 0.000000 109.968109 190.521155 219.765087 256.000000 98.712716
203.524895 208.211140 64.000000 17.808130 195.731982 204.912696 256.000000 217.737630 238.964695 165.361322 64.000000 121.223501 232.041484 193.137100 256.000000 95.404078 237.290196 93.087196 0.000000 17.756500 227.961395 85.320033 256.000000 194.224358 111.825142 204.118795 64.000000 10.751997 115.189913 212.167147 256.000000 35.306479
207.672511 42.004856 64.000000 116.245485 202.323335 48.540785 256.000000 111.207234 192.402327 48.638476 64.000000 23.414314 198.367078 64.295325 256.000000 151.810116 250.073475 157.929865 64.000000 15.157778 249.270349 157.689445 256.000000 201.551549 23.033076 203.947965 64.000000 25.531154 22.917853 200.737815 256.000000 223.976284
140.611302 40.246585 0.000000 20.841407 137.933389 41.819331 256.000000 192.107518 198.641985 104.451311 64.000000 13.466888 196.299047 105.582182 256.000000 194.288896 82.368418 169.460762 64.000000 24.481339 86.075749 167.419709 256.000000 185.133133 21.983285 19.978031 64.000000 95.507339 21.011558 20.752742 256.000000 97.637086
87.200887 21.267913 64.000000 18.298618 114.129540 11.321520 256.000000 192.434510 138.977135 54.118824 0.000000 123.998626 140.677225 56.777278 256.000000 100.661758 162.282722 85.164320 64.000000 35.775454 144.805676 92.440505 256.000000 174.368228 182.874947 149.010456 64.000000 12.937678 180.870962 149.412949 256.000000 128.180676
160.797245 166.462993 64.000000 80.706670 161.619367 168.350495 256.000000 114.752511 124.978236 155.722385 64.000000 19.821710 124.644605 153.091684 256.000000 193.316526 242.173515 65.705044 0.000000 16.289341 245.692844 68.182911 320.000000 220.099713 43.270698 76.784184 64.000000 26.301305 45.713540 76.828704 256.000000 183.777839
189.677475 197.861971 0.000000 18.345945 160.042378 224.665060 256.000000 203.306978 99.167975 235.644611 64.000000 12.167527 102.007833 234.687913 256.000000 199.047483 38.924620 65.836484 0.000000 8.957847 37.826182 67.042816 256.000000 235.898567 69.948024 18.117271 0.000000 19.189239 70.332993 18.773164 256.000000 195.278475
132.958689 17.975967 64.000000 10.265813 112.042307 5.536913 256.000000 196.767147 132.013005 47.750387 64.000000 31.193270 131.484416 51.778645 256.000000 192.804526 140.597533 168.064253 64.000000 96.643204 146.601796 168.148818 256.000000 112.089251 123.741136 212.559853 0.000000 11.935190 100.305649 194.765235 256.000000 212.983345
150.692440 212.948071 64.000000 15.837576 150.799382 211.085529 256.000000 67.803413 38.818669 156.761129 64.000000 9.646250 36.711887 155.956625 256.000000 87.853156 245.028184 214.869749 0.000000 13.798182 247.549296 205.681711 256.000000 172.040565 119.437304 109.596413 0.000000 129.260608 128.009909 117.971413 256.000000 88.963206
171.894567 87.154809 64.000000 18.586886 167.932545 83.770465 256.000000 118.293485 103.742980 162.793518 64.000000 16.926114 109.027527 155.401878 256.000000 200.716861 164.371793 203.850698 64.000000 134.307464 172.978062 201.731211 256.000000 78.103646 22.293920 245.510071 64.000000 11.281207 22.593715 245.815607 256.000000 183.752024
142.394124 227.506004 64.000000 47.405165 117.427167 205.017496 256.000000 26.344330 86.531189 178.424024 64.000000 13.858417 90.735898 178.578791 256.000000 209.545632 50.124911 172.956811 64.000000 122.428207 52.012840 174.336064 256.000000 125.203332 200.731213 129.982771 64.000000 11.018754 198.403380 126.720024 256.000000 210.031816
14.560655 31.202389 0.000000 29.394817 16.897185 29.934204 256.000000 189.801367 100.811604 90.118798 64.000000 16.878786 98.489842 94.847520 256.000000 198.681769 67.955535 81.092058 0.000000 134.109548 65.227665 80.845602 256.000000 65.312254 0.721127 77.206644 0.000000 15.261038 1.945687 76.416100 256.000000 234.663743
194.444216 103.788733 0.000000 58.273331 193.180762 103.299562 256.000000 189.125872 54.228964 148.420447 0.000000 31.593404 56.218571 143.934947 256.000000 206.181061 115.087240 225.746111 0.000000 9.263326 125.835213 229.163969 256.000000 209.494001 167.019135 74.960751 64.000000 185.374074 166.692524 78.081905 256.000000 55.554138
245.433222 250.335718 64.000000 11.720064 244.734716 250.350269 256.000000 207.493330 78.111542 50.896520 0.000000 25.698952 75.361700 59.204384 256.000000 183.110949 249.737907 111.675245 64.000000 18.315828 248.823795 114.122089 256.000000 199.068995 188.401369 15.971115 0.000000 15.760131 147.822136 3.875120 256.000000 186.432494
169.730718 34.572869 64.000000 101.380279 173.108202 46.070284 256.000000 109.447504 116.773058 209.419082 0.000000 136.721178 117.373733 212.778900 256.000000 75.182234 117.374749 46.395898 0.000000 16.508769 115.653896 47.783151 256.000000 212.187379 207.921640 120.515856 64.000000 11.892165 205.624020 120.488860 256.000000 212.208891
137.378596 211.961882 0.000000 15.910719 137.903596 204.043993 256.000000 92.039508 126.351545 176.474876 0.000000 9.211695 130.944236 184.380158 256.000000 223.081359 11.410298 147.782149 64.000000 102.774295 11.313044 150.230253 256.000000 89.505324 10.864962 15.740853 0.000000 9.740905 10.264322 18.107705 256.000000 185.395587
112.971042 181.264580 0.000000 13.647593 108.215315 179.900100 256.000000 193.785501 134.545671 72.425576 64.000000 15.045912 129.108356 55.219231 256.000000 206.929699 214.521509 206.474287 0.000000 10.493846 211.862895 209.354842 320.000000 240.390397 103.092433 210.452635 64.000000 24.020969 90.626964 205.382091 256.000000 185.124528
89.178204 89.275618 0.000000 13.574451 92.562565 84.510685 256.000000 198.333264 99.185404 54.081315 64.000000 37.087722 93.966793 48.190887 256.000000 162.643861 112.543700 54.464878 0.000000 32.535656 115.302149 58.588038 256.000000 168.839490 228.997107 57.795387 64.000000 20.359525 223.761518 64.921942 256.000000 176.347387
145.945816 132.625745 64.000000 103.084077 150.203276 131.279669 256.000000 106.810059 40.295464 209.282155 0.000000 10.511056 41.520605 208.794047 256.000000 204.683784 66.570064 254.300104 0.000000 15.407324 67.847267 252.243775 256.000000 178.403992 168.434691 209.478882 64.000000 28.895724 157.336880 186.376936 256.000000 179.156933
127.821567 3.187198 64.000000 25.582784 123.718900 4.950171 256.000000 199.925197 75.594691 180.414907 64.000000 9.814048 72.618413 177.636618 256.000000 217.815075 40.723867 202.113756 64.000000 10.541174 41.248318 204.482405 256.000000 188.889233 122.442111 169.974602 0.000000 66.142640 124.610716 189.195796 256.000000 145.377848
93.640085 185.511042 0.000000 12.636501 97.475462 190.599285 256.000000 207.949397 118.481664 236.166713 0.000000 15.738618 118.962604 230.541782 256.000000 205.768019 60.644460 3.997093 0.000000 105.209522 61.117287 1.181513 256.000000 113.061621 141.588456 12.874309 0.000000 95.124415 142.619491 14.365509 256.000000 107.717891
68.459055 19.514415 0.000000 28.517103 70.338902 22.792487 256.000000 177.186379 31.772700 154.398233 64.000000 26.374448 29.838095 157.688922 256.000000 186.432494 130.090449 230.499687 64.000000 10.085107 127.959273 227.845116 256.000000 202.515314 58.990927 144.966595 0.000000 17.257408 58.639807 154.182576 256.000000 194.095282
98.423805 195.920949 64.000000 11.311325 97.021024 192.995047 256.000000 101.229691 56.795735 124.736029 0.000000 10.029174 57.119498 126.598789 256.000000 203.788860 182.209089 89.567278 64.000000 13.514215 174.232224 82.493964 256.000000 193.338039 98.110540 109.652627 0.000000 13.811089 98.956722 108.090813 256.000000 209.261665
133.683147 221.136355 0.000000 10.244300 118.276087 227.504035 256.000000 194.396459 68.713162 31.675031 64.000000 14.891022 82.627116 21.388567 256.000000 181.398546 238.684918 66.272893 64.000000 106.792849 237.060689 67.095091 256.000000 114.180276 90.230295 243.264296 0.000000 109.744378 88.857905 241.578782 256.000000 89.617189
143.714991 224.201242 64.000000 134.505380 146.037744 225.031451 256.000000 95.012549 148.215844 160.867935 64.000000 136.424304 156.303560 160.640829 256.000000 62.098271 117.217575 116.044989 0.000000 14.163896 128.085389 122.372967 256.000000 198.492458 100.884982 211.137762 0.000000 40.056461 103.539404 205.069689 256.000000 169.506380
118.367900 198.456404 64.000000 14.379022 117.762829 196.293880 256.000000 212.109933 183.977796 33.764451 64.000000 23.220700 192.843715 49.298398 256.000000 178.670748 141.710453 219.228707 64.000000 28.293372 147.323647 209.871387 256.000000 58.720793 208.720402 132.757991 64.000000 9.444031 212.814105 128.834000 256.000000 81.537057
182.230180 52.384765 0.000000 23.354079 176.342851 54.115273 256.000000 190.524191 74.499440 166.311515 64.000000 19.292500 76.548418 170.647220 256.000000 115.152645 59.720720 173.316624 0.000000 18.165239 66.412698 178.306733 256.000000 195.308593 140.046967 88.604231 0.000000 21.056533 142.423480 93.269304 256.000000 185.081503
216.983660 102.090513 0.000000 17.119727 205.979840 38.148960 256.000000 187.985704 135.098422 209.827336 0.000000 12.042753 136.088618 209.642636 256.000000 220.564385 164.872585 137.206465 0.000000 14.422047 167.321022 140.714856 256.000000 188.291183 127.174200 177.797325 64.000000 8.626553 128.246102 170.786113 256.000000 84.798367
78.490231 165.637838 64.000000 22.549507 82.896753 172.844867 256.000000 56.431852 46.336951 123.470264 64.000000 9.495662 46.530940 122.776953 256.000000 210.948253 149.360193 214.373645 64.000000 122.544375 153.206451 216.714420 256.000000 87.022770 226.534033 48.554949 0.000000 11.328535 214.756820 39.236760 256.000000 189.254947
175.494171 220.475475 0.000000 19.365643 188.039020 208.732067 256.000000 186.466914 97.474809 103.131996 64.000000 11.302720 97.822589 103.496960 256.000000 207.114708 0.997145 204.040171 0.000000 34.514815 3.380485 195.896076 256.000000 198.367685 228.691007 58.980704 64.000000 122.591702 234.560267 65.882656 256.000000 96.600179
56.636073 188.950747 64.000000 17.971626 59.446449 188.997509 256.000000 187.443586 95.202984 187.218098 64.000000 18.956903 96.591295 184.153873 256.000000 212.350875 16.586987 58.205625 0.000000 10.020569 16.377915 59.717731 256.000000 199.735886 65.906425 91.246647 0.000000 96.815305 66.389060 91.336033 256.000000 116.869351
65.585358 185.060502 64.000000 21.181306 70.558538 185.451689 256.000000 217.010504 26.362913 55.813715 0.000000 107.765218 19.586373 55.841784 256.000000 99.177389 220.499798 127.834685 64.000000 24.218885 183.548962 123.193540 256.000000 55.795079 221.742016 84.551431 64.000000 26.391658 196.342805 86.106509 256.000000 48.855115
222.201916 245.148076 0.000000 40.357638 218.948791 234.551396 256.000000 207.071683 16.562760 86.476558 64.000000 31.275018 17.887056 88.466195 256.000000 182.973268 133.949785 90.563653 0.000000 13.544333 130.034409 92.319891 256.000000 205.978842 191.097160 18.564333 64.000000 147.998083 187.374598 19.048056 256.000000 62.515616
162.217896 48.405307 64.000000 14.959862 161.194255 50.511722 256.000000 181.635184 133.901224 133.476576 0.000000 108.668748 134.289331 133.894638 256.000000 106.913319 230.116220 226.933522 64.000000 18.965508 228.848409 236.472700 256.000000 181.230747 174.213969 82.262793 64.000000 34.101774 172.218296 85.802495 256.000000 196.900525
28.517918 83.244224 64.000000 10.145342 25.779680 84.431562 256.000000 227.327947 146.332533 159.894175 0.000000 8.626553 156.186173 148.065953 256.000000 200.222071 120.102793 247.039362 64.000000 25.931288 102.958035 239.790376 256.000000 185.593503 163.926362 126.947280 0.000000 14.572635 165.605542 123.469105 256.000000 211.133261
20.523984 110.308018 64.000000 24.752398 20.143944 114.559713 256.000000 197.304962 57.506864 252.770495 0.000000 32.578681 57.327225 246.029771 256.000000 175.908530 24.707071 178.003513 0.000000 149.138251 18.862024 183.425998 256.000000 67.041867 94.715278 254.489493 64.000000 13.075358 95.344722 254.236878 256.000000 184.926612
241.839145 106.485720 64.000000 128.985247 241.591080 106.474611 256.000000 80.164553 176.829651 164.527089 0.000000 15.359996 167.032555 173.105373 256.000000 80.233393 152.828687 102.044782 0.000000 11.870653 152.910689 107.181869 256.000000 163.039693 123.899278 162.812196 64.000000 18.483626 123.599409 161.549891 256.000000 214.183748
80.150278 42.685024 0.000000 26.301305 85.104818 52.393067 256.000000 190.291855 173.335173 135.428471 64.000000 9.095527 174.199975 133.823976 256.000000 197.816962 150.045691 62.393678 64.000000 9.129947 152.833551 61.345295 256.000000 215.844521 90.191502 164.347109 0.000000 33.310110 85.721225 166.396642 256.000000 201.478407
178.520700 152.972560 64.000000 13.673409 180.401916 152.892635 256.000000 191.143754 67.877500 139.640724 64.000000 19.692634 56.066989 133.575822 256.000000 93.855171 17.238871 12.093982 64.000000 25.621507 16.845229 13.090104 256.000000 201.048155 113.664762 166.325938 0.000000 109.142025 101.648018 163.104776 256.000000 93.153861
157.772280 52.857691 64.000000 17.446719 155.548125 57.175644 256.000000 207.876254 97.464493 230.807313 64.000000 11.126317 86.357551 238.376851 256.000000 230.942064 61.946200 136.848462 0.000000 49.074543 65.389000 137.963238 256.000000 180.086277 108.348242 222.563287 64.000000 12.115896 110.101244 225.615376 256.000000 203.862003
90.107551 158.975647 0.000000 19.542046 96.577451 157.645836 256.000000 197.352290 159.823522 58.273631 64.000000 92.577323 159.202140 59.451562 256.000000 133.296372 28.982042 123.833116 64.000000 117.673922 29.033456 129.439144 256.000000 106.224916 153.519611 113.826876 64.000000 18.457811 148.628027 116.345344 256.000000 222.909259
180.608198 24.525033 0.000000 15.484769 182.622338 26.193747 256.000000 199.959617 61.166775 168.671796 64.000000 14.361812 60.079662 173.526369 256.000000 211.860387 202.810320 161.768664 0.000000 18.251290 201.332902 163.788238 256.000000 214.347244 49.328478 186.648709 64.000000 20.514415 57.836405 195.583584 256.000000 194.017837
39.462971 88.447269 64.000000 130.112507 41.683104 87.529707 256.000000 77.075343 95.921805 154.133633 0.000000 121.769921 94.266749 157.160187 256.000000 90.525021 75.709320 92.691658 0.000000 20.535928 53.311238 94.531411 256.000000 204.748322 174.903278 21.176567 64.000000 10.988636 173.675767 21.201384 256.000000 208.530237
127.907547 169.958153 64.000000 149.654553 131.950671 166.327315 256.000000 55.003416 187.074360 45.883218 64.000000 14.280064 188.072409 48.614347 256.000000 199.043180 111.437642 114.789576 0.000000 24.055389 115.026118 115.955567 256.000000 186.630410 19.376120 109.924595 0.000000 8.751326 20.646082 110.948429 256.000000 224.961561
63.506315 28.559304 64.000000 9.951729 58.742756 26.981600 256.000000 194.525534 218.796349 121.447089 0.000000 10.054989 218.498262 119.435689 256.000000 196.956458 54.015764 241.543860 0.000000 120.973955 56.489207 240.743107 256.000000 75.152117 20.888829 126.818607 64.000000 17.975929 23.051402 127.076467 256.000000 191.518073
42.962713 136.743076 64.000000 28.719321 37.453320 138.886555 256.000000 175.508396 129.028920 53.567425 64.000000 11.418888 128.202825 52.355060 256.000000 203.887818 134.375516 69.937613 0.000000 9.521477 139.500736 68.456369 256.000000 209.786573 99.972575 118.454182 0.000000 26.202347 99.641604 104.795904 256.000000 205.200086
150.058915 72.990751 0.000000 9.332166 152.679696 73.230245 256.000000 208.087077 158.811553 43.584655 64.000000 20.226147 170.739545 46.322311 256.000000 208.345228 245.613484 154.941987 64.000000 16.465744 244.361680 152.633927 320.000000 214.527950 186.869664 46.697356 64.000000 115.754998 188.923760 47.444033 256.000000 94.233793
133.284456 102.098422 0.000000 130.082390 132.200309 106.919251 256.000000 102.344043 104.377751 247.723760 64.000000 12.782787 99.885347 255.482896 256.000000 89.174030 93.490396 126.579429 0.000000 15.747223 78.798624 124.111465 256.000000 69.928858 75.874475 122.499064 0.000000 13.518518 70.382951 132.574898 256.000000 66.331951
111.531318 95.241815 64.000000 10.610014 120.705144 100.887827 256.000000 91.351105 85.168773 74.347480 64.000000 11.362955 86.295680 75.025673 256.000000 206.856557 25.531905 131.789322 64.000000 162.962248 29.379838 123.812120 256.000000 62.868422 60.324213 12.040791 0.000000 18.320130 61.962951 15.568644 256.000000 222.513427
163.381667 69.096149 64.000000 134.492473 159.799080 65.161193 256.000000 83.503308 137.922189 110.205585 64.000000 117.179132 151.506405 100.844236 256.000000 98.390027 233.930647 131.811729 0.000000 10.136737 231.127560 137.133085 256.000000 210.453463 47.025553 9.945731 64.000000 28.512800 46.104020 13.812593 256.000000 193.914576
