30.646521 -41.108589 50.500000 0.014396 29.405073 -45.021976 52.000000 0.042438
21.889137 -34.418331 50.000000 0.005472 26.499903 -30.138933 52.000000 0.017982
-17.126465 -28.921154 50.500000 0.004746 -18.953758 -19.299892 52.000000 0.044583
46.730328 -44.806969 50.500000 0.029275 37.485909 -42.322941 52.000000 0.024208
-6.767815 -56.973152 50.000000 0.029238 -9.473779 -53.757023 52.000000 0.022758
-24.162010 24.421135 50.000000 0.005334 -18.439034 24.182222 52.000000 0.045258
-7.631460 -18.157133 50.500000 0.002602 -8.398991 -26.227810 52.000000 0.047835
-1.148269 43.032902 50.000000 0.002287 -0.445931 42.762997 52.000000 0.046990
66.196144 -9.803398 50.000000 0.003300 68.276009 -4.568578 52.000000 0.050399
-41.430550 64.289520 50.500000 0.006267 -40.335815 63.127510 52.000000 0.047293
7.934317 38.641525 50.500000 0.006198 2.911698 34.072803 52.000000 0.040523
-36.696026 0.259303 50.000000 0.002015 -35.037167 -0.611248 52.000000 0.045423
5.791864 -7.926161 50.000000 0.003756 4.518438 -3.350373 52.000000 0.045748
41.802788 50.006214 50.000000 0.007155 35.894939 53.242569 52.000000 0.042297
3.260517 -13.421532 50.500000 0.002591 -0.594922 -13.363607 52.000000 0.045886
4.245546 30.103638 50.000000 0.002185 12.645657 27.732502 52.000000 0.047185
62.966179 65.204987 50.000000 0.003725 64.278526 64.038826 52.000000 0.042308
17.187210 -16.517441 50.000000 0.002101 15.504764 -18.364820 52.000000 0.047071
-1.852385 60.341770 50.500000 0.005753 -9.496147 54.475529 52.000000 0.046811
50.620590 -13.120550 50.000000 0.002052 49.896366 -12.537714 52.000000 0.049559
-11.150944 29.698780 50.500000 0.004891 -12.310093 32.197277 52.000000 0.012259
67.175713 -45.824806 50.500000 0.008920 64.343399 -42.525303 52.000000 0.020895
41.645203 63.312710 50.000000 0.003109 40.814449 63.632866 52.000000 0.045988
-48.698872 -25.809887 50.500000 0.029863 -51.364925 -33.735100 52.000000 0.017833
-14.767677 18.002073 50.000000 0.006257 -14.835987 16.154448 52.000000 0.048453
-8.490230 10.745699 50.500000 0.004068 -38.638508 66.911644 52.000000 0.046674
12.986054 -28.376017 50.500000 0.003057 10.945264 -28.223141 52.000000 0.049666
-63.048481 -5.441452 50.500000 0.002214 -62.007641 -7.078596 52.000000 0.048299
2.239520 13.341929 50.500000 0.002771 2.203314 17.103527 52.000000 0.048483
-57.637028 55.086655 50.000000 0.002173 -60.068157 52.946251 52.000000 0.044356
25.852352 67.789909 50.500000 0.025778 19.351574 65.388916 52.000000 0.024080
-45.977753 -24.710472 50.500000 0.025574 -40.162407 -4.239756 52.000000 0.029831
-24.518736 41.375393 50.500000 0.003362 -22.146835 39.553150 52.000000 0.052279
-56.444210 46.129494 50.000000 0.007294 -45.798782 43.159210 52.000000 0.046454
8.944763 -55.357704 50.000000 0.003825 10.103703 -55.277241 52.000000 0.054116
-41.906273 -43.515282 50.000000 0.020615 -45.589298 -42.060497 52.000000 0.022213
-35.858620 -36.433075 50.000000 0.004480 -32.308388 -37.141720 52.000000 0.041793
-69.982437 -1.736774 50.500000 0.005293 -68.748001 -2.599684 52.000000 0.049148
0.552843 -43.725468 50.500000 0.028962 2.198026 -43.430405 52.000000 0.019827
-10.552435 68.275124 50.500000 0.023730 -8.338399 67.527817 52.000000 0.024685
15.905367 63.102051 50.500000 0.003684 14.942016 63.375488 52.000000 0.049109
-0.150530 26.723068 50.500000 0.004335 1.158064 29.715469 52.000000 0.045614
-57.014786 67.940254 50.000000 0.007946 -54.976864 41.436867 52.000000 0.043056
19.579662 58.444221 50.500000 0.002564 19.379858 58.467155 52.000000 0.051302
-28.917339 -9.978931 50.500000 0.006869 -24.401861 -11.516839 52.000000 0.041031
-59.739697 -45.424129 50.500000 0.007960 -52.898296 -46.814293 52.000000 0.041541
-1.855406 -16.834423 50.000000 0.031424 -6.387746 -20.526712 52.000000 0.023837
9.624838 19.286896 50.000000 0.026117 7.815933 20.804411 52.000000 0.021952
27.468201 -9.509427 50.500000 0.022822 30.519012 -6.376495 52.000000 0.025096
17.356043 -33.063931 50.500000 0.002275 16.148495 -32.039749 52.000000 0.044660
-7.800984 -4.474429 50.000000 0.005675 -13.157437 1.330355 52.000000 0.014081
26.930882 63.786572 50.500000 0.026224 24.690693 66.572983 52.000000 0.024633
-39.382835 -46.855949 50.500000 0.025365 -40.119743 -47.374184 52.000000 0.025084
53.428963 40.062065 50.000000 0.006470 54.397469 32.953667 52.000000 0.023662
-18.111013 -43.966198 50.500000 0.026030 -18.186846 -44.281509 52.000000 0.021811
-41.970074 -15.451986 50.000000 0.002795 -45.593071 -16.184065 52.000000 0.047941
-59.301636 31.296072 50.500000 0.004213 -57.482140 31.016001 52.000000 0.043306
-17.414545 5.543367 50.000000 0.003896 -16.277617 10.490085 52.000000 0.053107
47.670494 -6.500768 50.000000 0.002064 46.888103 -6.984909 52.000000 0.043051
-25.755890 -24.360485 50.500000 0.006824 -20.923630 -22.719383 52.000000 0.049111
34.297329 57.310425 50.500000 0.023988 36.024380 58.101624 52.000000 0.023275
15.584367 -25.101561 50.000000 0.003287 16.556185 -22.895638 52.000000 0.046512
-63.970116 -53.890461 50.500000 0.003491 -62.863293 -52.792404 52.000000 0.049918
53.354759 -33.284771 50.500000 0.023553 50.596191 -35.184849 52.000000 0.033890
-12.583596 38.050240 50.000000 0.003096 -11.544950 38.962288 52.000000 0.021086
-43.919460 0.681280 50.000000 0.003350 -42.709106 0.683322 52.000000 0.025447
-41.469311 -5.162716 50.500000 0.003057 -40.005379 -4.533967 52.000000 0.019167
47.246372 -3.613772 50.500000 0.005245 45.858097 -3.120218 52.000000 0.051400
16.520674 -3.393488 50.000000 0.009726 16.444918 -2.374195 52.000000 0.040772
9.130070 52.362633 50.500000 0.014695 5.732074 55.787823 52.000000 0.035370
47.288616 -6.767144 50.500000 0.002115 45.568222 -3.736985 52.000000 0.048808
3.980777 -57.292847 50.000000 0.021299 4.139567 -56.702885 52.000000 0.027427
-48.837734 13.063316 50.000000 0.027318 -50.877193 18.585918 52.000000 0.017132
33.392841 62.646259 50.500000 0.005046 31.385103 57.909039 52.000000 0.041618
41.783974 18.369715 50.000000 0.003282 42.548542 41.922520 52.000000 0.049468
5.380035 -23.302704 50.000000 0.003501 8.161770 -15.166074 52.000000 0.046088
43.787235 -50.949802 50.000000 0.030644 42.209583 -48.333164 52.000000 0.024444
-41.053474 69.370781 50.500000 0.002590 -42.170277 68.923073 52.000000 0.056973
-57.932514 58.982365 50.500000 0.006312 -54.630608 55.446621 52.000000 0.045419
-26.059479 -66.765991 50.000000 0.004388 -24.717598 -65.475098 52.000000 0.050058
-31.995852 31.087923 50.000000 0.002231 -54.079544 44.601051 52.000000 0.044566
25.838869 -33.125587 50.000000 0.006068 1.338100 5.167213 52.000000 0.044691
-5.213099 -20.314135 50.500000 0.002770 -7.516842 -18.450994 52.000000 0.015912
-22.709427 10.303273 50.000000 0.029090 -22.021364 7.504530 52.000000 0.021290
69.705826 40.682213 50.000000 0.002406 69.060860 41.710224 52.000000 0.047660
13.979367 -9.235888 50.500000 0.007839 12.473239 -9.155849 52.000000 0.040495
-41.589233 60.095802 50.500000 0.008152 -40.812222 59.377125 52.000000 0.039182
60.790287 38.030449 50.000000 0.007954 52.485443 32.351337 52.000000 0.048197
42.792519 10.705719 50.000000 0.004395 38.634335 9.507812 52.000000 0.045355
-70.282379 -33.511749 50.000000 0.006909 -61.002674 -35.495735 52.000000 0.040936
-63.148563 -17.829357 50.500000 0.002965 -66.834747 -20.466309 52.000000 0.046078
30.522478 -56.143265 50.500000 0.004490 28.932184 -54.928860 52.000000 0.042747
41.179005 39.378101 50.500000 0.005951 43.419849 36.578835 52.000000 0.044127
-37.870388 -8.190341 50.500000 0.005127 -35.237160 -8.769278 52.000000 0.045847
-41.304409 -58.669025 50.000000 0.006871 -41.176964 -56.126671 52.000000 0.048020
-55.664791 -28.934872 50.500000 0.012594 -56.016815 -29.226822 52.000000 0.034963
-67.388298 -31.239958 50.500000 0.005333 -59.652134 -27.123196 52.000000 0.043361
55.378475 -39.931751 50.000000 0.002636 52.193386 -38.524864 52.000000 0.046374
-3.446526 -50.348267 50.000000 0.021682 -4.211202 -51.451221 52.000000 0.028597
-10.118781 -39.620438 50.500000 0.002268 -9.656101 -39.644821 52.000000 0.050614
0.042122 -25.502535 50.000000 0.002030 5.499707 -27.023973 52.000000 0.045908
19.843958 -50.062485 50.500000 0.027746 18.859524 -31.786741 52.000000 0.019753
-15.548310 -14.624106 50.500000 0.023114 -14.626012 -14.964956 52.000000 0.029225
46.580334 28.018595 50.500000 0.032382 41.670708 26.496849 52.000000 0.021075
-9.226745 -12.078519 50.500000 0.002797 -8.864658 -13.235104 52.000000 0.047398
-24.653799 -15.384647 50.500000 0.007160 -26.810831 -13.271140 52.000000 0.046196
-17.254042 -9.793695 50.500000 0.005794 -14.226730 -8.559314 52.000000 0.042416
-59.809044 32.319099 50.000000 0.004745 -57.047562 34.338638 52.000000 0.045299
46.905144 -30.995918 50.500000 0.020990 48.478344 -29.158838 52.000000 0.024459
67.062897 -10.982107 50.000000 0.005505 60.628433 -17.857166 52.000000 0.047504
49.503986 16.874430 50.500000 0.004525 47.736336 15.799924 52.000000 0.050098
-7.625097 -37.621716 50.000000 0.003341 -13.514481 -33.970222 52.000000 0.042180
0.756506 36.405239 50.000000 0.002823 3.585465 36.415726 52.000000 0.044681
-9.444627 -2.943057 50.500000 0.003623 -12.711664 3.951346 52.000000 0.021024
63.388531 -52.837063 50.500000 0.004805 67.893173 -50.175365 52.000000 0.052643
-16.300169 -18.617327 50.500000 0.002068 -17.375858 -21.986774 52.000000 0.048573
53.468712 -30.666151 50.000000 0.005671 51.025650 -32.130768 52.000000 0.018830
-51.597546 -29.464472 50.500000 0.004275 -50.353741 -29.631872 52.000000 0.047759
40.266743 -57.131760 50.500000 0.002404 41.827721 -57.031403 52.000000 0.043072
58.216217 15.533308 50.000000 0.005333 56.006962 16.874659 52.000000 0.042769
-7.346760 -39.186016 50.500000 0.003455 -5.649842 -38.969086 52.000000 0.044257
27.373177 27.027105 50.500000 0.024081 26.235075 25.607014 52.000000 0.022421
-12.900474 32.627373 50.500000 0.024970 -13.013782 32.324436 52.000000 0.028703
-4.160716 15.962013 50.000000 0.027321 -6.412366 16.195911 52.000000 0.025174
-34.559471 -24.938992 50.500000 0.022605 -35.604568 -23.571854 52.000000 0.025275
-67.663605 59.188984 50.000000 0.005566 -67.485977 58.326416 52.000000 0.047313
-16.027674 30.323164 50.000000 0.004975 -16.083162 27.408922 52.000000 0.047305
-52.172676 -37.176144 50.500000 0.009391 -45.193127 -31.544407 52.000000 0.042299
-54.635059 28.220442 50.500000 0.028324 -61.358986 25.225035 52.000000 0.021387
48.490337 49.013813 50.500000 0.002235 48.897110 49.683720 52.000000 0.025404
50.386452 -21.600689 50.500000 0.002879 47.814476 -20.711246 52.000000 0.045176
-20.340246 2.587283 50.000000 0.027327 -16.865471 11.093062 52.000000 0.019247
19.332972 63.490421 50.000000 0.003869 15.779514 64.354980 52.000000 0.041508
-68.484062 -56.873486 50.500000 0.017905 -67.589439 -54.300972 52.000000 0.026002
4.416704 -33.486755 50.500000 0.004638 2.513355 -32.820183 52.000000 0.043826
-22.944304 7.224271 50.500000 0.004263 -19.686808 6.074083 52.000000 0.041769
-68.257278 5.729456 50.000000 0.003587 -68.692047 12.939878 52.000000 0.014100
2.459733 -52.467697 50.500000 0.005454 1.352869 -51.370323 52.000000 0.048687
22.473518 14.219942 50.500000 0.002796 20.170340 15.861517 52.000000 0.047958
18.794626 17.904243 50.500000 0.004112 17.263844 17.202547 52.000000 0.046977
-21.653961 -63.946449 50.500000 0.003366 -19.029707 -64.232445 52.000000 0.052382
-19.145374 -8.491924 50.500000 0.025835 -19.216360 -7.439094 52.000000 0.021950
17.322035 21.255396 50.500000 0.002600 16.467505 21.122017 52.000000 0.048817
-68.572960 -6.906799 50.000000 0.002225 -67.901482 -7.443571 52.000000 0.048593
-40.252712 30.039312 50.500000 0.030520 -37.769566 30.555403 52.000000 0.023956
59.836071 6.753887 50.000000 0.004234 58.486187 6.911980 52.000000 0.049456
7.137427 9.879964 50.000000 0.002946 13.446045 5.004071 52.000000 0.043717
42.194977 45.574917 50.500000 0.002840 41.283566 46.781925 52.000000 0.049871
-34.294659 -25.275330 50.000000 0.002014 -45.091225 -24.177975 52.000000 0.048611
57.321384 56.655205 50.500000 0.023973 54.326462 60.343441 52.000000 0.028901
-26.539837 -4.804512 50.000000 0.004824 -22.717915 -20.521608 52.000000 0.054563
57.448734 -1.023659 50.500000 0.002883 56.700020 -1.093540 52.000000 0.046972
-48.656288 -17.917404 50.500000 0.004345 -49.092594 -14.301502 52.000000 0.011867
-19.136055 -1.917314 50.500000 0.004630 -23.762934 -5.896766 52.000000 0.046560
-52.923359 59.237286 50.500000 0.004419 -47.297703 59.578281 52.000000 0.046758
-53.734581 9.775784 50.500000 0.004443 -51.036160 11.542592 52.000000 0.045642
-66.033760 34.209534 50.000000 0.004139 -65.956856 37.254021 52.000000 0.024868
-67.579338 54.886337 50.500000 0.006610 -66.530876 53.378380 52.000000 0.044730
67.917877 22.133001 50.000000 0.004067 67.723793 24.979345 52.000000 0.041556
-64.737183 34.961792 50.000000 0.003868 -70.118179 35.619236 52.000000 0.045534
-17.706358 -27.798620 50.000000 0.005069 -28.243605 -21.311996 52.000000 0.046632
-52.680763 -40.488964 50.500000 0.027238 -54.130695 -40.307087 52.000000 0.022715
10.701534 -30.632954 50.000000 0.026369 7.701700 -28.015173 52.000000 0.022468
55.100159 10.628153 50.500000 0.005921 51.343609 -12.262917 52.000000 0.050093
-46.889412 41.435177 50.000000 0.030438 -44.500229 40.894081 52.000000 0.019414
-36.154140 -25.248440 50.500000 0.003941 -35.967709 -25.361357 52.000000 0.043100
-49.133755 -17.501509 50.000000 0.003225 -47.699139 -14.902558 52.000000 0.049712
-21.101528 -22.285872 50.000000 0.002636 -20.210537 -22.251955 52.000000 0.047020
-26.400591 36.754025 50.000000 0.003641 -24.679688 36.436024 52.000000 0.019367
-56.874496 44.498772 50.000000 0.003470 -55.923779 46.776318 52.000000 0.044759
-6.139543 20.889374 50.500000 0.006690 -3.416789 12.830830 52.000000 0.048872
-5.999962 44.433434 50.500000 0.027078 3.380462 48.317345 52.000000 0.031318
-53.339954 58.273640 50.500000 0.002039 -53.205761 58.355671 52.000000 0.027212
-23.431381 -39.813477 50.000000 0.026649 -21.826962 -38.843723 52.000000 0.021227
1.359573 -0.498222 50.000000 0.003051 -2.759292 -1.766662 52.000000 0.051823
-26.097672 7.204895 50.500000 0.002491 -24.008198 6.235210 52.000000 0.049559
-15.056060 26.784679 50.000000 0.026217 -17.814182 23.424368 52.000000 0.030035
-43.350265 -66.903748 50.500000 0.010305 -39.204590 -62.492336 52.000000 0.048395
-27.494022 35.166016 50.500000 0.025540 -27.132938 34.468079 52.000000 0.022745
-0.312517 49.300934 50.500000 0.005643 -1.816138 47.561558 52.000000 0.041463
-58.777447 41.648228 50.500000 0.002506 -60.176205 37.670887 52.000000 0.046471
7.115694 -14.166802 50.500000 0.004242 -35.846134 40.548679 52.000000 0.048918
-17.760025 27.894632 50.500000 0.025541 -18.166296 31.690218 52.000000 0.024648
24.901796 -0.325831 50.500000 0.002363 25.000769 1.404677 52.000000 0.050042
-6.939311 -25.522724 50.500000 0.008327 -6.401819 -22.765186 52.000000 0.041922
-54.091713 24.416086 50.500000 0.026727 -49.334625 24.881857 52.000000 0.026425
-50.965824 -35.073051 50.500000 0.004781 -48.384991 -56.948105 52.000000 0.045983
-17.144823 2.476222 50.000000 0.025325 -15.496355 7.749689 52.000000 0.022776
3.154313 17.564236 50.000000 0.002252 -0.308419 18.584789 52.000000 0.042166
21.747944 23.715624 50.000000 0.006796 21.169230 21.501226 52.000000 0.039701
-18.011358 27.580404 50.500000 0.003440 -9.843109 30.707626 52.000000 0.042451
26.109140 23.238085 50.500000 0.003915 24.370930 26.049400 52.000000 0.047001
-15.675075 38.551628 50.500000 0.005728 -13.067454 39.906807 52.000000 0.044718
-27.272253 -32.080734 50.500000 0.005776 -6.680058 -44.622639 52.000000 0.039175
52.813610 11.505406 50.000000 0.004598 51.068871 12.913727 52.000000 0.046942
-59.644741 12.253707 50.500000 0.006746 -49.302776 11.310558 52.000000 0.042041
-63.795425 -41.746552 50.500000 0.002811 -63.513817 -41.335690 52.000000 0.045459
-63.152172 -69.130173 50.500000 0.003035 -62.611343 -69.130135 52.500000 0.045884
62.961994 30.448097 50.500000 0.005827 62.761337 32.259155 52.000000 0.050935
38.284706 -15.916041 50.500000 0.003583 42.204006 -19.151381 52.000000 0.043816
24.497591 -21.899212 50.000000 0.004382 23.255291 -20.304710 52.000000 0.046839
25.023270 58.918236 50.500000 0.004516 25.910999 57.939907 52.000000 0.041996
-9.840542 22.452805 50.000000 0.002609 -7.788466 26.881470 52.000000 0.044722
24.252321 16.584690 50.500000 0.007337 25.182774 19.583738 52.000000 0.039565
58.002300 -69.452866 50.500000 0.023291 54.524799 -65.586197 52.000000 0.025748
-44.614380 5.525342 50.500000 0.003071 -43.399441 6.542058 52.000000 0.047490
-53.103394 9.831271 50.500000 0.002964 -50.815109 18.404020 52.000000 0.047426
-9.196593 -17.153673 50.000000 0.002232 -17.943146 -19.255854 52.000000 0.024516
-28.812811 7.135614 50.500000 0.004714 -27.255342 1.915737 52.000000 0.043874
28.584667 -46.027302 50.500000 0.002045 24.964506 -55.757748 52.000000 0.045325
4.232358 9.936657 50.000000 0.003543 3.076805 2.733229 52.000000 0.041162
-17.336260 -24.038321 50.500000 0.008554 -0.909151 -29.379961 52.000000 0.045298
55.669880 26.549110 50.500000 0.005697 54.751152 27.593075 52.000000 0.051992
61.580837 -66.993500 50.000000 0.005618 62.438488 -66.826179 52.000000 0.042802
-38.198929 54.836746 50.500000 0.009076 -37.839489 48.342133 52.000000 0.041546
38.923714 52.145252 50.500000 0.030226 39.057232 51.424442 52.000000 0.024647
-5.404624 -56.459240 50.500000 0.037807 -4.971927 -58.753120 52.000000 0.016175
19.493923 -0.709499 50.500000 0.004348 18.169146 3.663905 52.000000 0.045810
29.967299 48.494072 50.500000 0.028573 30.469324 46.116249 52.000000 0.023337
-1.386320 44.076092 50.000000 0.006295 -2.481638 37.854221 52.000000 0.043815
-49.301071 66.738960 50.500000 0.006272 -47.810635 59.802132 52.000000 0.041075
-6.923609 -7.184042 50.500000 0.008391 -4.206624 -9.305060 52.000000 0.042094
34.325794 10.863220 50.500000 0.002028 33.811855 9.662305 52.000000 0.024518
-11.057219 -55.364281 50.000000 0.002555 -19.753941 -54.582191 52.000000 0.021699
48.288883 26.216917 50.500000 0.003222 47.159451 29.151251 52.000000 0.052406
13.827920 24.706774 50.000000 0.004951 8.958589 36.232193 52.000000 0.043417
17.096413 -2.771972 50.000000 0.003230 16.140945 0.381894 52.000000 0.042238
-27.551691 -67.484398 50.000000 0.028331 -24.279966 -68.330177 52.000000 0.023973
-54.915749 30.058968 50.000000 0.017091 -45.399918 27.038609 52.000000 0.035161
18.417625 49.255928 50.500000 0.023071 22.160021 51.604534 52.000000 0.023647
-38.366882 -55.625889 50.500000 0.004491 -38.158226 -58.243351 52.000000 0.044700
67.312836 -4.953616 50.500000 0.002257 59.491638 -3.525385 52.000000 0.045815
66.513298 5.904061 50.000000 0.003901 68.075539 2.767994 52.000000 0.045040
-15.426113 50.618221 50.000000 0.002558 -12.938624 52.479122 52.000000 0.042959
-37.311794 23.403717 50.500000 0.008518 -34.362274 17.498734 52.000000 0.039156
-8.170601 2.680465 50.500000 0.003926 -8.407676 5.953744 52.000000 0.041055
-44.057674 -16.410002 50.500000 0.003404 -46.121807 -24.820261 52.000000 0.047405
-44.824726 26.023615 50.000000 0.004448 -45.856640 24.620291 52.000000 0.047281
16.012928 24.092865 50.000000 0.003400 13.373765 24.179010 52.000000 0.016824
9.068239 53.865086 50.000000 0.003488 8.727283 53.044041 52.000000 0.040665
57.324047 48.679836 50.500000 0.005565 56.190964 47.684284 52.000000 0.046914
51.332890 -65.447830 50.000000 0.003064 49.866871 -65.483711 52.000000 0.048846
16.632599 -31.984900 50.000000 0.002537 17.781263 -30.330982 52.000000 0.045045
4.302966 -6.398232 50.500000 0.002954 4.736034 1.645767 52.000000 0.044483
27.007225 -16.046661 50.000000 0.003730 24.168709 -7.788039 52.000000 0.047626
66.215012 41.451069 50.500000 0.023064 68.820816 39.789314 52.000000 0.030290
69.973076 31.990881 50.500000 0.002293 58.968441 43.343277 52.000000 0.026349
13.661001 38.859535 50.500000 0.002028 12.941662 38.750805 52.000000 0.053884
-4.702903 -27.896286 50.500000 0.002585 -1.817589 -30.185930 52.000000 0.046937
62.571400 27.348173 50.000000 0.006244 60.494953 24.562035 52.000000 0.040439
-59.451218 -57.078773 50.500000 0.030244 -61.313911 -51.692802 52.000000 0.021786
-56.355175 56.791359 50.500000 0.003481 -56.736511 55.613678 52.000000 0.045320
69.437958 18.077295 50.000000 0.004596 67.429390 19.848124 52.000000 0.044041
51.896568 13.926191 50.000000 0.002020 53.021114 14.962711 52.000000 0.048455
14.318789 -11.674080 50.500000 0.005306 -37.448460 -4.967604 52.000000 0.044618
38.439602 8.487001 50.000000 0.003680 41.068081 13.528584 52.000000 0.017388
39.737125 -28.559265 50.000000 0.003385 38.117947 -27.188425 52.000000 0.048421
-12.552601 13.447124 50.000000 0.022407 -12.280603 11.475682 52.000000 0.028260
-55.711140 58.525890 50.000000 0.003726 -52.668781 62.088055 52.000000 0.053200
17.123907 9.432205 50.500000 0.005916 13.805164 6.328320 52.000000 0.041466
-17.623222 28.011902 50.500000 0.025823 -15.467103 23.221172 52.000000 0.026366
25.157944 60.504787 50.000000 0.002901 26.413458 60.152317 52.000000 0.026860
-31.861149 62.777977 50.000000 0.002424 -27.933235 61.931763 52.000000 0.052043
46.247742 -45.578354 50.000000 0.004788 44.210117 -45.298195 52.000000 0.044644
67.976158 18.381010 50.500000 0.002367 66.937355 24.672012 52.000000 0.045223
-63.379314 -27.631165 50.000000 0.024832 -62.281399 -27.356937 52.000000 0.026591
-21.269262 -47.051739 50.000000 0.003921 -23.470116 -46.504772 52.000000 0.046938
61.827717 -27.626200 50.000000 0.024047 62.086472 -28.556767 52.000000 0.028995
63.800156 68.697128 50.000000 0.005016 66.855125 67.394920 52.000000 0.046331
24.126375 -20.689205 50.000000 0.006806 26.881639 -12.968899 52.000000 0.012892
43.758568 -21.033907 50.500000 0.030108 49.516956 -19.762390 52.000000 0.017189
-63.267204 -7.481307 50.500000 0.024055 -60.799717 -7.174957 52.000000 0.023193
52.058491 31.750721 50.000000 0.003857 51.309738 29.851406 52.000000 0.047644
-54.811699 -8.420973 50.000000 0.003696 -53.043385 -7.476305 52.000000 0.045833
-2.578108 -11.557541 50.000000 0.003623 6.042389 2.365330 52.000000 0.044324
17.062937 0.889014 50.000000 0.002062 17.981104 3.864198 52.000000 0.047610
62.633259 -60.509609 50.000000 0.007948 66.451126 -42.354939 52.000000 0.047211
25.520502 -27.042280 50.500000 0.002022 23.617119 -25.176645 52.000000 0.048710
41.035686 0.203896 50.500000 0.006357 35.882793 -0.425678 52.000000 0.042217
-59.830265 -42.270447 50.500000 0.005908 -58.014084 -41.311680 52.000000 0.042876
-3.108125 59.532452 50.500000 0.004299 -0.923603 60.203930 52.000000 0.048352
63.954868 62.415058 50.500000 0.002003 64.865540 61.463772 52.000000 0.046292
58.783524 47.827103 50.000000 0.005189 56.037941 44.669041 52.000000 0.041695
-21.798105 -13.263422 50.500000 0.005684 -22.965197 -12.521255 52.000000 0.044666
22.412989 -18.047943 50.500000 0.023297 22.030434 -15.465129 52.000000 0.025656
-17.248604 18.107346 50.500000 0.029074 -12.779403 17.812332 52.000000 0.020291
-16.924356 -68.720177 50.500000 0.044993 -17.878160 -69.736633 52.000000 0.008687
-53.896275 -0.137229 50.500000 0.003330 -53.643284 -2.547947 52.000000 0.047921
-64.463425 -43.089809 50.000000 0.004705 -63.976711 -41.292412 52.000000 0.053191
15.685748 -48.429932 50.000000 0.004440 19.189714 -47.851467 52.000000 0.046718
-52.204140 54.432133 50.500000 0.005112 -49.762367 55.961426 52.000000 0.045900
43.550755 12.921673 50.500000 0.024016 38.369148 7.885520 52.000000 0.025006
31.713476 -27.605194 50.500000 0.002335 -6.808373 -39.842880 52.000000 0.017247
-1.092031 -8.811196 50.500000 0.002224 -2.663301 -10.970548 52.000000 0.050915
21.381441 7.170734 50.500000 0.003073 20.759747 9.996245 52.000000 0.045994
-17.818512 -2.945534 50.000000 0.002245 -17.653936 -1.222724 52.000000 0.051891
29.664341 55.660706 50.500000 0.002656 27.789413 56.134762 52.000000 0.047452
-26.194832 27.943354 50.500000 0.002178 -24.903376 30.138556 52.000000 0.018280
5.010386 44.080505 50.000000 0.005508 5.602615 39.642849 52.000000 0.043793
54.284798 33.025120 50.000000 0.002982 52.387074 32.193356 52.000000 0.046027
39.930141 -10.082755 50.500000 0.002023 46.692570 -7.636472 52.000000 0.025129
-33.494076 11.439799 50.500000 0.002828 -33.276581 12.640556 52.000000 0.048257
44.753979 -23.980461 50.500000 0.003780 41.379177 -29.141050 52.000000 0.054884
-26.083879 25.974648 50.500000 0.027761 -26.485620 25.293974 52.000000 0.017328
57.717152 -29.683149 50.000000 0.006688 58.720142 -27.247019 52.000000 0.041012
-44.045067 -0.440065 50.000000 0.002218 -43.543633 -1.364877 52.000000 0.052891
-43.712826 58.179276 50.500000 0.005878 -21.383387 56.617531 52.000000 0.010400
-33.365585 -41.616154 50.500000 0.031538 -35.735611 -41.617317 52.000000 0.013885
29.031195 -40.496063 50.000000 0.002896 14.988836 -61.064999 52.000000 0.048621
-11.263801 8.926266 50.000000 0.002672 -13.118649 11.541367 52.000000 0.048243
-36.104568 -64.022102 50.500000 0.002755 -34.850574 -63.645370 52.000000 0.013177
-36.731785 -10.521173 50.000000 0.003428 -33.948120 -10.672917 52.000000 0.043887
3.721488 37.919968 50.500000 0.003675 -2.239108 32.461777 52.000000 0.044234
-34.610840 -29.602568 50.500000 0.002433 -35.759285 -30.699915 52.000000 0.049260
45.243393 27.616903 50.500000 0.003473 45.320229 27.410030 52.000000 0.043638
55.177662 5.142535 50.500000 0.002902 54.038635 5.804004 52.000000 0.047774
5.514497 -6.441864 50.500000 0.009867 5.951222 -6.081988 52.000000 0.011276
13.531218 9.169812 50.000000 0.025134 17.662397 7.451273 52.000000 0.022602
12.561517 50.199245 50.500000 0.023189 14.628544 48.109035 52.000000 0.024825
6.414088 -15.657990 50.000000 0.003094 5.616608 -13.557795 52.000000 0.051937
-22.257460 23.191450 50.000000 0.002044 -27.024042 26.136444 52.000000 0.047977
48.084835 50.858044 50.500000 0.007824 60.487835 15.338428 52.000000 0.043192
-8.682198 -40.764721 50.000000 0.002818 -9.091638 -39.051727 52.000000 0.044241
12.467432 -41.999741 50.500000 0.005004 9.433276 -38.684082 52.000000 0.019484
17.616697 37.247143 50.500000 0.003633 15.374208 36.356682 52.000000 0.045563
29.838547 9.342074 50.500000 0.004005 30.056137 4.444218 52.000000 0.046066
10.769654 -68.355721 50.500000 0.002351 10.396190 -67.355980 52.000000 0.047698
63.395638 -9.345082 50.500000 0.023762 64.078247 -9.462537 52.000000 0.027240
54.174545 54.830879 50.500000 0.002015 57.497169 57.910892 52.000000 0.048848
-29.435179 20.296368 50.500000 0.031408 -30.350821 20.006517 52.000000 0.015672
-1.615299 69.889496 50.000000 0.002545 2.270589 69.779404 52.000000 0.050048
14.207841 55.297630 50.500000 0.002148 13.434508 55.720169 52.000000 0.046937
-24.709139 -37.186737 50.500000 0.012105 -24.169483 -37.118393 52.000000 0.035853
-3.197483 21.841127 50.000000 0.002655 -1.788504 20.745237 52.000000 0.047611
62.708229 5.578000 50.000000 0.007085 61.932751 3.292379 52.000000 0.054195
-53.526707 61.680798 50.500000 0.004613 -51.328232 61.927269 52.000000 0.044605
21.419888 8.567338 50.500000 0.011209 25.016790 9.437375 52.000000 0.038375
-7.577411 7.946400 50.500000 0.002207 -7.905215 9.896878 52.000000 0.046552
-49.381439 -62.503876 50.500000 0.022477 -49.634377 -63.271549 52.000000 0.026759
65.496284 -14.274168 50.500000 0.003115 65.093254 -14.364766 52.000000 0.048875
-35.644810 16.034872 50.500000 0.025871 -36.984432 15.254850 52.000000 0.026254
13.398915 -7.213363 50.500000 0.024903 11.643985 -4.883481 52.000000 0.026147
3.515475 -36.787098 50.500000 0.002808 6.229542 -33.989513 52.000000 0.048503
-8.846811 23.922966 50.500000 0.002190 -12.249254 24.762722 52.000000 0.050631
-22.908039 41.299564 50.500000 0.004594 -29.695354 38.983578 52.000000 0.044533
37.729679 35.819477 50.000000 0.003336 38.687077 34.095177 52.000000 0.043953
-35.856979 -10.355581 50.000000 0.007122 -31.451252 -9.875823 52.000000 0.044916
51.034405 10.173638 50.500000 0.002530 51.527092 13.002633 52.000000 0.046096
-5.860562 45.715210 50.000000 0.002546 -9.785140 45.630630 52.000000 0.051088
-26.165932 -24.586252 50.000000 0.004045 -24.193296 -32.773823 52.000000 0.045093
44.764030 65.736557 50.500000 0.003090 48.408260 62.179302 52.000000 0.049970
-59.175465 -6.492832 50.000000 0.005679 -59.529427 -3.540836 52.000000 0.046722
-36.147877 -22.513458 50.000000 0.002298 -35.342445 -23.611797 52.000000 0.051746
-48.344345 -38.045143 50.500000 0.003119 -52.521431 -37.731571 52.000000 0.047480
10.735675 -66.389534 50.000000 0.002288 9.704535 -66.899719 52.000000 0.049642
9.568926 2.592070 50.500000 0.005189 14.908273 24.767521 52.000000 0.050843
1.737826 -42.016037 50.500000 0.022806 2.449399 -40.813869 52.000000 0.029834
-52.038830 56.617546 50.500000 0.034472 -49.702904 56.580330 52.000000 0.021346
-47.380226 -5.418456 50.000000 0.002867 -53.166412 -9.645154 52.000000 0.048316
-58.762913 -0.202542 50.500000 0.022451 -55.239975 0.701530 52.000000 0.028239
-4.659800 3.369952 50.500000 0.002203 -2.645712 3.630141 52.000000 0.044471
-61.345119 -5.125369 50.000000 0.004076 -60.723877 -3.329993 52.000000 0.046723
24.218678 40.886745 50.000000 0.025185 22.856733 40.215527 52.000000 0.026057
-2.383647 34.233349 50.000000 0.015860 -2.199269 38.872280 52.000000 0.036335
-48.075817 -3.906089 50.500000 0.035099 -45.092548 -4.585023 52.000000 0.017038
-31.100080 -55.439842 50.500000 0.004553 -38.279488 -50.266792 52.000000 0.042357
45.764614 -66.550682 50.000000 0.009475 28.372370 -49.169903 52.000000 0.043996
-32.747280 12.751509 50.500000 0.006874 -38.122185 18.283493 52.000000 0.044588
0.165420 -19.429321 50.500000 0.005498 4.028364 -16.039577 52.000000 0.048247
-33.903465 -46.380283 50.000000 0.010061 -36.403988 -47.747871 52.000000 0.043784
-14.272844 -16.341139 50.000000 0.033414 -12.206214 -15.763365 52.000000 0.021656
-63.987720 -49.352425 50.000000 0.008360 -60.598026 -39.636955 52.000000 0.045421
-22.617697 -39.435848 50.000000 0.003287 -21.151384 -40.176632 52.000000 0.050219
-62.725285 -52.850212 50.000000 0.021126 -62.872169 -54.488716 52.000000 0.023622
-1.140259 -49.166344 50.000000 0.002087 3.447960 -49.676174 52.000000 0.052457
-64.740211 -44.364143 50.500000 0.002974 -64.211105 -43.336983 52.000000 0.044604
-13.787739 -27.899200 50.000000 0.005664 -11.016720 -18.618999 52.000000 0.042132
28.247171 65.432327 50.500000 0.003084 37.926167 70.179359 52.000000 0.046142
-66.425858 62.779488 50.500000 0.010235 -67.179962 55.518463 52.000000 0.036826
0.298418 58.870098 50.500000 0.003005 0.877286 58.117767 52.000000 0.055529
47.562401 32.777210 50.000000 0.003026 46.551769 32.204216 52.000000 0.051733
46.348362 17.210104 50.500000 0.020520 44.703140 14.586565 52.000000 0.028803
13.595224 44.630695 50.500000 0.009146 8.992483 42.040142 52.000000 0.039544
-47.507401 -12.089959 50.500000 0.028206 -44.285233 -11.323288 52.000000 0.025278
56.388069 62.667484 50.500000 0.003814 56.505230 62.700245 52.000000 0.048558
-36.483810 53.378643 50.500000 0.029692 -37.211365 53.776295 52.000000 0.025608
-22.017685 -8.565224 50.000000 0.002227 -21.999948 -8.837147 52.000000 0.044768
33.993935 18.043581 50.000000 0.003374 33.097076 15.862115 52.000000 0.046997
-64.735558 34.530617 50.000000 0.031669 -51.804970 29.422768 52.000000 0.019788
-45.465580 44.680721 50.000000 0.006073 -45.567543 43.429810 52.000000 0.044884
-31.580109 10.337167 50.500000 0.023621 -30.558226 8.969790 52.000000 0.023717
65.985809 25.288425 50.000000 0.004109 53.719902 27.620787 52.000000 0.045746
45.881355 21.310818 50.000000 0.003419 42.792053 31.498154 52.000000 0.051658
10.415428 -20.677952 50.000000 0.006072 11.902555 -24.022009 52.000000 0.043075
-1.423839 37.740994 50.000000 0.006337 -12.733640 25.552473 52.000000 0.041959
45.891132 -19.572626 50.000000 0.002143 45.227577 -19.494585 52.000000 0.044992
22.076481 53.532681 50.000000 0.028320 21.835117 53.140476 52.000000 0.022409
42.354641 -57.936142 50.500000 0.005161 41.618702 -66.968536 52.000000 0.054363
11.869669 -1.931040 50.500000 0.003372 7.645074 2.977937 52.000000 0.047550
-26.317060 25.906086 50.000000 0.002397 -27.312023 25.047907 52.000000 0.047627
12.486756 37.270447 50.000000 0.006188 4.565454 37.985741 52.000000 0.042428
15.387256 -54.090260 50.000000 0.003136 32.936176 -57.315929 52.000000 0.044219
12.268152 -42.217167 50.500000 0.026324 13.420300 -40.026768 52.000000 0.023476
-17.349585 -23.216326 50.500000 0.003841 -17.091759 -22.999388 52.000000 0.048031
68.445572 -64.919212 50.000000 0.005501 66.275208 -63.681969 52.000000 0.046156
-43.963680 18.996073 50.000000 0.004061 -42.759731 19.162193 52.000000 0.050126
26.473112 -41.186558 50.500000 0.003081 25.523764 -40.651951 52.000000 0.045122
-27.992599 20.485308 50.500000 0.003225 -26.642262 18.482756 52.000000 0.040899
0.241238 -45.471096 50.500000 0.002059 1.710551 -45.509983 52.000000 0.026790
67.579361 -27.532383 50.000000 0.004035 67.992744 -31.839355 52.000000 0.037040
10.447874 51.795547 50.500000 0.004007 10.830857 51.258194 52.000000 0.048636
-30.331734 -27.280029 50.500000 0.004401 -30.716616 -28.049168 52.000000 0.040206
59.852303 1.350641 50.500000 0.005005 59.202347 1.200129 52.000000 0.044923
-19.531740 -46.211937 50.000000 0.003078 -14.324296 -43.723751 52.000000 0.021271
28.219166 -70.013779 50.500000 0.023937 33.491589 -68.096352 52.000000 0.026275
44.067341 -50.376968 50.500000 0.029218 31.774071 -58.316666 52.000000 0.018715
48.026863 10.708397 50.000000 0.002685 53.662212 15.220936 52.000000 0.045271
-41.785904 -57.202053 50.000000 0.004966 -41.027302 -56.781593 52.000000 0.046017
-28.531534 61.924225 50.500000 0.025265 -27.410213 61.314995 52.000000 0.024241
-31.481398 9.205396 50.000000 0.007630 -28.182415 8.618979 52.000000 0.036684
-7.787003 -31.607748 50.500000 0.008053 -7.934312 -31.323618 52.000000 0.042179
-32.143398 -27.380680 50.500000 0.029253 -28.937920 -27.362343 52.000000 0.018288
7.594336 19.234262 50.500000 0.003674 9.288213 16.873888 52.000000 0.046066
-48.723331 -29.228020 50.500000 0.002657 -46.548714 -29.505335 52.000000 0.043830
-18.609592 -17.458719 50.000000 0.010127 -17.934092 -16.338043 52.000000 0.037869
-35.721077 -20.465609 50.000000 0.002623 -35.460514 -22.899460 52.000000 0.045205
-42.471355 3.284811 50.500000 0.003205 -42.169804 2.577033 52.000000 0.022665
18.764849 25.364565 50.500000 0.004603 -3.477403 25.663391 52.000000 0.018961
7.772196 32.314781 50.000000 0.002224 8.760438 39.443996 52.000000 0.015253
-9.811092 11.069870 50.000000 0.024295 -4.409338 5.064851 52.000000 0.024508
-60.870144 -16.071602 50.500000 0.020826 -61.364319 -17.171278 52.000000 0.026555
65.647285 -11.964036 50.000000 0.002102 64.746880 -10.907853 52.000000 0.048707
8.567984 -25.609842 50.000000 0.003549 3.390107 -12.388581 52.000000 0.049989
59.596706 -4.634192 50.000000 0.003162 57.162956 -6.397302 52.000000 0.046335
-33.838234 16.283381 50.500000 0.002829 -38.245327 14.275251 52.000000 0.025164
14.491311 -70.335297 50.000000 0.002729 14.107585 -70.257950 52.000000 0.055909
-0.987883 -10.179832 50.000000 0.004986 11.136842 -4.670012 52.000000 0.045868
46.257137 13.184798 50.500000 0.002195 49.726513 11.655000 52.000000 0.047377
-36.494114 -26.765259 50.500000 0.011422 -31.859709 -31.578724 52.000000 0.043783
-43.364189 -15.416123 50.000000 0.028732 -48.201290 -12.981748 52.000000 0.025938
20.617857 24.444983 50.500000 0.003538 19.461569 24.262712 52.000000 0.049347
6.419485 21.155930 50.500000 0.004059 -7.393291 22.582026 52.000000 0.044638
-3.517227 44.798138 50.000000 0.004212 3.271502 37.679337 52.000000 0.046791
-20.318628 17.032204 50.500000 0.003431 -36.863277 31.657440 52.000000 0.045832
28.757566 -1.029734 50.500000 0.004488 25.363443 -0.289472 52.000000 0.041324
1.855011 17.101072 50.500000 0.002356 -0.768776 16.046642 52.000000 0.045298
51.237041 -36.806423 50.000000 0.005338 50.351730 -41.547462 52.000000 0.042056
-6.529899 -14.712550 50.500000 0.006763 -8.868800 -12.774930 52.000000 0.042707
-62.238487 37.928452 50.500000 0.007294 -45.692669 40.590759 52.000000 0.042975
-50.705498 -26.695011 50.500000 0.005454 -49.933670 -26.766094 52.000000 0.049477
-51.643848 56.948772 50.500000 0.009652 -44.640076 51.894764 52.000000 0.036678
31.692814 -63.416973 50.000000 0.002205 32.050255 -62.322533 52.000000 0.047241
30.190388 -65.355652 50.500000 0.002621 27.424477 -66.949806 52.000000 0.048640
20.649481 25.272718 50.500000 0.032291 18.190205 24.815878 52.000000 0.011277
51.361538 -1.286352 50.500000 0.024440 51.005226 -1.886080 52.000000 0.020960
-7.720242 11.128129 50.500000 0.005505 -9.976947 12.916643 52.000000 0.046617
12.243794 3.870399 50.500000 0.004113 13.734705 0.972292 52.000000 0.045315
1.256075 62.989174 50.000000 0.003515 3.201941 65.321770 52.000000 0.051728
-6.403716 -40.699299 50.000000 0.003997 -5.492143 -39.595226 52.000000 0.045806
-28.091143 -15.348608 50.000000 0.004025 -25.303074 -13.403317 52.000000 0.045597
-8.393282 60.540131 50.500000 0.002524 -8.429136 60.315712 52.000000 0.049179
-35.767094 55.758820 50.000000 0.005930 -30.757519 46.520905 52.000000 0.020487
1.305117 -17.012785 50.000000 0.003858 -0.932062 -10.045522 52.000000 0.044941
-43.608131 66.719940 50.000000 0.003153 -49.133331 67.614067 52.000000 0.046797
17.560537 -33.742783 50.000000 0.003075 14.953755 -34.603458 52.000000 0.048867
66.443527 -48.588867 50.500000 0.007223 66.530106 -49.107792 52.000000 0.012244
-39.190865 11.387929 50.000000 0.006157 -31.681971 18.477703 52.000000 0.043458
-63.702633 28.455811 50.500000 0.020384 -59.339050 29.849802 52.000000 0.031731
-40.417587 -25.162134 50.500000 0.022447 -37.349949 -31.664064 52.000000 0.026258
-38.634544 -2.191875 50.000000 0.026012 -39.864315 0.936416 52.000000 0.020853
-21.517250 49.407246 50.500000 0.008860 -21.554108 49.836811 52.000000 0.042982
-61.138943 2.220325 50.500000 0.006008 -62.882309 7.776454 52.000000 0.046775
-9.948087 58.372387 50.000000 0.024316 -9.827211 56.468292 52.000000 0.034962
-3.608342 -24.414089 50.500000 0.006011 8.489155 -25.955084 52.000000 0.044949
33.879295 0.473566 50.500000 0.003093 34.209476 2.823672 52.000000 0.028257
-62.846561 42.803207 50.000000 0.007192 -60.751617 42.409794 52.000000 0.037777
57.042191 13.387389 50.000000 0.031747 58.157970 12.186872 52.000000 0.015648
-39.172138 -33.516823 50.500000 0.007646 -32.498516 -35.009647 52.000000 0.037800
-22.383049 -8.385596 50.000000 0.002107 -21.347549 -10.278577 52.000000 0.047417
-8.943514 -57.874817 50.500000 0.022495 -14.803996 -55.951241 52.000000 0.026544
-61.075741 32.985657 50.500000 0.006428 -58.899284 31.698477 52.000000 0.040271
-30.176689 -24.595026 50.000000 0.003159 -29.376225 -9.960050 52.000000 0.016283
-52.581333 37.193611 50.500000 0.002758 -50.291275 43.938728 52.000000 0.049716
-46.675465 8.112199 50.500000 0.005629 -42.583527 7.484568 52.000000 0.017025
11.378556 -11.887877 50.000000 0.002333 11.315565 -10.127752 52.000000 0.047553
-58.682865 66.132248 50.500000 0.007045 -55.825542 65.935852 52.000000 0.044364
13.028742 35.077286 50.500000 0.002538 14.270952 33.860031 52.000000 0.047121
14.753358 -37.025665 50.500000 0.023960 15.897807 -34.752544 52.000000 0.021768
15.284232 21.417208 50.500000 0.002920 12.809274 24.186529 52.000000 0.044998
64.563301 27.738537 50.500000 0.002232 64.977455 27.542112 52.000000 0.051691
-42.021587 -50.505005 50.500000 0.002510 -41.526154 -50.133152 52.000000 0.053621
-51.161282 13.752208 50.000000 0.002634 -50.662540 14.474343 52.000000 0.050003
4.876537 11.664908 50.500000 0.006023 10.354564 14.531490 52.000000 0.040740
26.628624 30.729568 50.000000 0.025009 29.294680 28.534712 52.000000 0.025887
26.656107 -62.397446 50.000000 0.003524 37.081005 -58.993954 52.000000 0.042700
-41.891083 -25.598404 50.000000 0.013100 -41.178284 -32.863316 52.000000 0.033235
46.618164 22.235092 50.500000 0.005670 41.375740 23.740667 52.000000 0.044052
17.870794 -17.124344 50.500000 0.002078 16.886637 -18.188612 52.000000 0.051100
-3.138659 6.912535 50.000000 0.002364 5.437858 -1.175843 52.000000 0.049066
-38.728352 -36.612030 50.000000 0.004943 -36.334282 -33.962868 52.000000 0.045409
-68.463760 -51.918510 50.000000 0.003736 -66.652046 -52.985920 52.000000 0.021368
-40.543110 -36.400051 50.500000 0.034114 -40.498901 -35.567081 52.000000 0.016596
56.798779 36.497467 50.000000 0.008836 53.889774 41.165371 52.000000 0.042825
-19.671614 -57.015812 50.000000 0.007782 -22.113539 -56.491329 52.000000 0.042211
-16.977753 -2.393932 50.000000 0.002025 -22.641294 -7.860231 52.000000 0.021905
-17.133881 -32.915722 50.500000 0.006653 -25.194845 -30.167351 52.000000 0.016338
-39.688683 42.624264 50.000000 0.028140 -36.610447 41.353134 52.000000 0.019219
-12.568217 11.821535 50.000000 0.004858 -9.433399 16.384138 52.000000 0.044351
-29.188570 -15.394537 50.500000 0.025940 -30.565056 -16.778553 52.000000 0.024330
-20.442497 43.356083 50.500000 0.002581 -17.921894 47.618229 52.000000 0.049256
7.921581 -7.415748 50.500000 0.002402 5.403993 -7.157040 52.000000 0.050257
64.552696 69.182968 50.000000 0.029893 64.758598 63.429306 52.000000 0.026728
-41.806015 26.826885 50.000000 0.002887 -43.701420 24.442827 52.000000 0.048396
24.882719 1.501518 50.000000 0.033122 24.854107 0.659050 52.000000 0.011936
36.070316 -45.154697 50.500000 0.002784 40.174850 -42.882111 52.000000 0.045107
24.230736 -34.547199 50.500000 0.006131 26.191416 -34.325031 52.000000 0.041555
-17.279945 -13.553288 50.000000 0.002304 -17.936657 -11.407215 52.000000 0.019981
3.414703 12.071569 50.500000 0.003221 5.724202 15.318194 52.000000 0.041768
-36.239841 66.222183 50.500000 0.008435 -37.122860 62.639912 52.000000 0.026144
-31.672102 12.173141 50.500000 0.002456 -31.314724 11.251691 52.000000 0.011837
57.639214 29.760767 50.000000 0.021533 56.547352 31.920414 52.000000 0.031170
7.024773 -46.992420 50.500000 0.002269 7.095274 -46.366024 52.000000 0.045418
-34.612408 -19.059809 50.500000 0.020949 -35.030224 -19.026590 52.000000 0.025370
27.380337 -10.874884 50.500000 0.007471 -24.540316 69.008392 52.000000 0.044187
-35.532356 -8.725613 50.500000 0.022472 -34.423374 -9.400337 52.000000 0.023579
9.872262 14.033461 50.500000 0.029837 7.910850 14.801358 52.000000 0.018014
6.822606 26.124664 50.500000 0.027782 6.568753 26.465567 52.000000 0.026466
60.055336 33.900352 50.500000 0.002366 60.409889 33.489082 52.000000 0.048469
-54.123894 -27.318884 50.000000 0.002497 -53.938972 -23.038811 52.000000 0.044319
-16.494974 -33.316769 50.500000 0.027773 -16.275354 -32.008076 52.000000 0.022253
-49.123585 36.572880 50.000000 0.004022 -48.073536 37.586998 52.000000 0.046549
-26.299200 -6.522007 50.000000 0.002164 -24.648420 -8.741887 52.000000 0.049410
-65.219627 53.293381 50.000000 0.002682 -68.781700 48.871845 52.000000 0.042482
43.924019 12.321902 50.500000 0.002758 42.954250 13.065569 52.500000 0.045808
6.995821 -50.286255 50.500000 0.002080 10.504023 -50.520420 52.000000 0.048560
-16.868706 68.485207 50.000000 0.002525 -16.762539 68.319519 52.000000 0.046219
3.615844 2.629239 50.500000 0.030488 6.118472 4.022475 52.000000 0.017886
-42.663437 20.949425 50.500000 0.027433 -42.570244 21.892710 52.000000 0.022368
-15.971101 55.041779 50.500000 0.023100 -15.973077 55.293076 52.000000 0.024388
-0.407493 20.393080 50.500000 0.002156 -2.962712 22.123770 52.000000 0.045364
22.850517 1.770269 50.500000 0.002403 21.628654 2.973895 52.000000 0.044864
9.915112 -59.706905 50.500000 0.006445 10.792842 -58.767670 52.000000 0.046949
3.492718 -18.343548 50.500000 0.004858 -19.688894 -24.657690 52.000000 0.014724
-7.486529 58.942547 50.500000 0.007638 -8.757979 58.913925 52.000000 0.042562
-19.475849 9.365540 50.000000 0.003442 -21.022215 10.776811 52.000000 0.044512
53.833420 57.880451 50.500000 0.005527 52.742489 56.141331 52.000000 0.040089
-37.269138 -26.852066 50.000000 0.004800 -34.467831 -25.849352 52.000000 0.040792
-63.319019 -25.341194 50.500000 0.020937 -61.823986 -27.110628 52.000000 0.031485
7.028944 43.456001 50.500000 0.003084 2.840260 35.169052 52.000000 0.049609
7.329165 -64.910492 50.500000 0.003203 -2.034541 -63.489727 52.000000 0.050068
-52.308235 23.308884 50.500000 0.002710 -52.033577 21.882357 52.000000 0.054440
-22.284979 2.613271 50.000000 0.009166 -21.628256 2.188975 52.000000 0.010011
-55.762001 15.929004 50.500000 0.004242 -56.112816 12.014812 52.000000 0.048341
0.484878 34.171425 50.500000 0.004215 -2.694268 31.586615 52.000000 0.042737
9.477631 -52.363529 50.500000 0.025279 2.842820 -48.996704 52.000000 0.027101
27.396372 45.929184 50.500000 0.029563 30.918676 50.458641 52.000000 0.021024
27.760710 69.080872 50.000000 0.004211 26.136040 68.465340 52.000000 0.044483
-49.746494 5.237956 50.000000 0.002063 -51.045567 7.439686 52.000000 0.051429
38.215622 65.882957 50.500000 0.004561 36.690269 67.493988 52.000000 0.043253
-39.626953 -1.384161 50.500000 0.021882 -43.510605 -0.338344 52.000000 0.026283
-3.031447 -55.469723 50.000000 0.003027 -2.299078 -53.915974 52.000000 0.046240
24.443541 -66.030945 50.500000 0.025087 24.511976 -65.855560 52.000000 0.025036
-44.662403 18.115255 50.000000 0.010438 -43.045635 17.918085 52.000000 0.039150
44.937271 65.352943 50.000000 0.024872 46.583302 64.147186 52.000000 0.026645
-61.819218 42.322216 50.500000 0.008193 -5.435070 70.021790 52.000000 0.042422
36.121555 22.612288 50.500000 0.008569 34.446239 29.329947 52.000000 0.043881
-10.775882 -14.869827 50.500000 0.004186 -11.376206 -13.248754 52.000000 0.048929
24.736927 11.929857 50.000000 0.002512 27.843464 15.316421 52.000000 0.048168
-35.518662 -44.845581 50.500000 0.002205 -34.682526 -46.674496 52.000000 0.051616
-6.577955 -43.224144 50.500000 0.020627 -4.500422 -41.844131 52.000000 0.023602
2.973294 -28.796200 50.500000 0.022241 1.594401 -28.754997 52.000000 0.023521
30.839495 15.554649 50.500000 0.004513 19.174616 15.372719 52.000000 0.048851
40.821995 13.796101 50.500000 0.033161 42.636951 12.686870 52.000000 0.021378
-64.619301 -59.625324 50.000000 0.004370 -67.503777 -55.101086 52.000000 0.049812
-8.440014 58.148682 50.000000 0.004550 -5.310352 58.871323 52.000000 0.046034
-55.718449 -43.912380 50.500000 0.002747 -57.778458 -44.740318 52.000000 0.053260
-57.772156 8.641254 50.000000 0.003061 -57.391346 12.321088 52.000000 0.047883
21.686958 18.523653 50.000000 0.027318 20.853268 18.516251 52.000000 0.028393
32.498306 -50.060333 50.500000 0.002345 29.281343 -59.096523 52.000000 0.047236
8.696772 -6.471601 50.500000 0.028823 6.934316 -8.715270 52.000000 0.020525
-66.587563 29.172262 50.500000 0.002428 -67.842216 26.613678 52.000000 0.046924
3.518069 -24.215263 50.000000 0.002184 4.499122 -24.411226 52.000000 0.047360
-20.068777 -49.776443 50.500000 0.006593 -17.536276 -49.286308 52.000000 0.043109
4.767612 6.830642 50.500000 0.041409 5.941144 11.064716 52.000000 0.013330
-43.391434 -18.917416 50.000000 0.003032 -45.051861 -16.864321 52.000000 0.045554
60.071510 -15.581751 50.500000 0.002470 59.923267 -16.035624 52.000000 0.056477
48.792664 -55.370914 50.500000 0.003494 42.392052 -58.368568 52.000000 0.044012
-58.497208 -7.415547 50.500000 0.010450 -45.731106 0.724629 52.000000 0.042516
-64.151009 -62.387703 50.000000 0.004657 -60.798286 -62.423782 52.000000 0.047134
8.959608 16.411100 50.500000 0.002397 8.656637 17.941423 52.500000 0.047821
-37.382988 -48.968128 50.000000 0.006213 -36.698360 -47.239422 52.000000 0.044732
44.366825 68.712990 50.500000 0.003354 44.355606 68.244987 52.000000 0.045539
-35.965805 39.957207 50.000000 0.002735 -34.579426 41.823109 52.000000 0.043628
-21.571592 -0.253821 50.500000 0.028515 -23.074202 1.165418 52.000000 0.024571
-49.316940 8.224475 50.500000 0.003591 -48.093143 8.336473 52.000000 0.041537
-37.914921 -61.629360 50.000000 0.007397 -40.077930 -49.529778 52.000000 0.017486
54.366402 -15.646509 50.000000 0.003107 51.508430 -16.131632 52.000000 0.049471
-44.315132 61.940216 50.500000 0.002625 -42.975239 62.239902 52.000000 0.046904
18.730312 50.356548 50.000000 0.002397 18.049023 50.119804 52.000000 0.047377
-34.355839 -15.802759 50.000000 0.007086 -24.913765 -11.005501 52.000000 0.042825
51.204681 -7.394762 50.500000 0.004367 52.910477 -8.136047 52.000000 0.054722
-39.710384 -1.334061 50.000000 0.014069 -35.820107 -2.328274 52.000000 0.035461
31.968372 -12.229937 50.500000 0.031710 31.385677 -14.250087 52.000000 0.017894
55.981548 36.687714 50.000000 0.003450 54.035217 35.875820 52.000000 0.019291
0.471211 -8.237006 50.500000 0.023274 0.339822 -8.605396 52.000000 0.024912
-31.094580 61.683228 50.500000 0.003187 -31.110771 60.329548 52.000000 0.045450
17.202505 32.120556 50.500000 0.004369 16.112650 33.189339 52.000000 0.052285
-4.754229 -38.099438 50.500000 0.024492 -4.515355 -34.645168 52.000000 0.018112
2.493566 -16.638563 50.000000 0.005756 0.487963 -21.090242 52.000000 0.047325
45.168404 20.711212 50.000000 0.003648 44.842850 15.841291 52.000000 0.045142
-33.247894 47.384632 50.000000 0.002136 -33.483631 47.171520 52.000000 0.046558
-38.704227 56.263863 50.500000 0.002829 -43.440586 56.544689 52.000000 0.047241
-52.481770 44.126015 50.500000 0.003419 -53.527370 42.535069 52.000000 0.054539
-41.590511 -11.410208 50.000000 0.022844 -41.993305 -11.846407 52.000000 0.030177
9.444592 -19.413370 50.500000 0.027604 9.530905 -18.643497 52.000000 0.019381
-17.552914 36.678253 50.500000 0.018543 -19.183193 36.059467 52.000000 0.031428
-46.616817 36.090332 50.500000 0.002838 -46.186028 36.326927 52.000000 0.049720
0.985475 13.527243 50.500000 0.002374 -0.867885 12.198560 52.000000 0.045192
-7.336262 2.374537 50.500000 0.002645 -9.964911 3.609723 52.000000 0.047248
7.922619 -9.085946 50.500000 0.028053 5.223927 -7.698532 52.000000 