207.921640 120.515856 64.000000 11.892165 205.624020 120.488860 256.000000 212.208891 23.150007 181.666840 0.000000 145.085277 21.567922 176.472258 256.000000 58.953129 67.955535 81.092058 0.000000 134.109548 65.227665 80.845602 256.000000 65.312254 47.025553 9.945731 64.000000 28.512800 46.104020 13.812593 256.000000 193.914576
208.720402 132.757991 64.000000 9.444031 212.814105 128.834000 256.000000 81.537057 163.926362 126.947280 0.000000 14.572635 165.605542 123.469105 256.000000 211.133261 191.492724 168.850442 64.000000 18.203962 193.725105 172.055884 256.000000 192.116123 20.523984 110.308018 64.000000 24.752398 20.143944 114.559713 256.000000 197.304962
90.184355 10.474920 0.000000 10.997241 92.236256 11.164729 256.000000 200.665230 61.166775 168.671796 64.000000 14.361812 60.079662 173.526369 256.000000 211.860387 133.683147 221.136355 0.000000 10.244300 118.276087 227.504035 256.000000 194.396459 174.903278 21.176567 64.000000 10.988636 173.675767 21.201384 256.000000 208.530237
59.524173 85.556513 0.000000 9.323561 60.073115 82.510020 256.000000 230.881828 34.302567 230.917098 0.000000 11.388770 35.689147 238.341193 256.000000 193.660728 141.588456 12.874309 0.000000 95.124415 142.619491 14.365509 256.000000 107.717891 187.383711 74.939375 64.000000 13.096871 190.615253 75.652349 256.000000 197.184492
134.545671 72.425576 64.000000 15.045912 129.108356 55.219231 256.000000 206.929699 167.600025 210.861869 64.000000 12.610686 164.438440 215.268940 256.000000 226.605123 197.781418 86.381015 0.000000 109.206563 194.190255 99.310925 256.000000 107.274731 33.359560 96.742876 64.000000 22.898011 34.309669 108.463696 256.000000 197.735214
16.562760 86.476558 64.000000 31.275018 17.887056 88.466195 256.000000 182.973268 249.540138 109.603767 0.000000 13.058148 249.329193 108.701193 256.000000 237.843306 37.405898 238.632067 0.000000 13.535728 41.554105 245.257385 256.000000 203.810372 151.722771 37.255149 64.000000 10.790720 144.003318 27.546675 256.000000 223.670805
111.531318 95.241815 64.000000 10.610014 120.705144 100.887827 256.000000 91.351105 68.915278 228.596078 64.000000 10.132435 69.867936 229.532176 256.000000 203.539314 86.531189 178.424024 64.000000 13.858417 90.735898 178.578791 256.000000 209.545632 116.374936 177.389725 64.000000 9.396704 118.096844 180.038491 256.000000 193.338039
95.921805 154.133633 0.000000 121.769921 94.266749 157.160187 256.000000 90.525021 173.335173 135.428471 64.000000 9.095527 174.199975 133.823976 256.000000 197.816962 8.132598 233.497645 0.000000 25.475221 14.360911 232.147755 256.000000 182.332193 14.560655 31.202389 0.000000 29.394817 16.897185 29.934204 256.000000 189.801367
118.125504 162.471529 64.000000 137.960304 130.996887 153.360295 256.000000 72.708285 42.962713 136.743076 64.000000 28.719321 37.453320 138.886555 256.000000 175.508396 4.358920 111.845691 0.000000 30.078917 12.715944 117.574471 256.000000 169.854885 54.015764 241.543860 0.000000 120.973955 56.489207 240.743107 256.000000 75.152117
82.368418 169.460762 64.000000 24.481339 86.075749 167.419709 256.000000 185.133133 201.859475 134.972440 0.000000 35.926042 186.218162 146.048709 256.000000 177.487555 233.513660 110.890020 64.000000 101.139338 238.338058 108.770485 256.000000 115.066595 43.318513 140.129598 0.000000 31.739690 53.845184 149.291367 256.000000 188.669805
140.611302 40.246585 0.000000 20.841407 137.933389 41.819331 256.000000 192.107518 137.378596 211.961882 0.000000 15.910719 137.903596 204.043993 256.000000 92.039508 226.534033 48.554949 0.000000 11.328535 214.756820 39.236760 256.000000 189.254947 43.950893 231.917805 0.000000 14.942652 45.933418 226.444055 256.000000 167.213137
138.977135 54.118824 0.000000 123.998626 140.677225 56.777278 256.000000 100.661758 46.336951 123.470264 64.000000 9.495662 46.530940 122.776953 256.000000 210.948253 229.234853 216.945431 0.000000 122.299131 224.020120 220.642038 256.000000 91.006903 58.990927 144.966595 0.000000 17.257408 58.639807 154.182576 256.000000 194.095282
103.742980 162.793518 64.000000 16.926114 109.027527 155.401878 256.000000 200.716861 95.202984 187.218098 64.000000 18.956903 96.591295 184.153873 256.000000 212.350875 78.111542 50.896520 0.000000 25.698952 75.361700 59.204384 256.000000 183.110949 200.731213 129.982771 64.000000 11.018754 198.403380 126.720024 256.000000 210.031816
120.102793 247.039362 64.000000 25.931288 102.958035 239.790376 256.000000 185.593503 126.036871 80.599625 0.000000 148.880100 124.423707 81.257075 256.000000 95.416986 149.360193 214.373645 64.000000 122.544375 153.206451 216.714420 256.000000 87.022770 99.972575 118.454182 0.000000 26.202347 99.641604 104.795904 256.000000 205.200086
214.521509 206.474287 0.000000 10.493846 211.862895 209.354842 320.000000 240.390397 78.072396 111.849969 64.000000 13.746551 83.406095 108.961713 320.000000 209.373531 207.672511 42.004856 64.000000 116.245485 202.323335 48.540785 256.000000 111.207234 58.555191 136.778109 0.000000 31.713875 59.761176 139.521140 256.000000 185.511755
104.377751 247.723760 64.000000 12.782787 99.885347 255.482896 256.000000 89.174030 93.090300 138.582740 0.000000 24.455524 102.109705 135.237824 256.000000 184.109133 61.751284 126.821953 64.000000 9.383796 35.891825 146.997511 256.000000 203.526406 227.326124 125.038980 64.000000 124.880643 226.431569 125.453084 256.000000 80.482939
79.329495 115.573365 0.000000 10.915493 67.162133 117.182275 256.000000 193.656425 75.874475 122.499064 0.000000 13.518518 70.382951 132.574898 256.000000 66.331951 57.506864 252.770495 0.000000 32.578681 57.327225 246.029771 256.000000 175.908530 90.191502 164.347109 0.000000 33.310110 85.721225 166.396642 256.000000 201.478407
24.707071 178.003513 0.000000 149.138251 18.862024 183.425998 256.000000 67.041867 192.402327 48.638476 64.000000 23.414314 198.367078 64.295325 256.000000 151.810116 93.490396 126.579429 0.000000 15.747223 78.798624 124.111465 256.000000 69.928858 108.348242 222.563287 64.000000 12.115896 110.101244 225.615376 256.000000 203.862003
51.666355 16.537445 64.000000 22.648465 49.685887 18.125358 256.000000 206.710271 122.166593 91.982329 0.000000 8.983662 126.091433 78.979573 256.000000 209.192825 53.106049 5.737482 64.000000 10.222788 51.796893 6.191944 256.000000 219.123041 228.997107 57.795387 64.000000 20.359525 223.761518 64.921942 256.000000 176.347387
38.818669 156.761129 64.000000 9.646250 36.711887 155.956625 256.000000 87.853156 121.053355 178.674647 0.000000 120.126358 128.182709 205.796042 256.000000 94.797423 120.265156 210.820553 0.000000 118.943165 119.880464 212.331124 256.000000 117.381351 94.715278 254.489493 64.000000 13.075358 95.344722 254.236878 256.000000 184.926612
114.614985 163.957065 0.000000 12.662316 117.234200 166.170249 256.000000 216.984689 65.906425 91.246647 0.000000 96.815305 66.389060 91.336033 256.000000 116.869351 199.715858 134.900362 64.000000 12.275090 197.197762 135.903925 256.000000 99.134363 68.713162 31.675031 64.000000 14.891022 82.627116 21.388567 256.000000 181.398546
56.795735 124.736029 0.000000 10.029174 57.119498 126.598789 256.000000 203.788860 32.689602 3.807953 64.000000 11.917980 30.714358 5.210540 256.000000 234.607811 96.559200 161.297522 64.000000 10.205577 94.402827 163.421025 256.000000 207.364254 66.570064 254.300104 0.000000 15.407324 67.847267 252.243775 256.000000 178.403992
238.684918 66.272893 64.000000 106.792849 237.060689 67.095091 256.000000 114.180276 40.723867 202.113756 64.000000 10.541174 41.248318 204.482405 256.000000 188.889233 118.481664 236.166713 0.000000 15.738618 118.962604 230.541782 256.000000 205.768019 123.899278 162.812196 64.000000 18.483626 123.599409 161.549891 256.000000 214.183748
51.605416 179.267233 0.000000 113.410125 52.231456 177.721784 256.000000 90.602466 99.167975 235.644611 64.000000 12.167527 102.007833 234.687913 256.000000 199.047483 110.709509 99.010093 0.000000 113.177789 111.387358 99.402262 256.000000 102.593589 148.215844 160.867935 64.000000 136.424304 156.303560 160.640829 256.000000 62.098271
230.116220 226.933522 64.000000 18.965508 228.848409 236.472700 256.000000 181.230747 117.374749 46.395898 0.000000 16.508769 115.653896 47.783151 256.000000 212.187379 220.302995 65.487938 64.000000 80.177460 225.377853 76.163273 256.000000 160.006416 0.721127 77.206644 0.000000 15.261038 1.945687 76.416100 256.000000 234.663743
90.230295 243.264296 0.000000 109.744378 88.857905 241.578782 256.000000 89.617189 109.458771 115.996800 0.000000 12.787089 109.392918 118.961160 256.000000 209.816690 39.462971 88.447269 64.000000 130.112507 41.683104 87.529707 256.000000 77.075343 245.433222 250.335718 64.000000 11.720064 244.734716 250.350269 256.000000 207.493330
238.964695 165.361322 64.000000 121.223501 232.041484 193.137100 256.000000 95.404078 212.799513 95.931467 64.000000 12.761274 216.959558 92.435009 256.000000 205.866977 126.351545 176.474876 0.000000 9.211695 130.944236 184.380158 256.000000 223.081359 21.983285 19.978031 64.000000 95.507339 21.011558 20.752742 256.000000 97.637086
115.087240 225.746111 0.000000 9.263326 125.835213 229.163969 256.000000 209.494001 98.110540 109.652627 0.000000 13.811089 98.956722 108.090813 256.000000 209.261665 228.691007 58.980704 64.000000 122.591702 234.560267 65.882656 256.000000 96.600179 140.046967 88.604231 0.000000 21.056533 142.423480 93.269304 256.000000 185.081503
220.499798 127.834685 64.000000 24.218885 183.548962 123.193540 256.000000 55.795079 157.772280 52.857691 64.000000 17.446719 155.548125 57.175644 256.000000 207.876254 10.864962 15.740853 0.000000 9.740905 10.264322 18.107705 256.000000 185.395587 63.946240 26.561900 64.000000 25.027759 71.937233 17.569265 256.000000 219.794234
159.792336 169.067775 64.000000 92.129861 158.431816 171.289795 256.000000 117.992308 54.228964 148.420447 0.000000 31.593404 56.218571 143.934947 256.000000 206.181061 117.217575 116.044989 0.000000 14.163896 128.085389 122.372967 256.000000 198.492458 69.948024 18.117271 0.000000 19.189239 70.332993 18.773164 256.000000 195.278475
16.546933 3.620658 0.000000 23.526179 5.678111 19.521211 256.000000 60.803213 174.420829 42.127433 64.000000 14.026215 177.083640 42.098080 256.000000 216.550134 167.019135 74.960751 64.000000 185.374074 166.692524 78.081905 256.000000 55.554138 212.829511 25.061644 64.000000 16.560399 188.181580 5.348965 256.000000 79.054502
2.088578 53.219442 64.000000 8.725511 3.418049 48.241144 256.000000 201.005129 34.315384 210.574511 0.000000 28.538615 50.274385 210.641747 256.000000 216.128487 225.659947 84.937735 0.000000 19.572163 220.020653 84.536736 256.000000 192.150543 24.125967 96.386705 64.000000 21.284566 24.495625 99.890305 256.000000 215.964991
