245.433222 250.335718 64.000000 11.720064 244.734716 250.350269 256.000000 207.493330 97.474809 103.131996 64.000000 11.302720 97.822589 103.496960 256.000000 207.114708 112.543700 54.464878 0.000000 32.535656 115.302149 58.588038 256.000000 168.839490 222.919920 249.300729 64.000000 29.429237 217.902482 248.464422 256.000000 187.224158
207.921640 120.515856 64.000000 11.892165 205.624020 120.488860 256.000000 212.208891 33.359560 96.742876 64.000000 22.898011 34.309669 108.463696 256.000000 197.735214 160.797245 166.462993 64.000000 80.706670 161.619367 168.350495 256.000000 114.752511 21.983285 19.978031 64.000000 95.507339 21.011558 20.752742 256.000000 97.637086
95.202984 187.218098 64.000000 18.956903 96.591295 184.153873 256.000000 212.350875 174.420829 42.127433 64.000000 14.026215 177.083640 42.098080 256.000000 216.550134 252.124867 173.881795 0.000000 113.767234 255.197322 183.973564 256.000000 96.952986 58.990927 144.966595 0.000000 17.257408 58.639807 154.182576 256.000000 194.095282
103.092433 210.452635 64.000000 24.020969 90.626964 205.382091 256.000000 185.124528 40.723867 202.113756 64.000000 10.541174 41.248318 204.482405 256.000000 188.889233 141.588456 12.874309 0.000000 95.124415 142.619491 14.365509 256.000000 107.717891 140.611302 40.246585 0.000000 20.841407 137.933389 41.819331 256.000000 192.107518
187.074360 45.883218 64.000000 14.280064 188.072409 48.614347 256.000000 199.043180 68.459055 19.514415 0.000000 28.517103 70.338902 22.792487 256.000000 177.186379 84.369522 65.755911 0.000000 13.221644 79.113260 73.044844 256.000000 205.225901 56.795735 124.736029 0.000000 10.029174 57.119498 126.598789 256.000000 203.788860
38.924620 65.836484 0.000000 8.957847 37.826182 67.042816 256.000000 235.898567 123.741136 212.559853 0.000000 11.935190 100.305649 194.765235 256.000000 212.983345 37.405898 238.632067 0.000000 13.535728 41.554105 245.257385 256.000000 203.810372 238.684918 66.272893 64.000000 106.792849 237.060689 67.095091 256.000000 114.180276
61.751284 126.821953 64.000000 9.383796 35.891825 146.997511 256.000000 203.526406 99.972575 118.454182 0.000000 26.202347 99.641604 104.795904 256.000000 205.200086 99.167975 235.644611 64.000000 12.167527 102.007833 234.687913 256.000000 199.047483 201.859475 134.972440 0.000000 35.926042 186.218162 146.048709 256.000000 177.487555
197.781418 86.381015 0.000000 109.206563 194.190255 99.310925 256.000000 107.274731 34.302567 230.917098 0.000000 11.388770 35.689147 238.341193 256.000000 193.660728 234.792304 206.286209 64.000000 16.362484 234.071784 205.520329 256.000000 202.175415 138.722545 96.636333 64.000000 19.946483 111.332093 115.763353 256.000000 199.000155
137.378596 211.961882 0.000000 15.910719 137.903596 204.043993 256.000000 92.039508 100.811604 90.118798 64.000000 16.878786 98.489842 94.847520 256.000000 198.681769 234.182855 45.198404 64.000000 35.302177 233.199487 52.095756 256.000000 207.820321 221.311538 129.320875 64.000000 19.004231 215.297127 126.862582 256.000000 176.915320
208.720402 132.757991 64.000000 9.444031 212.814105 128.834000 256.000000 81.537057 143.714991 224.201242 64.000000 134.505380 146.037744 225.031451 256.000000 95.012549 151.230278 155.670649 64.000000 14.878114 152.709655 158.826825 256.000000 187.348931 10.696533 67.485127 64.000000 18.500836 12.492909 66.957104 256.000000 210.875110
116.374936 177.389725 64.000000 9.396704 118.096844 180.038491 256.000000 193.338039 35.338584 38.165156 64.000000 113.182091 33.539627 44.225753 256.000000 94.311238 95.921805 154.133633 0.000000 121.769921 94.266749 157.160187 256.000000 90.525021 175.343216 125.839540 64.000000 12.933375 173.961598 123.890864 256.000000 205.101128
153.887587 124.005211 0.000000 16.771223 156.387636 129.214004 256.000000 200.669533 46.123655 60.954713 0.000000 90.925155 44.328355 60.678515 256.000000 100.003472 226.534033 48.554949 0.000000 11.328535 214.756820 39.236760 256.000000 189.254947 29.920111 89.096558 64.000000 22.919524 40.747449 84.852695 256.000000 60.041667
2.088578 53.219442 64.000000 8.725511 3.418049 48.241144 256.000000 201.005129 85.700045 203.733476 64.000000 102.795808 88.122255 207.139398 256.000000 104.753454 87.200887 21.267913 64.000000 18.298618 114.129540 11.321520 256.000000 192.434510 59.720720 173.316624 0.000000 18.165239 66.412698 178.306733 256.000000 195.308593
133.296696 208.740669 0.000000 17.175660 130.680502 208.156153 256.000000 185.675251 28.517918 83.244224 64.000000 10.145342 25.779680 84.431562 256.000000 227.327947 188.401369 15.971115 0.000000 15.760131 147.822136 3.875120 256.000000 186.432494 90.230295 243.264296 0.000000 109.744378 88.857905 241.578782 256.000000 89.617189
159.792336 169.067775 64.000000 92.129861 158.431816 171.289795 256.000000 117.992308 93.490396 126.579429 0.000000 15.747223 78.798624 124.111465 256.000000 69.928858 117.217575 116.044989 0.000000 14.163896 128.085389 122.372967 256.000000 198.492458 94.715278 254.489493 64.000000 13.075358 95.344722 254.236878 256.000000 184.926612
55.785367 170.227527 64.000000 89.767777 56.085985 173.701151 256.000000 130.284608 155.062613 237.964391 64.000000 9.099830 159.327824 240.761418 256.000000 206.477935 16.546933 3.620658 0.000000 23.526179 5.678111 19.521211 256.000000 60.803213 134.545671 72.425576 64.000000 15.045912 129.108356 55.219231 256.000000 206.929699
232.094329 58.880265 0.000000 16.633542 234.700758 69.829504 256.000000 193.699450 164.180885 135.101684 64.000000 13.608871 166.100440 174.166749 256.000000 207.600893 171.894567 87.154809 64.000000 18.586886 167.932545 83.770465 256.000000 118.293485 51.666355 16.537445 64.000000 22.648465 49.685887 18.125358 256.000000 206.710271
149.360193 214.373645 64.000000 122.544375 153.206451 216.714420 256.000000 87.022770 126.222840 104.948209 64.000000 12.929073 125.679071 106.394916 256.000000 216.274773 133.949785 90.563653 0.000000 13.544333 130.034409 92.319891 256.000000 205.978842 67.955535 81.092058 0.000000 134.109548 65.227665 80.845602 256.000000 65.312254
168.434691 209.478882 64.000000 28.895724 157.336880 186.376936 256.000000 179.156933 250.073475 157.929865 64.000000 15.157778 249.270349 157.689445 256.000000 201.551549 245.613484 154.941987 64.000000 16.465744 244.361680 152.633927 320.000000 214.527950 39.462971 88.447269 64.000000 130.112507 41.683104 87.529707 256.000000 77.075343
153.519611 113.826876 64.000000 18.457811 148.628027 116.345344 256.000000 222.909259 8.389238 142.159835 64.000000 138.678825 6.695124 144.514056 256.000000 70.337597 65.585358 185.060502 64.000000 21.181306 70.558538 185.451689 256.000000 217.010504 4.358920 111.845691 0.000000 30.078917 12.715944 117.574471 256.000000 169.854885
24.707071 178.003513 0.000000 149.138251 18.862024 183.425998 256.000000 67.041867 78.490231 165.637838 64.000000 22.549507 82.896753 172.844867 256.000000 56.431852 201.910105 81.610156 0.000000 14.327392 194.799747 78.740298 256.000000 204.877397 121.053355 178.674647 0.000000 120.126358 128.182709 205.796042 256.000000 94.797423
109.088009 162.310011 64.000000 12.072871 109.360593 161.535225 256.000000 210.647077 229.234853 216.945431 0.000000 122.299131 224.020120 220.642038 256.000000 91.006903 162.217896 48.405307 64.000000 14.959862 161.194255 50.511722 256.000000 181.635184 203.524895 208.211140 64.000000 17.808130 195.731982 204.912696 256.000000 217.737630
159.823522 58.273631 64.000000 92.577323 159.202140 59.451562 256.000000 133.296372 216.983660 102.090513 0.000000 17.119727 205.979840 38.148960 256.000000 187.985704 186.869664 46.697356 64.000000 115.754998 188.923760 47.444033 256.000000 94.233793 97.464493 230.807313 64.000000 11.126317 86.357551 238.376851 256.000000 230.942064
249.540138 109.603767 0.000000 13.058148 249.329193 108.701193 256.000000 237.843306 93.640085 185.511042 0.000000 12.636501 97.475462 190.599285 256.000000 207.949397 116.773058 209.419082 0.000000 136.721178 117.373733 212.778900 256.000000 75.182234 220.499798 127.834685 64.000000 24.218885 183.548962 123.193540 256.000000 55.795079
93.090300 138.582740 0.000000 24.455524 102.109705 135.237824 256.000000 184.109133 133.284456 102.098422 0.000000 130.082390 132.200309 106.919251 256.000000 102.344043 22.293920 245.510071 64.000000 11.281207 22.593715 245.815607 256.000000 183.752024 180.608198 24.525033 0.000000 15.484769 182.622338 26.193747 256.000000 199.959617
133.683147 221.136355 0.000000 10.244300 118.276087 227.504035 256.000000 194.396459 132.958689 17.975967 64.000000 10.265813 112.042307 5.536913 256.000000 196.767147 150.692440 212.948071 64.000000 15.837576 150.799382 211.085529 256.000000 67.803413 47.025553 9.945731 64.000000 28.512800 46.104020 13.812593 256.000000 193.914576
111.825142 204.118795 64.000000 10.751997 115.189913 212.167147 256.000000 35.306479 121.076476 56.954578 64.000000 108.169655 125.443144 50.428727 256.000000 113.861889 75.709320 92.691658 0.000000 20.535928 53.311238 94.531411 256.000000 204.748322 228.691007 58.980704 64.000000 122.591702 234.560267 65.882656 256.000000 96.600179
127.821567 3.187198 64.000000 25.582784 123.718900 4.950171 256.000000 199.925197 145.423909 4.227362 0.000000 40.138209 143.042813 13.441680 256.000000 179.815218 152.221976 89.980396 0.000000 58.509969 143.476416 92.024256 256.000000 164.958617 73.329167 37.991260 0.000000 100.541287 75.379269 42.600831 256.000000 83.937863
53.106049 5.737482 64.000000 10.222788 51.796893 6.191944 256.000000 219.123041 81.282945 215.306429 64.000000 14.185408 78.607102 206.375404 256.000000 187.314511 169.730718 34.572869 64.000000 101.380279 173.108202 46.070284 256.000000 109.447504 202.810320 161.768664 0.000000 18.251290 201.332902 163.788238 256.000000 214.347244
152.828687 102.044782 0.000000 11.870653 152.910689 107.181869 256.000000 163.039693 84.257335 204.940751 64.000000 25.655927 97.855998 192.751718 256.000000 216.421059 98.423805 195.920949 64.000000 11.311325 97.021024 192.995047 256.000000 101.229691 90.188367 90.780185 64.000000 116.649922 78.242493 94.671064 256.000000 90.167912
46.336951 123.470264 64.000000 9.495662 46.530940 122.776953 256.000000 210.948253 173.335173 135.428471 64.000000 9.095527 174.199975 133.823976 256.000000 197.816962 188.230096 115.542429 64.000000 116.809115 186.916349 117.678238 256.000000 89.440786 124.978236 155.722385 64.000000 19.821710 124.644605 153.091684 256.000000 193.316526
90.107551 158.975647 0.000000 19.542046 96.577451 157.645836 256.000000 197.352290 248.348636 96.702278 0.000000 15.777341 248.420476 102.160269 256.000000 176.833572 89.178204 89.275618 0.000000 13.574451 92.562565 84.510685 256.000000 198.333264 28.826284 186.126398 64.000000 30.061707 29.460655 188.102296 256.000000 184.113436
