245.028184 214.869749 0.000000 13.798182 247.549296 205.681711 256.000000 172.040565 120.102793 247.039362 64.000000 25.931288 102.958035 239.790376 256.000000 185.593503 182.230180 52.384765 0.000000 23.354079 176.342851 54.115273 256.000000 190.524191 79.329495 115.573365 0.000000 10.915493 67.162133 117.182275 256.000000 193.656425
66.998925 183.885605 0.000000 28.573035 82.612707 183.061195 256.000000 60.459011 97.464493 230.807313 64.000000 11.126317 86.357551 238.376851 256.000000 230.942064 157.772280 52.857691 64.000000 17.446719 155.548125 57.175644 256.000000 207.876254 22.643727 102.305793 64.000000 152.266183 24.749087 104.316416 256.000000 69.588958
21.983285 19.978031 64.000000 95.507339 21.011558 20.752742 256.000000 97.637086 61.946200 136.848462 0.000000 49.074543 65.389000 137.963238 256.000000 180.086277 89.178204 89.275618 0.000000 13.574451 92.562565 84.510685 256.000000 198.333264 2.088578 53.219442 64.000000 8.725511 3.418049 48.241144 256.000000 201.005129
138.818947 70.108675 64.000000 136.975027 134.615098 74.287298 256.000000 76.563343 96.559200 161.297522 64.000000 10.205577 94.402827 163.421025 256.000000 207.364254 175.343216 125.839540 64.000000 12.933375 173.961598 123.890864 256.000000 205.101128 234.182855 45.198404 64.000000 35.302177 233.199487 52.095756 256.000000 207.820321
54.015764 241.543860 0.000000 120.973955 56.489207 240.743107 256.000000 75.152117 182.874947 149.010456 64.000000 12.937678 180.870962 149.412949 256.000000 128.180676 65.585358 185.060502 64.000000 21.181306 70.558538 185.451689 256.000000 217.010504 220.302995 65.487938 64.000000 80.177460 225.377853 76.163273 256.000000 160.006416
22.599145 146.912235 0.000000 35.414042 38.432295 153.355687 256.000000 215.995109 152.492729 162.425600 0.000000 99.241926 153.302873 163.024515 256.000000 143.493345 75.874475 122.499064 0.000000 13.518518 70.382951 132.574898 256.000000 66.331951 180.608198 24.525033 0.000000 15.484769 182.622338 26.193747 256.000000 199.959617
90.191502 164.347109 0.000000 33.310110 85.721225 166.396642 256.000000 201.478407 68.713162 31.675031 64.000000 14.891022 82.627116 21.388567 256.000000 181.398546 114.614985 163.957065 0.000000 12.662316 117.234200 166.170249 256.000000 216.984689 109.088009 162.310011 64.000000 12.072871 109.360593 161.535225 256.000000 210.647077
110.709509 99.010093 0.000000 113.177789 111.387358 99.402262 256.000000 102.593589 34.315384 210.574511 0.000000 28.538615 50.274385 210.641747 256.000000 216.128487 132.013005 47.750387 64.000000 31.193270 131.484416 51.778645 256.000000 192.804526 229.314809 212.918518 64.000000 15.084635 229.764998 209.956544 256.000000 181.385638
233.513660 110.890020 64.000000 101.139338 238.338058 108.770485 256.000000 115.066595 14.560655 31.202389 0.000000 29.394817 16.897185 29.934204 256.000000 189.801367 123.741136 212.559853 0.000000 11.935190 100.305649 194.765235 256.000000 212.983345 153.519611 113.826876 64.000000 18.457811 148.628027 116.345344 256.000000 222.909259
26.481251 7.239933 0.000000 13.445375 26.830344 6.762984 256.000000 205.591616 122.442111 169.974602 0.000000 66.142640 124.610716 189.195796 256.000000 145.377848 75.594691 180.414907 64.000000 9.814048 72.618413 177.636618 256.000000 217.815075 33.359560 96.742876 64.000000 22.898011 34.309669 108.463696 256.000000 197.735214
126.036871 80.599625 0.000000 148.880100 124.423707 81.257075 256.000000 95.416986 151.153195 87.419549 64.000000 9.289141 146.475176 89.328355 256.000000 210.173799 112.971042 181.264580 0.000000 13.647593 108.215315 179.900100 256.000000 193.785501 189.677475 197.861971 0.000000 18.345945 160.042378 224.665060 256.000000 203.306978
187.475847 110.591407 0.000000 17.537072 190.886067 111.025135 256.000000 67.007446 106.856755 23.424840 0.000000 11.763090 114.803773 22.472247 256.000000 208.379649 38.924620 65.836484 0.000000 8.957847 37.826182 67.042816 256.000000 235.898567 221.311538 129.320875 64.000000 19.004231 215.297127 126.862582 256.000000 176.915320
98.110540 109.652627 0.000000 13.811089 98.956722 108.090813 256.000000 209.261665 136.447960 190.502227 0.000000 11.956703 137.211071 190.797685 256.000000 217.879613 51.666355 16.537445 64.000000 22.648465 49.685887 18.125358 256.000000 206.710271 37.405898 238.632067 0.000000 13.535728 41.554105 245.257385 256.000000 203.810372
162.282722 85.164320 64.000000 35.775454 144.805676 92.440505 256.000000 174.368228 82.368418 169.460762 64.000000 24.481339 86.075749 167.419709 256.000000 185.133133 90.725871 108.002889 64.000000 18.617004 91.366349 110.449578 256.000000 186.927284 124.536435 198.939324 0.000000 12.907560 121.580927 198.781507 256.000000 214.231076
113.664762 166.325938 0.000000 109.142025 101.648018 163.104776 256.000000 93.153861 93.640085 185.511042 0.000000 12.636501 97.475462 190.599285 256.000000 207.949397 16.586987 58.205625 0.000000 10.020569 16.377915 59.717731 256.000000 199.735886 145.423909 4.227362 0.000000 40.138209 143.042813 13.441680 256.000000 179.815218
167.448100 21.199691 64.000000 21.744936 165.768451 29.799615 256.000000 162.975155 203.778642 146.829187 0.000000 149.766419 210.125862 146.534382 256.000000 69.619076 238.684918 66.272893 64.000000 106.792849 237.060689 67.095091 256.000000 114.180276 222.919920 249.300729 64.000000 29.429237 217.902482 248.464422 256.000000 187.224158
138.977135 54.118824 0.000000 123.998626 140.677225 56.777278 256.000000 100.661758 49.328478 186.648709 64.000000 20.514415 57.836405 195.583584 256.000000 194.017837 160.797245 166.462993 64.000000 80.706670 161.619367 168.350495 256.000000 114.752511 53.106049 5.737482 64.000000 10.222788 51.796893 6.191944 256.000000 219.123041
77.098944 156.710387 64.000000 12.774182 76.843040 159.242464 256.000000 208.284993 212.829511 25.061644 64.000000 16.560399 188.181580 5.348965 256.000000 79.054502 174.213969 82.262793 64.000000 34.101774 172.218296 85.802495 256.000000 196.900525 90.188367 90.780185 64.000000 116.649922 78.242493 94.671064 256.000000 90.167912
22.293920 245.510071 64.000000 11.281207 22.593715 245.815607 256.000000 183.752024 167.019135 74.960751 64.000000 185.374074 166.692524 78.081905 256.000000 55.554138 99.972575 118.454182 0.000000 26.202347 99.641604 104.795904 256.000000 205.200086 139.624756 33.022673 64.000000 11.014451 137.880753 33.801031 256.000000 179.767891
94.715278 254.489493 64.000000 13.075358 95.344722 254.236878 256.000000 184.926612 242.173515 65.705044 0.000000 16.289341 245.692844 68.182911 320.000000 220.099713 220.499798 127.834685 64.000000 24.218885 183.548962 123.193540 256.000000 55.795079 43.950893 231.917805 0.000000 14.942652 45.933418 226.444055 256.000000 167.213137
116.374936 177.389725 64.000000 9.396704 118.096844 180.038491 256.000000 193.338039 23.150007 181.666840 0.000000 145.085277 21.567922 176.472258 256.000000 58.953129 140.046967 88.604231 0.000000 21.056533 142.423480 93.269304 256.000000 185.081503 38.818669 156.761129 64.000000 9.646250 36.711887 155.956625 256.000000 87.853156
186.869664 46.697356 64.000000 115.754998 188.923760 47.444033 256.000000 94.233793 191.492724 168.850442 64.000000 18.203962 193.725105 172.055884 256.000000 192.116123 24.707071 178.003513 0.000000 149.138251 18.862024 183.425998 256.000000 67.041867 85.168773 74.347480 64.000000 11.362955 86.295680 75.025673 256.000000 206.856557
111.465358 175.292307 64.000000 37.840663 111.538616 158.656700 256.000000 76.107276 116.474693 119.781580 64.000000 22.175188 120.756922 115.891156 256.000000 192.344157 133.284456 102.098422 0.000000 130.082390 132.200309 106.919251 256.000000 102.344043 16.562760 86.476558 64.000000 31.275018 17.887056 88.466195 256.000000 182.973268
74.839811 157.575198 0.000000 112.399032 68.164775 159.731335 256.000000 101.823438 150.045691 62.393678 64.000000 9.129947 152.833551 61.345295 256.000000 215.844521 136.169015 144.135193 0.000000 17.240198 131.789578 145.444027 256.000000 203.479078 187.074360 45.883218 64.000000 14.280064 188.072409 48.614347 256.000000 199.043180
241.839145 106.485720 64.000000 128.985247 241.591080 106.474611 256.000000 80.164553 174.463238 219.307540 0.000000 26.520733 165.470245 202.568433 256.000000 174.105774 103.092433 210.452635 64.000000 24.020969 90.626964 205.382091 256.000000 185.124528 197.814980 167.775727 0.000000 11.319930 194.988962 171.731731 256.000000 102.675337
137.922189 110.205585 64.000000 117.179132 151.506405 100.844236 256.000000 98.390027 31.369245 46.101327 64.000000 15.570820 33.160127 41.529711 256.000000 191.857972 73.329167 37.991260 0.000000 100.541287 75.379269 42.600831 256.000000 83.937863 133.683147 221.136355 0.000000 10.244300 118.276087 227.504035 256.000000 194.396459
74.499440 166.311515 64.000000 19.292500 76.548418 170.647220 256.000000 115.152645 207.672511 42.004856 64.000000 116.245485 202.323335 48.540785 256.000000 111.207234 129.028920 53.567425 64.000000 11.418888 128.202825 52.355060 256.000000 203.887818 122.166593 91.982329 0.000000 8.983662 126.091433 78.979573 256.000000 209.192825
169.730718 34.572869 64.000000 101.380279 173.108202 46.070284 256.000000 109.447504 152.828687 102.044782 0.000000 11.870653 152.910689 107.181869 256.000000 163.039693 20.523984 110.308018 64.000000 24.752398 20.143944 114.559713 256.000000 197.304962 116.773058 209.419082 0.000000 136.721178 117.373733 212.778900 256.000000 75.182234
150.058915 72.990751 0.000000 9.332166 152.679696 73.230245 256.000000 208.087077 254.364885 168.884382 64.000000 28.009405 240.690527 164.664769 256.000000 94.991037 54.228964 148.420447 0.000000 31.593404 56.218571 143.934947 256.000000 206.181061 233.930647 131.811729 0.000000 10.136737 231.127560 137.133085 256.000000 210.453463
117.217575 116.044989 0.000000 14.163896 128.085389 122.372967 256.000000 198.492458 111.437642 114.789576 0.000000 24.055389 115.026118 115.955567 256.000000 186.630410 43.270698 76.784184 64.000000 26.301305 45.713540 76.828704 256.000000 183.777839 78.490231 165.637838 64.000000 22.549507 82.896753 172.844867 256.000000 56.431852
126.222840 104.948209 64.000000 12.929073 125.679071 106.394916 256.000000 216.274773 0.997145 204.040171 0.000000 34.514815 3.380485 195.896076 256.000000 198.367685 51.814336 212.914371 64.000000 29.515287 65.772175 168.512445 256.000000 202.846608 208.720402 132.757991 64.000000 9.444031 212.814105 128.834000 256.000000 81.537057
140.611302 40.246585 0.000000 20.841407 137.933389 41.819331 256.000000 192.107518 130.090449 230.499687 64.000000 10.085107 127.959273 227.845116 256.000000 202.515314 163.381667 69.096149 64.000000 134.492473 159.799080 65.161193 256.000000 83.503308 26.362913 55.813715 0.000000 107.765218 19.586373 55.841784 256.000000 99.177389
