48.603956 213.608133 64.000000 18.139424 44.732885 212.970120 256.000000 203.612456 175.494171 220.475475 0.000000 19.365643 188.039020 208.732067 256.000000 186.466914 152.828687 102.044782 0.000000 11.870653 152.910689 107.181869 256.000000 163.039693 78.072396 111.849969 64.000000 13.746551 83.406095 108.961713 320.000000 209.373531
167.019135 74.960751 64.000000 185.374074 166.692524 78.081905 256.000000 55.554138 68.713162 31.675031 64.000000 14.891022 82.627116 21.388567 256.000000 181.398546 227.949007 221.423336 0.000000 18.935391 244.355645 207.258020 256.000000 89.036349 86.531189 178.424024 64.000000 13.858417 90.735898 178.578791 256.000000 209.545632
78.111542 50.896520 0.000000 25.698952 75.361700 59.204384 256.000000 183.110949 159.005491 168.138369 64.000000 8.613645 161.900642 168.858342 256.000000 194.430879 150.692440 212.948071 64.000000 15.837576 150.799382 211.085529 256.000000 67.803413 111.437642 114.789576 0.000000 24.055389 115.026118 115.955567 256.000000 186.630410
232.094329 58.880265 0.000000 16.633542 234.700758 69.829504 256.000000 193.699450 159.823522 58.273631 64.000000 92.577323 159.202140 59.451562 256.000000 133.296372 2.088578 53.219442 64.000000 8.725511 3.418049 48.241144 256.000000 201.005129 192.402327 48.638476 64.000000 23.414314 198.367078 64.295325 256.000000 151.810116
227.326124 125.038980 64.000000 124.880643 226.431569 125.453084 256.000000 80.482939 23.033076 203.947965 64.000000 25.531154 22.917853 200.737815 256.000000 223.976284 138.818947 70.108675 64.000000 136.975027 134.615098 74.287298 256.000000 76.563343 46.261969 89.407735 0.000000 11.078989 54.579431 81.572987 256.000000 202.786373
22.293920 245.510071 64.000000 11.281207 22.593715 245.815607 256.000000 183.752024 173.335173 135.428471 64.000000 9.095527 174.199975 133.823976 256.000000 197.816962 84.718225 71.467907 64.000000 105.613958 84.815244 78.540965 256.000000 114.322259 99.167975 235.644611 64.000000 12.167527 102.007833 234.687913 256.000000 199.047483
10.058162 183.537178 64.000000 9.818351 19.189902 181.222060 256.000000 210.896623 212.829511 25.061644 64.000000 16.560399 188.181580 5.348965 256.000000 79.054502 31.772700 154.398233 64.000000 26.374448 29.838095 157.688922 256.000000 186.432494 138.977135 54.118824 0.000000 123.998626 140.677225 56.777278 256.000000 100.661758
34.302567 230.917098 0.000000 11.388770 35.689147 238.341193 256.000000 193.660728 233.930647 131.811729 0.000000 10.136737 231.127560 137.133085 256.000000 210.453463 118.367900 198.456404 64.000000 14.379022 117.762829 196.293880 256.000000 212.109933 85.168773 74.347480 64.000000 11.362955 86.295680 75.025673 256.000000 206.856557
164.180885 135.101684 64.000000 13.608871 166.100440 174.166749 256.000000 207.600893 164.872585 137.206465 0.000000 14.422047 167.321022 140.714856 256.000000 188.291183 33.359560 96.742876 64.000000 22.898011 34.309669 108.463696 256.000000 197.735214 226.612136 70.407938 0.000000 9.246115 230.269100 75.995922 256.000000 210.844993
180.608198 24.525033 0.000000 15.484769 182.622338 26.193747 256.000000 199.959617 16.015275 197.320631 64.000000 29.162481 16.225480 195.014431 256.000000 172.707455 148.215844 160.867935 64.000000 136.424304 156.303560 160.640829 256.000000 62.098271 74.839811 157.575198 0.000000 112.399032 68.164775 159.731335 256.000000 101.823438
190.932664 219.161276 0.000000 109.968109 190.521155 219.765087 256.000000 98.712716 28.982042 123.833116 64.000000 117.673922 29.033456 129.439144 256.000000 106.224916 167.600025 210.861869 64.000000 12.610686 164.438440 215.268940 256.000000 226.605123 243.522669 194.141260 64.000000 10.747695 242.692251 194.876067 256.000000 211.709799
136.447960 190.502227 0.000000 11.956703 137.211071 190.797685 256.000000 217.879613 162.217896 48.405307 64.000000 14.959862 161.194255 50.511722 256.000000 181.635184 194.444216 103.788733 0.000000 58.273331 193.180762 103.299562 256.000000 189.125872 10.696533 67.485127 64.000000 18.500836 12.492909 66.957104 256.000000 210.875110
249.737907 111.675245 64.000000 18.315828 248.823795 114.122089 256.000000 199.068995 90.184355 10.474920 0.000000 10.997241 92.236256 11.164729 256.000000 200.665230 169.730718 34.572869 64.000000 101.380279 173.108202 46.070284 256.000000 109.447504 111.825142 204.118795 64.000000 10.751997 115.189913 212.167147 256.000000 35.306479
171.894567 87.154809 64.000000 18.586886 167.932545 83.770465 256.000000 118.293485 22.746489 114.748547 0.000000 29.751926 18.827991 118.963669 256.000000 57.068625 162.282722 85.164320 64.000000 35.775454 144.805676 92.440505 256.000000 174.368228 111.465358 175.292307 64.000000 37.840663 111.538616 158.656700 256.000000 76.107276
66.998925 183.885605 0.000000 28.573035 82.612707 183.061195 256.000000 60.459011 109.458771 115.996800 0.000000 12.787089 109.392918 118.961160 256.000000 209.816690 214.521509 206.474287 0.000000 10.493846 211.862895 209.354842 320.000000 240.390397 75.874475 122.499064 0.000000 13.518518 70.382951 132.574898 256.000000 66.331951
112.543700 54.464878 0.000000 32.535656 115.302149 58.588038 256.000000 168.839490 119.437304 109.596413 0.000000 129.260608 128.009909 117.971413 256.000000 88.963206 132.958689 17.975967 64.000000 10.265813 112.042307 5.536913 256.000000 196.767147 130.090449 230.499687 64.000000 10.085107 127.959273 227.845116 256.000000 202.515314
228.997107 57.795387 64.000000 20.359525 223.761518 64.921942 256.000000 176.347387 11.410298 147.782149 64.000000 102.774295 11.313044 150.230253 256.000000 89.505324 108.348242 222.563287 64.000000 12.115896 110.101244 225.615376 256.000000 203.862003 133.683147 221.136355 0.000000 10.244300 118.276087 227.504035 256.000000 194.396459
142.394124 227.506004 64.000000 47.405165 117.427167 205.017496 256.000000 26.344330 249.540138 109.603767 0.000000 13.058148 249.329193 108.701193 256.000000 237.843306 112.971042 181.264580 0.000000 13.647593 108.215315 179.900100 256.000000 193.785501 33.241165 30.773293 0.000000 28.551523 42.467995 30.677245 256.000000 164.524062
61.751284 126.821953 64.000000 9.383796 35.891825 146.997511 256.000000 203.526406 140.597533 168.064253 64.000000 96.643204 146.601796 168.148818 256.000000 112.089251 98.110540 109.652627 0.000000 13.811089 98.956722 108.090813 256.000000 209.261665 56.869324 211.609889 64.000000 97.469288 54.761780 212.217647 256.000000 120.453350
237.290196 93.087196 0.000000 17.756500 227.961395 85.320033 256.000000 194.224358 40.723867 202.113756 64.000000 10.541174 41.248318 204.482405 256.000000 188.889233 38.818669 156.761129 64.000000 9.646250 36.711887 155.956625 256.000000 87.853156 187.475847 110.591407 0.000000 17.537072 190.886067 111.025135 256.000000 67.007446
93.490396 126.579429 0.000000 15.747223 78.798624 124.111465 256.000000 69.928858 193.510149 201.801713 0.000000 11.001544 197.488358 201.902311 256.000000 192.684056 60.324213 12.040791 0.000000 18.320130 61.962951 15.568644 256.000000 222.513427 121.076476 56.954578 64.000000 108.169655 125.443144 50.428727 256.000000 113.861889
90.725871 108.002889 64.000000 18.617004 91.366349 110.449578 256.000000 186.927284 174.463238 219.307540 0.000000 26.520733 165.470245 202.568433 256.000000 174.105774 89.178204 89.275618 0.000000 13.574451 92.562565 84.510685 256.000000 198.333264 137.922189 110.205585 64.000000 117.179132 151.506405 100.844236 256.000000 98.390027
100.811604 90.118798 64.000000 16.878786 98.489842 94.847520 256.000000 198.681769 94.715278 254.489493 64.000000 13.075358 95.344722 254.236878 256.000000 184.926612 127.821567 3.187198 64.000000 25.582784 123.718900 4.950171 256.000000 199.925197 137.378596 211.961882 0.000000 15.910719 137.903596 204.043993 256.000000 92.039508
201.859475 134.972440 0.000000 35.926042 186.218162 146.048709 256.000000 177.487555 43.318513 140.129598 0.000000 31.739690 53.845184 149.291367 256.000000 188.669805 57.506864 252.770495 0.000000 32.578681 57.327225 246.029771 256.000000 175.908530 115.087240 225.746111 0.000000 9.263326 125.835213 229.163969 256.000000 209.494001
69.948024 18.117271 0.000000 19.189239 70.332993 18.773164 256.000000 195.278475 146.332533 159.894175 0.000000 8.626553 156.186173 148.065953 256.000000 200.222071 8.389238 142.159835 64.000000 138.678825 6.695124 144.514056 256.000000 70.337597 218.796349 121.447089 0.000000 10.054989 218.498262 119.435689 256.000000 196.956458
63.506315 28.559304 64.000000 9.951729 58.742756 26.981600 256.000000 194.525534 27.500864 115.864240 64.000000 19.021441 38.480665 100.775993 256.000000 192.653938 59.524173 85.556513 0.000000 9.323561 60.073115 82.510020 256.000000 230.881828 174.420829 42.127433 64.000000 14.026215 177.083640 42.098080 256.000000 216.550134
197.781418 86.381015 0.000000 109.206563 194.190255 99.310925 256.000000 107.274731 122.002982 98.951551 0.000000 15.278249 126.281518 101.030136 256.000000 182.431151 53.106049 5.737482 64.000000 10.222788 51.796893 6.191944 256.000000 219.123041 90.188367 90.780185 64.000000 116.649922 78.242493 94.671064 256.000000 90.167912
22.643727 102.305793 64.000000 152.266183 24.749087 104.316416 256.000000 69.588958 25.531905 131.789322 64.000000 162.962248 29.379838 123.812120 256.000000 62.868422 212.799513 95.931467 64.000000 12.761274 216.959558 92.435009 256.000000 205.866977 120.265156 210.820553 0.000000 118.943165 119.880464 212.331124 256.000000 117.381351
154.329593 87.219409 64.000000 22.721608 175.664711 83.114864 256.000000 98.544918 226.971211 198.325484 0.000000 35.852899 214.620955 209.106387 256.000000 201.555852 121.053355 178.674647 0.000000 120.126358 128.182709 205.796042 256.000000 94.797423 153.519611 113.826876 64.000000 18.457811 148.628027 116.345344 256.000000 222.909259
54.015764 241.543860 0.000000 120.973955 56.489207 240.743107 256.000000 75.152117 182.230180 52.384765 0.000000 23.354079 176.342851 54.115273 256.000000 190.524191 138.722545 96.636333 64.000000 19.946483 111.332093 115.763353 256.000000 199.000155 16.562760 86.476558 64.000000 31.275018 17.887056 88.466195 256.000000 182.973268
208.720402 132.757991 64.000000 9.444031 212.814105 128.834000 256.000000 81.537057 245.433222 250.335718 64.000000 11.720064 244.734716 250.350269 256.000000 207.493330 61.166775 168.671796 64.000000 14.361812 60.079662 173.526369 256.000000 211.860387 96.559200 161.297522 64.000000 10.205577 94.402827 163.421025 256.000000 207.364254
122.536118 187.284356 64.000000 10.244300 124.224704 190.671682 256.000000 115.466729 66.570064 254.300104 0.000000 15.407324 67.847267 252.243775 256.000000 178.403992 56.795735 124.736029 0.000000 10.029174 57.119498 126.598789 256.000000 203.788860 54.837242 89.007416 64.000000 22.820566 58.515047 90.821240 256.000000 180.396059
