22.643727 102.305793 64.000000 152.266183 24.749087 104.316416 256.000000 69.588958 226.971211 198.325484 0.000000 35.852899 214.620955 209.106387 256.000000 201.555852 141.588456 12.874309 0.000000 95.124415 142.619491 14.365509 256.000000 107.717891 201.910105 81.610156 0.000000 14.327392 194.799747 78.740298 256.000000 204.877397
200.731213 129.982771 64.000000 11.018754 198.403380 126.720024 256.000000 210.031816 157.772280 52.857691 64.000000 17.446719 155.548125 57.175644 256.000000 207.876254 90.191502 164.347109 0.000000 33.310110 85.721225 166.396642 256.000000 201.478407 58.990927 144.966595 0.000000 17.257408 58.639807 154.182576 256.000000 194.095282
118.125504 162.471529 64.000000 137.960304 130.996887 153.360295 256.000000 72.708285 67.877500 139.640724 64.000000 19.692634 56.066989 133.575822 256.000000 93.855171 22.293920 245.510071 64.000000 11.281207 22.593715 245.815607 256.000000 183.752024 111.531318 95.241815 64.000000 10.610014 120.705144 100.887827 256.000000 91.351105
56.869324 211.609889 64.000000 97.469288 54.761780 212.217647 256.000000 120.453350 93.640085 185.511042 0.000000 12.636501 97.475462 190.599285 256.000000 207.949397 164.872585 137.206465 0.000000 14.422047 167.321022 140.714856 256.000000 188.291183 207.672511 42.004856 64.000000 116.245485 202.323335 48.540785 256.000000 111.207234
102.842140 116.046818 0.000000 111.938663 101.834702 119.314651 256.000000 109.589487 42.962713 136.743076 64.000000 28.719321 37.453320 138.886555 256.000000 175.508396 188.230096 115.542429 64.000000 116.809115 186.916349 117.678238 256.000000 89.440786 153.519611 113.826876 64.000000 18.457811 148.628027 116.345344 256.000000 222.909259
201.859475 134.972440 0.000000 35.926042 186.218162 146.048709 256.000000 177.487555 222.919920 249.300729 64.000000 29.429237 217.902482 248.464422 256.000000 187.224158 34.315384 210.574511 0.000000 28.538615 50.274385 210.641747 256.000000 216.128487 89.178204 89.275618 0.000000 13.574451 92.562565 84.510685 256.000000 198.333264
51.666355 16.537445 64.000000 22.648465 49.685887 18.125358 256.000000 206.710271 113.664762 166.325938 0.000000 109.142025 101.648018 163.104776 256.000000 93.153861 117.374749 46.395898 0.000000 16.508769 115.653896 47.783151 256.000000 212.187379 234.792304 206.286209 64.000000 16.362484 234.071784 205.520329 256.000000 202.175415
61.166775 168.671796 64.000000 14.361812 60.079662 173.526369 256.000000 211.860387 115.087240 225.746111 0.000000 9.263326 125.835213 229.163969 256.000000 209.494001 111.825142 204.118795 64.000000 10.751997 115.189913 212.167147 256.000000 35.306479 175.494171 220.475475 0.000000 19.365643 188.039020 208.732067 256.000000 186.466914
104.377751 247.723760 64.000000 12.782787 99.885347 255.482896 256.000000 89.174030 110.709509 99.010093 0.000000 113.177789 111.387358 99.402262 256.000000 102.593589 45.630942 20.914442 64.000000 32.613102 53.509705 16.997885 256.000000 192.232291 46.261969 89.407735 0.000000 11.078989 54.579431 81.572987 256.000000 202.786373
174.420829 42.127433 64.000000 14.026215 177.083640 42.098080 256.000000 216.550134 132.958689 17.975967 64.000000 10.265813 112.042307 5.536913 256.000000 196.767147 123.738716 145.925173 0.000000 40.383453 120.578635 143.849209 256.000000 185.830141 37.405898 238.632067 0.000000 13.535728 41.554105 245.257385 256.000000 203.810372
77.098944 156.710387 64.000000 12.774182 76.843040 159.242464 256.000000 208.284993 2.088578 53.219442 64.000000 8.725511 3.418049 48.241144 256.000000 201.005129 90.076398 69.719547 0.000000 18.681542 92.048875 67.507884 256.000000 215.336823 24.707071 178.003513 0.000000 149.138251 18.862024 183.425998 256.000000 67.041867
162.282722 85.164320 64.000000 35.775454 144.805676 92.440505 256.000000 174.368228 90.725871 108.002889 64.000000 18.617004 91.366349 110.449578 256.000000 186.927284 148.215844 160.867935 64.000000 136.424304 156.303560 160.640829 256.000000 62.098271 133.296696 208.740669 0.000000 17.175660 130.680502 208.156153 256.000000 185.675251
4.380935 46.854467 64.000000 9.418216 5.050282 45.840604 256.000000 224.522704 51.814336 212.914371 64.000000 29.515287 65.772175 168.512445 256.000000 202.846608 229.314809 212.918518 64.000000 15.084635 229.764998 209.956544 256.000000 181.385638 94.715278 254.489493 64.000000 13.075358 95.344722 254.236878 256.000000 184.926612
143.714991 224.201242 64.000000 134.505380 146.037744 225.031451 256.000000 95.012549 38.818669 156.761129 64.000000 9.646250 36.711887 155.956625 256.000000 87.853156 163.381667 69.096149 64.000000 134.492473 159.799080 65.161193 256.000000 83.503308 43.950893 231.917805 0.000000 14.942652 45.933418 226.444055 256.000000 167.213137
26.481251 7.239933 0.000000 13.445375 26.830344 6.762984 256.000000 205.591616 28.982042 123.833116 64.000000 117.673922 29.033456 129.439144 256.000000 106.224916 109.458771 115.996800 0.000000 12.787089 109.392918 118.961160 256.000000 209.816690 194.444216 103.788733 0.000000 58.273331 193.180762 103.299562 256.000000 189.125872
40.723867 202.113756 64.000000 10.541174 41.248318 204.482405 256.000000 188.889233 187.475847 110.591407 0.000000 17.537072 190.886067 111.025135 256.000000 67.007446 25.531905 131.789322 64.000000 162.962248 29.379838 123.812120 256.000000 62.868422 176.829651 164.527089 0.000000 15.359996 167.032555 173.105373 256.000000 80.233393
171.894567 87.154809 64.000000 18.586886 167.932545 83.770465 256.000000 118.293485 154.329593 87.219409 64.000000 22.721608 175.664711 83.114864 256.000000 98.544918 164.582087 184.709476 64.000000 42.272259 152.607907 178.722313 256.000000 176.644261 141.710453 219.228707 64.000000 28.293372 147.323647 209.871387 256.000000 58.720793
192.402327 48.638476 64.000000 23.414314 198.367078 64.295325 256.000000 151.810116 174.903278 21.176567 64.000000 10.988636 173.675767 21.201384 256.000000 208.530237 67.955535 81.092058 0.000000 134.109548 65.227665 80.845602 256.000000 65.312254 126.222840 104.948209 64.000000 12.929073 125.679071 106.394916 256.000000 216.274773
162.217896 48.405307 64.000000 14.959862 161.194255 50.511722 256.000000 181.635184 68.713162 31.675031 64.000000 14.891022 82.627116 21.388567 256.000000 181.398546 74.499440 166.311515 64.000000 19.292500 76.548418 170.647220 256.000000 115.152645 103.092433 210.452635 64.000000 24.020969 90.626964 205.382091 256.000000 185.124528
228.997107 57.795387 64.000000 20.359525 223.761518 64.921942 256.000000 176.347387 118.481664 236.166713 0.000000 15.738618 118.962604 230.541782 256.000000 205.768019 43.270698 76.784184 64.000000 26.301305 45.713540 76.828704 256.000000 183.777839 112.543700 54.464878 0.000000 32.535656 115.302149 58.588038 256.000000 168.839490
19.376120 109.924595 0.000000 8.751326 20.646082 110.948429 256.000000 224.961561 138.722545 96.636333 64.000000 19.946483 111.332093 115.763353 256.000000 199.000155 0.997145 204.040171 0.000000 34.514815 3.380485 195.896076 256.000000 198.367685 29.920111 89.096558 64.000000 22.919524 40.747449 84.852695 256.000000 60.041667
97.464493 230.807313 64.000000 11.126317 86.357551 238.376851 256.000000 230.942064 159.823522 58.273631 64.000000 92.577323 159.202140 59.451562 256.000000 133.296372 133.099073 14.356096 0.000000 100.313254 134.782911 15.753462 256.000000 103.359438 130.090449 230.499687 64.000000 10.085107 127.959273 227.845116 256.000000 202.515314
187.383711 74.939375 64.000000 13.096871 190.615253 75.652349 256.000000 197.184492 198.355295 68.140804 64.000000 12.774182 189.523576 55.485393 256.000000 228.364854 87.200887 21.267913 64.000000 18.298618 114.129540 11.321520 256.000000 192.434510 90.107551 158.975647 0.000000 19.542046 96.577451 157.645836 256.000000 197.352290
174.213969 82.262793 64.000000 34.101774 172.218296 85.802495 256.000000 196.900525 127.821567 3.187198 64.000000 25.582784 123.718900 4.950171 256.000000 199.925197 160.797245 166.462993 64.000000 80.706670 161.619367 168.350495 256.000000 114.752511 233.513660 110.890020 64.000000 101.139338 238.338058 108.770485 256.000000 115.066595
8.389238 142.159835 64.000000 138.678825 6.695124 144.514056 256.000000 70.337597 122.166593 91.982329 0.000000 8.983662 126.091433 78.979573 256.000000 209.192825 106.856755 23.424840 0.000000 11.763090 114.803773 22.472247 256.000000 208.379649 26.362913 55.813715 0.000000 107.765218 19.586373 55.841784 256.000000 99.177389
191.492724 168.850442 64.000000 18.203962 193.725105 172.055884 256.000000 192.116123 232.094329 58.880265 0.000000 16.633542 234.700758 69.829504 256.000000 193.699450 20.523984 110.308018 64.000000 24.752398 20.143944 114.559713 256.000000 197.304962 4.358920 111.845691 0.000000 30.078917 12.715944 117.574471 256.000000 169.854885
81.282945 215.306429 64.000000 14.185408 78.607102 206.375404 256.000000 187.314511 233.930647 131.811729 0.000000 10.136737 231.127560 137.133085 256.000000 210.453463 175.343216 125.839540 64.000000 12.933375 173.961598 123.890864 256.000000 205.101128 55.785367 170.227527 64.000000 89.767777 56.085985 173.701151 256.000000 130.284608
16.562760 86.476558 64.000000 31.275018 17.887056 88.466195 256.000000 182.973268 227.326124 125.038980 64.000000 124.880643 226.431569 125.453084 256.000000 80.482939 225.973924 187.214880 64.000000 14.710316 224.219822 199.326995 256.000000 213.534068 10.058162 183.537178 64.000000 9.818351 19.189902 181.222060 256.000000 210.896623
245.613484 154.941987 64.000000 16.465744 244.361680 152.633927 320.000000 214.527950 90.230295 243.264296 0.000000 109.744378 88.857905 241.578782 256.000000 89.617189 56.795735 124.736029 0.000000 10.029174 57.119498 126.598789 256.000000 203.788860 77.029145 110.594227 64.000000 107.296244 87.859369 98.049816 256.000000 122.398089
234.182855 45.198404 64.000000 35.302177 233.199487 52.095756 256.000000 207.820321 152.492729 162.425600 0.000000 99.241926 153.302873 163.024515 256.000000 143.493345 93.090300 138.582740 0.000000 24.455524 102.109705 135.237824 256.000000 184.109133 78.111542 50.896520 0.000000 25.698952 75.361700 59.204384 256.000000 183.110949
222.201916 245.148076 0.000000 40.357638 218.948791 234.551396 256.000000 207.071683 99.185404 54.081315 64.000000 37.087722 93.966793 48.190887 256.000000 162.643861 152.828687 102.044782 0.000000 11.870653 152.910689 107.181869 256.000000 163.039693 227.949007 221.423336 0.000000 18.935391 244.355645 207.258020 256.000000 89.036349
61.751284 126.821953 64.000000 9.383796 35.891825 146.997511 256.000000 203.526406 226.534033 48.554949 0.000000 11.328535 214.756820 39.236760 256.000000 189.254947 153.887587 124.005211 0.000000 16.771223 156.387636 129.214004 256.000000 200.669533 63.506315 28.559304 64.000000 9.951729 58.742756 26.981600 256.000000 194.525534
