176.829651 164.527089 0.000000 15.359996 167.032555 173.105373 256.000000 80.233393 145.945816 132.625745 64.000000 103.084077 150.203276 131.279669 256.000000 106.810059 116.773058 209.419082 0.000000 136.721178 117.373733 212.778900 256.000000 75.182234 97.464493 230.807313 64.000000 11.126317 86.357551 238.376851 256.000000 230.942064
245.433222 250.335718 64.000000 11.720064 244.734716 250.350269 256.000000 207.493330 216.983660 102.090513 0.000000 17.119727 205.979840 38.148960 256.000000 187.985704 164.582087 184.709476 64.000000 42.272259 152.607907 178.722313 256.000000 176.644261 187.383711 74.939375 64.000000 13.096871 190.615253 75.652349 256.000000 197.184492
121.076476 56.954578 64.000000 108.169655 125.443144 50.428727 256.000000 113.861889 212.829511 25.061644 64.000000 16.560399 188.181580 5.348965 256.000000 79.054502 50.124911 172.956811 64.000000 122.428207 52.012840 174.336064 256.000000 125.203332 103.894953 208.641244 0.000000 19.692634 108.153658 203.489467 256.000000 212.742404
221.311538 129.320875 64.000000 19.004231 215.297127 126.862582 256.000000 176.915320 159.005491 168.138369 64.000000 8.613645 161.900642 168.858342 256.000000 194.430879 121.053355 178.674647 0.000000 120.126358 128.182709 205.796042 256.000000 94.797423 133.296696 208.740669 0.000000 17.175660 130.680502 208.156153 256.000000 185.675251
78.490231 165.637838 64.000000 22.549507 82.896753 172.844867 256.000000 56.431852 179.319969 199.258136 64.000000 8.785746 178.442620 198.390916 256.000000 201.233163 65.585358 185.060502 64.000000 21.181306 70.558538 185.451689 256.000000 217.010504 98.423805 195.920949 64.000000 11.311325 97.021024 192.995047 256.000000 101.229691
201.859475 134.972440 0.000000 35.926042 186.218162 146.048709 256.000000 177.487555 194.444216 103.788733 0.000000 58.273331 193.180762 103.299562 256.000000 189.125872 4.358920 111.845691 0.000000 30.078917 12.715944 117.574471 256.000000 169.854885 90.191502 164.347109 0.000000 33.310110 85.721225 166.396642 256.000000 201.478407
151.230278 155.670649 64.000000 14.878114 152.709655 158.826825 256.000000 187.348931 238.684918 66.272893 64.000000 106.792849 237.060689 67.095091 256.000000 114.180276 191.492724 168.850442 64.000000 18.203962 193.725105 172.055884 256.000000 192.116123 140.597533 168.064253 64.000000 96.643204 146.601796 168.148818 256.000000 112.089251
110.709509 99.010093 0.000000 113.177789 111.387358 99.402262 256.000000 102.593589 229.314809 212.918518 64.000000 15.084635 229.764998 209.956544 256.000000 181.385638 67.877500 139.640724 64.000000 19.692634 56.066989 133.575822 256.000000 93.855171 74.839811 157.575198 0.000000 112.399032 68.164775 159.731335 256.000000 101.823438
242.173515 65.705044 0.000000 16.289341 245.692844 68.182911 320.000000 220.099713 119.437304 109.596413 0.000000 129.260608 128.009909 117.971413 256.000000 88.963206 66.570064 254.300104 0.000000 15.407324 67.847267 252.243775 256.000000 178.403992 162.217896 48.405307 64.000000 14.959862 161.194255 50.511722 256.000000 181.635184
68.713162 31.675031 64.000000 14.891022 82.627116 21.388567 256.000000 181.398546 112.543700 54.464878 0.000000 32.535656 115.302149 58.588038 256.000000 168.839490 31.369245 46.101327 64.000000 15.570820 33.160127 41.529711 256.000000 191.857972 229.234853 216.945431 0.000000 122.299131 224.020120 220.642038 256.000000 91.006903
109.088009 162.310011 64.000000 12.072871 109.360593 161.535225 256.000000 210.647077 79.329495 115.573365 0.000000 10.915493 67.162133 117.182275 256.000000 193.656425 84.718225 71.467907 64.000000 105.613958 84.815244 78.540965 256.000000 114.322259 93.640085 185.511042 0.000000 12.636501 97.475462 190.599285 256.000000 207.949397
55.785367 170.227527 64.000000 89.767777 56.085985 173.701151 256.000000 130.284608 46.336951 123.470264 64.000000 9.495662 46.530940 122.776953 256.000000 210.948253 252.124867 173.881795 0.000000 113.767234 255.197322 183.973564 256.000000 96.952986 234.792304 206.286209 64.000000 16.362484 234.071784 205.520329 256.000000 202.175415
123.738716 145.925173 0.000000 40.383453 120.578635 143.849209 256.000000 185.830141 90.184355 10.474920 0.000000 10.997241 92.236256 11.164729 256.000000 200.665230 163.381667 69.096149 64.000000 134.492473 159.799080 65.161193 256.000000 83.503308 130.090449 230.499687 64.000000 10.085107 127.959273 227.845116 256.000000 202.515314
24.707071 178.003513 0.000000 149.138251 18.862024 183.425998 256.000000 67.041867 28.982042 123.833116 64.000000 117.673922 29.033456 129.439144 256.000000 106.224916 202.810320 161.768664 0.000000 18.251290 201.332902 163.788238 256.000000 214.347244 78.111542 50.896520 0.000000 25.698952 75.361700 59.204384 256.000000 183.110949
150.045691 62.393678 64.000000 9.129947 152.833551 61.345295 256.000000 215.844521 245.613484 154.941987 64.000000 16.465744 244.361680 152.633927 320.000000 214.527950 69.948024 18.117271 0.000000 19.189239 70.332993 18.773164 256.000000 195.278475 97.474809 103.131996 64.000000 11.302720 97.822589 103.496960 256.000000 207.114708
220.302995 65.487938 64.000000 80.177460 225.377853 76.163273 256.000000 160.006416 45.630942 20.914442 64.000000 32.613102 53.509705 16.997885 256.000000 192.232291 49.328478 186.648709 64.000000 20.514415 57.836405 195.583584 256.000000 194.017837 117.374749 46.395898 0.000000 16.508769 115.653896 47.783151 256.000000 212.187379
173.335173 135.428471 64.000000 9.095527 174.199975 133.823976 256.000000 197.816962 152.492729 162.425600 0.000000 99.241926 153.302873 163.024515 256.000000 143.493345 167.019135 74.960751 64.000000 185.374074 166.692524 78.081905 256.000000 55.554138 90.188367 90.780185 64.000000 116.649922 78.242493 94.671064 256.000000 90.167912
133.683147 221.136355 0.000000 10.244300 118.276087 227.504035 256.000000 194.396459 208.720402 132.757991 64.000000 9.444031 212.814105 128.834000 256.000000 81.537057 22.643727 102.305793 64.000000 152.266183 24.749087 104.316416 256.000000 69.588958 159.792336 169.067775 64.000000 92.129861 158.431816 171.289795 256.000000 117.992308
222.919920 249.300729 64.000000 29.429237 217.902482 248.464422 256.000000 187.224158 221.742016 84.551431 64.000000 26.391658 196.342805 86.106509 256.000000 48.855115 136.169015 144.135193 0.000000 17.240198 131.789578 145.444027 256.000000 203.479078 192.402327 48.638476 64.000000 23.414314 198.367078 64.295325 256.000000 151.810116
16.546933 3.620658 0.000000 23.526179 5.678111 19.521211 256.000000 60.803213 74.499440 166.311515 64.000000 19.292500 76.548418 170.647220 256.000000 115.152645 207.672511 42.004856 64.000000 116.245485 202.323335 48.540785 256.000000 111.207234 47.025553 9.945731 64.000000 28.512800 46.104020 13.812593 256.000000 193.914576
134.375516 69.937613 0.000000 9.521477 139.500736 68.456369 256.000000 209.786573 51.814336 212.914371 64.000000 29.515287 65.772175 168.512445 256.000000 202.846608 95.921805 154.133633 0.000000 121.769921 94.266749 157.160187 256.000000 90.525021 57.506864 252.770495 0.000000 32.578681 57.327225 246.029771 256.000000 175.908530
33.359560 96.742876 64.000000 22.898011 34.309669 108.463696 256.000000 197.735214 155.062613 237.964391 64.000000 9.099830 159.327824 240.761418 256.000000 206.477935 78.072396 111.849969 64.000000 13.746551 83.406095 108.961713 320.000000 209.373531 40.295464 209.282155 0.000000 10.511056 41.520605 208.794047 256.000000 204.683784
19.376120 109.924595 0.000000 8.751326 20.646082 110.948429 256.000000 224.961561 150.058915 72.990751 0.000000 9.332166 152.679696 73.230245 256.000000 208.087077 28.517918 83.244224 64.000000 10.145342 25.779680 84.431562 256.000000 227.327947 118.367900 198.456404 64.000000 14.379022 117.762829 196.293880 256.000000 212.109933
87.200887 21.267913 64.000000 18.298618 114.129540 11.321520 256.000000 192.434510 110.685155 176.696531 0.000000 18.105004 115.303731 176.064589 256.000000 192.344157 54.837242 89.007416 64.000000 22.820566 58.515047 90.821240 256.000000 180.396059 38.924620 65.836484 0.000000 8.957847 37.826182 67.042816 256.000000 235.898567
245.028184 214.869749 0.000000 13.798182 247.549296 205.681711 256.000000 172.040565 143.714991 224.201242 64.000000 134.505380 146.037744 225.031451 256.000000 95.012549 174.903278 21.176567 64.000000 10.988636 173.675767 21.201384 256.000000 208.530237 67.955535 81.092058 0.000000 134.109548 65.227665 80.845602 256.000000 65.312254
140.611302 40.246585 0.000000 20.841407 137.933389 41.819331 256.000000 192.107518 241.839145 106.485720 64.000000 128.985247 241.591080 106.474611 256.000000 80.164553 106.856755 23.424840 0.000000 11.763090 114.803773 22.472247 256.000000 208.379649 100.811604 90.118798 64.000000 16.878786 98.489842 94.847520 256.000000 198.681769
56.636073 188.950747 64.000000 17.971626 59.446449 188.997509 256.000000 187.443586 54.228964 148.420447 0.000000 31.593404 56.218571 143.934947 256.000000 206.181061 98.110540 109.652627 0.000000 13.811089 98.956722 108.090813 256.000000 209.261665 230.116220 226.933522 64.000000 18.965508 228.848409 236.472700 256.000000 181.230747
85.700045 203.733476 64.000000 102.795808 88.122255 207.139398 256.000000 104.753454 175.343216 125.839540 64.000000 12.933375 173.961598 123.890864 256.000000 205.101128 183.977796 33.764451 64.000000 23.220700 192.843715 49.298398 256.000000 178.670748 124.978236 155.722385 64.000000 19.821710 124.644605 153.091684 256.000000 193.316526
227.326124 125.038980 64.000000 124.880643 226.431569 125.453084 256.000000 80.482939 214.521509 206.474287 0.000000 10.493846 211.862895 209.354842 320.000000 240.390397 38.818669 156.761129 64.000000 9.646250 36.711887 155.956625 256.000000 87.853156 58.555191 136.778109 0.000000 31.713875 59.761176 139.521140 256.000000 185.511755
189.677475 197.861971 0.000000 18.345945 160.042378 224.665060 256.000000 203.306978 228.691007 58.980704 64.000000 122.591702 234.560267 65.882656 256.000000 96.600179 66.998925 183.885605 0.000000 28.573035 82.612707 183.061195 256.000000 60.459011 95.202984 187.218098 64.000000 18.956903 96.591295 184.153873 256.000000 212.350875
169.007775 234.028365 64.000000 29.498077 163.119722 229.361778 256.000000 193.591887 116.374936 177.389725 64.000000 9.396704 118.096844 180.038491 256.000000 193.338039 90.230295 243.264296 0.000000 109.744378 88.857905 241.578782 256.000000 89.617189 33.241165 30.773293 0.000000 28.551523 42.467995 30.677245 256.000000 164.524062
23.033076 203.947965 64.000000 25.531154 22.917853 200.737815 256.000000 223.976284 10.058162 183.537178 64.000000 9.818351 19.189902 181.222060 256.000000 210.896623 233.930647 131.811729 0.000000 10.136737 231.127560 137.133085 256.000000 210.453463 243.522669 194.141260 64.000000 10.747695 242.692251 194.876067 256.000000 211.709799
