26.481251 7.239933 0.000000 13.445375 26.830344 6.762984 256.000000 205.591616 33.359560 96.742876 64.000000 22.898011 34.309669 108.463696 256.000000 197.735214 93.490396 126.579429 0.000000 15.747223 78.798624 124.111465 256.000000 69.928858 28.517918 83.244224 64.000000 10.145342 25.779680 84.431562 256.000000 227.327947
90.107551 158.975647 0.000000 19.542046 96.577451 157.645836 256.000000 197.352290 238.964695 165.361322 64.000000 121.223501 232.041484 193.137100 256.000000 95.404078 155.062613 237.964391 64.000000 9.099830 159.327824 240.761418 256.000000 206.477935 61.946200 136.848462 0.000000 49.074543 65.389000 137.963238 256.000000 180.086277
120.102793 247.039362 64.000000 25.931288 102.958035 239.790376 256.000000 185.593503 252.124867 173.881795 0.000000 113.767234 255.197322 183.973564 256.000000 96.952986 42.962713 136.743076 64.000000 28.719321 37.453320 138.886555 256.000000 175.508396 150.692440 212.948071 64.000000 15.837576 150.799382 211.085529 256.000000 67.803413
201.910105 81.610156 0.000000 14.327392 194.799747 78.740298 256.000000 204.877397 203.524895 208.211140 64.000000 17.808130 195.731982 204.912696 256.000000 217.737630 11.410298 147.782149 64.000000 102.774295 11.313044 150.230253 256.000000 89.505324 153.519611 113.826876 64.000000 18.457811 148.628027 116.345344 256.000000 222.909259
200.731213 129.982771 64.000000 11.018754 198.403380 126.720024 256.000000 210.031816 197.781418 86.381015 0.000000 109.206563 194.190255 99.310925 256.000000 107.274731 134.375516 69.937613 0.000000 9.521477 139.500736 68.456369 256.000000 209.786573 212.829511 25.061644 64.000000 16.560399 188.181580 5.348965 256.000000 79.054502
114.614985 163.957065 0.000000 12.662316 117.234200 166.170249 256.000000 216.984689 81.282945 215.306429 64.000000 14.185408 78.607102 206.375404 256.000000 187.314511 40.295464 209.282155 0.000000 10.511056 41.520605 208.794047 256.000000 204.683784 110.685155 176.696531 0.000000 18.105004 115.303731 176.064589 256.000000 192.344157
152.221976 89.980396 0.000000 58.509969 143.476416 92.024256 256.000000 164.958617 51.605416 179.267233 0.000000 113.410125 52.231456 177.721784 256.000000 90.602466 179.319969 199.258136 64.000000 8.785746 178.442620 198.390916 256.000000 201.233163 245.028184 214.869749 0.000000 13.798182 247.549296 205.681711 256.000000 172.040565
199.089291 47.131955 0.000000 22.338684 195.081022 71.689911 256.000000 205.441027 108.348242 222.563287 64.000000 12.115896 110.101244 225.615376 256.000000 203.862003 226.971211 198.325484 0.000000 35.852899 214.620955 209.106387 256.000000 201.555852 175.343216 125.839540 64.000000 12.933375 173.961598 123.890864 256.000000 205.101128
109.088009 162.310011 64.000000 12.072871 109.360593 161.535225 256.000000 210.647077 218.796349 121.447089 0.000000 10.054989 218.498262 119.435689 256.000000 196.956458 191.492724 168.850442 64.000000 18.203962 193.725105 172.055884 256.000000 192.116123 48.603956 213.608133 64.000000 18.139424 44.732885 212.970120 256.000000 203.612456
183.977796 33.764451 64.000000 23.220700 192.843715 49.298398 256.000000 178.670748 146.332533 159.894175 0.000000 8.626553 156.186173 148.065953 256.000000 200.222071 106.856755 23.424840 0.000000 11.763090 114.803773 22.472247 256.000000 208.379649 182.230180 52.384765 0.000000 23.354079 176.342851 54.115273 256.000000 190.524191
141.710453 219.228707 64.000000 28.293372 147.323647 209.871387 256.000000 58.720793 51.666355 16.537445 64.000000 22.648465 49.685887 18.125358 256.000000 206.710271 97.464493 230.807313 64.000000 11.126317 86.357551 238.376851 256.000000 230.942064 77.098944 156.710387 64.000000 12.774182 76.843040 159.242464 256.000000 208.284993
75.874475 122.499064 0.000000 13.518518 70.382951 132.574898 256.000000 66.331951 167.019135 74.960751 64.000000 185.374074 166.692524 78.081905 256.000000 55.554138 46.679193 112.968153 64.000000 10.356166 48.743949 109.149195 256.000000 199.907987 103.742980 162.793518 64.000000 16.926114 109.027527 155.401878 256.000000 200.716861
122.002982 98.951551 0.000000 15.278249 126.281518 101.030136 256.000000 182.431151 180.608198 24.525033 0.000000 15.484769 182.622338 26.193747 256.000000 199.959617 84.369522 65.755911 0.000000 13.221644 79.113260 73.044844 256.000000 205.225901 46.336951 123.470264 64.000000 9.495662 46.530940 122.776953 256.000000 210.948253
133.683147 221.136355 0.000000 10.244300 118.276087 227.504035 256.000000 194.396459 134.545671 72.425576 64.000000 15.045912 129.108356 55.219231 256.000000 206.929699 221.311538 129.320875 64.000000 19.004231 215.297127 126.862582 256.000000 176.915320 154.329593 87.219409 64.000000 22.721608 175.664711 83.114864 256.000000 98.544918
187.475847 110.591407 0.000000 17.537072 190.886067 111.025135 256.000000 67.007446 137.378596 211.961882 0.000000 15.910719 137.903596 204.043993 256.000000 92.039508 40.723867 202.113756 64.000000 10.541174 41.248318 204.482405 256.000000 188.889233 226.534033 48.554949 0.000000 11.328535 214.756820 39.236760 256.000000 189.254947
127.174200 177.797325 64.000000 8.626553 128.246102 170.786113 256.000000 84.798367 159.823522 58.273631 64.000000 92.577323 159.202140 59.451562 256.000000 133.296372 152.492729 162.425600 0.000000 99.241926 153.302873 163.024515 256.000000 143.493345 120.265156 210.820553 0.000000 118.943165 119.880464 212.331124 256.000000 117.381351
20.888829 126.818607 64.000000 17.975929 23.051402 127.076467 256.000000 191.518073 8.132598 233.497645 0.000000 25.475221 14.360911 232.147755 256.000000 182.332193 174.213969 82.262793 64.000000 34.101774 172.218296 85.802495 256.000000 196.900525 99.972575 118.454182 0.000000 26.202347 99.641604 104.795904 256.000000 205.200086
123.738716 145.925173 0.000000 40.383453 120.578635 143.849209 256.000000 185.830141 143.714991 224.201242 64.000000 134.505380 146.037744 225.031451 256.000000 95.012549 17.238871 12.093982 64.000000 25.621507 16.845229 13.090104 256.000000 201.048155 160.797245 166.462993 64.000000 80.706670 161.619367 168.350495 256.000000 114.752511
117.374749 46.395898 0.000000 16.508769 115.653896 47.783151 256.000000 212.187379 175.494171 220.475475 0.000000 19.365643 188.039020 208.732067 256.000000 186.466914 157.772280 52.857691 64.000000 17.446719 155.548125 57.175644 256.000000 207.876254 34.302567 230.917098 0.000000 11.388770 35.689147 238.341193 256.000000 193.660728
145.423909 4.227362 0.000000 40.138209 143.042813 13.441680 256.000000 179.815218 4.358920 111.845691 0.000000 30.078917 12.715944 117.574471 256.000000 169.854885 98.110540 109.652627 0.000000 13.811089 98.956722 108.090813 256.000000 209.261665 57.506864 252.770495 0.000000 32.578681 57.327225 246.029771 256.000000 175.908530
45.630942 20.914442 64.000000 32.613102 53.509705 16.997885 256.000000 192.232291 243.064211 98.734024 64.000000 9.616132 253.447360 106.513522 256.000000 199.778911 112.971042 181.264580 0.000000 13.647593 108.215315 179.900100 256.000000 193.785501 133.284456 102.098422 0.000000 130.082390 132.200309 106.919251 256.000000 102.344043
148.215844 160.867935 64.000000 136.424304 156.303560 160.640829 256.000000 62.098271 96.559200 161.297522 64.000000 10.205577 94.402827 163.421025 256.000000 207.364254 214.521509 206.474287 0.000000 10.493846 211.862895 209.354842 320.000000 240.390397 208.720402 132.757991 64.000000 9.444031 212.814105 128.834000 256.000000 81.537057
116.374936 177.389725 64.000000 9.396704 118.096844 180.038491 256.000000 193.338039 24.125967 96.386705 64.000000 21.284566 24.495625 99.890305 256.000000 215.964991 74.839811 157.575198 0.000000 112.399032 68.164775 159.731335 256.000000 101.823438 225.659947 84.937735 0.000000 19.572163 220.020653 84.536736 256.000000 192.150543
103.092433 210.452635 64.000000 24.020969 90.626964 205.382091 256.000000 185.124528 140.597533 168.064253 64.000000 96.643204 146.601796 168.148818 256.000000 112.089251 98.423805 195.920949 64.000000 11.311325 97.021024 192.995047 256.000000 101.229691 16.546933 3.620658 0.000000 23.526179 5.678111 19.521211 256.000000 60.803213
67.955535 81.092058 0.000000 134.109548 65.227665 80.845602 256.000000 65.312254 68.713162 31.675031 64.000000 14.891022 82.627116 21.388567 256.000000 181.398546 122.442111 169.974602 0.000000 66.142640 124.610716 189.195796 256.000000 145.377848 84.718225 71.467907 64.000000 105.613958 84.815244 78.540965 256.000000 114.322259
66.998925 183.885605 0.000000 28.573035 82.612707 183.061195 256.000000 60.459011 73.329167 37.991260 0.000000 100.541287 75.379269 42.600831 256.000000 83.937863 202.810320 161.768664 0.000000 18.251290 201.332902 163.788238 256.000000 214.347244 141.588456 12.874309 0.000000 95.124415 142.619491 14.365509 256.000000 107.717891
111.437642 114.789576 0.000000 24.055389 115.026118 115.955567 256.000000 186.630410 212.799513 95.931467 64.000000 12.761274 216.959558 92.435009 256.000000 205.866977 159.005491 168.138369 64.000000 8.613645 161.900642 168.858342 256.000000 194.430879 31.772700 154.398233 64.000000 26.374448 29.838095 157.688922 256.000000 186.432494
254.364885 168.884382 64.000000 28.009405 240.690527 164.664769 256.000000 94.991037 245.433222 250.335718 64.000000 11.720064 244.734716 250.350269 256.000000 207.493330 111.465358 175.292307 64.000000 37.840663 111.538616 158.656700 256.000000 76.107276 43.285264 213.614160 64.000000 25.664532 45.226000 197.042011 256.000000 184.165066
243.522669 194.141260 64.000000 10.747695 242.692251 194.876067 256.000000 211.709799 248.348636 96.702278 0.000000 15.777341 248.420476 102.160269 256.000000 176.833572 136.169015 144.135193 0.000000 17.240198 131.789578 145.444027 256.000000 203.479078 22.643727 102.305793 64.000000 152.266183 24.749087 104.316416 256.000000 69.588958
58.990927 144.966595 0.000000 17.257408 58.639807 154.182576 256.000000 194.095282 43.318513 140.129598 0.000000 31.739690 53.845184 149.291367 256.000000 188.669805 28.982042 123.833116 64.000000 117.673922 29.033456 129.439144 256.000000 106.224916 78.111542 50.896520 0.000000 25.698952 75.361700 59.204384 256.000000 183.110949
46.261969 89.407735 0.000000 11.078989 54.579431 81.572987 256.000000 202.786373 23.033076 203.947965 64.000000 25.531154 22.917853 200.737815 256.000000 223.976284 133.099073 14.356096 0.000000 100.313254 134.782911 15.753462 256.000000 103.359438 199.244064 154.672525 0.000000 22.872196 169.951295 71.468271 256.000000 86.024585
43.950893 231.917805 0.000000 14.942652 45.933418 226.444055 256.000000 167.213137 245.613484 154.941987 64.000000 16.465744 244.361680 152.633927 320.000000 214.527950 116.474693 119.781580 64.000000 22.175188 120.756922 115.891156 256.000000 192.344157 187.074360 45.883218 64.000000 14.280064 188.072409 48.614347 256.000000 199.043180
