111.437642 114.789576 0.000000 24.055389 115.026118 115.955567 256.000000 186.630410 67.955535 81.092058 0.000000 134.109548 65.227665 80.845602 256.000000 65.312254 122.002982 98.951551 0.000000 15.278249 126.281518 101.030136 256.000000 182.431151 114.614985 163.957065 0.000000 12.662316 117.234200 166.170249 256.000000 216.984689
60.644460 3.997093 0.000000 105.209522 61.117287 1.181513 256.000000 113.061621 178.520700 152.972560 64.000000 13.673409 180.401916 152.892635 256.000000 191.143754 163.926362 126.947280 0.000000 14.572635 165.605542 123.469105 256.000000 211.133261 28.517918 83.244224 64.000000 10.145342 25.779680 84.431562 256.000000 227.327947
186.869664 46.697356 64.000000 115.754998 188.923760 47.444033 256.000000 94.233793 221.742016 84.551431 64.000000 26.391658 196.342805 86.106509 256.000000 48.855115 110.685155 176.696531 0.000000 18.105004 115.303731 176.064589 256.000000 192.344157 16.562760 86.476558 64.000000 31.275018 17.887056 88.466195 256.000000 182.973268
134.545671 72.425576 64.000000 15.045912 129.108356 55.219231 256.000000 206.929699 4.380935 46.854467 64.000000 9.418216 5.050282 45.840604 256.000000 224.522704 43.285264 213.614160 64.000000 25.664532 45.226000 197.042011 256.000000 184.165066 120.102793 247.039362 64.000000 25.931288 102.958035 239.790376 256.000000 185.593503
203.778642 146.829187 0.000000 149.766419 210.125862 146.534382 256.000000 69.619076 56.869324 211.609889 64.000000 97.469288 54.761780 212.217647 256.000000 120.453350 61.946200 136.848462 0.000000 49.074543 65.389000 137.963238 256.000000 180.086277 152.828687 102.044782 0.000000 11.870653 152.910689 107.181869 256.000000 163.039693
229.314809 212.918518 64.000000 15.084635 229.764998 209.956544 256.000000 181.385638 150.045691 62.393678 64.000000 9.129947 152.833551 61.345295 256.000000 215.844521 191.097160 18.564333 64.000000 147.998083 187.374598 19.048056 256.000000 62.515616 103.092433 210.452635 64.000000 24.020969 90.626964 205.382091 256.000000 185.124528
150.692440 212.948071 64.000000 15.837576 150.799382 211.085529 256.000000 67.803413 112.971042 181.264580 0.000000 13.647593 108.215315 179.900100 256.000000 193.785501 10.696533 67.485127 64.000000 18.500836 12.492909 66.957104 256.000000 210.875110 149.360193 214.373645 64.000000 122.544375 153.206451 216.714420 256.000000 87.022770
98.110540 109.652627 0.000000 13.811089 98.956722 108.090813 256.000000 209.261665 225.659947 84.937735 0.000000 19.572163 220.020653 84.536736 256.000000 192.150543 174.420829 42.127433 64.000000 14.026215 177.083640 42.098080 256.000000 216.550134 245.028184 214.869749 0.000000 13.798182 247.549296 205.681711 256.000000 172.040565
75.874475 122.499064 0.000000 13.518518 70.382951 132.574898 256.000000 66.331951 233.930647 131.811729 0.000000 10.136737 231.127560 137.133085 256.000000 210.453463 187.383711 74.939375 64.000000 13.096871 190.615253 75.652349 256.000000 197.184492 182.209089 89.567278 64.000000 13.514215 174.232224 82.493964 256.000000 193.338039
31.369245 46.101327 64.000000 15.570820 33.160127 41.529711 256.000000 191.857972 10.864962 15.740853 0.000000 9.740905 10.264322 18.107705 256.000000 185.395587 201.910105 81.610156 0.000000 14.327392 194.799747 78.740298 256.000000 204.877397 203.524895 208.211140 64.000000 17.808130 195.731982 204.912696 256.000000 217.737630
8.132598 233.497645 0.000000 25.475221 14.360911 232.147755 256.000000 182.332193 175.343216 125.839540 64.000000 12.933375 173.961598 123.890864 256.000000 205.101128 0.721127 77.206644 0.000000 15.261038 1.945687 76.416100 256.000000 234.663743 96.559200 161.297522 64.000000 10.205577 94.402827 163.421025 256.000000 207.364254
222.201916 245.148076 0.000000 40.357638 218.948791 234.551396 256.000000 207.071683 145.423909 4.227362 0.000000 40.138209 143.042813 13.441680 256.000000 179.815218 238.964695 165.361322 64.000000 121.223501 232.041484 193.137100 256.000000 95.404078 212.829511 25.061644 64.000000 16.560399 188.181580 5.348965 256.000000 79.054502
232.094329 58.880265 0.000000 16.633542 234.700758 69.829504 256.000000 193.699450 188.401369 15.971115 0.000000 15.760131 147.822136 3.875120 256.000000 186.432494 133.949785 90.563653 0.000000 13.544333 130.034409 92.319891 256.000000 205.978842 47.025553 9.945731 64.000000 28.512800 46.104020 13.812593 256.000000 193.914576
24.707071 178.003513 0.000000 149.138251 18.862024 183.425998 256.000000 67.041867 16.015275 197.320631 64.000000 29.162481 16.225480 195.014431 256.000000 172.707455 93.490396 126.579429 0.000000 15.747223 78.798624 124.111465 256.000000 69.928858 28.826284 186.126398 64.000000 30.061707 29.460655 188.102296 256.000000 184.113436
54.837242 89.007416 64.000000 22.820566 58.515047 90.821240 256.000000 180.396059 193.510149 201.801713 0.000000 11.001544 197.488358 201.902311 256.000000 192.684056 141.588456 12.874309 0.000000 95.124415 142.619491 14.365509 256.000000 107.717891 20.888829 126.818607 64.000000 17.975929 23.051402 127.076467 256.000000 191.518073
122.536118 187.284356 64.000000 10.244300 124.224704 190.671682 256.000000 115.466729 0.997145 204.040171 0.000000 34.514815 3.380485 195.896076 256.000000 198.367685 17.238871 12.093982 64.000000 25.621507 16.845229 13.090104 256.000000 201.048155 123.899278 162.812196 64.000000 18.483626 123.599409 161.549891 256.000000 214.183748
90.725871 108.002889 64.000000 18.617004 91.366349 110.449578 256.000000 186.927284 252.124867 173.881795 0.000000 113.767234 255.197322 183.973564 256.000000 96.952986 133.901224 133.476576 0.000000 108.668748 134.289331 133.894638 256.000000 106.913319 117.374749 46.395898 0.000000 16.508769 115.653896 47.783151 256.000000 212.187379
75.709320 92.691658 0.000000 20.535928 53.311238 94.531411 256.000000 204.748322 133.296696 208.740669 0.000000 17.175660 130.680502 208.156153 256.000000 185.675251 37.405898 238.632067 0.000000 13.535728 41.554105 245.257385 256.000000 203.810372 254.364885 168.884382 64.000000 28.009405 240.690527 164.664769 256.000000 94.991037
137.922189 110.205585 64.000000 117.179132 151.506405 100.844236 256.000000 98.390027 86.531189 178.424024 64.000000 13.858417 90.735898 178.578791 256.000000 209.545632 249.737907 111.675245 64.000000 18.315828 248.823795 114.122089 256.000000 199.068995 132.013005 47.750387 64.000000 31.193270 131.484416 51.778645 256.000000 192.804526
46.123655 60.954713 0.000000 90.925155 44.328355 60.678515 256.000000 100.003472 164.582087 184.709476 64.000000 42.272259 152.607907 178.722313 256.000000 176.644261 153.519611 113.826876 64.000000 18.457811 148.628027 116.345344 256.000000 222.909259 66.998925 183.885605 0.000000 28.573035 82.612707 183.061195 256.000000 60.459011
117.217575 116.044989 0.000000 14.163896 128.085389 122.372967 256.000000 198.492458 180.608198 24.525033 0.000000 15.484769 182.622338 26.193747 256.000000 199.959617 228.997107 57.795387 64.000000 20.359525 223.761518 64.921942 256.000000 176.347387 33.359560 96.742876 64.000000 22.898011 34.309669 108.463696 256.000000 197.735214
169.007775 234.028365 64.000000 29.498077 163.119722 229.361778 256.000000 193.591887 227.326124 125.038980 64.000000 124.880643 226.431569 125.453084 256.000000 80.482939 21.983285 19.978031 64.000000 95.507339 21.011558 20.752742 256.000000 97.637086 207.921640 120.515856 64.000000 11.892165 205.624020 120.488860 256.000000 212.208891
199.244064 154.672525 0.000000 22.872196 169.951295 71.468271 256.000000 86.024585 158.811553 43.584655 64.000000 20.226147 170.739545 46.322311 256.000000 208.345228 27.500864 115.864240 64.000000 19.021441 38.480665 100.775993 256.000000 192.653938 134.375516 69.937613 0.000000 9.521477 139.500736 68.456369 256.000000 209.786573
132.958689 17.975967 64.000000 10.265813 112.042307 5.536913 256.000000 196.767147 67.877500 139.640724 64.000000 19.692634 56.066989 133.575822 256.000000 93.855171 130.090449 230.499687 64.000000 10.085107 127.959273 227.845116 256.000000 202.515314 22.643727 102.305793 64.000000 152.266183 24.749087 104.316416 256.000000 69.588958
84.369522 65.755911 0.000000 13.221644 79.113260 73.044844 256.000000 205.225901 153.887587 124.005211 0.000000 16.771223 156.387636 129.214004 256.000000 200.669533 137.378596 211.961882 0.000000 15.910719 137.903596 204.043993 256.000000 92.039508 78.072396 111.849969 64.000000 13.746551 83.406095 108.961713 320.000000 209.373531
103.894953 208.641244 0.000000 19.692634 108.153658 203.489467 256.000000 212.742404 136.169015 144.135193 0.000000 17.240198 131.789578 145.444027 256.000000 203.479078 87.200887 21.267913 64.000000 18.298618 114.129540 11.321520 256.000000 192.434510 182.230180 52.384765 0.000000 23.354079 176.342851 54.115273 256.000000 190.524191
81.282945 215.306429 64.000000 14.185408 78.607102 206.375404 256.000000 187.314511 174.903278 21.176567 64.000000 10.988636 173.675767 21.201384 256.000000 208.530237 102.842140 116.046818 0.000000 111.938663 101.834702 119.314651 256.000000 109.589487 112.543700 54.464878 0.000000 32.535656 115.302149 58.588038 256.000000 168.839490
127.907547 169.958153 64.000000 149.654553 131.950671 166.327315 256.000000 55.003416 174.213969 82.262793 64.000000 34.101774 172.218296 85.802495 256.000000 196.900525 60.324213 12.040791 0.000000 18.320130 61.962951 15.568644 256.000000 222.513427 90.076398 69.719547 0.000000 18.681542 92.048875 67.507884 256.000000 215.336823
207.672511 42.004856 64.000000 116.245485 202.323335 48.540785 256.000000 111.207234 191.492724 168.850442 64.000000 18.203962 193.725105 172.055884 256.000000 192.116123 133.683147 221.136355 0.000000 10.244300 118.276087 227.504035 256.000000 194.396459 122.442111 169.974602 0.000000 66.142640 124.610716 189.195796 256.000000 145.377848
227.949007 221.423336 0.000000 18.935391 244.355645 207.258020 256.000000 89.036349 90.107551 158.975647 0.000000 19.542046 96.577451 157.645836 256.000000 197.352290 118.125504 162.471529 64.000000 137.960304 130.996887 153.360295 256.000000 72.708285 148.215844 160.867935 64.000000 136.424304 156.303560 160.640829 256.000000 62.098271
34.302567 230.917098 0.000000 11.388770 35.689147 238.341193 256.000000 193.660728 245.613484 154.941987 64.000000 16.465744 244.361680 152.633927 320.000000 214.527950 188.230096 115.542429 64.000000 116.809115 186.916349 117.678238 256.000000 89.440786 20.523984 110.308018 64.000000 24.752398 20.143944 114.559713 256.000000 197.304962
58.555191 136.778109 0.000000 31.713875 59.761176 139.521140 256.000000 185.511755 145.945816 132.625745 64.000000 103.084077 150.203276 131.279669 256.000000 106.810059 133.099073 14.356096 0.000000 100.313254 134.782911 15.753462 256.000000 103.359438 250.073475 157.929865 64.000000 15.157778 249.270349 157.689445 256.000000 201.551549
