245.028184 214.869749 0.000000 13.798182 247.549296 205.681711 256.000000 172.040565 232.094329 58.880265 0.000000 16.633542 234.700758 69.829504 256.000000 193.699450 138.818947 70.108675 64.000000 136.975027 134.615098 74.287298 256.000000 76.563343 252.124867 173.881795 0.000000 113.767234 255.197322 183.973564 256.000000 96.952986
191.097160 18.564333 64.000000 147.998083 187.374598 19.048056 256.000000 62.515616 2.088578 53.219442 64.000000 8.725511 3.418049 48.241144 256.000000 201.005129 136.447960 190.502227 0.000000 11.956703 137.211071 190.797685 256.000000 217.879613 43.270698 76.784184 64.000000 26.301305 45.713540 76.828704 256.000000 183.777839
53.106049 5.737482 64.000000 10.222788 51.796893 6.191944 256.000000 219.123041 59.720720 173.316624 0.000000 18.165239 66.412698 178.306733 256.000000 195.308593 222.919920 249.300729 64.000000 29.429237 217.902482 248.464422 256.000000 187.224158 164.582087 184.709476 64.000000 42.272259 152.607907 178.722313 256.000000 176.644261
108.348242 222.563287 64.000000 12.115896 110.101244 225.615376 256.000000 203.862003 27.500864 115.864240 64.000000 19.021441 38.480665 100.775993 256.000000 192.653938 146.332533 159.894175 0.000000 8.626553 156.186173 148.065953 256.000000 200.222071 121.053355 178.674647 0.000000 120.126358 128.182709 205.796042 256.000000 94.797423
120.265156 210.820553 0.000000 118.943165 119.880464 212.331124 256.000000 117.381351 103.742980 162.793518 64.000000 16.926114 109.027527 155.401878 256.000000 200.716861 65.906425 91.246647 0.000000 96.815305 66.389060 91.336033 256.000000 116.869351 245.613484 154.941987 64.000000 16.465744 244.361680 152.633927 320.000000 214.527950
109.088009 162.310011 64.000000 12.072871 109.360593 161.535225 256.000000 210.647077 169.007775 234.028365 64.000000 29.498077 163.119722 229.361778 256.000000 193.591887 89.178204 89.275618 0.000000 13.574451 92.562565 84.510685 256.000000 198.333264 199.089291 47.131955 0.000000 22.338684 195.081022 71.689911 256.000000 205.441027
22.643727 102.305793 64.000000 152.266183 24.749087 104.316416 256.000000 69.588958 250.073475 157.929865 64.000000 15.157778 249.270349 157.689445 256.000000 201.551549 8.132598 233.497645 0.000000 25.475221 14.360911 232.147755 256.000000 182.332193 142.394124 227.506004 64.000000 47.405165 117.427167 205.017496 256.000000 26.344330
55.785367 170.227527 64.000000 89.767777 56.085985 173.701151 256.000000 130.284608 198.641985 104.451311 64.000000 13.466888 196.299047 105.582182 256.000000 194.288896 234.182855 45.198404 64.000000 35.302177 233.199487 52.095756 256.000000 207.820321 174.903278 21.176567 64.000000 10.988636 173.675767 21.201384 256.000000 208.530237
58.555191 136.778109 0.000000 31.713875 59.761176 139.521140 256.000000 185.511755 220.302995 65.487938 64.000000 80.177460 225.377853 76.163273 256.000000 160.006416 33.359560 96.742876 64.000000 22.898011 34.309669 108.463696 256.000000 197.735214 38.818669 156.761129 64.000000 9.646250 36.711887 155.956625 256.000000 87.853156
61.166775 168.671796 64.000000 14.361812 60.079662 173.526369 256.000000 211.860387 194.444216 103.788733 0.000000 58.273331 193.180762 103.299562 256.000000 189.125872 78.072396 111.849969 64.000000 13.746551 83.406095 108.961713 320.000000 209.373531 24.125967 96.386705 64.000000 21.284566 24.495625 99.890305 256.000000 215.964991
84.369522 65.755911 0.000000 13.221644 79.113260 73.044844 256.000000 205.225901 175.494171 220.475475 0.000000 19.365643 188.039020 208.732067 256.000000 186.466914 4.380935 46.854467 64.000000 9.418216 5.050282 45.840604 256.000000 224.522704 40.295464 209.282155 0.000000 10.511056 41.520605 208.794047 256.000000 204.683784
179.319969 199.258136 64.000000 8.785746 178.442620 198.390916 256.000000 201.233163 116.773058 209.419082 0.000000 136.721178 117.373733 212.778900 256.000000 75.182234 140.046967 88.604231 0.000000 21.056533 142.423480 93.269304 256.000000 185.081503 124.978236 155.722385 64.000000 19.821710 124.644605 153.091684 256.000000 193.316526
233.513660 110.890020 64.000000 101.139338 238.338058 108.770485 256.000000 115.066595 225.973924 187.214880 64.000000 14.710316 224.219822 199.326995 256.000000 213.534068 90.230295 243.264296 0.000000 109.744378 88.857905 241.578782 256.000000 89.617189 176.829651 164.527089 0.000000 15.359996 167.032555 173.105373 256.000000 80.233393
157.772280 52.857691 64.000000 17.446719 155.548125 57.175644 256.000000 207.876254 141.588456 12.874309 0.000000 95.124415 142.619491 14.365509 256.000000 107.717891 152.492729 162.425600 0.000000 99.241926 153.302873 163.024515 256.000000 143.493345 182.209089 89.567278 64.000000 13.514215 174.232224 82.493964 256.000000 193.338039
151.230278 155.670649 64.000000 14.878114 152.709655 158.826825 256.000000 187.348931 173.335173 135.428471 64.000000 9.095527 174.199975 133.823976 256.000000 197.816962 160.797245 166.462993 64.000000 80.706670 161.619367 168.350495 256.000000 114.752511 39.462971 88.447269 64.000000 130.112507 41.683104 87.529707 256.000000 77.075343
200.731213 129.982771 64.000000 11.018754 198.403380 126.720024 256.000000 210.031816 222.201916 245.148076 0.000000 40.357638 218.948791 234.551396 256.000000 207.071683 134.545671 72.425576 64.000000 15.045912 129.108356 55.219231 256.000000 206.929699 33.241165 30.773293 0.000000 28.551523 42.467995 30.677245 256.000000 164.524062
153.887587 124.005211 0.000000 16.771223 156.387636 129.214004 256.000000 200.669533 120.102793 247.039362 64.000000 25.931288 102.958035 239.790376 256.000000 185.593503 141.710453 219.228707 64.000000 28.293372 147.323647 209.871387 256.000000 58.720793 46.336951 123.470264 64.000000 9.495662 46.530940 122.776953 256.000000 210.948253
119.437304 109.596413 0.000000 129.260608 128.009909 117.971413 256.000000 88.963206 54.837242 89.007416 64.000000 22.820566 58.515047 90.821240 256.000000 180.396059 114.614985 163.957065 0.000000 12.662316 117.234200 166.170249 256.000000 216.984689 174.420829 42.127433 64.000000 14.026215 177.083640 42.098080 256.000000 216.550134
87.200887 21.267913 64.000000 18.298618 114.129540 11.321520 256.000000 192.434510 94.715278 254.489493 64.000000 13.075358 95.344722 254.236878 256.000000 184.926612 136.169015 144.135193 0.000000 17.240198 131.789578 145.444027 256.000000 203.479078 95.202984 187.218098 64.000000 18.956903 96.591295 184.153873 256.000000 212.350875
8.389238 142.159835 64.000000 138.678825 6.695124 144.514056 256.000000 70.337597 182.874947 149.010456 64.000000 12.937678 180.870962 149.412949 256.000000 128.180676 174.213969 82.262793 64.000000 34.101774 172.218296 85.802495 256.000000 196.900525 42.962713 136.743076 64.000000 28.719321 37.453320 138.886555 256.000000 175.508396
201.859475 134.972440 0.000000 35.926042 186.218162 146.048709 256.000000 177.487555 118.125504 162.471529 64.000000 137.960304 130.996887 153.360295 256.000000 72.708285 183.977796 33.764451 64.000000 23.220700 192.843715 49.298398 256.000000 178.670748 93.090300 138.582740 0.000000 24.455524 102.109705 135.237824 256.000000 184.109133
111.825142 204.118795 64.000000 10.751997 115.189913 212.167147 256.000000 35.306479 103.894953 208.641244 0.000000 19.692634 108.153658 203.489467 256.000000 212.742404 212.799513 95.931467 64.000000 12.761274 216.959558 92.435009 256.000000 205.866977 90.184355 10.474920 0.000000 10.997241 92.236256 11.164729 256.000000 200.665230
229.314809 212.918518 64.000000 15.084635 229.764998 209.956544 256.000000 181.385638 174.463238 219.307540 0.000000 26.520733 165.470245 202.568433 256.000000 174.105774 21.983285 19.978031 64.000000 95.507339 21.011558 20.752742 256.000000 97.637086 158.811553 43.584655 64.000000 20.226147 170.739545 46.322311 256.000000 208.345228
110.685155 176.696531 0.000000 18.105004 115.303731 176.064589 256.000000 192.344157 26.362913 55.813715 0.000000 107.765218 19.586373 55.841784 256.000000 99.177389 117.217575 116.044989 0.000000 14.163896 128.085389 122.372967 256.000000 198.492458 115.087240 225.746111 0.000000 9.263326 125.835213 229.163969 256.000000 209.494001
132.958689 17.975967 64.000000 10.265813 112.042307 5.536913 256.000000 196.767147 192.402327 48.638476 64.000000 23.414314 198.367078 64.295325 256.000000 151.810116 32.689602 3.807953 64.000000 11.917980 30.714358 5.210540 256.000000 234.607811 150.692440 212.948071 64.000000 15.837576 150.799382 211.085529 256.000000 67.803413
226.534033 48.554949 0.000000 11.328535 214.756820 39.236760 256.000000 189.254947 133.284456 102.098422 0.000000 130.082390 132.200309 106.919251 256.000000 102.344043 241.839145 106.485720 64.000000 128.985247 241.591080 106.474611 256.000000 80.164553 90.725871 108.002889 64.000000 18.617004 91.366349 110.449578 256.000000 186.927284
45.630942 20.914442 64.000000 32.613102 53.509705 16.997885 256.000000 192.232291 122.002982 98.951551 0.000000 15.278249 126.281518 101.030136 256.000000 182.431151 126.222840 104.948209 64.000000 12.929073 125.679071 106.394916 256.000000 216.274773 22.746489 114.748547 0.000000 29.751926 18.827991 118.963669 256.000000 57.068625
118.481664 236.166713 0.000000 15.738618 118.962604 230.541782 256.000000 205.768019 214.521509 206.474287 0.000000 10.493846 211.862895 209.354842 320.000000 240.390397 127.821567 3.187198 64.000000 25.582784 123.718900 4.950171 256.000000 199.925197 26.481251 7.239933 0.000000 13.445375 26.830344 6.762984 256.000000 205.591616
138.977135 54.118824 0.000000 123.998626 140.677225 56.777278 256.000000 100.661758 138.722545 96.636333 64.000000 19.946483 111.332093 115.763353 256.000000 199.000155 175.343216 125.839540 64.000000 12.933375 173.961598 123.890864 256.000000 205.101128 187.475847 110.591407 0.000000 17.537072 190.886067 111.025135 256.000000 67.007446
75.594691 180.414907 64.000000 9.814048 72.618413 177.636618 256.000000 217.815075 127.907547 169.958153 64.000000 149.654553 131.950671 166.327315 256.000000 55.003416 151.722771 37.255149 64.000000 10.790720 144.003318 27.546675 256.000000 223.670805 10.864962 15.740853 0.000000 9.740905 10.264322 18.107705 256.000000 185.395587
103.092433 210.452635 64.000000 24.020969 90.626964 205.382091 256.000000 185.124528 98.110540 109.652627 0.000000 13.811089 98.956722 108.090813 256.000000 209.261665 130.090449 230.499687 64.000000 10.085107 127.959273 227.845116 256.000000 202.515314 226.612136 70.407938 0.000000 9.246115 230.269100 75.995922 256.000000 210.844993
139.624756 33.022673 64.000000 11.014451 137.880753 33.801031 256.000000 179.767891 159.823522 58.273631 64.000000 92.577323 159.202140 59.451562 256.000000 133.296372 162.282722 85.164320 64.000000 35.775454 144.805676 92.440505 256.000000 174.368228 100.884982 211.137762 0.000000 40.056461 103.539404 205.069689 256.000000 169.506380
