118.125504 162.471529 64.000000 137.960304 130.996887 153.360295 256.000000 72.708285 22.643727 102.305793 64.000000 152.266183 24.749087 104.316416 256.000000 69.588958 150.692440 212.948071 64.000000 15.837576 150.799382 211.085529 256.000000 67.803413 159.792336 169.067775 64.000000 92.129861 158.431816 171.289795 256.000000 117.992308
95.921805 154.133633 0.000000 121.769921 94.266749 157.160187 256.000000 90.525021 148.215844 160.867935 64.000000 136.424304 156.303560 160.640829 256.000000 62.098271 77.029145 110.594227 64.000000 107.296244 87.859369 98.049816 256.000000 122.398089 203.778642 146.829187 0.000000 149.766419 210.125862 146.534382 256.000000 69.619076
56.869324 211.609889 64.000000 97.469288 54.761780 212.217647 256.000000 120.453350 254.364885 168.884382 64.000000 28.009405 240.690527 164.664769 256.000000 94.991037 188.230096 115.542429 64.000000 116.809115 186.916349 117.678238 256.000000 89.440786 243.064211 98.734024 64.000000 9.616132 253.447360 106.513522 256.000000 199.778911
78.490231 165.637838 64.000000 22.549507 82.896753 172.844867 256.000000 56.431852 232.094329 58.880265 0.000000 16.633542 234.700758 69.829504 256.000000 193.699450 120.102793 247.039362 64.000000 25.931288 102.958035 239.790376 256.000000 185.593503 22.293920 245.510071 64.000000 11.281207 22.593715 245.815607 256.000000 183.752024
151.153195 87.419549 64.000000 9.289141 146.475176 89.328355 256.000000 210.173799 130.090449 230.499687 64.000000 10.085107 127.959273 227.845116 256.000000 202.515314 132.958689 17.975967 64.000000 10.265813 112.042307 5.536913 256.000000 196.767147 198.641985 104.451311 64.000000 13.466888 196.299047 105.582182 256.000000 194.288896
234.792304 206.286209 64.000000 16.362484 234.071784 205.520329 256.000000 202.175415 54.837242 89.007416 64.000000 22.820566 58.515047 90.821240 256.000000 180.396059 137.922189 110.205585 64.000000 117.179132 151.506405 100.844236 256.000000 98.390027 143.714991 224.201242 64.000000 134.505380 146.037744 225.031451 256.000000 95.012549
155.062613 237.964391 64.000000 9.099830 159.327824 240.761418 256.000000 206.477935 60.644460 3.997093 0.000000 105.209522 61.117287 1.181513 256.000000 113.061621 167.600025 210.861869 64.000000 12.610686 164.438440 215.268940 256.000000 226.605123 80.150278 42.685024 0.000000 26.301305 85.104818 52.393067 256.000000 190.291855
228.691007 58.980704 64.000000 122.591702 234.560267 65.882656 256.000000 96.600179 46.123655 60.954713 0.000000 90.925155 44.328355 60.678515 256.000000 100.003472 66.570064 254.300104 0.000000 15.407324 67.847267 252.243775 256.000000 178.403992 200.998693 166.824327 0.000000 25.466616 170.502462 173.689593 256.000000 173.761573
61.751284 126.821953 64.000000 9.383796 35.891825 146.997511 256.000000 203.526406 53.106049 5.737482 64.000000 10.222788 51.796893 6.191944 256.000000 219.123041 242.173515 65.705044 0.000000 16.289341 245.692844 68.182911 320.000000 220.099713 145.423909 4.227362 0.000000 40.138209 143.042813 13.441680 256.000000 179.815218
218.796349 121.447089 0.000000 10.054989 218.498262 119.435689 256.000000 196.956458 225.973924 187.214880 64.000000 14.710316 224.219822 199.326995 256.000000 213.534068 214.521509 206.474287 0.000000 10.493846 211.862895 209.354842 320.000000 240.390397 197.814980 167.775727 0.000000 11.319930 194.988962 171.731731 256.000000 102.675337
46.336951 123.470264 64.000000 9.495662 46.530940 122.776953 256.000000 210.948253 10.058162 183.537178 64.000000 9.818351 19.189902 181.222060 256.000000 210.896623 227.326124 125.038980 64.000000 124.880643 226.431569 125.453084 256.000000 80.482939 75.709320 92.691658 0.000000 20.535928 53.311238 94.531411 256.000000 204.748322
200.731213 129.982771 64.000000 11.018754 198.403380 126.720024 256.000000 210.031816 96.559200 161.297522 64.000000 10.205577 94.402827 163.421025 256.000000 207.364254 111.531318 95.241815 64.000000 10.610014 120.705144 100.887827 256.000000 91.351105 90.076398 69.719547 0.000000 18.681542 92.048875 67.507884 256.000000 215.336823
241.839145 106.485720 64.000000 128.985247 241.591080 106.474611 256.000000 80.164553 169.730718 34.572869 64.000000 101.380279 173.108202 46.070284 256.000000 109.447504 85.168773 74.347480 64.000000 11.362955 86.295680 75.025673 256.000000 206.856557 56.795735 124.736029 0.000000 10.029174 57.119498 126.598789 256.000000 203.788860
117.217575 116.044989 0.000000 14.163896 128.085389 122.372967 256.000000 198.492458 47.025553 9.945731 64.000000 28.512800 46.104020 13.812593 256.000000 193.914576 84.369522 65.755911 0.000000 13.221644 79.113260 73.044844 256.000000 205.225901 49.328478 186.648709 64.000000 20.514415 57.836405 195.583584 256.000000 194.017837
31.772700 154.398233 64.000000 26.374448 29.838095 157.688922 256.000000 186.432494 110.685155 176.696531 0.000000 18.105004 115.303731 176.064589 256.000000 192.344157 54.228964 148.420447 0.000000 31.593404 56.218571 143.934947 256.000000 206.181061 111.465358 175.292307 64.000000 37.840663 111.538616 158.656700 256.000000 76.107276
42.962713 136.743076 64.000000 28.719321 37.453320 138.886555 256.000000 175.508396 140.597533 168.064253 64.000000 96.643204 146.601796 168.148818 256.000000 112.089251 34.315384 210.574511 0.000000 28.538615 50.274385 210.641747 256.000000 216.128487 63.506315 28.559304 64.000000 9.951729 58.742756 26.981600 256.000000 194.525534
78.072396 111.849969 64.000000 13.746551 83.406095 108.961713 320.000000 209.373531 175.494171 220.475475 0.000000 19.365643 188.039020 208.732067 256.000000 186.466914 201.910105 81.610156 0.000000 14.327392 194.799747 78.740298 256.000000 204.877397 159.005491 168.138369 64.000000 8.613645 161.900642 168.858342 256.000000 194.430879
157.772280 52.857691 64.000000 17.446719 155.548125 57.175644 256.000000 207.876254 65.585358 185.060502 64.000000 21.181306 70.558538 185.451689 256.000000 217.010504 16.586987 58.205625 0.000000 10.020569 16.377915 59.717731 256.000000 199.735886 150.045691 62.393678 64.000000 9.129947 152.833551 61.345295 256.000000 215.844521
212.829511 25.061644 64.000000 16.560399 188.181580 5.348965 256.000000 79.054502 103.742980 162.793518 64.000000 16.926114 109.027527 155.401878 256.000000 200.716861 108.348242 222.563287 64.000000 12.115896 110.101244 225.615376 256.000000 203.862003 97.474809 103.131996 64.000000 11.302720 97.822589 103.496960 256.000000 207.114708
192.402327 48.638476 64.000000 23.414314 198.367078 64.295325 256.000000 151.810116 10.864962 15.740853 0.000000 9.740905 10.264322 18.107705 256.000000 185.395587 116.474693 119.781580 64.000000 22.175188 120.756922 115.891156 256.000000 192.344157 136.447960 190.502227 0.000000 11.956703 137.211071 190.797685 256.000000 217.879613
43.950893 231.917805 0.000000 14.942652 45.933418 226.444055 256.000000 167.213137 179.319969 199.258136 64.000000 8.785746 178.442620 198.390916 256.000000 201.233163 31.369245 46.101327 64.000000 15.570820 33.160127 41.529711 256.000000 191.857972 68.459055 19.514415 0.000000 28.517103 70.338902 22.792487 256.000000 177.186379
59.524173 85.556513 0.000000 9.323561 60.073115 82.510020 256.000000 230.881828 133.284456 102.098422 0.000000 130.082390 132.200309 106.919251 256.000000 102.344043 164.872585 137.206465 0.000000 14.422047 167.321022 140.714856 256.000000 188.291183 163.926362 126.947280 0.000000 14.572635 165.605542 123.469105 256.000000 211.133261
154.329593 87.219409 64.000000 22.721608 175.664711 83.114864 256.000000 98.544918 133.683147 221.136355 0.000000 10.244300 118.276087 227.504035 256.000000 194.396459 234.182855 45.198404 64.000000 35.302177 233.199487 52.095756 256.000000 207.820321 127.907547 169.958153 64.000000 149.654553 131.950671 166.327315 256.000000 55.003416
89.178204 89.275618 0.000000 13.574451 92.562565 84.510685 256.000000 198.333264 243.522669 194.141260 64.000000 10.747695 242.692251 194.876067 256.000000 211.709799 51.814336 212.914371 64.000000 29.515287 65.772175 168.512445 256.000000 202.846608 220.302995 65.487938 64.000000 80.177460 225.377853 76.163273 256.000000 160.006416
20.888829 126.818607 64.000000 17.975929 23.051402 127.076467 256.000000 191.518073 238.964695 165.361322 64.000000 121.223501 232.041484 193.137100 256.000000 95.404078 118.367900 198.456404 64.000000 14.379022 117.762829 196.293880 256.000000 212.109933 81.282945 215.306429 64.000000 14.185408 78.607102 206.375404 256.000000 187.314511
174.420829 42.127433 64.000000 14.026215 177.083640 42.098080 256.000000 216.550134 57.506864 252.770495 0.000000 32.578681 57.327225 246.029771 256.000000 175.908530 102.842140 116.046818 0.000000 111.938663 101.834702 119.314651 256.000000 109.589487 94.715278 254.489493 64.000000 13.075358 95.344722 254.236878 256.000000 184.926612
14.560655 31.202389 0.000000 29.394817 16.897185 29.934204 256.000000 189.801367 2.088578 53.219442 64.000000 8.725511 3.418049 48.241144 256.000000 201.005129 176.829651 164.527089 0.000000 15.359996 167.032555 173.105373 256.000000 80.233393 133.296696 208.740669 0.000000 17.175660 130.680502 208.156153 256.000000 185.675251
167.448100 21.199691 64.000000 21.744936 165.768451 29.799615 256.000000 162.975155 180.608198 24.525033 0.000000 15.484769 182.622338 26.193747 256.000000 199.959617 122.536118 187.284356 64.000000 10.244300 124.224704 190.671682 256.000000 115.466729 17.238871 12.093982 64.000000 25.621507 16.845229 13.090104 256.000000 201.048155
158.811553 43.584655 64.000000 20.226147 170.739545 46.322311 256.000000 208.345228 162.282722 85.164320 64.000000 35.775454 144.805676 92.440505 256.000000 174.368228 199.089291 47.131955 0.000000 22.338684 195.081022 71.689911 256.000000 205.441027 194.444216 103.788733 0.000000 58.273331 193.180762 103.299562 256.000000 189.125872
43.318513 140.129598 0.000000 31.739690 53.845184 149.291367 256.000000 188.669805 123.899278 162.812196 64.000000 18.483626 123.599409 161.549891 256.000000 214.183748 25.531905 131.789322 64.000000 162.962248 29.379838 123.812120 256.000000 62.868422 60.324213 12.040791 0.000000 18.320130 61.962951 15.568644 256.000000 222.513427
98.110540 109.652627 0.000000 13.811089 98.956722 108.090813 256.000000 209.261665 21.983285 19.978031 64.000000 95.507339 21.011558 20.752742 256.000000 97.637086 4.380935 46.854467 64.000000 9.418216 5.050282 45.840604 256.000000 224.522704 65.906425 91.246647 0.000000 96.815305 66.389060 91.336033 256.000000 116.869351
245.433222 250.335718 64.000000 11.720064 244.734716 250.350269 256.000000 207.493330 23.033076 203.947965 64.000000 25.531154 22.917853 200.737815 256.000000 223.976284 22.599145 146.912235 0.000000 35.414042 38.432295 153.355687 256.000000 215.995109 238.684918 66.272893 64.000000 106.792849 237.060689 67.095091 256.000000 114.180276
