66.998925 183.885605 0.000000 28.573035 82.612707 183.061195 256.000000 60.459011 79.329495 115.573365 0.000000 10.915493 67.162133 117.182275 256.000000 193.656425 150.058915 72.990751 0.000000 9.332166 152.679696 73.230245 256.000000 208.087077 103.742980 162.793518 64.000000 16.926114 109.027527 155.401878 256.000000 200.716861
159.005491 168.138369 64.000000 8.613645 161.900642 168.858342 256.000000 194.430879 87.200887 21.267913 64.000000 18.298618 114.129540 11.321520 256.000000 192.434510 143.714991 224.201242 64.000000 134.505380 146.037744 225.031451 256.000000 95.012549 95.202984 187.218098 64.000000 18.956903 96.591295 184.153873 256.000000 212.350875
197.781418 86.381015 0.000000 109.206563 194.190255 99.310925 256.000000 107.274731 179.319969 199.258136 64.000000 8.785746 178.442620 198.390916 256.000000 201.233163 22.599145 146.912235 0.000000 35.414042 38.432295 153.355687 256.000000 215.995109 104.377751 247.723760 64.000000 12.782787 99.885347 255.482896 256.000000 89.174030
201.910105 81.610156 0.000000 14.327392 194.799747 78.740298 256.000000 204.877397 197.814980 167.775727 0.000000 11.319930 194.988962 171.731731 256.000000 102.675337 136.447960 190.502227 0.000000 11.956703 137.211071 190.797685 256.000000 217.879613 110.685155 176.696531 0.000000 18.105004 115.303731 176.064589 256.000000 192.344157
108.348242 222.563287 64.000000 12.115896 110.101244 225.615376 256.000000 203.862003 86.531189 178.424024 64.000000 13.858417 90.735898 178.578791 256.000000 209.545632 111.825142 204.118795 64.000000 10.751997 115.189913 212.167147 256.000000 35.306479 139.624756 33.022673 64.000000 11.014451 137.880753 33.801031 256.000000 179.767891
167.019135 74.960751 64.000000 185.374074 166.692524 78.081905 256.000000 55.554138 119.437304 109.596413 0.000000 129.260608 128.009909 117.971413 256.000000 88.963206 237.290196 93.087196 0.000000 17.756500 227.961395 85.320033 256.000000 194.224358 103.894953 208.641244 0.000000 19.692634 108.153658 203.489467 256.000000 212.742404
148.215844 160.867935 64.000000 136.424304 156.303560 160.640829 256.000000 62.098271 10.696533 67.485127 64.000000 18.500836 12.492909 66.957104 256.000000 210.875110 37.405898 238.632067 0.000000 13.535728 41.554105 245.257385 256.000000 203.810372 180.608198 24.525033 0.000000 15.484769 182.622338 26.193747 256.000000 199.959617
150.045691 62.393678 64.000000 9.129947 152.833551 61.345295 256.000000 215.844521 122.166593 91.982329 0.000000 8.983662 126.091433 78.979573 256.000000 209.192825 50.124911 172.956811 64.000000 122.428207 52.012840 174.336064 256.000000 125.203332 17.238871 12.093982 64.000000 25.621507 16.845229 13.090104 256.000000 201.048155
39.462971 88.447269 64.000000 130.112507 41.683104 87.529707 256.000000 77.075343 109.088009 162.310011 64.000000 12.072871 109.360593 161.535225 256.000000 210.647077 4.358920 111.845691 0.000000 30.078917 12.715944 117.574471 256.000000 169.854885 189.677475 197.861971 0.000000 18.345945 160.042378 224.665060 256.000000 203.306978
182.209089 89.567278 64.000000 13.514215 174.232224 82.493964 256.000000 193.338039 73.329167 37.991260 0.000000 100.541287 75.379269 42.600831 256.000000 83.937863 89.178204 89.275618 0.000000 13.574451 92.562565 84.510685 256.000000 198.333264 28.982042 123.833116 64.000000 117.673922 29.033456 129.439144 256.000000 106.224916
2.088578 53.219442 64.000000 8.725511 3.418049 48.241144 256.000000 201.005129 48.603956 213.608133 64.000000 18.139424 44.732885 212.970120 256.000000 203.612456 84.369522 65.755911 0.000000 13.221644 79.113260 73.044844 256.000000 205.225901 163.926362 126.947280 0.000000 14.572635 165.605542 123.469105 256.000000 211.133261
34.302567 230.917098 0.000000 11.388770 35.689147 238.341193 256.000000 193.660728 120.102793 247.039362 64.000000 25.931288 102.958035 239.790376 256.000000 185.593503 59.524173 85.556513 0.000000 9.323561 60.073115 82.510020 256.000000 230.881828 118.367900 198.456404 64.000000 14.379022 117.762829 196.293880 256.000000 212.109933
158.811553 43.584655 64.000000 20.226147 170.739545 46.322311 256.000000 208.345228 59.720720 173.316624 0.000000 18.165239 66.412698 178.306733 256.000000 195.308593 111.465358 175.292307 64.000000 37.840663 111.538616 158.656700 256.000000 76.107276 100.811604 90.118798 64.000000 16.878786 98.489842 94.847520 256.000000 198.681769
123.741136 212.559853 0.000000 11.935190 100.305649 194.765235 256.000000 212.983345 207.921640 120.515856 64.000000 11.892165 205.624020 120.488860 256.000000 212.208891 160.797245 166.462993 64.000000 80.706670 161.619367 168.350495 256.000000 114.752511 133.284456 102.098422 0.000000 130.082390 132.200309 106.919251 256.000000 102.344043
46.336951 123.470264 64.000000 9.495662 46.530940 122.776953 256.000000 210.948253 85.700045 203.733476 64.000000 102.795808 88.122255 207.139398 256.000000 104.753454 16.015275 197.320631 64.000000 29.162481 16.225480 195.014431 256.000000 172.707455 58.555191 136.778109 0.000000 31.713875 59.761176 139.521140 256.000000 185.511755
43.950893 231.917805 0.000000 14.942652 45.933418 226.444055 256.000000 167.213137 40.295464 209.282155 0.000000 10.511056 41.520605 208.794047 256.000000 204.683784 207.672511 42.004856 64.000000 116.245485 202.323335 48.540785 256.000000 111.207234 150.692440 212.948071 64.000000 15.837576 150.799382 211.085529 256.000000 67.803413
233.513660 110.890020 64.000000 101.139338 238.338058 108.770485 256.000000 115.066595 95.921805 154.133633 0.000000 121.769921 94.266749 157.160187 256.000000 90.525021 28.826284 186.126398 64.000000 30.061707 29.460655 188.102296 256.000000 184.113436 106.856755 23.424840 0.000000 11.763090 114.803773 22.472247 256.000000 208.379649
78.072396 111.849969 64.000000 13.746551 83.406095 108.961713 320.000000 209.373531 133.099073 14.356096 0.000000 100.313254 134.782911 15.753462 256.000000 103.359438 120.265156 210.820553 0.000000 118.943165 119.880464 212.331124 256.000000 117.381351 10.864962 15.740853 0.000000 9.740905 10.264322 18.107705 256.000000 185.395587
124.536435 198.939324 0.000000 12.907560 121.580927 198.781507 256.000000 214.231076 78.490231 165.637838 64.000000 22.549507 82.896753 172.844867 256.000000 56.431852 112.543700 54.464878 0.000000 32.535656 115.302149 58.588038 256.000000 168.839490 80.150278 42.685024 0.000000 26.301305 85.104818 52.393067 256.000000 190.291855
138.977135 54.118824 0.000000 123.998626 140.677225 56.777278 256.000000 100.661758 54.837242 89.007416 64.000000 22.820566 58.515047 90.821240 256.000000 180.396059 45.630942 20.914442 64.000000 32.613102 53.509705 16.997885 256.000000 192.232291 43.270698 76.784184 64.000000 26.301305 45.713540 76.828704 256.000000 183.777839
225.659947 84.937735 0.000000 19.572163 220.020653 84.536736 256.000000 192.150543 129.028920 53.567425 64.000000 11.418888 128.202825 52.355060 256.000000 203.887818 75.874475 122.499064 0.000000 13.518518 70.382951 132.574898 256.000000 66.331951 249.540138 109.603767 0.000000 13.058148 249.329193 108.701193 256.000000 237.843306
81.282945 215.306429 64.000000 14.185408 78.607102 206.375404 256.000000 187.314511 75.709320 92.691658 0.000000 20.535928 53.311238 94.531411 256.000000 204.748322 174.903278 21.176567 64.000000 10.988636 173.675767 21.201384 256.000000 208.530237 167.448100 21.199691 64.000000 21.744936 165.768451 29.799615 256.000000 162.975155
146.332533 159.894175 0.000000 8.626553 156.186173 148.065953 256.000000 200.222071 60.324213 12.040791 0.000000 18.320130 61.962951 15.568644 256.000000 222.513427 233.930647 131.811729 0.000000 10.136737 231.127560 137.133085 256.000000 210.453463 22.746489 114.748547 0.000000 29.751926 18.827991 118.963669 256.000000 57.068625
122.536118 187.284356 64.000000 10.244300 124.224704 190.671682 256.000000 115.466729 121.053355 178.674647 0.000000 120.126358 128.182709 205.796042 256.000000 94.797423 228.997107 57.795387 64.000000 20.359525 223.761518 64.921942 256.000000 176.347387 46.123655 60.954713 0.000000 90.925155 44.328355 60.678515 256.000000 100.003472
29.920111 89.096558 64.000000 22.919524 40.747449 84.852695 256.000000 60.041667 100.884982 211.137762 0.000000 40.056461 103.539404 205.069689 256.000000 169.506380 78.111542 50.896520 0.000000 25.698952 75.361700 59.204384 256.000000 183.110949 121.076476 56.954578 64.000000 108.169655 125.443144 50.428727 256.000000 113.861889
25.531905 131.789322 64.000000 162.962248 29.379838 123.812120 256.000000 62.868422 118.125504 162.471529 64.000000 137.960304 130.996887 153.360295 256.000000 72.708285 212.799513 95.931467 64.000000 12.761274 216.959558 92.435009 256.000000 205.866977 51.605416 179.267233 0.000000 113.410125 52.231456 177.721784 256.000000 90.602466
159.792336 169.067775 64.000000 92.129861 158.431816 171.289795 256.000000 117.992308 153.519611 113.826876 64.000000 18.457811 148.628027 116.345344 256.000000 222.909259 37.654042 65.432002 64.000000 105.682799 35.771364 65.932524 256.000000 111.542831 173.335173 135.428471 64.000000 9.095527 174.199975 133.823976 256.000000 197.816962
99.167975 235.644611 64.000000 12.167527 102.007833 234.687913 256.000000 199.047483 250.073475 157.929865 64.000000 15.157778 249.270349 157.689445 256.000000 201.551549 198.355295 68.140804 64.000000 12.774182 189.523576 55.485393 256.000000 228.364854 127.907547 169.958153 64.000000 149.654553 131.950671 166.327315 256.000000 55.003416
24.125967 96.386705 64.000000 21.284566 24.495625 99.890305 256.000000 215.964991 32.689602 3.807953 64.000000 11.917980 30.714358 5.210540 256.000000 234.607811 133.683147 221.136355 0.000000 10.244300 118.276087 227.504035 256.000000 194.396459 93.490396 126.579429 0.000000 15.747223 78.798624 124.111465 256.000000 69.928858
140.597533 168.064253 64.000000 96.643204 146.601796 168.148818 256.000000 112.089251 84.718225 71.467907 64.000000 105.613958 84.815244 78.540965 256.000000 114.322259 97.474809 103.131996 64.000000 11.302720 97.822589 103.496960 256.000000 207.114708 14.560655 31.202389 0.000000 29.394817 16.897185 29.934204 256.000000 189.801367
56.795735 124.736029 0.000000 10.029174 57.119498 126.598789 256.000000 203.788860 98.423805 195.920949 64.000000 11.311325 97.021024 192.995047 256.000000 101.229691 132.958689 17.975967 64.000000 10.265813 112.042307 5.536913 256.000000 196.767147 134.545671 72.425576 64.000000 15.045912 129.108356 55.219231 256.000000 206.929699
222.201916 245.148076 0.000000 40.357638 218.948791 234.551396 256.000000 207.071683 111.437642 114.789576 0.000000 24.055389 115.026118 115.955567 256.000000 186.630410 200.998693 166.824327 0.000000 25.466616 170.502462 173.689593 256.000000 173.761573 245.613484 154.941987 64.000000 16.465744 244.361680 152.633927 320.000000 214.527950
