68.713162 31.675031 64.000000 14.891022 82.627116 21.388567 256.000000 181.398546 103.092433 210.452635 64.000000 24.020969 90.626964 205.382091 256.000000 185.124528 16.586987 58.205625 0.000000 10.020569 16.377915 59.717731 256.000000 199.735886 169.007775 234.028365 64.000000 29.498077 163.119722 229.361778 256.000000 193.591887
141.588456 12.874309 0.000000 95.124415 142.619491 14.365509 256.000000 107.717891 93.490396 126.579429 0.000000 15.747223 78.798624 124.111465 256.000000 69.928858 94.715278 254.489493 64.000000 13.075358 95.344722 254.236878 256.000000 184.926612 198.355295 68.140804 64.000000 12.774182 189.523576 55.485393 256.000000 228.364854
203.778642 146.829187 0.000000 149.766419 210.125862 146.534382 256.000000 69.619076 241.839145 106.485720 64.000000 128.985247 241.591080 106.474611 256.000000 80.164553 123.741136 212.559853 0.000000 11.935190 100.305649 194.765235 256.000000 212.983345 153.519611 113.826876 64.000000 18.457811 148.628027 116.345344 256.000000 222.909259
2.088578 53.219442 64.000000 8.725511 3.418049 48.241144 256.000000 201.005129 226.612136 70.407938 0.000000 9.246115 230.269100 75.995922 256.000000 210.844993 89.178204 89.275618 0.000000 13.574451 92.562565 84.510685 256.000000 198.333264 182.874947 149.010456 64.000000 12.937678 180.870962 149.412949 256.000000 128.180676
110.685155 176.696531 0.000000 18.105004 115.303731 176.064589 256.000000 192.344157 45.630942 20.914442 64.000000 32.613102 53.509705 16.997885 256.000000 192.232291 133.949785 90.563653 0.000000 13.544333 130.034409 92.319891 256.000000 205.978842 93.090300 138.582740 0.000000 24.455524 102.109705 135.237824 256.000000 184.109133
163.381667 69.096149 64.000000 134.492473 159.799080 65.161193 256.000000 83.503308 95.202984 187.218098 64.000000 18.956903 96.591295 184.153873 256.000000 212.350875 133.099073 14.356096 0.000000 100.313254 134.782911 15.753462 256.000000 103.359438 221.742016 84.551431 64.000000 26.391658 196.342805 86.106509 256.000000 48.855115
143.714991 224.201242 64.000000 134.505380 146.037744 225.031451 256.000000 95.012549 207.672511 42.004856 64.000000 116.245485 202.323335 48.540785 256.000000 111.207234 43.950893 231.917805 0.000000 14.942652 45.933418 226.444055 256.000000 167.213137 124.536435 198.939324 0.000000 12.907560 121.580927 198.781507 256.000000 214.231076
112.971042 181.264580 0.000000 13.647593 108.215315 179.900100 256.000000 193.785501 173.335173 135.428471 64.000000 9.095527 174.199975 133.823976 256.000000 197.816962 225.973924 187.214880 64.000000 14.710316 224.219822 199.326995 256.000000 213.534068 81.282945 215.306429 64.000000 14.185408 78.607102 206.375404 256.000000 187.314511
228.691007 58.980704 64.000000 122.591702 234.560267 65.882656 256.000000 96.600179 65.906425 91.246647 0.000000 96.815305 66.389060 91.336033 256.000000 116.869351 208.720402 132.757991 64.000000 9.444031 212.814105 128.834000 256.000000 81.537057 150.045691 62.393678 64.000000 9.129947 152.833551 61.345295 256.000000 215.844521
122.442111 169.974602 0.000000 66.142640 124.610716 189.195796 256.000000 145.377848 96.559200 161.297522 64.000000 10.205577 94.402827 163.421025 256.000000 207.364254 138.722545 96.636333 64.000000 19.946483 111.332093 115.763353 256.000000 199.000155 63.506315 28.559304 64.000000 9.951729 58.742756 26.981600 256.000000 194.525534
122.002982 98.951551 0.000000 15.278249 126.281518 101.030136 256.000000 182.431151 202.810320 161.768664 0.000000 18.251290 201.332902 163.788238 256.000000 214.347244 140.597533 168.064253 64.000000 96.643204 146.601796 168.148818 256.000000 112.089251 27.500864 115.864240 64.000000 19.021441 38.480665 100.775993 256.000000 192.653938
176.829651 164.527089 0.000000 15.359996 167.032555 173.105373 256.000000 80.233393 237.290196 93.087196 0.000000 17.756500 227.961395 85.320033 256.000000 194.224358 37.405898 238.632067 0.000000 13.535728 41.554105 245.257385 256.000000 203.810372 226.534033 48.554949 0.000000 11.328535 214.756820 39.236760 256.000000 189.254947
120.102793 247.039362 64.000000 25.931288 102.958035 239.790376 256.000000 185.593503 249.737907 111.675245 64.000000 18.315828 248.823795 114.122089 256.000000 199.068995 63.946240 26.561900 64.000000 25.027759 71.937233 17.569265 256.000000 219.794234 140.046967 88.604231 0.000000 21.056533 142.423480 93.269304 256.000000 185.081503
90.188367 90.780185 64.000000 116.649922 78.242493 94.671064 256.000000 90.167912 11.410298 147.782149 64.000000 102.774295 11.313044 150.230253 256.000000 89.505324 164.180885 135.101684 64.000000 13.608871 166.100440 174.166749 256.000000 207.600893 233.513660 110.890020 64.000000 101.139338 238.338058 108.770485 256.000000 115.066595
234.182855 45.198404 64.000000 35.302177 233.199487 52.095756 256.000000 207.820321 188.230096 115.542429 64.000000 116.809115 186.916349 117.678238 256.000000 89.440786 79.329495 115.573365 0.000000 10.915493 67.162133 117.182275 256.000000 193.656425 157.772280 52.857691 64.000000 17.446719 155.548125 57.175644 256.000000 207.876254
245.028184 214.869749 0.000000 13.798182 247.549296 205.681711 256.000000 172.040565 159.005491 168.138369 64.000000 8.613645 161.900642 168.858342 256.000000 194.430879 39.462971 88.447269 64.000000 130.112507 41.683104 87.529707 256.000000 77.075343 90.725871 108.002889 64.000000 18.617004 91.366349 110.449578 256.000000 186.927284
229.234853 216.945431 0.000000 122.299131 224.020120 220.642038 256.000000 91.006903 49.328478 186.648709 64.000000 20.514415 57.836405 195.583584 256.000000 194.017837 227.326124 125.038980 64.000000 124.880643 226.431569 125.453084 256.000000 80.482939 238.964695 165.361322 64.000000 121.223501 232.041484 193.137100 256.000000 95.404078
132.013005 47.750387 64.000000 31.193270 131.484416 51.778645 256.000000 192.804526 97.474809 103.131996 64.000000 11.302720 97.822589 103.496960 256.000000 207.114708 111.465358 175.292307 64.000000 37.840663 111.538616 158.656700 256.000000 76.107276 116.374936 177.389725 64.000000 9.396704 118.096844 180.038491 256.000000 193.338039
164.371793 203.850698 64.000000 134.307464 172.978062 201.731211 256.000000 78.103646 133.683147 221.136355 0.000000 10.244300 118.276087 227.504035 256.000000 194.396459 218.796349 121.447089 0.000000 10.054989 218.498262 119.435689 256.000000 196.956458 134.545671 72.425576 64.000000 15.045912 129.108356 55.219231 256.000000 206.929699
61.751284 126.821953 64.000000 9.383796 35.891825 146.997511 256.000000 203.526406 90.191502 164.347109 0.000000 33.310110 85.721225 166.396642 256.000000 201.478407 203.524895 208.211140 64.000000 17.808130 195.731982 204.912696 256.000000 217.737630 98.110540 109.652627 0.000000 13.811089 98.956722 108.090813 256.000000 209.261665
145.945816 132.625745 64.000000 103.084077 150.203276 131.279669 256.000000 106.810059 116.773058 209.419082 0.000000 136.721178 117.373733 212.778900 256.000000 75.182234 199.244064 154.672525 0.000000 22.872196 169.951295 71.468271 256.000000 86.024585 31.772700 154.398233 64.000000 26.374448 29.838095 157.688922 256.000000 186.432494
160.797245 166.462993 64.000000 80.706670 161.619367 168.350495 256.000000 114.752511 197.814980 167.775727 0.000000 11.319930 194.988962 171.731731 256.000000 102.675337 228.997107 57.795387 64.000000 20.359525 223.761518 64.921942 256.000000 176.347387 167.448100 21.199691 64.000000 21.744936 165.768451 29.799615 256.000000 162.975155
162.217896 48.405307 64.000000 14.959862 161.194255 50.511722 256.000000 181.635184 23.033076 203.947965 64.000000 25.531154 22.917853 200.737815 256.000000 223.976284 122.536118 187.284356 64.000000 10.244300 124.224704 190.671682 256.000000 115.466729 32.689602 3.807953 64.000000 11.917980 30.714358 5.210540 256.000000 234.607811
66.570064 254.300104 0.000000 15.407324 67.847267 252.243775 256.000000 178.403992 167.600025 210.861869 64.000000 12.610686 164.438440 215.268940 256.000000 226.605123 108.348242 222.563287 64.000000 12.115896 110.101244 225.615376 256.000000 203.862003 150.058915 72.990751 0.000000 9.332166 152.679696 73.230245 256.000000 208.087077
54.837242 89.007416 64.000000 22.820566 58.515047 90.821240 256.000000 180.396059 84.718225 71.467907 64.000000 105.613958 84.815244 78.540965 256.000000 114.322259 167.019135 74.960751 64.000000 185.374074 166.692524 78.081905 256.000000 55.554138 14.560655 31.202389 0.000000 29.394817 16.897185 29.934204 256.000000 189.801367
152.221976 89.980396 0.000000 58.509969 143.476416 92.024256 256.000000 164.958617 174.463238 219.307540 0.000000 26.520733 165.470245 202.568433 256.000000 174.105774 175.343216 125.839540 64.000000 12.933375 173.961598 123.890864 256.000000 205.101128 153.887587 124.005211 0.000000 16.771223 156.387636 129.214004 256.000000 200.669533
111.531318 95.241815 64.000000 10.610014 120.705144 100.887827 256.000000 91.351105 10.696533 67.485127 64.000000 18.500836 12.492909 66.957104 256.000000 210.875110 59.720720 173.316624 0.000000 18.165239 66.412698 178.306733 256.000000 195.308593 95.921805 154.133633 0.000000 121.769921 94.266749 157.160187 256.000000 90.525021
114.614985 163.957065 0.000000 12.662316 117.234200 166.170249 256.000000 216.984689 67.877500 139.640724 64.000000 19.692634 56.066989 133.575822 256.000000 93.855171 53.106049 5.737482 64.000000 10.222788 51.796893 6.191944 256.000000 219.123041 212.829511 25.061644 64.000000 16.560399 188.181580 5.348965 256.000000 79.054502
130.090449 230.499687 64.000000 10.085107 127.959273 227.845116 256.000000 202.515314 186.869664 46.697356 64.000000 115.754998 188.923760 47.444033 256.000000 94.233793 187.475847 110.591407 0.000000 17.537072 190.886067 111.025135 256.000000 67.007446 69.948024 18.117271 0.000000 19.189239 70.332993 18.773164 256.000000 195.278475
90.230295 243.264296 0.000000 109.744378 88.857905 241.578782 256.000000 89.617189 229.314809 212.918518 64.000000 15.084635 229.764998 209.956544 256.000000 181.385638 118.367900 198.456404 64.000000 14.379022 117.762829 196.293880 256.000000 212.109933 248.348636 96.702278 0.000000 15.777341 248.420476 102.160269 256.000000 176.833572
139.624756 33.022673 64.000000 11.014451 137.880753 33.801031 256.000000 179.767891 227.949007 221.423336 0.000000 18.935391 244.355645 207.258020 256.000000 89.036349 48.603956 213.608133 64.000000 18.139424 44.732885 212.970120 256.000000 203.612456 43.318513 140.129598 0.000000 31.739690 53.845184 149.291367 256.000000 188.669805
20.523984 110.308018 64.000000 24.752398 20.143944 114.559713 256.000000 197.304962 54.228964 148.420447 0.000000 31.593404 56.218571 143.934947 256.000000 206.181061 149.360193 214.373645 64.000000 122.544375 153.206451 216.714420 256.000000 87.022770 140.611302 40.246585 0.000000 20.841407 137.933389 41.819331 256.000000 192.107518
