229.314809 212.918518 64.000000 15.084635 229.764998 209.956544 256.000000 181.385638 250.073475 157.929865 64.000000 15.157778 249.270349 157.689445 256.000000 201.551549 84.257335 204.940751 64.000000 25.655927 97.855998 192.751718 256.000000 216.421059 51.666355 16.537445 64.000000 22.648465 49.685887 18.125358 256.000000 206.710271
90.184355 10.474920 0.000000 10.997241 92.236256 11.164729 256.000000 200.665230 133.296696 208.740669 0.000000 17.175660 130.680502 208.156153 256.000000 185.675251 182.209089 89.567278 64.000000 13.514215 174.232224 82.493964 256.000000 193.338039 110.685155 176.696531 0.000000 18.105004 115.303731 176.064589 256.000000 192.344157
136.169015 144.135193 0.000000 17.240198 131.789578 145.444027 256.000000 203.479078 94.715278 254.489493 64.000000 13.075358 95.344722 254.236878 256.000000 184.926612 134.375516 69.937613 0.000000 9.521477 139.500736 68.456369 256.000000 209.786573 102.842140 116.046818 0.000000 111.938663 101.834702 119.314651 256.000000 109.589487
54.228964 148.420447 0.000000 31.593404 56.218571 143.934947 256.000000 206.181061 126.222840 104.948209 64.000000 12.929073 125.679071 106.394916 256.000000 216.274773 31.772700 154.398233 64.000000 26.374448 29.838095 157.688922 256.000000 186.432494 37.654042 65.432002 64.000000 105.682799 35.771364 65.932524 256.000000 111.542831
199.244064 154.672525 0.000000 22.872196 169.951295 71.468271 256.000000 86.024585 149.360193 214.373645 64.000000 122.544375 153.206451 216.714420 256.000000 87.022770 153.519611 113.826876 64.000000 18.457811 148.628027 116.345344 256.000000 222.909259 16.015275 197.320631 64.000000 29.162481 16.225480 195.014431 256.000000 172.707455
203.778642 146.829187 0.000000 149.766419 210.125862 146.534382 256.000000 69.619076 61.946200 136.848462 0.000000 49.074543 65.389000 137.963238 256.000000 180.086277 159.823522 58.273631 64.000000 92.577323 159.202140 59.451562 256.000000 133.296372 155.062613 237.964391 64.000000 9.099830 159.327824 240.761418 256.000000 206.477935
85.700045 203.733476 64.000000 102.795808 88.122255 207.139398 256.000000 104.753454 164.371793 203.850698 64.000000 134.307464 172.978062 201.731211 256.000000 78.103646 99.185404 54.081315 64.000000 37.087722 93.966793 48.190887 256.000000 162.643861 2.088578 53.219442 64.000000 8.725511 3.418049 48.241144 256.000000 201.005129
133.901224 133.476576 0.000000 108.668748 134.289331 133.894638 256.000000 106.913319 99.972575 118.454182 0.000000 26.202347 99.641604 104.795904 256.000000 205.200086 46.123655 60.954713 0.000000 90.925155 44.328355 60.678515 256.000000 100.003472 67.955535 81.092058 0.000000 134.109548 65.227665 80.845602 256.000000 65.312254
198.355295 68.140804 64.000000 12.774182 189.523576 55.485393 256.000000 228.364854 252.124867 173.881795 0.000000 113.767234 255.197322 183.973564 256.000000 96.952986 49.328478 186.648709 64.000000 20.514415 57.836405 195.583584 256.000000 194.017837 99.167975 235.644611 64.000000 12.167527 102.007833 234.687913 256.000000 199.047483
65.585358 185.060502 64.000000 21.181306 70.558538 185.451689 256.000000 217.010504 10.696533 67.485127 64.000000 18.500836 12.492909 66.957104 256.000000 210.875110 150.045691 62.393678 64.000000 9.129947 152.833551 61.345295 256.000000 215.844521 111.437642 114.789576 0.000000 24.055389 115.026118 115.955567 256.000000 186.630410
191.097160 18.564333 64.000000 147.998083 187.374598 19.048056 256.000000 62.515616 80.150278 42.685024 0.000000 26.301305 85.104818 52.393067 256.000000 190.291855 75.594691 180.414907 64.000000 9.814048 72.618413 177.636618 256.000000 217.815075 50.124911 172.956811 64.000000 122.428207 52.012840 174.336064 256.000000 125.203332
152.221976 89.980396 0.000000 58.509969 143.476416 92.024256 256.000000 164.958617 187.074360 45.883218 64.000000 14.280064 188.072409 48.614347 256.000000 199.043180 143.714991 224.201242 64.000000 134.505380 146.037744 225.031451 256.000000 95.012549 103.092433 210.452635 64.000000 24.020969 90.626964 205.382091 256.000000 185.124528
200.998693 166.824327 0.000000 25.466616 170.502462 173.689593 256.000000 173.761573 175.494171 220.475475 0.000000 19.365643 188.039020 208.732067 256.000000 186.466914 108.348242 222.563287 64.000000 12.115896 110.101244 225.615376 256.000000 203.862003 43.285264 213.614160 64.000000 25.664532 45.226000 197.042011 256.000000 184.165066
233.513660 110.890020 64.000000 101.139338 238.338058 108.770485 256.000000 115.066595 220.302995 65.487938 64.000000 80.177460 225.377853 76.163273 256.000000 160.006416 137.378596 211.961882 0.000000 15.910719 137.903596 204.043993 256.000000 92.039508 38.818669 156.761129 64.000000 9.646250 36.711887 155.956625 256.000000 87.853156
233.930647 131.811729 0.000000 10.136737 231.127560 137.133085 256.000000 210.453463 188.230096 115.542429 64.000000 116.809115 186.916349 117.678238 256.000000 89.440786 84.369522 65.755911 0.000000 13.221644 79.113260 73.044844 256.000000 205.225901 212.799513 95.931467 64.000000 12.761274 216.959558 92.435009 256.000000 205.866977
82.368418 169.460762 64.000000 24.481339 86.075749 167.419709 256.000000 185.133133 169.730718 34.572869 64.000000 101.380279 173.108202 46.070284 256.000000 109.447504 141.588456 12.874309 0.000000 95.124415 142.619491 14.365509 256.000000 107.717891 75.874475 122.499064 0.000000 13.518518 70.382951 132.574898 256.000000 66.331951
154.329593 87.219409 64.000000 22.721608 175.664711 83.114864 256.000000 98.544918 174.463238 219.307540 0.000000 26.520733 165.470245 202.568433 256.000000 174.105774 116.474693 119.781580 64.000000 22.175188 120.756922 115.891156 256.000000 192.344157 133.284456 102.098422 0.000000 130.082390 132.200309 106.919251 256.000000 102.344043
124.536435 198.939324 0.000000 12.907560 121.580927 198.781507 256.000000 214.231076 171.894567 87.154809 64.000000 18.586886 167.932545 83.770465 256.000000 118.293485 238.684918 66.272893 64.000000 106.792849 237.060689 67.095091 256.000000 114.180276 157.772280 52.857691 64.000000 17.446719 155.548125 57.175644 256.000000 207.876254
167.046149 52.167396 64.000000 14.852299 165.222300 49.250020 256.000000 183.502478 22.293920 245.510071 64.000000 11.281207 22.593715 245.815607 256.000000 183.752024 227.326124 125.038980 64.000000 124.880643 226.431569 125.453084 256.000000 80.482939 98.423805 195.920949 64.000000 11.311325 97.021024 192.995047 256.000000 101.229691
42.962713 136.743076 64.000000 28.719321 37.453320 138.886555 256.000000 175.508396 16.562760 86.476558 64.000000 31.275018 17.887056 88.466195 256.000000 182.973268 116.773058 209.419082 0.000000 136.721178 117.373733 212.778900 256.000000 75.182234 27.500864 115.864240 64.000000 19.021441 38.480665 100.775993 256.000000 192.653938
34.302567 230.917098 0.000000 11.388770 35.689147 238.341193 256.000000 193.660728 19.376120 109.924595 0.000000 8.751326 20.646082 110.948429 256.000000 224.961561 48.603956 213.608133 64.000000 18.139424 44.732885 212.970120 256.000000 203.612456 190.932664 219.161276 0.000000 109.968109 190.521155 219.765087 256.000000 98.712716
61.166775 168.671796 64.000000 14.361812 60.079662 173.526369 256.000000 211.860387 35.338584 38.165156 64.000000 113.182091 33.539627 44.225753 256.000000 94.311238 230.116220 226.933522 64.000000 18.965508 228.848409 236.472700 256.000000 181.230747 73.329167 37.991260 0.000000 100.541287 75.379269 42.600831 256.000000 83.937863
20.523984 110.308018 64.000000 24.752398 20.143944 114.559713 256.000000 197.304962 93.090300 138.582740 0.000000 24.455524 102.109705 135.237824 256.000000 184.109133 111.465358 175.292307 64.000000 37.840663 111.538616 158.656700 256.000000 76.107276 69.948024 18.117271 0.000000 19.189239 70.332993 18.773164 256.000000 195.278475
193.510149 201.801713 0.000000 11.001544 197.488358 201.902311 256.000000 192.684056 98.110540 109.652627 0.000000 13.811089 98.956722 108.090813 256.000000 209.261665 65.906425 91.246647 0.000000 96.815305 66.389060 91.336033 256.000000 116.869351 67.877500 139.640724 64.000000 19.692634 56.066989 133.575822 256.000000 93.855171
221.311538 129.320875 64.000000 19.004231 215.297127 126.862582 256.000000 176.915320 227.949007 221.423336 0.000000 18.935391 244.355645 207.258020 256.000000 89.036349 59.720720 173.316624 0.000000 18.165239 66.412698 178.306733 256.000000 195.308593 112.971042 181.264580 0.000000 13.647593 108.215315 179.900100 256.000000 193.785501
114.614985 163.957065 0.000000 12.662316 117.234200 166.170249 256.000000 216.984689 47.025553 9.945731 64.000000 28.512800 46.104020 13.812593 256.000000 193.914576 132.013005 47.750387 64.000000 31.193270 131.484416 51.778645 256.000000 192.804526 33.359560 96.742876 64.000000 22.898011 34.309669 108.463696 256.000000 197.735214
237.290196 93.087196 0.000000 17.756500 227.961395 85.320033 256.000000 194.224358 26.362913 55.813715 0.000000 107.765218 19.586373 55.841784 256.000000 99.177389 68.713162 31.675031 64.000000 14.891022 82.627116 21.388567 256.000000 181.398546 123.741136 212.559853 0.000000 11.935190 100.305649 194.765235 256.000000 212.983345
56.795735 124.736029 0.000000 10.029174 57.119498 126.598789 256.000000 203.788860 169.007775 234.028365 64.000000 29.498077 163.119722 229.361778 256.000000 193.591887 167.019135 74.960751 64.000000 185.374074 166.692524 78.081905 256.000000 55.554138 133.949785 90.563653 0.000000 13.544333 130.034409 92.319891 256.000000 205.978842
89.178204 89.275618 0.000000 13.574451 92.562565 84.510685 256.000000 198.333264 111.531318 95.241815 64.000000 10.610014 120.705144 100.887827 256.000000 91.351105 110.709509 99.010093 0.000000 113.177789 111.387358 99.402262 256.000000 102.593589 228.997107 57.795387 64.000000 20.359525 223.761518 64.921942 256.000000 176.347387
127.821567 3.187198 64.000000 25.582784 123.718900 4.950171 256.000000 199.925197 120.265156 210.820553 0.000000 118.943165 119.880464 212.331124 256.000000 117.381351 14.560655 31.202389 0.000000 29.394817 16.897185 29.934204 256.000000 189.801367 245.613484 154.941987 64.000000 16.465744 244.361680 152.633927 320.000000 214.527950
85.168773 74.347480 64.000000 11.362955 86.295680 75.025673 256.000000 206.856557 77.029145 110.594227 64.000000 107.296244 87.859369 98.049816 256.000000 122.398089 56.869324 211.609889 64.000000 97.469288 54.761780 212.217647 256.000000 120.453350 111.825142 204.118795 64.000000 10.751997 115.189913 212.167147 256.000000 35.306479
74.839811 157.575198 0.000000 112.399032 68.164775 159.731335 256.000000 101.823438 46.261969 89.407735 0.000000 11.078989 54.579431 81.572987 256.000000 202.786373 8.132598 233.497645 0.000000 25.475221 14.360911 232.147755 256.000000 182.332193 168.434691 209.478882 64.000000 28.895724 157.336880 186.376936 256.000000 179.156933
