60.324213 12.040791 0.000000 18.320130 61.962951 15.568644 256.000000 222.513427 16.586987 58.205625 0.000000 10.020569 16.377915 59.717731 256.000000 199.735886 199.089291 47.131955 0.000000 22.338684 195.081022 71.689911 256.000000 205.441027 10.058162 183.537178 64.000000 9.818351 19.189902 181.222060 256.000000 210.896623
99.972575 118.454182 0.000000 26.202347 99.641604 104.795904 256.000000 205.200086 43.285264 213.614160 64.000000 25.664532 45.226000 197.042011 256.000000 184.165066 90.107551 158.975647 0.000000 19.542046 96.577451 157.645836 256.000000 197.352290 51.605416 179.267233 0.000000 113.410125 52.231456 177.721784 256.000000 90.602466
194.444216 103.788733 0.000000 58.273331 193.180762 103.299562 256.000000 189.125872 95.921805 154.133633 0.000000 121.769921 94.266749 157.160187 256.000000 90.525021 37.405898 238.632067 0.000000 13.535728 41.554105 245.257385 256.000000 203.810372 68.459055 19.514415 0.000000 28.517103 70.338902 22.792487 256.000000 177.186379
203.524895 208.211140 64.000000 17.808130 195.731982 204.912696 256.000000 217.737630 124.536435 198.939324 0.000000 12.907560 121.580927 198.781507 256.000000 214.231076 43.318513 140.129598 0.000000 31.739690 53.845184 149.291367 256.000000 188.669805 151.153195 87.419549 64.000000 9.289141 146.475176 89.328355 256.000000 210.173799
16.015275 197.320631 64.000000 29.162481 16.225480 195.014431 256.000000 172.707455 47.025553 9.945731 64.000000 28.512800 46.104020 13.812593 256.000000 193.914576 229.234853 216.945431 0.000000 122.299131 224.020120 220.642038 256.000000 91.006903 248.348636 96.702278 0.000000 15.777341 248.420476 102.160269 256.000000 176.833572
32.689602 3.807953 64.000000 11.917980 30.714358 5.210540 256.000000 234.607811 183.977796 33.764451 64.000000 23.220700 192.843715 49.298398 256.000000 178.670748 143.714991 224.201242 64.000000 134.505380 146.037744 225.031451 256.000000 95.012549 31.369245 46.101327 64.000000 15.570820 33.160127 41.529711 256.000000 191.857972
93.640085 185.511042 0.000000 12.636501 97.475462 190.599285 256.000000 207.949397 0.997145 204.040171 0.000000 34.514815 3.380485 195.896076 256.000000 198.367685 155.062613 237.964391 64.000000 9.099830 159.327824 240.761418 256.000000 206.477935 136.447960 190.502227 0.000000 11.956703 137.211071 190.797685 256.000000 217.879613
121.053355 178.674647 0.000000 120.126358 128.182709 205.796042 256.000000 94.797423 25.531905 131.789322 64.000000 162.962248 29.379838 123.812120 256.000000 62.868422 150.058915 72.990751 0.000000 9.332166 152.679696 73.230245 256.000000 208.087077 38.924620 65.836484 0.000000 8.957847 37.826182 67.042816 256.000000 235.898567
188.401369 15.971115 0.000000 15.760131 147.822136 3.875120 256.000000 186.432494 90.725871 108.002889 64.000000 18.617004 91.366349 110.449578 256.000000 186.927284 254.364885 168.884382 64.000000 28.009405 240.690527 164.664769 256.000000 94.991037 174.213969 82.262793 64.000000 34.101774 172.218296 85.802495 256.000000 196.900525
191.492724 168.850442 64.000000 18.203962 193.725105 172.055884 256.000000 192.116123 238.964695 165.361322 64.000000 121.223501 232.041484 193.137100 256.000000 95.404078 112.543700 54.464878 0.000000 32.535656 115.302149 58.588038 256.000000 168.839490 220.302995 65.487938 64.000000 80.177460 225.377853 76.163273 256.000000 160.006416
126.351545 176.474876 0.000000 9.211695 130.944236 184.380158 256.000000 223.081359 42.962713 136.743076 64.000000 28.719321 37.453320 138.886555 256.000000 175.508396 102.842140 116.046818 0.000000 111.938663 101.834702 119.314651 256.000000 109.589487 34.315384 210.574511 0.000000 28.538615 50.274385 210.641747 256.000000 216.128487
138.722545 96.636333 64.000000 19.946483 111.332093 115.763353 256.000000 199.000155 75.594691 180.414907 64.000000 9.814048 72.618413 177.636618 256.000000 217.815075 26.362913 55.813715 0.000000 107.765218 19.586373 55.841784 256.000000 99.177389 122.002982 98.951551 0.000000 15.278249 126.281518 101.030136 256.000000 182.431151
22.746489 114.748547 0.000000 29.751926 18.827991 118.963669 256.000000 57.068625 115.087240 225.746111 0.000000 9.263326 125.835213 229.163969 256.000000 209.494001 164.180885 135.101684 64.000000 13.608871 166.100440 174.166749 256.000000 207.600893 57.506864 252.770495 0.000000 32.578681 57.327225 246.029771 256.000000 175.908530
103.742980 162.793518 64.000000 16.926114 109.027527 155.401878 256.000000 200.716861 243.522669 194.141260 64.000000 10.747695 242.692251 194.876067 256.000000 211.709799 17.238871 12.093982 64.000000 25.621507 16.845229 13.090104 256.000000 201.048155 113.664762 166.325938 0.000000 109.142025 101.648018 163.104776 256.000000 93.153861
154.329593 87.219409 64.000000 22.721608 175.664711 83.114864 256.000000 98.544918 118.367900 198.456404 64.000000 14.379022 117.762829 196.293880 256.000000 212.109933 96.559200 161.297522 64.000000 10.205577 94.402827 163.421025 256.000000 207.364254 4.380935 46.854467 64.000000 9.418216 5.050282 45.840604 256.000000 224.522704
16.546933 3.620658 0.000000 23.526179 5.678111 19.521211 256.000000 60.803213 61.751284 126.821953 64.000000 9.383796 35.891825 146.997511 256.000000 203.526406 23.150007 181.666840 0.000000 145.085277 21.567922 176.472258 256.000000 58.953129 132.958689 17.975967 64.000000 10.265813 112.042307 5.536913 256.000000 196.767147
175.494171 220.475475 0.000000 19.365643 188.039020 208.732067 256.000000 186.466914 225.659947 84.937735 0.000000 19.572163 220.020653 84.536736 256.000000 192.150543 53.106049 5.737482 64.000000 10.222788 51.796893 6.191944 256.000000 219.123041 84.718225 71.467907 64.000000 105.613958 84.815244 78.540965 256.000000 114.322259
227.949007 221.423336 0.000000 18.935391 244.355645 207.258020 256.000000 89.036349 29.920111 89.096558 64.000000 22.919524 40.747449 84.852695 256.000000 60.041667 126.036871 80.599625 0.000000 148.880100 124.423707 81.257075 256.000000 95.416986 27.500864 115.864240 64.000000 19.021441 38.480665 100.775993 256.000000 192.653938
100.811604 90.118798 64.000000 16.878786 98.489842 94.847520 256.000000 198.681769 169.007775 234.028365 64.000000 29.498077 163.119722 229.361778 256.000000 193.591887 163.926362 126.947280 0.000000 14.572635 165.605542 123.469105 256.000000 211.133261 49.328478 186.648709 64.000000 20.514415 57.836405 195.583584 256.000000 194.017837
141.710453 219.228707 64.000000 28.293372 147.323647 209.871387 256.000000 58.720793 193.510149 201.801713 0.000000 11.001544 197.488358 201.902311 256.000000 192.684056 61.166775 168.671796 64.000000 14.361812 60.079662 173.526369 256.000000 211.860387 207.921640 120.515856 64.000000 11.892165 205.624020 120.488860 256.000000 212.208891
232.094329 58.880265 0.000000 16.633542 234.700758 69.829504 256.000000 193.699450 20.888829 126.818607 64.000000 17.975929 23.051402 127.076467 256.000000 191.518073 80.150278 42.685024 0.000000 26.301305 85.104818 52.393067 256.000000 190.291855 175.343216 125.839540 64.000000 12.933375 173.961598 123.890864 256.000000 205.101128
48.603956 213.608133 64.000000 18.139424 44.732885 212.970120 256.000000 203.612456 201.910105 81.610156 0.000000 14.327392 194.799747 78.740298 256.000000 204.877397 40.295464 209.282155 0.000000 10.511056 41.520605 208.794047 256.000000 204.683784 90.191502 164.347109 0.000000 33.310110 85.721225 166.396642 256.000000 201.478407
124.978236 155.722385 64.000000 19.821710 124.644605 153.091684 256.000000 193.316526 87.200887 21.267913 64.000000 18.298618 114.129540 11.321520 256.000000 192.434510 226.534033 48.554949 0.000000 11.328535 214.756820 39.236760 256.000000 189.254947 142.394124 227.506004 64.000000 47.405165 117.427167 205.017496 256.000000 26.344330
22.643727 102.305793 64.000000 152.266183 24.749087 104.316416 256.000000 69.588958 67.955535 81.092058 0.000000 134.109548 65.227665 80.845602 256.000000 65.312254 111.465358 175.292307 64.000000 37.840663 111.538616 158.656700 256.000000 76.107276 252.124867 173.881795 0.000000 113.767234 255.197322 183.973564 256.000000 96.952986
242.173515 65.705044 0.000000 16.289341 245.692844 68.182911 320.000000 220.099713 146.332533 159.894175 0.000000 8.626553 156.186173 148.065953 256.000000 200.222071 93.490396 126.579429 0.000000 15.747223 78.798624 124.111465 256.000000 69.928858 77.029145 110.594227 64.000000 107.296244 87.859369 98.049816 256.000000 122.398089
40.723867 202.113756 64.000000 10.541174 41.248318 204.482405 256.000000 188.889233 114.614985 163.957065 0.000000 12.662316 117.234200 166.170249 256.000000 216.984689 59.720720 173.316624 0.000000 18.165239 66.412698 178.306733 256.000000 195.308593 227.326124 125.038980 64.000000 124.880643 226.431569 125.453084 256.000000 80.482939
133.099073 14.356096 0.000000 100.313254 134.782911 15.753462 256.000000 103.359438 191.097160 18.564333 64.000000 147.998083 187.374598 19.048056 256.000000 62.515616 85.700045 203.733476 64.000000 102.795808 88.122255 207.139398 256.000000 104.753454 198.641985 104.451311 64.000000 13.466888 196.299047 105.582182 256.000000 194.288896
130.090449 230.499687 64.000000 10.085107 127.959273 227.845116 256.000000 202.515314 245.028184 214.869749 0.000000 13.798182 247.549296 205.681711 256.000000 172.040565 122.536118 187.284356 64.000000 10.244300 124.224704 190.671682 256.000000 115.466729 249.737907 111.675245 64.000000 18.315828 248.823795 114.122089 256.000000 199.068995
174.420829 42.127433 64.000000 14.026215 177.083640 42.098080 256.000000 216.550134 178.520700 152.972560 64.000000 13.673409 180.401916 152.892635 256.000000 191.143754 21.983285 19.978031 64.000000 95.507339 21.011558 20.752742 256.000000 97.637086 162.282722 85.164320 64.000000 35.775454 144.805676 92.440505 256.000000 174.368228
189.677475 197.861971 0.000000 18.345945 160.042378 224.665060 256.000000 203.306978 90.230295 243.264296 0.000000 109.744378 88.857905 241.578782 256.000000 89.617189 28.982042 123.833116 64.000000 117.673922 29.033456 129.439144 256.000000 106.224916 176.829651 164.527089 0.000000 15.359996 167.032555 173.105373 256.000000 80.233393
123.741136 212.559853 0.000000 11.935190 100.305649 194.765235 256.000000 212.983345 19.376120 109.924595 0.000000 8.751326 20.646082 110.948429 256.000000 224.961561 139.624756 33.022673 64.000000 11.014451 137.880753 33.801031 256.000000 179.767891 45.630942 20.914442 64.000000 32.613102 53.509705 16.997885 256.000000 192.232291
22.599145 146.912235 0.000000 35.414042 38.432295 153.355687 256.000000 215.995109 46.679193 112.968153 64.000000 10.356166 48.743949 109.149195 256.000000 199.907987 214.521509 206.474287 0.000000 10.493846 211.862895 209.354842 320.000000 240.390397 11.410298 147.782149 64.000000 102.774295 11.313044 150.230253 256.000000 89.505324
