133.683147 221.136355 0.000000 10.244300 118.276087 227.504035 256.000000 194.396459 234.792304 206.286209 64.000000 16.362484 234.071784 205.520329 256.000000 202.175415 100.811604 90.118798 64.000000 16.878786 98.489842 94.847520 256.000000 198.681769 116.773058 209.419082 0.000000 136.721178 117.373733 212.778900 256.000000 75.182234
134.375516 69.937613 0.000000 9.521477 139.500736 68.456369 256.000000 209.786573 175.343216 125.839540 64.000000 12.933375 173.961598 123.890864 256.000000 205.101128 84.257335 204.940751 64.000000 25.655927 97.855998 192.751718 256.000000 216.421059 198.355295 68.140804 64.000000 12.774182 189.523576 55.485393 256.000000 228.364854
152.828687 102.044782 0.000000 11.870653 152.910689 107.181869 256.000000 163.039693 164.180885 135.101684 64.000000 13.608871 166.100440 174.166749 256.000000 207.600893 113.664762 166.325938 0.000000 109.142025 101.648018 163.104776 256.000000 93.153861 111.437642 114.789576 0.000000 24.055389 115.026118 115.955567 256.000000 186.630410
203.524895 208.211140 64.000000 17.808130 195.731982 204.912696 256.000000 217.737630 164.582087 184.709476 64.000000 42.272259 152.607907 178.722313 256.000000 176.644261 38.924620 65.836484 0.000000 8.957847 37.826182 67.042816 256.000000 235.898567 111.465358 175.292307 64.000000 37.840663 111.538616 158.656700 256.000000 76.107276
93.640085 185.511042 0.000000 12.636501 97.475462 190.599285 256.000000 207.949397 154.329593 87.219409 64.000000 22.721608 175.664711 83.114864 256.000000 98.544918 169.007775 234.028365 64.000000 29.498077 163.119722 229.361778 256.000000 193.591887 21.983285 19.978031 64.000000 95.507339 21.011558 20.752742 256.000000 97.637086
16.015275 197.320631 64.000000 29.162481 16.225480 195.014431 256.000000 172.707455 90.184355 10.474920 0.000000 10.997241 92.236256 11.164729 256.000000 200.665230 182.874947 149.010456 64.000000 12.937678 180.870962 149.412949 256.000000 128.180676 136.447960 190.502227 0.000000 11.956703 137.211071 190.797685 256.000000 217.879613
59.524173 85.556513 0.000000 9.323561 60.073115 82.510020 256.000000 230.881828 51.814336 212.914371 64.000000 29.515287 65.772175 168.512445 256.000000 202.846608 229.314809 212.918518 64.000000 15.084635 229.764998 209.956544 256.000000 181.385638 90.191502 164.347109 0.000000 33.310110 85.721225 166.396642 256.000000 201.478407
74.839811 157.575198 0.000000 112.399032 68.164775 159.731335 256.000000 101.823438 90.076398 69.719547 0.000000 18.681542 92.048875 67.507884 256.000000 215.336823 60.644460 3.997093 0.000000 105.209522 61.117287 1.181513 256.000000 113.061621 94.715278 254.489493 64.000000 13.075358 95.344722 254.236878 256.000000 184.926612
25.531905 131.789322 64.000000 162.962248 29.379838 123.812120 256.000000 62.868422 167.600025 210.861869 64.000000 12.610686 164.438440 215.268940 256.000000 226.605123 148.215844 160.867935 64.000000 136.424304 156.303560 160.640829 256.000000 62.098271 77.029145 110.594227 64.000000 107.296244 87.859369 98.049816 256.000000 122.398089
4.358920 111.845691 0.000000 30.078917 12.715944 117.574471 256.000000 169.854885 98.423805 195.920949 64.000000 11.311325 97.021024 192.995047 256.000000 101.229691 66.998925 183.885605 0.000000 28.573035 82.612707 183.061195 256.000000 60.459011 175.494171 220.475475 0.000000 19.365643 188.039020 208.732067 256.000000 186.466914
95.921805 154.133633 0.000000 121.769921 94.266749 157.160187 256.000000 90.525021 227.326124 125.038980 64.000000 124.880643 226.431569 125.453084 256.000000 80.482939 116.474693 119.781580 64.000000 22.175188 120.756922 115.891156 256.000000 192.344157 214.521509 206.474287 0.000000 10.493846 211.862895 209.354842 320.000000 240.390397
56.636073 188.950747 64.000000 17.971626 59.446449 188.997509 256.000000 187.443586 110.709509 99.010093 0.000000 113.177789 111.387358 99.402262 256.000000 102.593589 96.559200 161.297522 64.000000 10.205577 94.402827 163.421025 256.000000 207.364254 225.659947 84.937735 0.000000 19.572163 220.020653 84.536736 256.000000 192.150543
208.720402 132.757991 64.000000 9.444031 212.814105 128.834000 256.000000 81.537057 118.481664 236.166713 0.000000 15.738618 118.962604 230.541782 256.000000 205.768019 167.046149 52.167396 64.000000 14.852299 165.222300 49.250020 256.000000 183.502478 248.348636 96.702278 0.000000 15.777341 248.420476 102.160269 256.000000 176.833572
180.608198 24.525033 0.000000 15.484769 182.622338 26.193747 256.000000 199.959617 222.919920 249.300729 64.000000 29.429237 217.902482 248.464422 256.000000 187.224158 90.725871 108.002889 64.000000 18.617004 91.366349 110.449578 256.000000 186.927284 163.381667 69.096149 64.000000 134.492473 159.799080 65.161193 256.000000 83.503308
78.072396 111.849969 64.000000 13.746551 83.406095 108.961713 320.000000 209.373531 138.977135 54.118824 0.000000 123.998626 140.677225 56.777278 256.000000 100.661758 67.877500 139.640724 64.000000 19.692634 56.066989 133.575822 256.000000 93.855171 242.173515 65.705044 0.000000 16.289341 245.692844 68.182911 320.000000 220.099713
103.742980 162.793518 64.000000 16.926114 109.027527 155.401878 256.000000 200.716861 241.839145 106.485720 64.000000 128.985247 241.591080 106.474611 256.000000 80.164553 109.088009 162.310011 64.000000 12.072871 109.360593 161.535225 256.000000 210.647077 31.772700 154.398233 64.000000 26.374448 29.838095 157.688922 256.000000 186.432494
10.058162 183.537178 64.000000 9.818351 19.189902 181.222060 256.000000 210.896623 139.624756 33.022673 64.000000 11.014451 137.880753 33.801031 256.000000 179.767891 65.906425 91.246647 0.000000 96.815305 66.389060 91.336033 256.000000 116.869351 61.751284 126.821953 64.000000 9.383796 35.891825 146.997511 256.000000 203.526406
136.169015 144.135193 0.000000 17.240198 131.789578 145.444027 256.000000 203.479078 250.073475 157.929865 64.000000 15.157778 249.270349 157.689445 256.000000 201.551549 16.586987 58.205625 0.000000 10.020569 16.377915 59.717731 256.000000 199.735886 162.282722 85.164320 64.000000 35.775454 144.805676 92.440505 256.000000 174.368228
46.261969 89.407735 0.000000 11.078989 54.579431 81.572987 256.000000 202.786373 221.742016 84.551431 64.000000 26.391658 196.342805 86.106509 256.000000 48.855115 110.685155 176.696531 0.000000 18.105004 115.303731 176.064589 256.000000 192.344157 220.499798 127.834685 64.000000 24.218885 183.548962 123.193540 256.000000 55.795079
56.869324 211.609889 64.000000 97.469288 54.761780 212.217647 256.000000 120.453350 127.907547 169.958153 64.000000 149.654553 131.950671 166.327315 256.000000 55.003416 37.654042 65.432002 64.000000 105.682799 35.771364 65.932524 256.000000 111.542831 22.599145 146.912235 0.000000 35.414042 38.432295 153.355687 256.000000 215.995109
33.359560 96.742876 64.000000 22.898011 34.309669 108.463696 256.000000 197.735214 73.329167 37.991260 0.000000 100.541287 75.379269 42.600831 256.000000 83.937863 103.092433 210.452635 64.000000 24.020969 90.626964 205.382091 256.000000 185.124528 191.492724 168.850442 64.000000 18.203962 193.725105 172.055884 256.000000 192.116123
106.856755 23.424840 0.000000 11.763090 114.803773 22.472247 256.000000 208.379649 140.046967 88.604231 0.000000 21.056533 142.423480 93.269304 256.000000 185.081503 228.691007 58.980704 64.000000 122.591702 234.560267 65.882656 256.000000 96.600179 112.543700 54.464878 0.000000 32.535656 115.302149 58.588038 256.000000 168.839490
69.948024 18.117271 0.000000 19.189239 70.332993 18.773164 256.000000 195.278475 151.153195 87.419549 64.000000 9.289141 146.475176 89.328355 256.000000 210.173799 31.369245 46.101327 64.000000 15.570820 33.160127 41.529711 256.000000 191.857972 188.230096 115.542429 64.000000 116.809115 186.916349 117.678238 256.000000 89.440786
169.730718 34.572869 64.000000 101.380279 173.108202 46.070284 256.000000 109.447504 103.894953 208.641244 0.000000 19.692634 108.153658 203.489467 256.000000 212.742404 74.499440 166.311515 64.000000 19.292500 76.548418 170.647220 256.000000 115.152645 212.829511 25.061644 64.000000 16.560399 188.181580 5.348965 256.000000 79.054502
153.887587 124.005211 0.000000 16.771223 156.387636 129.214004 256.000000 200.669533 201.859475 134.972440 0.000000 35.926042 186.218162 146.048709 256.000000 177.487555 63.506315 28.559304 64.000000 9.951729 58.742756 26.981600 256.000000 194.525534 67.955535 81.092058 0.000000 134.109548 65.227665 80.845602 256.000000 65.312254
207.672511 42.004856 64.000000 116.245485 202.323335 48.540785 256.000000 111.207234 42.962713 136.743076 64.000000 28.719321 37.453320 138.886555 256.000000 175.508396 163.926362 126.947280 0.000000 14.572635 165.605542 123.469105 256.000000 211.133261 46.679193 112.968153 64.000000 10.356166 48.743949 109.149195 256.000000 199.907987
134.545671 72.425576 64.000000 15.045912 129.108356 55.219231 256.000000 206.929699 50.124911 172.956811 64.000000 122.428207 52.012840 174.336064 256.000000 125.203332 68.713162 31.675031 64.000000 14.891022 82.627116 21.388567 256.000000 181.398546 86.531189 178.424024 64.000000 13.858417 90.735898 178.578791 256.000000 209.545632
174.420829 42.127433 64.000000 14.026215 177.083640 42.098080 256.000000 216.550134 194.444216 103.788733 0.000000 58.273331 193.180762 103.299562 256.000000 189.125872 123.899278 162.812196 64.000000 18.483626 123.599409 161.549891 256.000000 214.183748 226.534033 48.554949 0.000000 11.328535 214.756820 39.236760 256.000000 189.254947
174.213969 82.262793 64.000000 34.101774 172.218296 85.802495 256.000000 196.900525 202.810320 161.768664 0.000000 18.251290 201.332902 163.788238 256.000000 214.347244 10.864962 15.740853 0.000000 9.740905 10.264322 18.107705 256.000000 185.395587 232.094329 58.880265 0.000000 16.633542 234.700758 69.829504 256.000000 193.699450
97.474809 103.131996 64.000000 11.302720 97.822589 103.496960 256.000000 207.114708 117.217575 116.044989 0.000000 14.163896 128.085389 122.372967 256.000000 198.492458 90.107551 158.975647 0.000000 19.542046 96.577451 157.645836 256.000000 197.352290 237.290196 93.087196 0.000000 17.756500 227.961395 85.320033 256.000000 194.224358
43.285264 213.614160 64.000000 25.664532 45.226000 197.042011 256.000000 184.165066 111.825142 204.118795 64.000000 10.751997 115.189913 212.167147 256.000000 35.306479 63.946240 26.561900 64.000000 25.027759 71.937233 17.569265 256.000000 219.794234 80.150278 42.685024 0.000000 26.301305 85.104818 52.393067 256.000000 190.291855
226.612136 70.407938 0.000000 9.246115 230.269100 75.995922 256.000000 210.844993 174.463238 219.307540 0.000000 26.520733 165.470245 202.568433 256.000000 174.105774 199.244064 154.672525 0.000000 22.872196 169.951295 71.468271 256.000000 86.024585 230.116220 226.933522 64.000000 18.965508 228.848409 236.472700 256.000000 181.230747
