233.513660 110.890020 64.000000 101.139338 238.338058 108.770485 256.000000 115.066595 182.209089 89.567278 64.000000 13.514215 174.232224 82.493964 256.000000 193.338039 16.015275 197.320631 64.000000 29.162481 16.225480 195.014431 256.000000 172.707455 124.978236 155.722385 64.000000 19.821710 124.644605 153.091684 256.000000 193.316526
203.778642 146.829187 0.000000 149.766419 210.125862 146.534382 256.000000 69.619076 136.169015 144.135193 0.000000 17.240198 131.789578 145.444027 256.000000 203.479078 171.894567 87.154809 64.000000 18.586886 167.932545 83.770465 256.000000 118.293485 99.185404 54.081315 64.000000 37.087722 93.966793 48.190887 256.000000 162.643861
207.921640 120.515856 64.000000 11.892165 205.624020 120.488860 256.000000 212.208891 95.202984 187.218098 64.000000 18.956903 96.591295 184.153873 256.000000 212.350875 118.481664 236.166713 0.000000 15.738618 118.962604 230.541782 256.000000 205.768019 21.983285 19.978031 64.000000 95.507339 21.011558 20.752742 256.000000 97.637086
164.371793 203.850698 64.000000 134.307464 172.978062 201.731211 256.000000 78.103646 56.869324 211.609889 64.000000 97.469288 54.761780 212.217647 256.000000 120.453350 2.088578 53.219442 64.000000 8.725511 3.418049 48.241144 256.000000 201.005129 20.523984 110.308018 64.000000 24.752398 20.143944 114.559713 256.000000 197.304962
220.499798 127.834685 64.000000 24.218885 183.548962 123.193540 256.000000 55.795079 22.746489 114.748547 0.000000 29.751926 18.827991 118.963669 256.000000 57.068625 212.799513 95.931467 64.000000 12.761274 216.959558 92.435009 256.000000 205.866977 39.462971 88.447269 64.000000 130.112507 41.683104 87.529707 256.000000 77.075343
145.423909 4.227362 0.000000 40.138209 143.042813 13.441680 256.000000 179.815218 100.811604 90.118798 64.000000 16.878786 98.489842 94.847520 256.000000 198.681769 84.718225 71.467907 64.000000 105.613958 84.815244 78.540965 256.000000 114.322259 157.772280 52.857691 64.000000 17.446719 155.548125 57.175644 256.000000 207.876254
164.582087 184.709476 64.000000 42.272259 152.607907 178.722313 256.000000 176.644261 116.374936 177.389725 64.000000 9.396704 118.096844 180.038491 256.000000 193.338039 138.722545 96.636333 64.000000 19.946483 111.332093 115.763353 256.000000 199.000155 121.053355 178.674647 0.000000 120.126358 128.182709 205.796042 256.000000 94.797423
38.818669 156.761129 64.000000 9.646250 36.711887 155.956625 256.000000 87.853156 32.689602 3.807953 64.000000 11.917980 30.714358 5.210540 256.000000 234.607811 202.810320 161.768664 0.000000 18.251290 201.332902 163.788238 256.000000 214.347244 159.005491 168.138369 64.000000 8.613645 161.900642 168.858342 256.000000 194.430879
175.494171 220.475475 0.000000 19.365643 188.039020 208.732067 256.000000 186.466914 106.856755 23.424840 0.000000 11.763090 114.803773 22.472247 256.000000 208.379649 245.028184 214.869749 0.000000 13.798182 247.549296 205.681711 256.000000 172.040565 158.811553 43.584655 64.000000 20.226147 170.739545 46.322311 256.000000 208.345228
90.076398 69.719547 0.000000 18.681542 92.048875 67.507884 256.000000 215.336823 248.348636 96.702278 0.000000 15.777341 248.420476 102.160269 256.000000 176.833572 225.659947 84.937735 0.000000 19.572163 220.020653 84.536736 256.000000 192.150543 100.884982 211.137762 0.000000 40.056461 103.539404 205.069689 256.000000 169.506380
4.380935 46.854467 64.000000 9.418216 5.050282 45.840604 256.000000 224.522704 59.524173 85.556513 0.000000 9.323561 60.073115 82.510020 256.000000 230.881828 53.106049 5.737482 64.000000 10.222788 51.796893 6.191944 256.000000 219.123041 98.423805 195.920949 64.000000 11.311325 97.021024 192.995047 256.000000 101.229691
68.915278 228.596078 64.000000 10.132435 69.867936 229.532176 256.000000 203.539314 24.125967 96.386705 64.000000 21.284566 24.495625 99.890305 256.000000 215.964991 103.894953 208.641244 0.000000 19.692634 108.153658 203.489467 256.000000 212.742404 35.338584 38.165156 64.000000 113.182091 33.539627 44.225753 256.000000 94.311238
25.531905 131.789322 64.000000 162.962248 29.379838 123.812120 256.000000 62.868422 85.700045 203.733476 64.000000 102.795808 88.122255 207.139398 256.000000 104.753454 226.534033 48.554949 0.000000 11.328535 214.756820 39.236760 256.000000 189.254947 120.265156 210.820553 0.000000 118.943165 119.880464 212.331124 256.000000 117.381351
126.036871 80.599625 0.000000 148.880100 124.423707 81.257075 256.000000 95.416986 45.630942 20.914442 64.000000 32.613102 53.509705 16.997885 256.000000 192.232291 193.510149 201.801713 0.000000 11.001544 197.488358 201.902311 256.000000 192.684056 68.459055 19.514415 0.000000 28.517103 70.338902 22.792487 256.000000 177.186379
208.720402 132.757991 64.000000 9.444031 212.814105 128.834000 256.000000 81.537057 23.033076 203.947965 64.000000 25.531154 22.917853 200.737815 256.000000 223.976284 73.329167 37.991260 0.000000 100.541287 75.379269 42.600831 256.000000 83.937863 0.721127 77.206644 0.000000 15.261038 1.945687 76.416100 256.000000 234.663743
207.672511 42.004856 64.000000 116.245485 202.323335 48.540785 256.000000 111.207234 220.302995 65.487938 64.000000 80.177460 225.377853 76.163273 256.000000 160.006416 103.092433 210.452635 64.000000 24.020969 90.626964 205.382091 256.000000 185.124528 111.465358 175.292307 64.000000 37.840663 111.538616 158.656700 256.000000 76.107276
116.474693 119.781580 64.000000 22.175188 120.756922 115.891156 256.000000 192.344157 155.062613 237.964391 64.000000 9.099830 159.327824 240.761418 256.000000 206.477935 46.336951 123.470264 64.000000 9.495662 46.530940 122.776953 256.000000 210.948253 123.738716 145.925173 0.000000 40.383453 120.578635 143.849209 256.000000 185.830141
4.358920 111.845691 0.000000 30.078917 12.715944 117.574471 256.000000 169.854885 243.522669 194.141260 64.000000 10.747695 242.692251 194.876067 256.000000 211.709799 129.028920 53.567425 64.000000 11.418888 128.202825 52.355060 256.000000 203.887818 179.319969 199.258136 64.000000 8.785746 178.442620 198.390916 256.000000 201.233163
97.464493 230.807313 64.000000 11.126317 86.357551 238.376851 256.000000 230.942064 111.437642 114.789576 0.000000 24.055389 115.026118 115.955567 256.000000 186.630410 182.230180 52.384765 0.000000 23.354079 176.342851 54.115273 256.000000 190.524191 198.355295 68.140804 64.000000 12.774182 189.523576 55.485393 256.000000 228.364854
67.955535 81.092058 0.000000 134.109548 65.227665 80.845602 256.000000 65.312254 169.007775 234.028365 64.000000 29.498077 163.119722 229.361778 256.000000 193.591887 26.362913 55.813715 0.000000 107.765218 19.586373 55.841784 256.000000 99.177389 127.174200 177.797325 64.000000 8.626553 128.246102 170.786113 256.000000 84.798367
93.640085 185.511042 0.000000 12.636501 97.475462 190.599285 256.000000 207.949397 90.107551 158.975647 0.000000 19.542046 96.577451 157.645836 256.000000 197.352290 102.842140 116.046818 0.000000 111.938663 101.834702 119.314651 256.000000 109.589487 75.594691 180.414907 64.000000 9.814048 72.618413 177.636618 256.000000 217.815075
11.410298 147.782149 64.000000 102.774295 11.313044 150.230253 256.000000 89.505324 43.270698 76.784184 64.000000 26.301305 45.713540 76.828704 256.000000 183.777839 152.492729 162.425600 0.000000 99.241926 153.302873 163.024515 256.000000 143.493345 111.825142 204.118795 64.000000 10.751997 115.189913 212.167147 256.000000 35.306479
199.244064 154.672525 0.000000 22.872196 169.951295 71.468271 256.000000 86.024585 98.110540 109.652627 0.000000 13.811089 98.956722 108.090813 256.000000 209.261665 162.282722 85.164320 64.000000 35.775454 144.805676 92.440505 256.000000 174.368228 186.869664 46.697356 64.000000 115.754998 188.923760 47.444033 256.000000 94.233793
238.684918 66.272893 64.000000 106.792849 237.060689 67.095091 256.000000 114.180276 159.792336 169.067775 64.000000 92.129861 158.431816 171.289795 256.000000 117.992308 51.666355 16.537445 64.000000 22.648465 49.685887 18.125358 256.000000 206.710271 123.899278 162.812196 64.000000 18.483626 123.599409 161.549891 256.000000 214.183748
84.369522 65.755911 0.000000 13.221644 79.113260 73.044844 256.000000 205.225901 56.795735 124.736029 0.000000 10.029174 57.119498 126.598789 256.000000 203.788860 140.597533 168.064253 64.000000 96.643204 146.601796 168.148818 256.000000 112.089251 151.153195 87.419549 64.000000 9.289141 146.475176 89.328355 256.000000 210.173799
238.964695 165.361322 64.000000 121.223501 232.041484 193.137100 256.000000 95.404078 201.910105 81.610156 0.000000 14.327392 194.799747 78.740298 256.000000 204.877397 122.166593 91.982329 0.000000 8.983662 126.091433 78.979573 256.000000 209.192825 191.492724 168.850442 64.000000 18.203962 193.725105 172.055884 256.000000 192.116123
10.864962 15.740853 0.000000 9.740905 10.264322 18.107705 256.000000 185.395587 109.458771 115.996800 0.000000 12.787089 109.392918 118.961160 256.000000 209.816690 65.585358 185.060502 64.000000 21.181306 70.558538 185.451689 256.000000 217.010504 143.714991 224.201242 64.000000 134.505380 146.037744 225.031451 256.000000 95.012549
19.376120 109.924595 0.000000 8.751326 20.646082 110.948429 256.000000 224.961561 54.015764 241.543860 0.000000 120.973955 56.489207 240.743107 256.000000 75.152117 126.222840 104.948209 64.000000 12.929073 125.679071 106.394916 256.000000 216.274773 127.907547 169.958153 64.000000 149.654553 131.950671 166.327315 256.000000 55.003416
137.922189 110.205585 64.000000 117.179132 151.506405 100.844236 256.000000 98.390027 249.540138 109.603767 0.000000 13.058148 249.329193 108.701193 256.000000 237.843306 54.228964 148.420447 0.000000 31.593404 56.218571 143.934947 256.000000 206.181061 16.586987 58.205625 0.000000 10.020569 16.377915 59.717731 256.000000 199.735886
167.046149 52.167396 64.000000 14.852299 165.222300 49.250020 256.000000 183.502478 133.683147 221.136355 0.000000 10.244300 118.276087 227.504035 256.000000 194.396459 222.919920 249.300729 64.000000 29.429237 217.902482 248.464422 256.000000 187.224158 146.332533 159.894175 0.000000 8.626553 156.186173 148.065953 256.000000 200.222071
167.448100 21.199691 64.000000 21.744936 165.768451 29.799615 256.000000 162.975155 201.859475 134.972440 0.000000 35.926042 186.218162 146.048709 256.000000 177.487555 187.383711 74.939375 64.000000 13.096871 190.615253 75.652349 256.000000 197.184492 56.636073 188.950747 64.000000 17.971626 59.446449 188.997509 256.000000 187.443586
122.002982 98.951551 0.000000 15.278249 126.281518 101.030136 256.000000 182.431151 111.531318 95.241815 64.000000 10.610014 120.705144 100.887827 256.000000 91.351105 0.997145 204.040171 0.000000 34.514815 3.380485 195.896076 256.000000 198.367685 233.930647 131.811729 0.000000 10.136737 231.127560 137.133085 256.000000 210.453463
