80.150278 42.685024 0.000000 26.301305 85.104818 52.393067 256.000000 190.291855 46.679193 112.968153 64.000000 10.356166 48.743949 109.149195 256.000000 199.907987 232.094329 58.880265 0.000000 16.633542 234.700758 69.829504 256.000000 193.699450 140.597533 168.064253 64.000000 96.643204 146.601796 168.148818 256.000000 112.089251
167.046149 52.167396 64.000000 14.852299 165.222300 49.250020 256.000000 183.502478 66.998925 183.885605 0.000000 28.573035 82.612707 183.061195 256.000000 60.459011 58.990927 144.966595 0.000000 17.257408 58.639807 154.182576 256.000000 194.095282 138.818947 70.108675 64.000000 136.975027 134.615098 74.287298 256.000000 76.563343
137.378596 211.961882 0.000000 15.910719 137.903596 204.043993 256.000000 92.039508 245.028184 214.869749 0.000000 13.798182 247.549296 205.681711 256.000000 172.040565 103.092433 210.452635 64.000000 24.020969 90.626964 205.382091 256.000000 185.124528 122.442111 169.974602 0.000000 66.142640 124.610716 189.195796 256.000000 145.377848
120.265156 210.820553 0.000000 118.943165 119.880464 212.331124 256.000000 117.381351 180.608198 24.525033 0.000000 15.484769 182.622338 26.193747 256.000000 199.959617 46.261969 89.407735 0.000000 11.078989 54.579431 81.572987 256.000000 202.786373 82.368418 169.460762 64.000000 24.481339 86.075749 167.419709 256.000000 185.133133
187.475847 110.591407 0.000000 17.537072 190.886067 111.025135 256.000000 67.007446 201.910105 81.610156 0.000000 14.327392 194.799747 78.740298 256.000000 204.877397 79.329495 115.573365 0.000000 10.915493 67.162133 117.182275 256.000000 193.656425 123.738716 145.925173 0.000000 40.383453 120.578635 143.849209 256.000000 185.830141
111.437642 114.789576 0.000000 24.055389 115.026118 115.955567 256.000000 186.630410 142.394124 227.506004 64.000000 47.405165 117.427167 205.017496 256.000000 26.344330 157.772280 52.857691 64.000000 17.446719 155.548125 57.175644 256.000000 207.876254 26.481251 7.239933 0.000000 13.445375 26.830344 6.762984 256.000000 205.591616
66.570064 254.300104 0.000000 15.407324 67.847267 252.243775 256.000000 178.403992 95.921805 154.133633 0.000000 121.769921 94.266749 157.160187 256.000000 90.525021 174.420829 42.127433 64.000000 14.026215 177.083640 42.098080 256.000000 216.550134 164.872585 137.206465 0.000000 14.422047 167.321022 140.714856 256.000000 188.291183
120.102793 247.039362 64.000000 25.931288 102.958035 239.790376 256.000000 185.593503 133.949785 90.563653 0.000000 13.544333 130.034409 92.319891 256.000000 205.978842 67.877500 139.640724 64.000000 19.692634 56.066989 133.575822 256.000000 93.855171 4.358920 111.845691 0.000000 30.078917 12.715944 117.574471 256.000000 169.854885
77.098944 156.710387 64.000000 12.774182 76.843040 159.242464 256.000000 208.284993 10.696533 67.485127 64.000000 18.500836 12.492909 66.957104 256.000000 210.875110 99.972575 118.454182 0.000000 26.202347 99.641604 104.795904 256.000000 205.200086 252.124867 173.881795 0.000000 113.767234 255.197322 183.973564 256.000000 96.952986
150.058915 72.990751 0.000000 9.332166 152.679696 73.230245 256.000000 208.087077 4.380935 46.854467 64.000000 9.418216 5.050282 45.840604 256.000000 224.522704 140.046967 88.604231 0.000000 21.056533 142.423480 93.269304 256.000000 185.081503 103.894953 208.641244 0.000000 19.692634 108.153658 203.489467 256.000000 212.742404
159.823522 58.273631 64.000000 92.577323 159.202140 59.451562 256.000000 133.296372 108.348242 222.563287 64.000000 12.115896 110.101244 225.615376 256.000000 203.862003 241.839145 106.485720 64.000000 128.985247 241.591080 106.474611 256.000000 80.164553 100.884982 211.137762 0.000000 40.056461 103.539404 205.069689 256.000000 169.506380
42.962713 136.743076 64.000000 28.719321 37.453320 138.886555 256.000000 175.508396 183.977796 33.764451 64.000000 23.220700 192.843715 49.298398 256.000000 178.670748 39.462971 88.447269 64.000000 130.112507 41.683104 87.529707 256.000000 77.075343 58.555191 136.778109 0.000000 31.713875 59.761176 139.521140 256.000000 185.511755
100.811604 90.118798 64.000000 16.878786 98.489842 94.847520 256.000000 198.681769 75.594691 180.414907 64.000000 9.814048 72.618413 177.636618 256.000000 217.815075 32.689602 3.807953 64.000000 11.917980 30.714358 5.210540 256.000000 234.607811 199.244064 154.672525 0.000000 22.872196 169.951295 71.468271 256.000000 86.024585
201.859475 134.972440 0.000000 35.926042 186.218162 146.048709 256.000000 177.487555 136.169015 144.135193 0.000000 17.240198 131.789578 145.444027 256.000000 203.479078 20.888829 126.818607 64.000000 17.975929 23.051402 127.076467 256.000000 191.518073 212.829511 25.061644 64.000000 16.560399 188.181580 5.348965 256.000000 79.054502
163.381667 69.096149 64.000000 134.492473 159.799080 65.161193 256.000000 83.503308 135.098422 209.827336 0.000000 12.042753 136.088618 209.642636 256.000000 220.564385 127.174200 177.797325 64.000000 8.626553 128.246102 170.786113 256.000000 84.798367 68.915278 228.596078 64.000000 10.132435 69.867936 229.532176 256.000000 203.539314
150.692440 212.948071 64.000000 15.837576 150.799382 211.085529 256.000000 67.803413 226.612136 70.407938 0.000000 9.246115 230.269100 75.995922 256.000000 210.844993 78.072396 111.849969 64.000000 13.746551 83.406095 108.961713 320.000000 209.373531 98.110540 109.652627 0.000000 13.811089 98.956722 108.090813 256.000000 209.261665
162.217896 48.405307 64.000000 14.959862 161.194255 50.511722 256.000000 181.635184 242.173515 65.705044 0.000000 16.289341 245.692844 68.182911 320.000000 220.099713 65.585358 185.060502 64.000000 21.181306 70.558538 185.451689 256.000000 217.010504 16.586987 58.205625 0.000000 10.020569 16.377915 59.717731 256.000000 199.735886
22.599145 146.912235 0.000000 35.414042 38.432295 153.355687 256.000000 215.995109 152.828687 102.044782 0.000000 11.870653 152.910689 107.181869 256.000000 163.039693 182.230180 52.384765 0.000000 23.354079 176.342851 54.115273 256.000000 190.524191 90.107551 158.975647 0.000000 19.542046 96.577451 157.645836 256.000000 197.352290
117.374749 46.395898 0.000000 16.508769 115.653896 47.783151 256.000000 212.187379 164.180885 135.101684 64.000000 13.608871 166.100440 174.166749 256.000000 207.600893 167.019135 74.960751 64.000000 185.374074 166.692524 78.081905 256.000000 55.554138 225.659947 84.937735 0.000000 19.572163 220.020653 84.536736 256.000000 192.150543
0.721127 77.206644 0.000000 15.261038 1.945687 76.416100 256.000000 234.663743 168.434691 209.478882 64.000000 28.895724 157.336880 186.376936 256.000000 179.156933 117.217575 116.044989 0.000000 14.163896 128.085389 122.372967 256.000000 198.492458 199.089291 47.131955 0.000000 22.338684 195.081022 71.689911 256.000000 205.441027
126.351545 176.474876 0.000000 9.211695 130.944236 184.380158 256.000000 223.081359 75.709320 92.691658 0.000000 20.535928 53.311238 94.531411 256.000000 204.748322 37.405898 238.632067 0.000000 13.535728 41.554105 245.257385 256.000000 203.810372 151.230278 155.670649 64.000000 14.878114 152.709655 158.826825 256.000000 187.348931
25.531905 131.789322 64.000000 162.962248 29.379838 123.812120 256.000000 62.868422 33.359560 96.742876 64.000000 22.898011 34.309669 108.463696 256.000000 197.735214 53.106049 5.737482 64.000000 10.222788 51.796893 6.191944 256.000000 219.123041 118.367900 198.456404 64.000000 14.379022 117.762829 196.293880 256.000000 212.109933
250.073475 157.929865 64.000000 15.157778 249.270349 157.689445 256.000000 201.551549 141.588456 12.874309 0.000000 95.124415 142.619491 14.365509 256.000000 107.717891 85.168773 74.347480 64.000000 11.362955 86.295680 75.025673 256.000000 206.856557 202.810320 161.768664 0.000000 18.251290 201.332902 163.788238 256.000000 214.347244
78.490231 165.637838 64.000000 22.549507 82.896753 172.844867 256.000000 56.431852 200.998693 166.824327 0.000000 25.466616 170.502462 173.689593 256.000000 173.761573 55.785367 170.227527 64.000000 89.767777 56.085985 173.701151 256.000000 130.284608 133.284456 102.098422 0.000000 130.082390 132.200309 106.919251 256.000000 102.344043
28.517918 83.244224 64.000000 10.145342 25.779680 84.431562 256.000000 227.327947 121.076476 56.954578 64.000000 108.169655 125.443144 50.428727 256.000000 113.861889 31.772700 154.398233 64.000000 26.374448 29.838095 157.688922 256.000000 186.432494 207.921640 120.515856 64.000000 11.892165 205.624020 120.488860 256.000000 212.208891
153.887587 124.005211 0.000000 16.771223 156.387636 129.214004 256.000000 200.669533 28.982042 123.833116 64.000000 117.673922 29.033456 129.439144 256.000000 106.224916 122.166593 91.982329 0.000000 8.983662 126.091433 78.979573 256.000000 209.192825 28.826284 186.126398 64.000000 30.061707 29.460655 188.102296 256.000000 184.113436
188.401369 15.971115 0.000000 15.760131 147.822136 3.875120 256.000000 186.432494 116.773058 209.419082 0.000000 136.721178 117.373733 212.778900 256.000000 75.182234 151.722771 37.255149 64.000000 10.790720 144.003318 27.546675 256.000000 223.670805 34.302567 230.917098 0.000000 11.388770 35.689147 238.341193 256.000000 193.660728
22.643727 102.305793 64.000000 152.266183 24.749087 104.316416 256.000000 69.588958 24.125967 96.386705 64.000000 21.284566 24.495625 99.890305 256.000000 215.964991 167.448100 21.199691 64.000000 21.744936 165.768451 29.799615 256.000000 162.975155 182.209089 89.567278 64.000000 13.514215 174.232224 82.493964 256.000000 193.338039
197.814980 167.775727 0.000000 11.319930 194.988962 171.731731 256.000000 102.675337 8.389238 142.159835 64.000000 138.678825 6.695124 144.514056 256.000000 70.337597 227.949007 221.423336 0.000000 18.935391 244.355645 207.258020 256.000000 89.036349 127.821567 3.187198 64.000000 25.582784 123.718900 4.950171 256.000000 199.925197
118.481664 236.166713 0.000000 15.738618 118.962604 230.541782 256.000000 205.768019 56.795735 124.736029 0.000000 10.029174 57.119498 126.598789 256.000000 203.788860 126.222840 104.948209 64.000000 12.929073 125.679071 106.394916 256.000000 216.274773 43.270698 76.784184 64.000000 26.301305 45.713540 76.828704 256.000000 183.777839
121.053355 178.674647 0.000000 120.126358 128.182709 205.796042 256.000000 94.797423 167.600025 210.861869 64.000000 12.610686 164.438440 215.268940 256.000000 226.605123 243.522669 194.141260 64.000000 10.747695 242.692251 194.876067 256.000000 211.709799 96.559200 161.297522 64.000000 10.205577 94.402827 163.421025 256.000000 207.364254
104.377751 247.723760 64.000000 12.782787 99.885347 255.482896 256.000000 89.174030 102.842140 116.046818 0.000000 111.938663 101.834702 119.314651 256.000000 109.589487 116.474693 119.781580 64.000000 22.175188 120.756922 115.891156 256.000000 192.344157 59.720720 173.316624 0.000000 18.165239 66.412698 178.306733 256.000000 195.308593
