133.099073 14.356096 0.000000 100.313254 134.782911 15.753462 256.000000 103.359438 226.612136 70.407938 0.000000 9.246115 230.269100 75.995922 256.000000 210.844993 183.977796 33.764451 64.000000 23.220700 192.843715 49.298398 256.000000 178.670748 68.713162 31.675031 64.000000 14.891022 82.627116 21.388567 256.000000 181.398546
233.513660 110.890020 64.000000 101.139338 238.338058 108.770485 256.000000 115.066595 106.856755 23.424840 0.000000 11.763090 114.803773 22.472247 256.000000 208.379649 186.869664 46.697356 64.000000 115.754998 188.923760 47.444033 256.000000 94.233793 197.781418 86.381015 0.000000 109.206563 194.190255 99.310925 256.000000 107.274731
133.901224 133.476576 0.000000 108.668748 134.289331 133.894638 256.000000 106.913319 124.536435 198.939324 0.000000 12.907560 121.580927 198.781507 256.000000 214.231076 187.475847 110.591407 0.000000 17.537072 190.886067 111.025135 256.000000 67.007446 84.257335 204.940751 64.000000 25.655927 97.855998 192.751718 256.000000 216.421059
68.459055 19.514415 0.000000 28.517103 70.338902 22.792487 256.000000 177.186379 122.536118 187.284356 64.000000 10.244300 124.224704 190.671682 256.000000 115.466729 103.092433 210.452635 64.000000 24.020969 90.626964 205.382091 256.000000 185.124528 212.829511 25.061644 64.000000 16.560399 188.181580 5.348965 256.000000 79.054502
218.796349 121.447089 0.000000 10.054989 218.498262 119.435689 256.000000 196.956458 227.326124 125.038980 64.000000 124.880643 226.431569 125.453084 256.000000 80.482939 116.374936 177.389725 64.000000 9.396704 118.096844 180.038491 256.000000 193.338039 90.107551 158.975647 0.000000 19.542046 96.577451 157.645836 256.000000 197.352290
96.559200 161.297522 64.000000 10.205577 94.402827 163.421025 256.000000 207.364254 221.742016 84.551431 64.000000 26.391658 196.342805 86.106509 256.000000 48.855115 22.643727 102.305793 64.000000 152.266183 24.749087 104.316416 256.000000 69.588958 110.709509 99.010093 0.000000 113.177789 111.387358 99.402262 256.000000 102.593589
129.028920 53.567425 64.000000 11.418888 128.202825 52.355060 256.000000 203.887818 40.295464 209.282155 0.000000 10.511056 41.520605 208.794047 256.000000 204.683784 151.230278 155.670649 64.000000 14.878114 152.709655 158.826825 256.000000 187.348931 116.474693 119.781580 64.000000 22.175188 120.756922 115.891156 256.000000 192.344157
61.946200 136.848462 0.000000 49.074543 65.389000 137.963238 256.000000 180.086277 37.654042 65.432002 64.000000 105.682799 35.771364 65.932524 256.000000 111.542831 60.324213 12.040791 0.000000 18.320130 61.962951 15.568644 256.000000 222.513427 167.046149 52.167396 64.000000 14.852299 165.222300 49.250020 256.000000 183.502478
180.608198 24.525033 0.000000 15.484769 182.622338 26.193747 256.000000 199.959617 99.167975 235.644611 64.000000 12.167527 102.007833 234.687913 256.000000 199.047483 119.437304 109.596413 0.000000 129.260608 128.009909 117.971413 256.000000 88.963206 126.222840 104.948209 64.000000 12.929073 125.679071 106.394916 256.000000 216.274773
159.823522 58.273631 64.000000 92.577323 159.202140 59.451562 256.000000 133.296372 133.296696 208.740669 0.000000 17.175660 130.680502 208.156153 256.000000 185.675251 54.015764 241.543860 0.000000 120.973955 56.489207 240.743107 256.000000 75.152117 243.522669 194.141260 64.000000 10.747695 242.692251 194.876067 256.000000 211.709799
75.709320 92.691658 0.000000 20.535928 53.311238 94.531411 256.000000 204.748322 225.659947 84.937735 0.000000 19.572163 220.020653 84.536736 256.000000 192.150543 11.410298 147.782149 64.000000 102.774295 11.313044 150.230253 256.000000 89.505324 220.499798 127.834685 64.000000 24.218885 183.548962 123.193540 256.000000 55.795079
10.058162 183.537178 64.000000 9.818351 19.189902 181.222060 256.000000 210.896623 16.546933 3.620658 0.000000 23.526179 5.678111 19.521211 256.000000 60.803213 238.964695 165.361322 64.000000 121.223501 232.041484 193.137100 256.000000 95.404078 199.089291 47.131955 0.000000 22.338684 195.081022 71.689911 256.000000 205.441027
112.543700 54.464878 0.000000 32.535656 115.302149 58.588038 256.000000 168.839490 140.597533 168.064253 64.000000 96.643204 146.601796 168.148818 256.000000 112.089251 194.444216 103.788733 0.000000 58.273331 193.180762 103.299562 256.000000 189.125872 81.282945 215.306429 64.000000 14.185408 78.607102 206.375404 256.000000 187.314511
216.983660 102.090513 0.000000 17.119727 205.979840 38.148960 256.000000 187.985704 38.818669 156.761129 64.000000 9.646250 36.711887 155.956625 256.000000 87.853156 162.282722 85.164320 64.000000 35.775454 144.805676 92.440505 256.000000 174.368228 37.405898 238.632067 0.000000 13.535728 41.554105 245.257385 256.000000 203.810372
152.492729 162.425600 0.000000 99.241926 153.302873 163.024515 256.000000 143.493345 28.982042 123.833116 64.000000 117.673922 29.033456 129.439144 256.000000 106.224916 46.261969 89.407735 0.000000 11.078989 54.579431 81.572987 256.000000 202.786373 19.376120 109.924595 0.000000 8.751326 20.646082 110.948429 256.000000 224.961561
187.074360 45.883218 64.000000 14.280064 188.072409 48.614347 256.000000 199.043180 192.402327 48.638476 64.000000 23.414314 198.367078 64.295325 256.000000 151.810116 127.907547 169.958153 64.000000 149.654553 131.950671 166.327315 256.000000 55.003416 199.715858 134.900362 64.000000 12.275090 197.197762 135.903925 256.000000 99.134363
141.710453 219.228707 64.000000 28.293372 147.323647 209.871387 256.000000 58.720793 63.946240 26.561900 64.000000 25.027759 71.937233 17.569265 256.000000 219.794234 133.949785 90.563653 0.000000 13.544333 130.034409 92.319891 256.000000 205.978842 118.367900 198.456404 64.000000 14.379022 117.762829 196.293880 256.000000 212.109933
60.644460 3.997093 0.000000 105.209522 61.117287 1.181513 256.000000 113.061621 16.562760 86.476558 64.000000 31.275018 17.887056 88.466195 256.000000 182.973268 90.230295 243.264296 0.000000 109.744378 88.857905 241.578782 256.000000 89.617189 122.442111 169.974602 0.000000 66.142640 124.610716 189.195796 256.000000 145.377848
34.315384 210.574511 0.000000 28.538615 50.274385 210.641747 256.000000 216.128487 133.683147 221.136355 0.000000 10.244300 118.276087 227.504035 256.000000 194.396459 134.375516 69.937613 0.000000 9.521477 139.500736 68.456369 256.000000 209.786573 93.090300 138.582740 0.000000 24.455524 102.109705 135.237824 256.000000 184.109133
158.811553 43.584655 64.000000 20.226147 170.739545 46.322311 256.000000 208.345228 117.374749 46.395898 0.000000 16.508769 115.653896 47.783151 256.000000 212.187379 136.169015 144.135193 0.000000 17.240198 131.789578 145.444027 256.000000 203.479078 121.053355 178.674647 0.000000 120.126358 128.182709 205.796042 256.000000 94.797423
23.033076 203.947965 64.000000 25.531154 22.917853 200.737815 256.000000 223.976284 242.173515 65.705044 0.000000 16.289341 245.692844 68.182911 320.000000 220.099713 162.217896 48.405307 64.000000 14.959862 161.194255 50.511722 256.000000 181.635184 141.588456 12.874309 0.000000 95.124415 142.619491 14.365509 256.000000 107.717891
173.335173 135.428471 64.000000 9.095527 174.199975 133.823976 256.000000 197.816962 66.570064 254.300104 0.000000 15.407324 67.847267 252.243775 256.000000 178.403992 153.887587 124.005211 0.000000 16.771223 156.387636 129.214004 256.000000 200.669533 89.178204 89.275618 0.000000 13.574451 92.562565 84.510685 256.000000 198.333264
65.585358 185.060502 64.000000 21.181306 70.558538 185.451689 256.000000 217.010504 94.715278 254.489493 64.000000 13.075358 95.344722 254.236878 256.000000 184.926612 111.437642 114.789576 0.000000 24.055389 115.026118 115.955567 256.000000 186.630410 228.997107 57.795387 64.000000 20.359525 223.761518 64.921942 256.000000 176.347387
102.842140 116.046818 0.000000 111.938663 101.834702 119.314651 256.000000 109.589487 104.377751 247.723760 64.000000 12.782787 99.885347 255.482896 256.000000 89.174030 167.019135 74.960751 64.000000 185.374074 166.692524 78.081905 256.000000 55.554138 59.524173 85.556513 0.000000 9.323561 60.073115 82.510020 256.000000 230.881828
225.973924 187.214880 64.000000 14.710316 224.219822 199.326995 256.000000 213.534068 137.922189 110.205585 64.000000 117.179132 151.506405 100.844236 256.000000 98.390027 63.506315 28.559304 64.000000 9.951729 58.742756 26.981600 256.000000 194.525534 113.664762 166.325938 0.000000 109.142025 101.648018 163.104776 256.000000 93.153861
164.872585 137.206465 0.000000 14.422047 167.321022 140.714856 256.000000 188.291183 57.506864 252.770495 0.000000 32.578681 57.327225 246.029771 256.000000 175.908530 127.821567 3.187198 64.000000 25.582784 123.718900 4.950171 256.000000 199.925197 90.725871 108.002889 64.000000 18.617004 91.366349 110.449578 256.000000 186.927284
90.076398 69.719547 0.000000 18.681542 92.048875 67.507884 256.000000 215.336823 163.926362 126.947280 0.000000 14.572635 165.605542 123.469105 256.000000 211.133261 179.319969 199.258136 64.000000 8.785746 178.442620 198.390916 256.000000 201.233163 58.555191 136.778109 0.000000 31.713875 59.761176 139.521140 256.000000 185.511755
31.772700 154.398233 64.000000 26.374448 29.838095 157.688922 256.000000 186.432494 155.062613 237.964391 64.000000 9.099830 159.327824 240.761418 256.000000 206.477935 0.721127 77.206644 0.000000 15.261038 1.945687 76.416100 256.000000 234.663743 103.742980 162.793518 64.000000 16.926114 109.027527 155.401878 256.000000 200.716861
154.329593 87.219409 64.000000 22.721608 175.664711 83.114864 256.000000 98.544918 85.700045 203.733476 64.000000 102.795808 88.122255 207.139398 256.000000 104.753454 100.884982 211.137762 0.000000 40.056461 103.539404 205.069689 256.000000 169.506380 208.720402 132.757991 64.000000 9.444031 212.814105 128.834000 256.000000 81.537057
90.191502 164.347109 0.000000 33.310110 85.721225 166.396642 256.000000 201.478407 33.241165 30.773293 0.000000 28.551523 42.467995 30.677245 256.000000 164.524062 151.153195 87.419549 64.000000 9.289141 146.475176 89.328355 256.000000 210.173799 191.492724 168.850442 64.000000 18.203962 193.725105 172.055884 256.000000 192.116123
171.894567 87.154809 64.000000 18.586886 167.932545 83.770465 256.000000 118.293485 46.123655 60.954713 0.000000 90.925155 44.328355 60.678515 256.000000 100.003472 45.630942 20.914442 64.000000 32.613102 53.509705 16.997885 256.000000 192.232291 67.955535 81.092058 0.000000 134.109548 65.227665 80.845602 256.000000 65.312254
108.348242 222.563287 64.000000 12.115896 110.101244 225.615376 256.000000 203.862003 97.474809 103.131996 64.000000 11.302720 97.822589 103.496960 256.000000 207.114708 178.520700 152.972560 64.000000 13.673409 180.401916 152.892635 256.000000 191.143754 10.696533 67.485127 64.000000 18.500836 12.492909 66.957104 256.000000 210.875110
