51.666355 16.537445 64.000000 22.648465 49.685887 18.125358 256.000000 206.710271 162.217896 48.405307 64.000000 14.959862 161.194255 50.511722 256.000000 181.635184 57.506864 252.770495 0.000000 32.578681 57.327225 246.029771 256.000000 175.908530 116.773058 209.419082 0.000000 136.721178 117.373733 212.778900 256.000000 75.182234
163.926362 126.947280 0.000000 14.572635 165.605542 123.469105 256.000000 211.133261 126.222840 104.948209 64.000000 12.929073 125.679071 106.394916 256.000000 216.274773 100.884982 211.137762 0.000000 40.056461 103.539404 205.069689 256.000000 169.506380 118.367900 198.456404 64.000000 14.379022 117.762829 196.293880 256.000000 212.109933
252.124867 173.881795 0.000000 113.767234 255.197322 183.973564 256.000000 96.952986 174.420829 42.127433 64.000000 14.026215 177.083640 42.098080 256.000000 216.550134 90.725871 108.002889 64.000000 18.617004 91.366349 110.449578 256.000000 186.927284 164.371793 203.850698 64.000000 134.307464 172.978062 201.731211 256.000000 78.103646
103.894953 208.641244 0.000000 19.692634 108.153658 203.489467 256.000000 212.742404 56.795735 124.736029 0.000000 10.029174 57.119498 126.598789 256.000000 203.788860 40.295464 209.282155 0.000000 10.511056 41.520605 208.794047 256.000000 204.683784 19.376120 109.924595 0.000000 8.751326 20.646082 110.948429 256.000000 224.961561
115.087240 225.746111 0.000000 9.263326 125.835213 229.163969 256.000000 209.494001 68.915278 228.596078 64.000000 10.132435 69.867936 229.532176 256.000000 203.539314 238.684918 66.272893 64.000000 106.792849 237.060689 67.095091 256.000000 114.180276 0.997145 204.040171 0.000000 34.514815 3.380485 195.896076 256.000000 198.367685
201.859475 134.972440 0.000000 35.926042 186.218162 146.048709 256.000000 177.487555 241.839145 106.485720 64.000000 128.985247 241.591080 106.474611 256.000000 80.164553 138.818947 70.108675 64.000000 136.975027 134.615098 74.287298 256.000000 76.563343 27.500864 115.864240 64.000000 19.021441 38.480665 100.775993 256.000000 192.653938
133.284456 102.098422 0.000000 130.082390 132.200309 106.919251 256.000000 102.344043 93.490396 126.579429 0.000000 15.747223 78.798624 124.111465 256.000000 69.928858 199.089291 47.131955 0.000000 22.338684 195.081022 71.689911 256.000000 205.441027 22.293920 245.510071 64.000000 11.281207 22.593715 245.815607 256.000000 183.752024
31.772700 154.398233 64.000000 26.374448 29.838095 157.688922 256.000000 186.432494 84.718225 71.467907 64.000000 105.613958 84.815244 78.540965 256.000000 114.322259 116.374936 177.389725 64.000000 9.396704 118.096844 180.038491 256.000000 193.338039 103.092433 210.452635 64.000000 24.020969 90.626964 205.382091 256.000000 185.124528
111.825142 204.118795 64.000000 10.751997 115.189913 212.167147 256.000000 35.306479 99.972575 118.454182 0.000000 26.202347 99.641604 104.795904 256.000000 205.200086 73.329167 37.991260 0.000000 100.541287 75.379269 42.600831 256.000000 83.937863 199.715858 134.900362 64.000000 12.275090 197.197762 135.903925 256.000000 99.134363
84.257335 204.940751 64.000000 25.655927 97.855998 192.751718 256.000000 216.421059 191.492724 168.850442 64.000000 18.203962 193.725105 172.055884 256.000000 192.116123 2.088578 53.219442 64.000000 8.725511 3.418049 48.241144 256.000000 201.005129 51.605416 179.267233 0.000000 113.410125 52.231456 177.721784 256.000000 90.602466
11.410298 147.782149 64.000000 102.774295 11.313044 150.230253 256.000000 89.505324 150.692440 212.948071 64.000000 15.837576 150.799382 211.085529 256.000000 67.803413 78.490231 165.637838 64.000000 22.549507 82.896753 172.844867 256.000000 56.431852 182.209089 89.567278 64.000000 13.514215 174.232224 82.493964 256.000000 193.338039
100.811604 90.118798 64.000000 16.878786 98.489842 94.847520 256.000000 198.681769 26.481251 7.239933 0.000000 13.445375 26.830344 6.762984 256.000000 205.591616 221.742016 84.551431 64.000000 26.391658 196.342805 86.106509 256.000000 48.855115 134.375516 69.937613 0.000000 9.521477 139.500736 68.456369 256.000000 209.786573
138.977135 54.118824 0.000000 123.998626 140.677225 56.777278 256.000000 100.661758 61.751284 126.821953 64.000000 9.383796 35.891825 146.997511 256.000000 203.526406 145.423909 4.227362 0.000000 40.138209 143.042813 13.441680 256.000000 179.815218 136.447960 190.502227 0.000000 11.956703 137.211071 190.797685 256.000000 217.879613
127.174200 177.797325 64.000000 8.626553 128.246102 170.786113 256.000000 84.798367 157.772280 52.857691 64.000000 17.446719 155.548125 57.175644 256.000000 207.876254 137.922189 110.205585 64.000000 117.179132 151.506405 100.844236 256.000000 98.390027 75.594691 180.414907 64.000000 9.814048 72.618413 177.636618 256.000000 217.815075
152.828687 102.044782 0.000000 11.870653 152.910689 107.181869 256.000000 163.039693 216.983660 102.090513 0.000000 17.119727 205.979840 38.148960 256.000000 187.985704 99.167975 235.644611 64.000000 12.167527 102.007833 234.687913 256.000000 199.047483 199.244064 154.672525 0.000000 22.872196 169.951295 71.468271 256.000000 86.024585
245.028184 214.869749 0.000000 13.798182 247.549296 205.681711 256.000000 172.040565 39.462971 88.447269 64.000000 130.112507 41.683104 87.529707 256.000000 77.075343 233.930647 131.811729 0.000000 10.136737 231.127560 137.133085 256.000000 210.453463 151.230278 155.670649 64.000000 14.878114 152.709655 158.826825 256.000000 187.348931
198.355295 68.140804 64.000000 12.774182 189.523576 55.485393 256.000000 228.364854 169.007775 234.028365 64.000000 29.498077 163.119722 229.361778 256.000000 193.591887 175.494171 220.475475 0.000000 19.365643 188.039020 208.732067 256.000000 186.466914 187.074360 45.883218 64.000000 14.280064 188.072409 48.614347 256.000000 199.043180
67.955535 81.092058 0.000000 134.109548 65.227665 80.845602 256.000000 65.312254 123.738716 145.925173 0.000000 40.383453 120.578635 143.849209 256.000000 185.830141 190.932664 219.161276 0.000000 109.968109 190.521155 219.765087 256.000000 98.712716 245.613484 154.941987 64.000000 16.465744 244.361680 152.633927 320.000000 214.527950
232.094329 58.880265 0.000000 16.633542 234.700758 69.829504 256.000000 193.699450 118.125504 162.471529 64.000000 137.960304 130.996887 153.360295 256.000000 72.708285 16.586987 58.205625 0.000000 10.020569 16.377915 59.717731 256.000000 199.735886 26.362913 55.813715 0.000000 107.765218 19.586373 55.841784 256.000000 99.177389
59.720720 173.316624 0.000000 18.165239 66.412698 178.306733 256.000000 195.308593 28.826284 186.126398 64.000000 30.061707 29.460655 188.102296 256.000000 184.113436 187.383711 74.939375 64.000000 13.096871 190.615253 75.652349 256.000000 197.184492 140.611302 40.246585 0.000000 20.841407 137.933389 41.819331 256.000000 192.107518
152.221976 89.980396 0.000000 58.509969 143.476416 92.024256 256.000000 164.958617 229.234853 216.945431 0.000000 122.299131 224.020120 220.642038 256.000000 91.006903 109.458771 115.996800 0.000000 12.787089 109.392918 118.961160 256.000000 209.816690 201.910105 81.610156 0.000000 14.327392 194.799747 78.740298 256.000000 204.877397
24.125967 96.386705 64.000000 21.284566 24.495625 99.890305 256.000000 215.964991 110.709509 99.010093 0.000000 113.177789 111.387358 99.402262 256.000000 102.593589 118.481664 236.166713 0.000000 15.738618 118.962604 230.541782 256.000000 205.768019 142.394124 227.506004 64.000000 47.405165 117.427167 205.017496 256.000000 26.344330
193.510149 201.801713 0.000000 11.001544 197.488358 201.902311 256.000000 192.684056 85.168773 74.347480 64.000000 11.362955 86.295680 75.025673 256.000000 206.856557 45.630942 20.914442 64.000000 32.613102 53.509705 16.997885 256.000000 192.232291 43.270698 76.784184 64.000000 26.301305 45.713540 76.828704 256.000000 183.777839
187.475847 110.591407 0.000000 17.537072 190.886067 111.025135 256.000000 67.007446 233.513660 110.890020 64.000000 101.139338 238.338058 108.770485 256.000000 115.066595 22.746489 114.748547 0.000000 29.751926 18.827991 118.963669 256.000000 57.068625 200.998693 166.824327 0.000000 25.466616 170.502462 173.689593 256.000000 173.761573
218.796349 121.447089 0.000000 10.054989 218.498262 119.435689 256.000000 196.956458 85.700045 203.733476 64.000000 102.795808 88.122255 207.139398 256.000000 104.753454 4.380935 46.854467 64.000000 9.418216 5.050282 45.840604 256.000000 224.522704 140.046967 88.604231 0.000000 21.056533 142.423480 93.269304 256.000000 185.081503
65.906425 91.246647 0.000000 96.815305 66.389060 91.336033 256.000000 116.869351 158.811553 43.584655 64.000000 20.226147 170.739545 46.322311 256.000000 208.345228 33.241165 30.773293 0.000000 28.551523 42.467995 30.677245 256.000000 164.524062 225.659947 84.937735 0.000000 19.572163 220.020653 84.536736 256.000000 192.150543
152.492729 162.425600 0.000000 99.241926 153.302873 163.024515 256.000000 143.493345 171.894567 87.154809 64.000000 18.586886 167.932545 83.770465 256.000000 118.293485 20.523984 110.308018 64.000000 24.752398 20.143944 114.559713 256.000000 197.304962 96.559200 161.297522 64.000000 10.205577 94.402827 163.421025 256.000000 207.364254
48.603956 213.608133 64.000000 18.139424 44.732885 212.970120 256.000000 203.612456 116.474693 119.781580 64.000000 22.175188 120.756922 115.891156 256.000000 192.344157 90.191502 164.347109 0.000000 33.310110 85.721225 166.396642 256.000000 201.478407 220.499798 127.834685 64.000000 24.218885 183.548962 123.193540 256.000000 55.795079
178.520700 152.972560 64.000000 13.673409 180.401916 152.892635 256.000000 191.143754 94.715278 254.489493 64.000000 13.075358 95.344722 254.236878 256.000000 184.926612 146.332533 159.894175 0.000000 8.626553 156.186173 148.065953 256.000000 200.222071 230.116220 226.933522 64.000000 18.965508 228.848409 236.472700 256.000000 181.230747
117.217575 116.044989 0.000000 14.163896 128.085389 122.372967 256.000000 198.492458 133.949785 90.563653 0.000000 13.544333 130.034409 92.319891 256.000000 205.978842 202.810320 161.768664 0.000000 18.251290 201.332902 163.788238 256.000000 214.347244 197.781418 86.381015 0.000000 109.206563 194.190255 99.310925 256.000000 107.274731
81.282945 215.306429 64.000000 14.185408 78.607102 206.375404 256.000000 187.314511 242.173515 65.705044 0.000000 16.289341 245.692844 68.182911 320.000000 220.099713 43.318513 140.129598 0.000000 31.739690 53.845184 149.291367 256.000000 188.669805 98.110540 109.652627 0.000000 13.811089 98.956722 108.090813 256.000000 209.261665
151.153195 87.419549 64.000000 9.289141 146.475176 89.328355 256.000000 210.173799 151.722771 37.255149 64.000000 10.790720 144.003318 27.546675 256.000000 223.670805 120.102793 247.039362 64.000000 25.931288 102.958035 239.790376 256.000000 185.593503 133.099073 14.356096 0.000000 100.313254 134.782911 15.753462 256.000000 103.359438
