95.921805 154.133633 0.000000 121.769921 94.266749 157.160187 256.000000 90.525021 20.523984 110.308018 64.000000 24.752398 20.143944 114.559713 256.000000 197.304962 228.997107 57.795387 64.000000 20.359525 223.761518 64.921942 256.000000 176.347387 54.228964 148.420447 0.000000 31.593404 56.218571 143.934947 256.000000 206.181061
31.772700 154.398233 64.000000 26.374448 29.838095 157.688922 256.000000 186.432494 124.978236 155.722385 64.000000 19.821710 124.644605 153.091684 256.000000 193.316526 148.215844 160.867935 64.000000 136.424304 156.303560 160.640829 256.000000 62.098271 29.920111 89.096558 64.000000 22.919524 40.747449 84.852695 256.000000 60.041667
85.700045 203.733476 64.000000 102.795808 88.122255 207.139398 256.000000 104.753454 220.499798 127.834685 64.000000 24.218885 183.548962 123.193540 256.000000 55.795079 114.614985 163.957065 0.000000 12.662316 117.234200 166.170249 256.000000 216.984689 176.829651 164.527089 0.000000 15.359996 167.032555 173.105373 256.000000 80.233393
180.608198 24.525033 0.000000 15.484769 182.622338 26.193747 256.000000 199.959617 93.090300 138.582740 0.000000 24.455524 102.109705 135.237824 256.000000 184.109133 43.318513 140.129598 0.000000 31.739690 53.845184 149.291367 256.000000 188.669805 121.053355 178.674647 0.000000 120.126358 128.182709 205.796042 256.000000 94.797423
164.180885 135.101684 64.000000 13.608871 166.100440 174.166749 256.000000 207.600893 225.973924 187.214880 64.000000 14.710316 224.219822 199.326995 256.000000 213.534068 174.903278 21.176567 64.000000 10.988636 173.675767 21.201384 256.000000 208.530237 90.184355 10.474920 0.000000 10.997241 92.236256 11.164729 256.000000 200.665230
163.926362 126.947280 0.000000 14.572635 165.605542 123.469105 256.000000 211.133261 100.884982 211.137762 0.000000 40.056461 103.539404 205.069689 256.000000 169.506380 164.371793 203.850698 64.000000 134.307464 172.978062 201.731211 256.000000 78.103646 0.997145 204.040171 0.000000 34.514815 3.380485 195.896076 256.000000 198.367685
140.611302 40.246585 0.000000 20.841407 137.933389 41.819331 256.000000 192.107518 45.630942 20.914442 64.000000 32.613102 53.509705 16.997885 256.000000 192.232291 20.888829 126.818607 64.000000 17.975929 23.051402 127.076467 256.000000 191.518073 27.500864 115.864240 64.000000 19.021441 38.480665 100.775993 256.000000 192.653938
103.092433 210.452635 64.000000 24.020969 90.626964 205.382091 256.000000 185.124528 132.013005 47.750387 64.000000 31.193270 131.484416 51.778645 256.000000 192.804526 28.826284 186.126398 64.000000 30.061707 29.460655 188.102296 256.000000 184.113436 60.644460 3.997093 0.000000 105.209522 61.117287 1.181513 256.000000 113.061621
109.088009 162.310011 64.000000 12.072871 109.360593 161.535225 256.000000 210.647077 238.684918 66.272893 64.000000 106.792849 237.060689 67.095091 256.000000 114.180276 155.062613 237.964391 64.000000 9.099830 159.327824 240.761418 256.000000 206.477935 56.869324 211.609889 64.000000 97.469288 54.761780 212.217647 256.000000 120.453350
89.178204 89.275618 0.000000 13.574451 92.562565 84.510685 256.000000 198.333264 35.338584 38.165156 64.000000 113.182091 33.539627 44.225753 256.000000 94.311238 248.348636 96.702278 0.000000 15.777341 248.420476 102.160269 256.000000 176.833572 127.821567 3.187198 64.000000 25.582784 123.718900 4.950171 256.000000 199.925197
201.859475 134.972440 0.000000 35.926042 186.218162 146.048709 256.000000 177.487555 120.265156 210.820553 0.000000 118.943165 119.880464 212.331124 256.000000 117.381351 197.781418 86.381015 0.000000 109.206563 194.190255 99.310925 256.000000 107.274731 87.200887 21.267913 64.000000 18.298618 114.129540 11.321520 256.000000 192.434510
182.230180 52.384765 0.000000 23.354079 176.342851 54.115273 256.000000 190.524191 137.378596 211.961882 0.000000 15.910719 137.903596 204.043993 256.000000 92.039508 54.015764 241.543860 0.000000 120.973955 56.489207 240.743107 256.000000 75.152117 208.720402 132.757991 64.000000 9.444031 212.814105 128.834000 256.000000 81.537057
40.723867 202.113756 64.000000 10.541174 41.248318 204.482405 256.000000 188.889233 43.950893 231.917805 0.000000 14.942652 45.933418 226.444055 256.000000 167.213137 143.714991 224.201242 64.000000 134.505380 146.037744 225.031451 256.000000 95.012549 56.636073 188.950747 64.000000 17.971626 59.446449 188.997509 256.000000 187.443586
58.990927 144.966595 0.000000 17.257408 58.639807 154.182576 256.000000 194.095282 146.332533 159.894175 0.000000 8.626553 156.186173 148.065953 256.000000 200.222071 187.475847 110.591407 0.000000 17.537072 190.886067 111.025135 256.000000 67.007446 63.506315 28.559304 64.000000 9.951729 58.742756 26.981600 256.000000 194.525534
228.691007 58.980704 64.000000 122.591702 234.560267 65.882656 256.000000 96.600179 98.423805 195.920949 64.000000 11.311325 97.021024 192.995047 256.000000 101.229691 65.906425 91.246647 0.000000 96.815305 66.389060 91.336033 256.000000 116.869351 201.910105 81.610156 0.000000 14.327392 194.799747 78.740298 256.000000 204.877397
197.814980 167.775727 0.000000 11.319930 194.988962 171.731731 256.000000 102.675337 115.087240 225.746111 0.000000 9.263326 125.835213 229.163969 256.000000 209.494001 129.028920 53.567425 64.000000 11.418888 128.202825 52.355060 256.000000 203.887818 95.202984 187.218098 64.000000 18.956903 96.591295 184.153873 256.000000 212.350875
152.221976 89.980396 0.000000 58.509969 143.476416 92.024256 256.000000 164.958617 199.715858 134.900362 64.000000 12.275090 197.197762 135.903925 256.000000 99.134363 37.405898 238.632067 0.000000 13.535728 41.554105 245.257385 256.000000 203.810372 126.351545 176.474876 0.000000 9.211695 130.944236 184.380158 256.000000 223.081359
221.311538 129.320875 64.000000 19.004231 215.297127 126.862582 256.000000 176.915320 127.907547 169.958153 64.000000 149.654553 131.950671 166.327315 256.000000 55.003416 121.076476 56.954578 64.000000 108.169655 125.443144 50.428727 256.000000 113.861889 145.423909 4.227362 0.000000 40.138209 143.042813 13.441680 256.000000 179.815218
189.677475 197.861971 0.000000 18.345945 160.042378 224.665060 256.000000 203.306978 220.302995 65.487938 64.000000 80.177460 225.377853 76.163273 256.000000 160.006416 243.064211 98.734024 64.000000 9.616132 253.447360 106.513522 256.000000 199.778911 66.998925 183.885605 0.000000 28.573035 82.612707 183.061195 256.000000 60.459011
245.028184 214.869749 0.000000 13.798182 247.549296 205.681711 256.000000 172.040565 122.002982 98.951551 0.000000 15.278249 126.281518 101.030136 256.000000 182.431151 183.977796 33.764451 64.000000 23.220700 192.843715 49.298398 256.000000 178.670748 68.713162 31.675031 64.000000 14.891022 82.627116 21.388567 256.000000 181.398546
10.864962 15.740853 0.000000 9.740905 10.264322 18.107705 256.000000 185.395587 67.877500 139.640724 64.000000 19.692634 56.066989 133.575822 256.000000 93.855171 8.132598 233.497645 0.000000 25.475221 14.360911 232.147755 256.000000 182.332193 16.562760 86.476558 64.000000 31.275018 17.887056 88.466195 256.000000 182.973268
99.185404 54.081315 64.000000 37.087722 93.966793 48.190887 256.000000 162.643861 23.150007 181.666840 0.000000 145.085277 21.567922 176.472258 256.000000 58.953129 227.949007 221.423336 0.000000 18.935391 244.355645 207.258020 256.000000 89.036349 160.797245 166.462993 64.000000 80.706670 161.619367 168.350495 256.000000 114.752511
141.710453 219.228707 64.000000 28.293372 147.323647 209.871387 256.000000 58.720793 249.737907 111.675245 64.000000 18.315828 248.823795 114.122089 256.000000 199.068995 188.230096 115.542429 64.000000 116.809115 186.916349 117.678238 256.000000 89.440786 93.640085 185.511042 0.000000 12.636501 97.475462 190.599285 256.000000 207.949397
138.722545 96.636333 64.000000 19.946483 111.332093 115.763353 256.000000 199.000155 118.125504 162.471529 64.000000 137.960304 130.996887 153.360295 256.000000 72.708285 200.731213 129.982771 64.000000 11.018754 198.403380 126.720024 256.000000 210.031816 111.531318 95.241815 64.000000 10.610014 120.705144 100.887827 256.000000 91.351105
84.718225 71.467907 64.000000 105.613958 84.815244 78.540965 256.000000 114.322259 238.964695 165.361322 64.000000 121.223501 232.041484 193.137100 256.000000 95.404078 51.605416 179.267233 0.000000 113.410125 52.231456 177.721784 256.000000 90.602466 198.641985 104.451311 64.000000 13.466888 196.299047 105.582182 256.000000 194.288896
47.025553 9.945731 64.000000 28.512800 46.104020 13.812593 256.000000 193.914576 16.546933 3.620658 0.000000 23.526179 5.678111 19.521211 256.000000 60.803213 242.173515 65.705044 0.000000 16.289341 245.692844 68.182911 320.000000 220.099713 175.494171 220.475475 0.000000 19.365643 188.039020 208.732067 256.000000 186.466914
51.814336 212.914371 64.000000 29.515287 65.772175 168.512445 256.000000 202.846608 111.825142 204.118795 64.000000 10.751997 115.189913 212.167147 256.000000 35.306479 43.285264 213.614160 64.000000 25.664532 45.226000 197.042011 256.000000 184.165066 198.355295 68.140804 64.000000 12.774182 189.523576 55.485393 256.000000 228.364854
127.174200 177.797325 64.000000 8.626553 128.246102 170.786113 256.000000 84.798367 118.481664 236.166713 0.000000 15.738618 118.962604 230.541782 256.000000 205.768019 99.167975 235.644611 64.000000 12.167527 102.007833 234.687913 256.000000 199.047483 117.217575 116.044989 0.000000 14.163896 128.085389 122.372967 256.000000 198.492458
194.444216 103.788733 0.000000 58.273331 193.180762 103.299562 256.000000 189.125872 14.560655 31.202389 0.000000 29.394817 16.897185 29.934204 256.000000 189.801367 163.381667 69.096149 64.000000 134.492473 159.799080 65.161193 256.000000 83.503308 139.624756 33.022673 64.000000 11.014451 137.880753 33.801031 256.000000 179.767891
226.612136 70.407938 0.000000 9.246115 230.269100 75.995922 256.000000 210.844993 111.437642 114.789576 0.000000 24.055389 115.026118 115.955567 256.000000 186.630410 173.335173 135.428471 64.000000 9.095527 174.199975 133.823976 256.000000 197.816962 123.899278 162.812196 64.000000 18.483626 123.599409 161.549891 256.000000 214.183748
77.029145 110.594227 64.000000 107.296244 87.859369 98.049816 256.000000 122.398089 10.696533 67.485127 64.000000 18.500836 12.492909 66.957104 256.000000 210.875110 137.922189 110.205585 64.000000 117.179132 151.506405 100.844236 256.000000 98.390027 61.751284 126.821953 64.000000 9.383796 35.891825 146.997511 256.000000 203.526406
109.458771 115.996800 0.000000 12.787089 109.392918 118.961160 256.000000 209.816690 90.107551 158.975647 0.000000 19.542046 96.577451 157.645836 256.000000 197.352290 150.045691 62.393678 64.000000 9.129947 152.833551 61.345295 256.000000 215.844521 159.005491 168.138369 64.000000 8.613645 161.900642 168.858342 256.000000 194.430879
