117.374749 46.395898 0.000000 16.508769 115.653896 47.783151 256.000000 212.187379 4.358920 111.845691 0.000000 30.078917 12.715944 117.574471 256.000000 169.854885 173.335173 135.428471 64.000000 9.095527 174.199975 133.823976 256.000000 197.816962 115.087240 225.746111 0.000000 9.263326 125.835213 229.163969 256.000000 209.494001
190.932664 219.161276 0.000000 109.968109 190.521155 219.765087 256.000000 98.712716 10.696533 67.485127 64.000000 18.500836 12.492909 66.957104 256.000000 210.875110 75.709320 92.691658 0.000000 20.535928 53.311238 94.531411 256.000000 204.748322 225.659947 84.937735 0.000000 19.572163 220.020653 84.536736 256.000000 192.150543
124.536435 198.939324 0.000000 12.907560 121.580927 198.781507 256.000000 214.231076 167.448100 21.199691 64.000000 21.744936 165.768451 29.799615 256.000000 162.975155 174.463238 219.307540 0.000000 26.520733 165.470245 202.568433 256.000000 174.105774 4.380935 46.854467 64.000000 9.418216 5.050282 45.840604 256.000000 224.522704
51.666355 16.537445 64.000000 22.648465 49.685887 18.125358 256.000000 206.710271 201.910105 81.610156 0.000000 14.327392 194.799747 78.740298 256.000000 204.877397 81.282945 215.306429 64.000000 14.185408 78.607102 206.375404 256.000000 187.314511 249.737907 111.675245 64.000000 18.315828 248.823795 114.122089 256.000000 199.068995
242.173515 65.705044 0.000000 16.289341 245.692844 68.182911 320.000000 220.099713 97.464493 230.807313 64.000000 11.126317 86.357551 238.376851 256.000000 230.942064 141.710453 219.228707 64.000000 28.293372 147.323647 209.871387 256.000000 58.720793 59.524173 85.556513 0.000000 9.323561 60.073115 82.510020 256.000000 230.881828
174.213969 82.262793 64.000000 34.101774 172.218296 85.802495 256.000000 196.900525 116.773058 209.419082 0.000000 136.721178 117.373733 212.778900 256.000000 75.182234 123.741136 212.559853 0.000000 11.935190 100.305649 194.765235 256.000000 212.983345 103.894953 208.641244 0.000000 19.692634 108.153658 203.489467 256.000000 212.742404
228.691007 58.980704 64.000000 122.591702 234.560267 65.882656 256.000000 96.600179 48.603956 213.608133 64.000000 18.139424 44.732885 212.970120 256.000000 203.612456 233.930647 131.811729 0.000000 10.136737 231.127560 137.133085 256.000000 210.453463 238.964695 165.361322 64.000000 121.223501 232.041484 193.137100 256.000000 95.404078
183.977796 33.764451 64.000000 23.220700 192.843715 49.298398 256.000000 178.670748 98.423805 195.920949 64.000000 11.311325 97.021024 192.995047 256.000000 101.229691 17.238871 12.093982 64.000000 25.621507 16.845229 13.090104 256.000000 201.048155 25.531905 131.789322 64.000000 162.962248 29.379838 123.812120 256.000000 62.868422
145.423909 4.227362 0.000000 40.138209 143.042813 13.441680 256.000000 179.815218 234.792304 206.286209 64.000000 16.362484 234.071784 205.520329 256.000000 202.175415 176.829651 164.527089 0.000000 15.359996 167.032555 173.105373 256.000000 80.233393 2.088578 53.219442 64.000000 8.725511 3.418049 48.241144 256.000000 201.005129
80.150278 42.685024 0.000000 26.301305 85.104818 52.393067 256.000000 190.291855 135.098422 209.827336 0.000000 12.042753 136.088618 209.642636 256.000000 220.564385 118.367900 198.456404 64.000000 14.379022 117.762829 196.293880 256.000000 212.109933 38.818669 156.761129 64.000000 9.646250 36.711887 155.956625 256.000000 87.853156
50.124911 172.956811 64.000000 122.428207 52.012840 174.336064 256.000000 125.203332 169.730718 34.572869 64.000000 101.380279 173.108202 46.070284 256.000000 109.447504 111.465358 175.292307 64.000000 37.840663 111.538616 158.656700 256.000000 76.107276 24.707071 178.003513 0.000000 149.138251 18.862024 183.425998 256.000000 67.041867
54.228964 148.420447 0.000000 31.593404 56.218571 143.934947 256.000000 206.181061 111.825142 204.118795 64.000000 10.751997 115.189913 212.167147 256.000000 35.306479 232.094329 58.880265 0.000000 16.633542 234.700758 69.829504 256.000000 193.699450 29.920111 89.096558 64.000000 22.919524 40.747449 84.852695 256.000000 60.041667
27.500864 115.864240 64.000000 19.021441 38.480665 100.775993 256.000000 192.653938 39.462971 88.447269 64.000000 130.112507 41.683104 87.529707 256.000000 77.075343 226.971211 198.325484 0.000000 35.852899 214.620955 209.106387 256.000000 201.555852 169.007775 234.028365 64.000000 29.498077 163.119722 229.361778 256.000000 193.591887
151.722771 37.255149 64.000000 10.790720 144.003318 27.546675 256.000000 223.670805 100.811604 90.118798 64.000000 16.878786 98.489842 94.847520 256.000000 198.681769 133.284456 102.098422 0.000000 130.082390 132.200309 106.919251 256.000000 102.344043 167.046149 52.167396 64.000000 14.852299 165.222300 49.250020 256.000000 183.502478
0.721127 77.206644 0.000000 15.261038 1.945687 76.416100 256.000000 234.663743 160.797245 166.462993 64.000000 80.706670 161.619367 168.350495 256.000000 114.752511 238.684918 66.272893 64.000000 106.792849 237.060689 67.095091 256.000000 114.180276 78.111542 50.896520 0.000000 25.698952 75.361700 59.204384 256.000000 183.110949
158.811553 43.584655 64.000000 20.226147 170.739545 46.322311 256.000000 208.345228 26.481251 7.239933 0.000000 13.445375 26.830344 6.762984 256.000000 205.591616 33.359560 96.742876 64.000000 22.898011 34.309669 108.463696 256.000000 197.735214 133.901224 133.476576 0.000000 108.668748 134.289331 133.894638 256.000000 106.913319
93.640085 185.511042 0.000000 12.636501 97.475462 190.599285 256.000000 207.949397 78.490231 165.637838 64.000000 22.549507 82.896753 172.844867 256.000000 56.431852 120.102793 247.039362 64.000000 25.931288 102.958035 239.790376 256.000000 185.593503 164.582087 184.709476 64.000000 42.272259 152.607907 178.722313 256.000000 176.644261
140.597533 168.064253 64.000000 96.643204 146.601796 168.148818 256.000000 112.089251 162.217896 48.405307 64.000000 14.959862 161.194255 50.511722 256.000000 181.635184 66.998925 183.885605 0.000000 28.573035 82.612707 183.061195 256.000000 60.459011 65.585358 185.060502 64.000000 21.181306 70.558538 185.451689 256.000000 217.010504
114.614985 163.957065 0.000000 12.662316 117.234200 166.170249 256.000000 216.984689 159.792336 169.067775 64.000000 92.129861 158.431816 171.289795 256.000000 117.992308 43.318513 140.129598 0.000000 31.739690 53.845184 149.291367 256.000000 188.669805 142.394124 227.506004 64.000000 47.405165 117.427167 205.017496 256.000000 26.344330
201.859475 134.972440 0.000000 35.926042 186.218162 146.048709 256.000000 177.487555 46.123655 60.954713 0.000000 90.925155 44.328355 60.678515 256.000000 100.003472 118.481664 236.166713 0.000000 15.738618 118.962604 230.541782 256.000000 205.768019 73.329167 37.991260 0.000000 100.541287 75.379269 42.600831 256.000000 83.937863
197.781418 86.381015 0.000000 109.206563 194.190255 99.310925 256.000000 107.274731 254.364885 168.884382 64.000000 28.009405 240.690527 164.664769 256.000000 94.991037 68.915278 228.596078 64.000000 10.132435 69.867936 229.532176 256.000000 203.539314 175.343216 125.839540 64.000000 12.933375 173.961598 123.890864 256.000000 205.101128
216.983660 102.090513 0.000000 17.119727 205.979840 38.148960 256.000000 187.985704 164.180885 135.101684 64.000000 13.608871 166.100440 174.166749 256.000000 207.600893 241.839145 106.485720 64.000000 128.985247 241.591080 106.474611 256.000000 80.164553 93.490396 126.579429 0.000000 15.747223 78.798624 124.111465 256.000000 69.928858
109.458771 115.996800 0.000000 12.787089 109.392918 118.961160 256.000000 209.816690 85.168773 74.347480 64.000000 11.362955 86.295680 75.025673 256.000000 206.856557 16.586987 58.205625 0.000000 10.020569 16.377915 59.717731 256.000000 199.735886 132.958689 17.975967 64.000000 10.265813 112.042307 5.536913 256.000000 196.767147
134.545671 72.425576 64.000000 15.045912 129.108356 55.219231 256.000000 206.929699 126.036871 80.599625 0.000000 148.880100 124.423707 81.257075 256.000000 95.416986 197.814980 167.775727 0.000000 11.319930 194.988962 171.731731 256.000000 102.675337 139.624756 33.022673 64.000000 11.014451 137.880753 33.801031 256.000000 179.767891
140.611302 40.246585 0.000000 20.841407 137.933389 41.819331 256.000000 192.107518 199.244064 154.672525 0.000000 22.872196 169.951295 71.468271 256.000000 86.024585 93.090300 138.582740 0.000000 24.455524 102.109705 135.237824 256.000000 184.109133 127.907547 169.958153 64.000000 149.654553 131.950671 166.327315 256.000000 55.003416
175.494171 220.475475 0.000000 19.365643 188.039020 208.732067 256.000000 186.466914 8.132598 233.497645 0.000000 25.475221 14.360911 232.147755 256.000000 182.332193 35.338584 38.165156 64.000000 113.182091 33.539627 44.225753 256.000000 94.311238 28.826284 186.126398 64.000000 30.061707 29.460655 188.102296 256.000000 184.113436
67.877500 139.640724 64.000000 19.692634 56.066989 133.575822 256.000000 93.855171 237.290196 93.087196 0.000000 17.756500 227.961395 85.320033 256.000000 194.224358 138.818947 70.108675 64.000000 136.975027 134.615098 74.287298 256.000000 76.563343 111.531318 95.241815 64.000000 10.610014 120.705144 100.887827 256.000000 91.351105
163.926362 126.947280 0.000000 14.572635 165.605542 123.469105 256.000000 211.133261 182.874947 149.010456 64.000000 12.937678 180.870962 149.412949 256.000000 128.180676 164.371793 203.850698 64.000000 134.307464 172.978062 201.731211 256.000000 78.103646 180.608198 24.525033 0.000000 15.484769 182.622338 26.193747 256.000000 199.959617
103.092433 210.452635 64.000000 24.020969 90.626964 205.382091 256.000000 185.124528 189.677475 197.861971 0.000000 18.345945 160.042378 224.665060 256.000000 203.306978 228.997107 57.795387 64.000000 20.359525 223.761518 64.921942 256.000000 176.347387 127.174200 177.797325 64.000000 8.626553 128.246102 170.786113 256.000000 84.798367
90.191502 164.347109 0.000000 33.310110 85.721225 166.396642 256.000000 201.478407 68.459055 19.514415 0.000000 28.517103 70.338902 22.792487 256.000000 177.186379 99.185404 54.081315 64.000000 37.087722 93.966793 48.190887 256.000000 162.643861 59.720720 173.316624 0.000000 18.165239 66.412698 178.306733 256.000000 195.308593
90.076398 69.719547 0.000000 18.681542 92.048875 67.507884 256.000000 215.336823 159.823522 58.273631 64.000000 92.577323 159.202140 59.451562 256.000000 133.296372 193.510149 201.801713 0.000000 11.001544 197.488358 201.902311 256.000000 192.684056 14.560655 31.202389 0.000000 29.394817 16.897185 29.934204 256.000000 189.801367
141.588456 12.874309 0.000000 95.124415 142.619491 14.365509 256.000000 107.717891 133.296696 208.740669 0.000000 17.175660 130.680502 208.156153 256.000000 185.675251 47.025553 9.945731 64.000000 28.512800 46.104020 13.812593 256.000000 193.914576 84.718225 71.467907 64.000000 105.613958 84.815244 78.540965 256.000000 114.322259
