136.866431 149.208924 64.000000 25.914078 146.826480 154.420891 256.000000 175.284665 69.825724 184.523496 0.000000 9.598922 29.673556 209.092820 256.000000 191.746106 31.448375 145.875038 64.000000 12.752669 35.608893 161.461855 256.000000 204.051314 13.177869 2.308776 64.000000 13.058148 14.161195 2.308845 320.000000 197.416828
140.977140 145.963571 0.000000 12.675224 152.447355 137.098311 256.000000 188.093267 219.611731 88.726020 64.000000 12.386955 214.935411 90.343189 256.000000 194.370644 147.519409 7.291756 0.000000 9.844166 145.644609 6.364147 256.000000 213.585698 96.337191 138.078849 0.000000 16.762618 98.404333 147.072882 256.000000 228.493930
172.055884 65.186911 64.000000 26.378750 175.620756 65.590853 256.000000 178.791219 177.104045 98.824253 0.000000 16.048400 171.943107 113.839929 256.000000 204.911818 149.581216 124.489018 64.000000 14.508097 141.900135 133.414431 256.000000 204.584826 244.000284 252.903869 0.000000 21.581440 249.554773 250.536218 256.000000 199.340054
96.629015 110.193282 64.000000 24.928801 102.133218 112.437611 256.000000 182.495688 45.335309 209.237675 0.000000 26.129204 45.149922 206.963291 256.000000 193.114308 175.471164 170.251064 64.000000 16.844366 172.310782 175.362545 256.000000 202.222743 28.342365 112.689140 0.000000 15.902114 31.557482 114.406718 256.000000 197.197399
150.261444 135.037089 64.000000 17.696265 152.972191 129.767804 256.000000 194.968694 151.688622 191.776884 64.000000 10.919796 153.947185 189.563693 256.000000 202.739045 172.541075 88.183251 0.000000 18.853643 170.282347 91.082345 256.000000 201.525734 35.808185 79.463616 64.000000 23.465944 37.211509 79.334375 256.000000 212.875782
229.217964 176.271109 64.000000 24.511456 227.547549 178.169227 256.000000 223.696620 236.792856 140.279795 0.000000 18.216870 234.338522 140.567236 256.000000 212.785429 5.475822 71.200076 64.000000 22.945339 19.541575 78.685098 256.000000 186.561570 98.363329 94.150315 64.000000 8.897611 96.407531 88.024047 256.000000 208.986304
89.633585 87.480233 0.000000 11.341443 91.253569 87.541900 256.000000 202.304490 176.465649 14.550098 0.000000 15.162080 195.420009 20.738265 256.000000 183.717604 251.487049 168.241820 0.000000 17.498349 251.134169 173.416991 256.000000 178.795521 4.975264 235.616335 0.000000 23.947826 5.298224 234.048029 256.000000 203.565129
160.492353 96.864829 64.000000 8.940637 158.702976 94.929796 256.000000 219.858772 137.781882 85.631447 0.000000 15.063123 142.839582 100.425320 256.000000 198.294542 112.563218 147.537635 64.000000 17.502651 57.748167 249.657535 256.000000 200.815818 62.802509 61.758045 0.000000 19.275290 69.257476 60.469600 256.000000 179.815218
145.398047 132.712855 64.000000 22.325776 155.105951 173.031856 256.000000 218.753024 214.673625 116.180422 0.000000 8.880401 213.251096 115.300165 256.000000 185.227789 165.487013 172.445424 64.000000 15.222316 163.384671 172.114022 256.000000 212.316454 96.479527 84.293962 64.000000 36.803756 126.346998 74.581889 256.000000 194.895551
125.063093 255.071811 0.000000 10.949913 132.128344 254.871644 256.000000 215.332521 128.300764 92.673962 64.000000 23.655255 135.324298 98.837133 256.000000 207.583682 159.134376 145.149464 64.000000 25.453708 153.100298 139.506036 256.000000 178.408294 130.372940 97.067664 0.000000 16.599122 126.305342 109.735415 256.000000 193.359551
222.651802 185.728584 0.000000 16.594820 221.290433 182.275284 256.000000 204.989263 125.912238 206.241640 0.000000 9.839863 127.189216 205.750904 256.000000 202.175415 226.499173 227.692507 64.000000 8.669578 232.540307 233.292531 256.000000 210.169497 179.358493 246.967867 64.000000 13.268972 196.956667 255.598835 256.000000 198.526878
193.582393 45.900551 64.000000 11.978216 201.045182 50.032525 256.000000 194.073770 204.005069 218.920389 0.000000 30.784531 193.263525 224.804671 256.000000 181.983688 251.593015 161.420018 64.000000 10.184065 249.704282 172.858204 256.000000 194.572862 236.357647 119.574196 0.000000 13.604568 231.932647 116.368542 256.000000 199.357264
250.871565 77.941122 0.000000 17.360668 251.623171 70.110264 256.000000 159.365341 128.076585 81.631755 0.000000 8.734116 137.999467 78.865504 256.000000 197.520088 14.839115 196.960822 64.000000 31.382581 44.922420 201.801380 256.000000 184.900797 133.928213 103.597215 64.000000 11.147829 126.918324 103.702533 256.000000 197.425433
109.602216 55.962840 64.000000 9.758115 110.443453 55.918507 256.000000 217.767747 80.425578 83.297724 0.000000 17.403693 84.012189 68.411231 256.000000 194.013534 56.743882 148.705325 0.000000 26.490616 70.396416 161.595824 256.000000 186.978914 11.658691 38.268318 0.000000 35.969067 17.821771 55.932809 256.000000 195.424761
203.970862 161.399482 0.000000 14.120871 205.360985 204.222764 256.000000 212.837059 135.823575 116.366851 64.000000 12.709644 136.610971 130.992304 256.000000 191.388997 174.400913 78.832218 64.000000 8.699695 170.940216 82.224282 256.000000 209.575749 19.382369 45.410675 64.000000 34.248059 31.821280 42.883104 256.000000 178.730983
30.006773 127.750493 64.000000 14.327392 30.466756 123.367369 256.000000 206.181061 11.690698 30.017344 64.000000 15.020097 13.703104 32.013811 256.000000 214.773193 255.223775 186.165238 64.000000 9.865678 235.215347 206.805958 256.000000 113.367099 128.438615 45.325280 64.000000 8.858889 131.110093 45.254576 256.000000 115.264511
221.332527 9.003945 0.000000 13.182921 218.667038 8.938707 256.000000 210.160892 147.581189 3.716871 64.000000 10.115225 146.902164 5.534582 256.000000 205.221599 130.283773 242.525771 0.000000 15.123358 133.821711 246.766855 256.000000 222.560755 232.225540 216.508793 64.000000 23.943524 230.165389 214.698698 256.000000 201.848423
62.805493 109.171671 0.000000 30.642547 70.815905 110.043958 256.000000 193.251988 26.707018 234.410709 0.000000 16.031190 32.238580 240.887373 256.000000 228.894064 200.600256 109.667718 64.000000 8.703998 212.895582 114.115505 256.000000 108.118025 95.602705 122.644484 0.000000 9.659157 95.901935 125.776865 256.000000 223.262065
216.164249 217.116024 64.000000 9.616132 216.903836 218.334036 256.000000 109.301218 158.241089 69.845636 0.000000 10.915493 160.329569 72.852760 256.000000 193.807013 212.760298 168.427440 64.000000 24.395288 203.228618 171.164849 256.000000 189.534611 111.278922 96.811504 0.000000 9.603225 95.376098 92.989356 256.000000 105.480580
30.300762 145.774153 64.000000 19.116096 35.206982 148.986531 256.000000 196.375618 46.500498 175.315664 0.000000 19.137609 44.624291 172.764165 256.000000 203.427448 197.608556 99.061744 64.000000 15.415929 204.734556 93.179307 256.000000 188.519216 141.807884 162.971385 64.000000 15.807458 144.887660 158.679796 256.000000 198.199886
202.870918 199.596547 64.000000 25.604297 206.945180 194.506973 256.000000 189.857300 241.766182 177.723951 0.000000 26.864935 237.990824 172.658245 256.000000 173.989606 75.423020 109.856489 64.000000 29.554010 83.632980 107.060293 256.000000 176.536698 0.213856 67.069547 0.000000 29.726111 17.086047 63.462300 256.000000 176.127959
228.688136 55.396816 0.000000 11.341443 222.897065 57.954793 256.000000 199.525062 81.171109 83.708209 64.000000 29.360396 89.957036 86.692031 256.000000 211.301060 10.793773 49.654893 0.000000 20.243357 11.678707 52.922887 256.000000 228.855341 220.037436 104.144455 0.000000 8.828771 218.720665 105.204156 256.000000 213.228589
114.642255 56.752698 64.000000 14.865207 117.727560 57.147116 256.000000 190.416628 159.928249 66.649485 0.000000 13.230249 155.188645 65.084622 256.000000 210.251245 135.695196 146.066649 0.000000 15.243828 133.594191 132.969507 256.000000 177.100328 134.208551 149.948307 64.000000 13.858417 138.407640 155.851262 256.000000 179.707655
250.386975 118.993425 64.000000 9.710788 236.166615 121.590209 256.000000 197.119954 152.838184 198.653700 64.000000 8.725511 151.530295 198.456009 256.000000 231.836988 166.875347 141.037698 64.000000 13.221644 165.744995 146.174991 256.000000 197.890105 21.303882 248.240451 64.000000 30.311253 26.499015 247.883367 256.000000 190.876997
159.249473 97.968289 0.000000 9.039595 156.190480 94.609418 256.000000 202.523919 53.357320 254.128693 64.000000 11.143527 51.326769 253.314678 256.000000 245.127472 159.023522 129.616389 0.000000 8.871796 160.692916 135.025815 256.000000 204.842977 248.356625 110.175640 0.000000 14.198316 252.138198 119.693495 256.000000 216.842705
16.838285 132.036955 64.000000 25.849540 13.668529 142.139007 256.000000 201.250373 117.344433 211.118564 0.000000 10.954216 110.208836 210.964782 256.000000 219.807142 125.411202 196.619989 0.000000 27.265069 104.847927 174.459042 256.000000 180.529437 242.476353 183.360176 64.000000 25.070784 242.111522 186.653009 256.000000 219.148856
131.372747 159.092858 64.000000 10.136737 126.602225 157.175713 256.000000 194.895551 34.186280 74.428233 64.000000 18.393273 36.447744 74.123869 256.000000 205.484053 38.684391 194.496145 0.000000 17.304735 40.593571 196.339996 256.000000 200.278003 244.281578 241.481924 64.000000 8.617948 245.937345 239.752313 256.000000 199.172256
41.854135 118.148262 0.000000 12.335325 31.333796 110.463356 256.000000 207.880556 48.712489 249.308982 0.000000 13.565846 38.666671 250.934667 256.000000 201.345028 51.597115 36.172718 64.000000 10.799325 52.497902 36.848815 256.000000 230.705425 25.374164 211.871807 0.000000 31.382581 44.729487 206.471291 256.000000 199.869264
200.249318 76.074064 0.000000 14.564030 197.305358 78.566500 256.000000 208.332321 33.083382 226.967515 64.000000 21.994482 37.522969 229.748047 256.000000 197.485668 156.519542 39.945578 0.000000 19.103189 162.890389 40.997333 256.000000 201.005129 138.530662 113.588798 0.000000 16.160265 136.215342 121.908413 256.000000 196.831685
75.613071 140.973844 64.000000 20.282079 78.444833 131.483158 256.000000 188.768762 20.408245 116.194851 0.000000 24.434011 19.764678 121.562116 256.000000 201.022339 232.452244 126.138802 64.000000 12.404165 231.090945 126.011745 256.000000 202.097969 128.542578 235.036542 64.000000 12.929073 129.595065 233.668667 256.000000 238.914633
236.822369 130.455711 64.000000 21.534113 235.640631 130.182053 256.000000 193.282106 144.487707 225.936520 0.000000 15.007190 143.867787 224.443711 256.000000 174.961976 139.671791 166.465327 64.000000 17.463929 114.557653 169.058229 256.000000 192.055888 40.101191 58.827013 64.000000 13.419560 32.506489 59.397144 256.000000 204.283650
177.782431 108.227484 64.000000 32.144127 83.381244 253.469804 256.000000 190.115451 61.214936 108.870595 0.000000 14.749039 66.276145 108.594696 256.000000 188.824695 13.184431 95.582987 64.000000 12.756972 6.482278 90.788529 256.000000 198.251517 228.182107 147.323915 64.000000 25.475221 221.352016 105.703787 256.000000 215.526134
