111.914889 171.496302 64.000000 9.422519 105.728629 173.023131 256.000000 217.840890 176.132931 53.115349 64.000000 13.256064 174.406844 54.087362 256.000000 194.138307 221.158256 61.079231 0.000000 22.966852 219.548600 52.459160 256.000000 180.946781 129.375465 194.191344 0.000000 12.146014 134.519027 194.210411 256.000000 192.240896
173.496855 235.124065 64.000000 19.430180 175.110907 233.345285 256.000000 180.688630 247.974198 173.978955 0.000000 17.679055 225.672549 178.219613 256.000000 196.823080 251.487049 168.241820 0.000000 17.498349 251.134169 173.416991 256.000000 178.795521 51.597115 36.172718 64.000000 10.799325 52.497902 36.848815 256.000000 230.705425
174.979762 67.771660 0.000000 26.107691 130.432909 137.394933 256.000000 192.283921 236.822369 130.455711 64.000000 21.534113 235.640631 130.182053 256.000000 193.282106 88.367082 103.884687 64.000000 24.455524 86.245096 105.234082 256.000000 192.176358 179.358493 246.967867 64.000000 13.268972 196.956667 255.598835 256.000000 198.526878
242.483962 246.554522 0.000000 16.026887 244.870047 244.434229 256.000000 182.031016 107.520362 144.229575 0.000000 11.496333 104.147911 148.984304 256.000000 207.566472 142.402875 114.516822 64.000000 10.334653 137.825442 114.987200 256.000000 216.231748 89.633585 87.480233 0.000000 11.341443 91.253569 87.541900 256.000000 202.304490
113.963196 148.232962 64.000000 23.685373 109.860096 151.484805 256.000000 200.570575 38.361689 249.343564 64.000000 26.985405 41.071573 236.731149 256.000000 176.726009 196.599416 193.126322 0.000000 14.353207 198.340140 189.991231 256.000000 189.108662 52.671727 244.890036 64.000000 26.963893 54.662155 242.777291 256.000000 203.479078
203.718551 243.114018 0.000000 13.376535 202.208089 243.696120 256.000000 197.864290 95.806622 77.457055 0.000000 21.809474 76.647991 89.250916 256.000000 200.635113 241.766182 177.723951 0.000000 26.864935 237.990824 172.658245 256.000000 173.989606 31.775711 235.704156 64.000000 19.012836 42.004176 236.324147 256.000000 201.177230
224.024745 148.918920 0.000000 19.782987 220.852493 151.479504 256.000000 201.968894 97.131358 123.647396 0.000000 8.712603 86.834011 113.708671 256.000000 94.246701 52.025629 23.996267 0.000000 21.366314 53.404905 24.760740 256.000000 197.989063 136.030371 67.114991 64.000000 19.955088 132.569736 68.326940 256.000000 188.562242
239.965158 6.193636 0.000000 24.171557 241.524524 6.497856 256.000000 184.156461 98.858775 183.133025 0.000000 21.405037 98.757887 177.834404 256.000000 203.530709 81.171109 83.708209 64.000000 29.360396 89.957036 86.692031 256.000000 211.301060 78.414085 69.671393 64.000000 24.851356 115.854440 46.867929 256.000000 168.551221
155.976829 29.654073 0.000000 13.492703 187.883956 23.789220 256.000000 190.253132 215.321569 147.469813 0.000000 11.552266 225.567658 155.674429 256.000000 194.779383 25.536045 231.257016 64.000000 14.977072 24.842707 229.115778 256.000000 194.990206 200.249318 76.074064 0.000000 14.564030 197.305358 78.566500 256.000000 208.332321
215.426973 220.469171 64.000000 33.662916 237.977882 155.888051 256.000000 185.834444 160.492353 96.864829 64.000000 8.940637 158.702976 94.929796 256.000000 219.858772 93.207173 124.513975 64.000000 19.920668 84.794665 117.278607 256.000000 200.325331 189.598718 128.861029 64.000000 13.307694 190.199047 133.133949 256.000000 121.576308
23.205404 228.157555 0.000000 9.349376 18.785169 224.265911 256.000000 190.842577 163.443496 126.710002 64.000000 18.707357 161.034811 134.661645 256.000000 197.098441 247.084153 102.046967 64.000000 13.402350 246.351371 101.882244 256.000000 210.285665 130.471951 127.094142 0.000000 13.126989 122.983105 124.787887 256.000000 222.969494
146.996135 222.173722 64.000000 17.240198 147.692467 221.196716 256.000000 209.257363 80.150800 175.101975 0.000000 10.313140 78.341776 173.541649 256.000000 204.916120 155.789513 166.940378 64.000000 12.563358 151.289589 171.975507 256.000000 193.604795 250.871565 77.941122 0.000000 17.360668 251.623171 70.110264 256.000000 159.365341
19.256284 186.761998 0.000000 20.415457 24.277160 190.433887 256.000000 194.899853 200.600256 109.667718 64.000000 8.703998 212.895582 114.115505 256.000000 108.118025 146.937142 90.403724 0.000000 26.124901 149.641009 84.323620 256.000000 185.331049 135.719175 182.733887 0.000000 9.401006 150.992104 178.422731 256.000000 203.014406
237.191520 189.637004 64.000000 10.179762 237.836162 188.889240 256.000000 208.538842 125.411202 196.619989 0.000000 27.265069 104.847927 174.459042 256.000000 180.529437 182.891615 9.171542 64.000000 11.276905 177.862685 6.273080 256.000000 209.274573 77.104365 165.246015 64.000000 13.875627 79.559524 161.605011 256.000000 175.968765
86.876915 56.298458 0.000000 14.142383 89.542938 54.951578 256.000000 216.068252 88.629162 11.733729 64.000000 14.482282 93.400533 11.213736 256.000000 225.374603 215.797969 175.667122 64.000000 13.862719 213.744456 181.002275 256.000000 225.477863 72.851393 78.399947 64.000000 18.935391 72.151607 77.001513 256.000000 172.987119
147.519409 7.291756 0.000000 9.844166 145.644609 6.364147 256.000000 213.585698 128.076585 81.631755 0.000000 8.734116 137.999467 78.865504 256.000000 197.520088 30.300762 145.774153 64.000000 19.116096 35.206982 148.986531 256.000000 196.375618 112.563218 147.537635 64.000000 17.502651 57.748167 249.657535 256.000000 200.815818
40.101191 58.827013 64.000000 13.419560 32.506489 59.397144 256.000000 204.283650 13.177869 2.308776 64.000000 13.058148 14.161195 2.308845 320.000000 197.416828 116.127456 101.249909 64.000000 29.097943 111.874909 104.772855 256.000000 183.747722 127.726309 176.587396 64.000000 18.651424 130.105571 182.028125 256.000000 196.255147
190.410535 147.751309 64.000000 8.725511 189.476100 145.567827 256.000000 105.489185 140.977140 145.963571 0.000000 12.675224 152.447355 137.098311 256.000000 188.093267 205.008438 22.661560 64.000000 22.205306 203.670367 6.239025 256.000000 233.897895 87.967845 112.426865 0.000000 9.581712 88.000095 111.932460 256.000000 192.615215
128.542578 235.036542 64.000000 12.929073 129.595065 233.668667 256.000000 238.914633 151.611007 76.407242 64.000000 13.152804 147.900480 76.685198 256.000000 213.688958 79.745751 119.264524 0.000000 20.755356 86.694700 90.687985 256.000000 234.758399 232.225540 216.508793 64.000000 23.943524 230.165389 214.698698 256.000000 201.848423
160.030358 195.722078 64.000000 15.631055 155.953105 194.103058 256.000000 196.035719 128.438615 45.325280 64.000000 8.858889 131.110093 45.254576 256.000000 115.264511 3.321891 115.442184 0.000000 9.573107 4.542760 114.466235 256.000000 209.072354 89.328615 42.451384 0.000000 16.870181 85.327062 43.445869 256.000000 201.951684
119.527636 134.127185 64.000000 9.478452 123.189615 134.600256 256.000000 191.337367 159.084387 122.960051 0.000000 13.897140 157.347173 128.694353 256.000000 181.729840 133.735115 159.934975 0.000000 9.689275 127.439238 161.790525 256.000000 181.420058 96.455300 85.788498 64.000000 16.525979 96.924075 86.182931 256.000000 206.654338
117.344433 211.118564 0.000000 10.954216 110.208836 210.964782 256.000000 219.807142 204.718140 210.863485 64.000000 12.219157 203.061029 213.058045 256.000000 214.570975 14.839115 196.960822 64.000000 31.382581 44.922420 201.801380 256.000000 184.900797 41.854135 118.148262 0.000000 12.335325 31.333796 110.463356 256.000000 207.880556
13.366398 118.106451 64.000000 9.525779 15.258835 115.129825 256.000000 207.807413 159.928249 66.649485 0.000000 13.230249 155.188645 65.084622 256.000000 210.251245 166.875347 141.037698 64.000000 13.221644 165.744995 146.174991 256.000000 197.890105 113.144362 132.873573 64.000000 16.891694 112.713316 138.824989 256.000000 176.639959
189.807155 160.806511 0.000000 14.516702 188.176502 156.840209 256.000000 202.205532 109.602216 55.962840 64.000000 9.758115 110.443453 55.918507 256.000000 217.767747 141.807884 162.971385 64.000000 15.807458 144.887660 158.679796 256.000000 198.199886 136.866431 149.208924 64.000000 25.914078 146.826480 154.420891 256.000000 175.284665
62.802509 61.758045 0.000000 19.275290 69.257476 60.469600 256.000000 179.815218 30.006773 127.750493 64.000000 14.327392 30.466756 123.367369 256.000000 206.181061 232.940276 74.030638 0.000000 28.775254 234.763895 78.459965 256.000000 176.454950 221.332527 9.003945 0.000000 13.182921 218.667038 8.938707 256.000000 210.160892
19.382369 45.410675 64.000000 34.248059 31.821280 42.883104 256.000000 178.730983 10.296031 191.566895 0.000000 16.642147 0.512402 192.762247 256.000000 195.910946 31.448375 145.875038 64.000000 12.752669 35.608893 161.461855 256.000000 204.051314 132.071855 152.258053 64.000000 11.922283 132.006025 159.097322 256.000000 208.599077
247.358700 106.247207 0.000000 9.043897 245.721600 108.167540 256.000000 209.562842 5.475822 71.200076 64.000000 22.945339 19.541575 78.685098 256.000000 186.561570 96.860973 75.416084 64.000000 20.419760 93.538622 92.909287 256.000000 191.819249 61.214936 108.870595 0.000000 14.749039 66.276145 108.594696 256.000000 188.824695
244.281578 241.481924 64.000000 8.617948 245.937345 239.752313 256.000000 199.172256 202.610338 128.370720 64.000000 27.351120 193.241442 127.226040 256.000000 181.639487 48.712489 249.308982 0.000000 13.565846 38.666671 250.934667 256.000000 201.345028 21.131915 203.724051 64.000000 10.782115 18.588718 196.492522 256.000000 199.942407
137.109793 208.146373 0.000000 23.698280 138.186573 200.077907 256.000000 188.420258 243.251875 31.932613 64.000000 20.673609 251.442133 36.772064 256.000000 226.497560 211.420645 166.746942 0.000000 14.710316 205.803733 185.269371 256.000000 222.259578 172.055884 65.186911 64.000000 26.378750 175.620756 65.590853 256.000000 178.791219
13.184431 95.582987 64.000000 12.756972 6.482278 90.788529 256.000000 198.251517 38.665900 96.179075 0.000000 13.875627 41.274293 100.904440 256.000000 213.886874 151.688622 191.776884 64.000000 10.919796 153.947185 189.563693 256.000000 202.739045 241.878653 17.982529 0.000000 34.196429 248.820229 50.991020 256.000000 203.126272
101.149678 160.731042 0.000000 26.920868 101.025478 157.371724 256.000000 208.470002 25.374164 211.871807 0.000000 31.382581 44.729487 206.471291 256.000000 199.869264 35.808185 79.463616 64.000000 23.465944 37.211509 79.334375 256.000000 212.875782 67.101680 148.799635 64.000000 12.167527 67.497125 150.982829 256.000000 207.626708
193.582393 45.900551 64.000000 11.978216 201.045182 50.032525 256.000000 194.073770 212.086804 45.130265 0.000000 20.600466 208.382031 45.639645 256.000000 192.081703 125.063093 255.071811 0.000000 10.949913 132.128344 254.871644 256.000000 215.332521 213.902495 121.429505 64.000000 22.566717 211.378358 122.326876 256.000000 221.149528
