134.391773 61.114367 64.000000 12.081476 139.326440 66.200885 256.000000 208.685128 31.448375 145.875038 64.000000 12.752669 35.608893 161.461855 256.000000 204.051314 142.426031 198.257318 64.000000 26.667019 133.293996 189.950551 256.000000 174.351018 112.214185 53.882325 0.000000 12.124501 111.469749 56.996860 256.000000 190.347787
155.789513 166.940378 64.000000 12.563358 151.289589 171.975507 256.000000 193.604795 63.052587 90.789802 0.000000 11.285510 63.526338 86.364618 256.000000 194.495417 75.613071 140.973844 64.000000 20.282079 78.444833 131.483158 256.000000 188.768762 67.101680 148.799635 64.000000 12.167527 67.497125 150.982829 256.000000 207.626708
111.224100 106.039056 64.000000 12.034148 111.882440 103.936175 256.000000 203.930843 179.972122 44.313996 64.000000 8.798653 173.390011 26.622276 256.000000 195.011719 24.591825 208.906858 0.000000 14.929744 26.320402 213.047851 256.000000 192.576493 13.366398 118.106451 64.000000 9.525779 15.258835 115.129825 256.000000 207.807413
147.581189 3.716871 64.000000 10.115225 146.902164 5.534582 256.000000 205.221599 168.860942 153.854440 64.000000 12.029846 164.673345 156.839122 256.000000 206.340254 148.688284 106.385678 0.000000 10.037779 148.573755 109.585905 256.000000 204.597734 101.149678 160.731042 0.000000 26.920868 101.025478 157.371724 256.000000 208.470002
133.735115 159.934975 0.000000 9.689275 127.439238 161.790525 256.000000 181.420058 32.397576 195.624747 64.000000 11.866350 36.561318 207.888596 256.000000 213.904084 49.181336 6.356822 64.000000 44.337469 56.718927 14.377571 256.000000 208.220455 173.496855 235.124065 64.000000 19.430180 175.110907 233.345285 256.000000 180.688630
151.611007 76.407242 64.000000 13.152804 147.900480 76.685198 256.000000 213.688958 140.937625 102.242178 64.000000 18.251290 62.825211 201.724871 256.000000 210.470673 132.472242 32.604187 64.000000 23.465944 130.459762 34.599413 256.000000 209.476791 205.804580 147.464944 0.000000 18.909575 198.244245 145.286931 256.000000 195.140795
19.256284 186.761998 0.000000 20.415457 24.277160 190.433887 256.000000 194.899853 147.519409 7.291756 0.000000 9.844166 145.644609 6.364147 256.000000 213.585698 175.471164 170.251064 64.000000 16.844366 172.310782 175.362545 256.000000 202.222743 25.536045 231.257016 64.000000 14.977072 24.842707 229.115778 256.000000 194.990206
224.024745 148.918920 0.000000 19.782987 220.852493 151.479504 256.000000 201.968894 0.759205 124.842229 64.000000 22.773238 3.003635 123.273302 256.000000 211.460253 232.452244 126.138802 64.000000 12.404165 231.090945 126.011745 256.000000 202.097969 88.629162 11.733729 64.000000 14.482282 93.400533 11.213736 256.000000 225.374603
125.926802 38.606647 0.000000 8.979359 134.269018 37.679684 256.000000 225.697292 159.134376 145.149464 64.000000 25.453708 153.100298 139.506036 256.000000 178.408294 91.057040 158.967644 64.000000 14.761946 60.975860 185.558982 256.000000 197.193097 245.387820 178.433704 64.000000 9.603225 246.140827 178.076567 256.000000 222.401561
117.344433 211.118564 0.000000 10.954216 110.208836 210.964782 256.000000 219.807142 126.203849 109.491215 0.000000 21.452365 148.248804 119.509069 256.000000 197.347987 220.789827 146.497524 64.000000 10.885376 221.685622 151.641151 256.000000 198.328962 61.279953 128.471460 0.000000 8.669578 64.296060 126.888640 256.000000 195.433366
236.357647 119.574196 0.000000 13.604568 231.932647 116.368542 256.000000 199.357264 230.523762 241.940880 64.000000 16.409811 230.736782 242.000445 256.000000 208.921766 134.208551 149.948307 64.000000 13.858417 138.407640 155.851262 256.000000 179.707655 10.290525 47.337922 64.000000 12.795694 11.252536 49.205485 256.000000 191.909602
81.171109 83.708209 64.000000 29.360396 89.957036 86.692031 256.000000 211.301060 80.150800 175.101975 0.000000 10.313140 78.341776 173.541649 256.000000 204.916120 29.592920 78.329302 0.000000 10.743392 29.929142 86.111253 256.000000 190.683384 124.632027 237.712309 64.000000 24.752398 110.734278 227.046416 256.000000 201.405264
87.531891 170.166273 0.000000 8.794351 78.865378 175.520807 256.000000 206.422002 152.838184 198.653700 64.000000 8.725511 151.530295 198.456009 256.000000 231.836988 132.071855 152.258053 64.000000 11.922283 132.006025 159.097322 256.000000 208.599077 182.891615 9.171542 64.000000 11.276905 177.862685 6.273080 256.000000 209.274573
233.847667 156.242378 0.000000 22.945339 229.830840 158.681198 256.000000 184.014478 47.918060 127.199882 0.000000 9.542989 48.829758 125.518405 256.000000 227.564585 88.367082 103.884687 64.000000 24.455524 86.245096 105.234082 256.000000 192.176358 98.858775 183.133025 0.000000 21.405037 98.757887 177.834404 256.000000 203.530709
52.671727 244.890036 64.000000 26.963893 54.662155 242.777291 256.000000 203.479078 89.633585 87.480233 0.000000 11.341443 91.253569 87.541900 256.000000 202.304490 114.222889 142.448000 64.000000 9.495662 113.626882 145.994324 256.000000 200.290911 116.837195 165.980680 64.000000 28.783859 121.787656 151.328782 256.000000 210.272757
97.131358 123.647396 0.000000 8.712603 86.834011 113.708671 256.000000 94.246701 150.261444 135.037089 64.000000 17.696265 152.972191 129.767804 256.000000 194.968694 201.212260 24.124073 64.000000 10.343258 204.050402 24.306540 256.000000 185.318141 202.870918 199.596547 64.000000 25.604297 206.945180 194.506973 256.000000 189.857300
247.974198 173.978955 0.000000 17.679055 225.672549 178.219613 256.000000 196.823080 211.420645 166.746942 0.000000 14.710316 205.803733 185.269371 256.000000 222.259578 130.283773 242.525771 0.000000 15.123358 133.821711 246.766855 256.000000 222.560755 239.965158 6.193636 0.000000 24.171557 241.524524 6.497856 256.000000 184.156461
141.807884 162.971385 64.000000 15.807458 144.887660 158.679796 256.000000 198.199886 35.808185 79.463616 64.000000 23.465944 37.211509 79.334375 256.000000 212.875782 135.719175 182.733887 0.000000 9.401006 150.992104 178.422731 256.000000 203.014406 62.276587 87.066440 0.000000 9.887191 63.741009 85.069460 256.000000 222.638200
22.668156 235.240664 64.000000 27.157506 28.671622 228.812038 256.000000 195.416156 209.389145 247.521013 64.000000 13.294787 216.015018 241.053276 256.000000 214.996924 122.348864 236.240822 64.000000 18.496533 126.320722 237.461691 256.000000 208.035447 105.148696 149.493700 0.000000 20.901642 110.848365 157.789342 256.000000 190.821065
102.931384 77.274182 0.000000 24.369473 107.969600 94.147275 256.000000 181.273773 136.866431 149.208924 64.000000 25.914078 146.826480 154.420891 256.000000 175.284665 214.477093 187.594927 0.000000 13.019426 212.639580 186.553120 256.000000 222.582267 242.014962 138.141818 0.000000 30.483354 240.605002 133.986144 256.000000 233.175071
111.278922 96.811504 0.000000 9.603225 95.376098 92.989356 256.000000 105.480580 156.918849 242.731002 64.000000 15.850484 155.167302 243.228160 256.000000 211.292455 30.006773 127.750493 64.000000 14.327392 30.466756 123.367369 256.000000 206.181061 166.875347 141.037698 64.000000 13.221644 165.744995 146.174991 256.000000 197.890105
212.103885 151.972360 64.000000 9.444031 218.411842 149.190909 256.000000 203.840490 211.438422 92.413407 0.000000 9.220300 210.231958 92.555300 256.000000 193.578980 209.370871 84.399162 64.000000 16.263526 203.234867 75.016273 256.000000 236.139508 72.851393 78.399947 64.000000 18.935391 72.151607 77.001513 256.000000 172.987119
238.527795 197.146271 0.000000 34.222244 223.428078 186.820613 256.000000 207.368556 193.582393 45.900551 64.000000 11.978216 201.045182 50.032525 256.000000 194.073770 47.895138 98.163633 64.000000 14.645778 44.142169 82.872253 256.000000 203.960961 112.739487 238.072965 64.000000 10.859560 112.674298 237.664931 256.000000 211.593631
146.937142 90.403724 0.000000 26.124901 149.641009 84.323620 256.000000 185.331049 127.431787 217.638062 64.000000 24.279120 124.697931 214.475560 256.000000 178.395387 95.602705 122.644484 0.000000 9.659157 95.901935 125.776865 256.000000 223.262065 159.494609 166.646175 64.000000 11.186552 157.940918 166.403667 256.000000 210.036119
140.772315 42.559236 64.000000 9.762418 140.900498 43.698138 256.000000 195.411853 123.312531 106.986289 0.000000 15.588030 138.986162 132.300600 256.000000 190.704896 128.542578 235.036542 64.000000 12.929073 129.595065 233.668667 256.000000 238.914633 70.070638 242.141776 0.000000 10.429308 77.212300 240.603205 256.000000 223.916048
86.283084 141.135038 64.000000 18.341643 92.205804 139.043787 256.000000 179.711958 113.144362 132.873573 64.000000 16.891694 112.713316 138.824989 256.000000 176.639959 40.101191 58.827013 64.000000 13.419560 32.506489 59.397144 256.000000 204.283650 130.471951 127.094142 0.000000 13.126989 122.983105 124.787887 256.000000 222.969494
11.690698 30.017344 64.000000 15.020097 13.703104 32.013811 256.000000 214.773193 173.741716 238.008704 0.000000 12.481611 176.024469 237.367849 256.000000 115.565687 30.300762 145.774153 64.000000 19.116096 35.206982 148.986531 256.000000 196.375618 247.358700 106.247207 0.000000 9.043897 245.721600 108.167540 256.000000 209.562842
53.357320 254.128693 64.000000 11.143527 51.326769 253.314678 256.000000 245.127472 51.690775 99.905480 0.000000 12.025543 45.103507 98.574427 256.000000 206.267111 190.410535 147.751309 64.000000 8.725511 189.476100 145.567827 256.000000 105.489185 212.760298 168.427440 64.000000 24.395288 203.228618 171.164849 256.000000 189.534611
228.182107 147.323915 64.000000 25.475221 221.352016 105.703787 256.000000 215.526134 212.086804 45.130265 0.000000 20.600466 208.382031 45.639645 256.000000 192.081703 114.642255 56.752698 64.000000 14.865207 117.727560 57.147116 256.000000 190.416628 215.426973 220.469171 64.000000 33.662916 237.977882 155.888051 256.000000 185.834444
128.438615 45.325280 64.000000 8.858889 131.110093 45.254576 256.000000 115.264511 51.989064 176.776155 0.000000 12.421375 48.542873 172.441504 256.000000 208.224758 58.242033 26.862020 64.000000 19.322617 58.621407 22.102998 256.000000 192.322644 46.882945 138.046076 64.000000 13.213039 49.091925 139.894651 256.000000 204.326675
65.646075 82.044855 0.000000 8.665275 46.015955 84.040045 256.000000 209.149800 24.336753 251.527735 0.000000 34.187824 28.042065 203.339758 256.000000 185.249301 236.822369 130.455711 64.000000 21.534113 235.640631 130.182053 256.000000 193.282106 226.699633 188.045673 0.000000 12.830115 223.249225 186.533375 256.000000 198.032088
160.492353 96.864829 64.000000 8.940637 158.702976 94.929796 256.000000 219.858772 219.611731 88.726020 64.000000 12.386955 214.935411 90.343189 256.000000 194.370644 189.598718 128.861029 64.000000 13.307694 190.199047 133.133949 256.000000 121.576308 69.825724 184.523496 0.000000 9.598922 29.673556 209.092820 256.000000 191.746106
