180.286484 126.127756 64.000000 19.309710 174.115351 127.473687 256.000000 177.797336 10.296031 191.566895 0.000000 16.642147 0.512402 192.762247 256.000000 195.910946 93.207173 124.513975 64.000000 19.920668 84.794665 117.278607 256.000000 200.325331 80.150800 175.101975 0.000000 10.313140 78.341776 173.541649 256.000000 204.916120
163.599385 234.262220 64.000000 11.031661 163.236105 234.303918 256.000000 220.727881 149.581216 124.489018 64.000000 14.508097 141.900135 133.414431 256.000000 204.584826 130.471951 127.094142 0.000000 13.126989 122.983105 124.787887 256.000000 222.969494 96.337191 138.078849 0.000000 16.762618 98.404333 147.072882 256.000000 228.493930
34.186280 74.428233 64.000000 18.393273 36.447744 74.123869 256.000000 205.484053 183.495415 25.921336 64.000000 19.318315 180.603971 28.129345 256.000000 183.919822 132.472242 32.604187 64.000000 23.465944 130.459762 34.599413 256.000000 209.476791 91.057040 158.967644 64.000000 14.761946 60.975860 185.558982 256.000000 197.193097
80.425578 83.297724 0.000000 17.403693 84.012189 68.411231 256.000000 194.013534 123.312531 106.986289 0.000000 15.588030 138.986162 132.300600 256.000000 190.704896 125.912238 206.241640 0.000000 9.839863 127.189216 205.750904 256.000000 202.175415 57.584815 61.432673 0.000000 21.267356 61.937669 66.249331 256.000000 195.373131
26.707018 234.410709 0.000000 16.031190 32.238580 240.887373 256.000000 228.894064 0.213856 67.069547 0.000000 29.726111 17.086047 63.462300 256.000000 176.127959 111.278922 96.811504 0.000000 9.603225 95.376098 92.989356 256.000000 105.480580 113.963196 148.232962 64.000000 23.685373 109.860096 151.484805 256.000000 200.570575
0.759205 124.842229 64.000000 22.773238 3.003635 123.273302 256.000000 211.460253 107.520362 144.229575 0.000000 11.496333 104.147911 148.984304 256.000000 207.566472 177.782431 108.227484 64.000000 32.144127 83.381244 253.469804 256.000000 190.115451 236.792856 140.279795 0.000000 18.216870 234.338522 140.567236 256.000000 212.785429
212.103885 151.972360 64.000000 9.444031 218.411842 149.190909 256.000000 203.840490 155.789513 166.940378 64.000000 12.563358 151.289589 171.975507 256.000000 193.604795 125.411202 196.619989 0.000000 27.265069 104.847927 174.459042 256.000000 180.529437 163.443496 126.710002 64.000000 18.707357 161.034811 134.661645 256.000000 197.098441
163.150858 243.437129 0.000000 16.646450 156.690025 245.009055 256.000000 178.589000 13.366398 118.106451 64.000000 9.525779 15.258835 115.129825 256.000000 207.807413 87.303547 112.753462 0.000000 9.065410 89.186275 109.311678 256.000000 204.012591 38.665900 96.179075 0.000000 13.875627 41.274293 100.904440 256.000000 213.886874
154.347838 0.117642 0.000000 11.741577 153.650155 0.258273 256.000000 240.549591 254.737865 201.967660 0.000000 10.351863 253.565200 203.836771 256.000000 205.058103 24.591825 208.906858 0.000000 14.929744 26.320402 213.047851 256.000000 192.576493 244.281578 241.481924 64.000000 8.617948 245.937345 239.752313 256.000000 199.172256
241.878653 17.982529 0.000000 34.196429 248.820229 50.991020 256.000000 203.126272 127.726309 176.587396 64.000000 18.651424 130.105571 182.028125 256.000000 196.255147 140.937625 102.242178 64.000000 18.251290 62.825211 201.724871 256.000000 210.470673 179.358493 246.967867 64.000000 13.268972 196.956667 255.598835 256.000000 198.526878
125.926802 38.606647 0.000000 8.979359 134.269018 37.679684 256.000000 225.697292 30.300762 145.774153 64.000000 19.116096 35.206982 148.986531 256.000000 196.375618 204.718140 210.863485 64.000000 12.219157 203.061029 213.058045 256.000000 214.570975 221.158256 61.079231 0.000000 22.966852 219.548600 52.459160 256.000000 180.946781
188.714256 241.902289 64.000000 21.710516 185.063824 233.289162 256.000000 179.062277 221.332527 9.003945 0.000000 13.182921 218.667038 8.938707 256.000000 210.160892 237.191520 189.637004 64.000000 10.179762 237.836162 188.889240 256.000000 208.538842 189.807155 160.806511 0.000000 14.516702 188.176502 156.840209 256.000000 202.205532
254.250833 160.867809 0.000000 19.774382 250.598891 164.087498 256.000000 189.487283 138.530662 113.588798 0.000000 16.160265 136.215342 121.908413 256.000000 196.831685 87.967845 112.426865 0.000000 9.581712 88.000095 111.932460 256.000000 192.615215 65.071200 74.177149 64.000000 10.468031 62.983118 72.181973 256.000000 211.942135
142.402875 114.516822 64.000000 10.334653 137.825442 114.987200 256.000000 216.231748 140.772315 42.559236 64.000000 9.762418 140.900498 43.698138 256.000000 195.411853 215.426973 220.469171 64.000000 33.662916 237.977882 155.888051 256.000000 185.834444 22.668156 235.240664 64.000000 27.157506 28.671622 228.812038 256.000000 195.416156
156.519542 39.945578 0.000000 19.103189 162.890389 40.997333 256.000000 201.005129 80.549687 141.099809 64.000000 10.717577 84.348731 139.336745 256.000000 213.228589 251.593015 161.420018 64.000000 10.184065 249.704282 172.858204 256.000000 194.572862 182.891615 9.171542 64.000000 11.276905 177.862685 6.273080 256.000000 209.274573
134.766342 196.945396 64.000000 15.811761 123.928895 187.021413 256.000000 190.317670 86.876915 56.298458 0.000000 14.142383 89.542938 54.951578 256.000000 216.068252 216.164249 217.116024 64.000000 9.616132 216.903836 218.334036 256.000000 109.301218 112.739487 238.072965 64.000000 10.859560 112.674298 237.664931 256.000000 211.593631
154.034162 106.774400 64.000000 22.829171 59.911891 118.967993 256.000000 191.969837 24.336753 251.527735 0.000000 34.187824 28.042065 203.339758 256.000000 185.249301 99.952522 220.033129 0.000000 11.005846 104.475229 223.416585 256.000000 184.831957 62.265200 82.093745 64.000000 16.956231 62.604165 81.888442 256.000000 185.438612
109.602216 55.962840 64.000000 9.758115 110.443453 55.918507 256.000000 217.767747 215.797969 175.667122 64.000000 13.862719 213.744456 181.002275 256.000000 225.477863 232.940276 74.030638 0.000000 28.775254 234.763895 78.459965 256.000000 176.454950 189.598718 128.861029 64.000000 13.307694 190.199047 133.133949 256.000000 121.576308
151.611007 76.407242 64.000000 13.152804 147.900480 76.685198 256.000000 213.688958 179.972122 44.313996 64.000000 8.798653 173.390011 26.622276 256.000000 195.011719 140.977140 145.963571 0.000000 12.675224 152.447355 137.098311 256.000000 188.093267 111.224100 106.039056 64.000000 12.034148 111.882440 103.936175 256.000000 203.930843
160.030358 195.722078 64.000000 15.631055 155.953105 194.103058 256.000000 196.035719 127.431787 217.638062 64.000000 24.279120 124.697931 214.475560 256.000000 178.395387 76.925195 100.093440 0.000000 17.317643 81.994411 103.630333 256.000000 196.182004 139.671791 166.465327 64.000000 17.463929 114.557653 169.058229 256.000000 192.055888
30.678715 240.146905 64.000000 19.847525 34.675942 240.595035 256.000000 191.913905 58.242033 26.862020 64.000000 19.322617 58.621407 22.102998 256.000000 192.322644 180.783991 54.370795 0.000000 12.460098 155.252429 16.972729 256.000000 209.192825 136.866431 149.208924 64.000000 25.914078 146.826480 154.420891 256.000000 175.284665
124.632027 237.712309 64.000000 24.752398 110.734278 227.046416 256.000000 201.405264 96.629015 110.193282 64.000000 24.928801 102.133218 112.437611 256.000000 182.495688 5.128476 227.793340 64.000000 28.439657 7.034771 225.051600 256.000000 192.451720 212.086804 45.130265 0.000000 20.600466 208.382031 45.639645 256.000000 192.081703
40.101191 58.827013 64.000000 13.419560 32.506489 59.397144 256.000000 204.283650 28.342365 112.689140 0.000000 15.902114 31.557482 114.406718 256.000000 197.197399 232.452244 126.138802 64.000000 12.404165 231.090945 126.011745 256.000000 202.097969 61.214936 108.870595 0.000000 14.749039 66.276145 108.594696 256.000000 188.824695
96.479527 84.293962 64.000000 36.803756 126.346998 74.581889 256.000000 194.895551 88.367082 103.884687 64.000000 24.455524 86.245096 105.234082 256.000000 192.176358 25.536045 231.257016 64.000000 14.977072 24.842707 229.115778 256.000000 194.990206 105.148696 149.493700 0.000000 20.901642 110.848365 157.789342 256.000000 190.821065
145.398047 132.712855 64.000000 22.325776 155.105951 173.031856 256.000000 218.753024 75.613071 140.973844 64.000000 20.282079 78.444833 131.483158 256.000000 188.768762 63.052587 90.789802 0.000000 11.285510 63.526338 86.364618 256.000000 194.495417 135.719175 182.733887 0.000000 9.401006 150.992104 178.422731 256.000000 203.014406
152.838184 198.653700 64.000000 8.725511 151.530295 198.456009 256.000000 231.836988 29.592920 78.329302 0.000000 10.743392 29.929142 86.111253 256.000000 190.683384 209.370871 84.399162 64.000000 16.263526 203.234867 75.016273 256.000000 236.139508 168.860942 153.854440 64.000000 12.029846 164.673345 156.839122 256.000000 206.340254
156.918849 242.731002 64.000000 15.850484 155.167302 243.228160 256.000000 211.292455 247.358700 106.247207 0.000000 9.043897 245.721600 108.167540 256.000000 209.562842 232.225540 216.508793 64.000000 23.943524 230.165389 214.698698 256.000000 201.848423 68.459491 151.184562 64.000000 29.575522 58.686936 161.242715 256.000000 191.840762
113.144362 132.873573 64.000000 16.891694 112.713316 138.824989 256.000000 176.639959 49.181336 6.356822 64.000000 44.337469 56.718927 14.377571 256.000000 208.220455 173.741716 238.008704 0.000000 12.481611 176.024469 237.367849 256.000000 115.565687 51.989064 176.776155 0.000000 12.421375 48.542873 172.441504 256.000000 208.224758
25.374164 211.871807 0.000000 31.382581 44.729487 206.471291 256.000000 199.869264 193.582393 45.900551 64.000000 11.978216 201.045182 50.032525 256.000000 194.073770 102.931384 77.274182 0.000000 24.369473 107.969600 94.147275 256.000000 181.273773 12.008318 52.097178 64.000000 12.094384 12.520333 52.844200 256.000000 195.588257
81.171109 83.708209 64.000000 29.360396 89.957036 86.692031 256.000000 211.301060 222.357396 153.320347 0.000000 8.691090 224.402025 155.204929 256.000000 208.478607 71.454400 27.200287 64.000000 19.589374 58.400931 36.605833 256.000000 182.241840 220.037436 104.144455 0.000000 8.828771 218.720665 105.204156 256.000000 213.228589
38.684391 194.496145 0.000000 17.304735 40.593571 196.339996 256.000000 200.278003 119.527636 134.127185 64.000000 9.478452 123.189615 134.600256 256.000000 191.337367 174.400913 78.832218 64.000000 8.699695 170.940216 82.224282 256.000000 209.575749 167.541716 171.119316 0.000000 29.239926 166.489509 167.093138 256.000000 170.814347
30.006773 127.750493 64.000000 14.327392 30.466756 123.367369 256.000000 206.181061 75.423020 109.856489 64.000000 29.554010 83.632980 107.060293 256.000000 176.536698 150.261444 135.037089 64.000000 17.696265 152.972191 129.767804 256.000000 194.968694 121.605042 209.451160 0.000000 18.122214 133.948185 196.507885 256.000000 201.319213
