185.623298 12.696413 0.000000 9.487057 186.273191 14.686304 256.000000 203.255347 61.279953 128.471460 0.000000 8.669578 64.296060 126.888640 256.000000 195.433366 144.487707 225.936520 0.000000 15.007190 143.867787 224.443711 256.000000 174.961976 245.387820 178.433704 64.000000 9.603225 246.140827 178.076567 256.000000 222.401561
83.420480 203.227987 64.000000 14.465072 87.733027 199.914818 256.000000 224.931443 224.024745 148.918920 0.000000 19.782987 220.852493 151.479504 256.000000 201.968894 80.183273 116.141805 0.000000 9.310653 83.184691 112.105660 256.000000 212.587513 47.895138 98.163633 64.000000 14.645778 44.142169 82.872253 256.000000 203.960961
31.448375 145.875038 64.000000 12.752669 35.608893 161.461855 256.000000 204.051314 204.005069 218.920389 0.000000 30.784531 193.263525 224.804671 256.000000 181.983688 142.426031 198.257318 64.000000 26.667019 133.293996 189.950551 256.000000 174.351018 155.976829 29.654073 0.000000 13.492703 187.883956 23.789220 256.000000 190.253132
113.144362 132.873573 64.000000 16.891694 112.713316 138.824989 256.000000 176.639959 112.214185 53.882325 0.000000 12.124501 111.469749 56.996860 256.000000 190.347787 139.671791 166.465327 64.000000 17.463929 114.557653 169.058229 256.000000 192.055888 49.181336 6.356822 64.000000 44.337469 56.718927 14.377571 256.000000 208.220455
135.823575 116.366851 64.000000 12.709644 136.610971 130.992304 256.000000 191.388997 255.223775 186.165238 64.000000 9.865678 235.215347 206.805958 256.000000 113.367099 203.970862 161.399482 0.000000 14.120871 205.360985 204.222764 256.000000 212.837059 95.252076 178.146189 64.000000 14.800669 110.103438 183.832047 256.000000 182.646277
196.599416 193.126322 0.000000 14.353207 198.340140 189.991231 256.000000 189.108662 62.276587 87.066440 0.000000 9.887191 63.741009 85.069460 256.000000 222.638200 39.412125 74.858145 64.000000 11.431796 43.365975 74.353936 256.000000 188.579452 179.972122 44.313996 64.000000 8.798653 173.390011 26.622276 256.000000 195.011719
153.832438 228.541145 64.000000 9.241813 152.426378 229.309398 256.000000 201.947381 137.781882 85.631447 0.000000 15.063123 142.839582 100.425320 256.000000 198.294542 32.397576 195.624747 64.000000 11.866350 36.561318 207.888596 256.000000 213.904084 121.439378 83.610747 64.000000 25.862448 143.434827 80.808938 256.000000 193.393971
211.438422 92.413407 0.000000 9.220300 210.231958 92.555300 256.000000 193.578980 146.937142 90.403724 0.000000 26.124901 149.641009 84.323620 256.000000 185.331049 145.398047 132.712855 64.000000 22.325776 155.105951 173.031856 256.000000 218.753024 24.336753 251.527735 0.000000 34.187824 28.042065 203.339758 256.000000 185.249301
236.822369 130.455711 64.000000 21.534113 235.640631 130.182053 256.000000 193.282106 98.363329 94.150315 64.000000 8.897611 96.407531 88.024047 256.000000 208.986304 11.658691 38.268318 0.000000 35.969067 17.821771 55.932809 256.000000 195.424761 4.975264 235.616335 0.000000 23.947826 5.298224 234.048029 256.000000 203.565129
129.375465 194.191344 0.000000 12.146014 134.519027 194.210411 256.000000 192.240896 175.471164 170.251064 64.000000 16.844366 172.310782 175.362545 256.000000 202.222743 80.150800 175.101975 0.000000 10.313140 78.341776 173.541649 256.000000 204.916120 53.357320 254.128693 64.000000 11.143527 51.326769 253.314678 256.000000 245.127472
251.593015 161.420018 64.000000 10.184065 249.704282 172.858204 256.000000 194.572862 136.030371 67.114991 64.000000 19.955088 132.569736 68.326940 256.000000 188.562242 70.070638 242.141776 0.000000 10.429308 77.212300 240.603205 256.000000 223.916048 114.124618 94.987031 64.000000 11.195157 112.729107 80.313073 256.000000 205.811044
249.932540 108.032533 0.000000 23.685373 238.233515 95.532425 256.000000 204.386910 84.069073 172.402064 0.000000 22.949642 94.474484 171.967676 256.000000 194.723450 209.389145 247.521013 64.000000 13.294787 216.015018 241.053276 256.000000 214.996924 96.337191 138.078849 0.000000 16.762618 98.404333 147.072882 256.000000 228.493930
248.933269 138.734656 0.000000 16.784131 251.773707 133.032716 256.000000 193.785501 128.300764 92.673962 64.000000 23.655255 135.324298 98.837133 256.000000 207.583682 88.367082 103.884687 64.000000 24.455524 86.245096 105.234082 256.000000 192.176358 131.372747 159.092858 64.000000 10.136737 126.602225 157.175713 256.000000 194.895551
111.278922 96.811504 0.000000 9.603225 95.376098 92.989356 256.000000 105.480580 112.739487 238.072965 64.000000 10.859560 112.674298 237.664931 256.000000 211.593631 127.726309 176.587396 64.000000 18.651424 130.105571 182.028125 256.000000 196.255147 30.300762 145.774153 64.000000 19.116096 35.206982 148.986531 256.000000 196.375618
117.344433 211.118564 0.000000 10.954216 110.208836 210.964782 256.000000 219.807142 159.556442 67.883762 64.000000 9.788233 157.360900 69.745911 256.000000 192.150543 57.584815 61.432673 0.000000 21.267356 61.937669 66.249331 256.000000 195.373131 200.249318 76.074064 0.000000 14.564030 197.305358 78.566500 256.000000 208.332321
210.260715 178.212551 64.000000 14.942652 210.400416 177.836418 256.000000 187.753368 80.549687 141.099809 64.000000 10.717577 84.348731 139.336745 256.000000 213.228589 71.454400 27.200287 64.000000 19.589374 58.400931 36.605833 256.000000 182.241840 38.361689 249.343564 64.000000 26.985405 41.071573 236.731149 256.000000 176.726009
62.802509 61.758045 0.000000 19.275290 69.257476 60.469600 256.000000 179.815218 159.928249 66.649485 0.000000 13.230249 155.188645 65.084622 256.000000 210.251245 110.108105 168.823282 0.000000 11.225275 113.839153 176.875400 256.000000 192.417299 140.977140 145.963571 0.000000 12.675224 152.447355 137.098311 256.000000 188.093267
146.996135 222.173722 64.000000 17.240198 147.692467 221.196716 256.000000 209.257363 148.688284 106.385678 0.000000 10.037779 148.573755 109.585905 256.000000 204.597734 159.249473 97.968289 0.000000 9.039595 156.190480 94.609418 256.000000 202.523919 14.839115 196.960822 64.000000 31.382581 44.922420 201.801380 256.000000 184.900797
138.530662 113.588798 0.000000 16.160265 136.215342 121.908413 256.000000 196.831685 68.459491 151.184562 64.000000 29.575522 58.686936 161.242715 256.000000 191.840762 204.718140 210.863485 64.000000 12.219157 203.061029 213.058045 256.000000 214.570975 153.141673 172.921407 0.000000 21.301777 144.288344 193.876715 256.000000 186.802511
128.076585 81.631755 0.000000 8.734116 137.999467 78.865504 256.000000 197.520088 46.882945 138.046076 64.000000 13.213039 49.091925 139.894651 256.000000 204.326675 134.208551 149.948307 64.000000 13.858417 138.407640 155.851262 256.000000 179.707655 209.370871 84.399162 64.000000 16.263526 203.234867 75.016273 256.000000 236.139508
177.782431 108.227484 64.000000 32.144127 83.381244 253.469804 256.000000 190.115451 174.400913 78.832218 64.000000 8.699695 170.940216 82.224282 256.000000 209.575749 67.101680 148.799635 64.000000 12.167527 67.497125 150.982829 256.000000 207.626708 135.695196 146.066649 0.000000 15.243828 133.594191 132.969507 256.000000 177.100328
63.052587 90.789802 0.000000 11.285510 63.526338 86.364618 256.000000 194.495417 95.806622 77.457055 0.000000 21.809474 76.647991 89.250916 256.000000 200.635113 22.668156 235.240664 64.000000 27.157506 28.671622 228.812038 256.000000 195.416156 172.055884 65.186911 64.000000 26.378750 175.620756 65.590853 256.000000 178.791219
112.563218 147.537635 64.000000 17.502651 57.748167 249.657535 256.000000 200.815818 179.358493 246.967867 64.000000 13.268972 196.956667 255.598835 256.000000 198.526878 132.472242 32.604187 64.000000 23.465944 130.459762 34.599413 256.000000 209.476791 33.083382 226.967515 64.000000 21.994482 37.522969 229.748047 256.000000 197.485668
193.582393 45.900551 64.000000 11.978216 201.045182 50.032525 256.000000 194.073770 215.321569 147.469813 0.000000 11.552266 225.567658 155.674429 256.000000 194.779383 114.222889 142.448000 64.000000 9.495662 113.626882 145.994324 256.000000 200.290911 212.086804 45.130265 0.000000 20.600466 208.382031 45.639645 256.000000 192.081703
215.797969 175.667122 64.000000 13.862719 213.744456 181.002275 256.000000 225.477863 72.851393 78.399947 64.000000 18.935391 72.151607 77.001513 256.000000 172.987119 216.164249 217.116024 64.000000 9.616132 216.903836 218.334036 256.000000 109.301218 242.483962 246.554522 0.000000 16.026887 244.870047 244.434229 256.000000 182.031016
156.918849 242.731002 64.000000 15.850484 155.167302 243.228160 256.000000 211.292455 51.690775 99.905480 0.000000 12.025543 45.103507 98.574427 256.000000 206.267111 173.275993 127.407580 64.000000 10.166855 173.455944 130.553958 256.000000 215.306706 133.928213 103.597215 64.000000 11.147829 126.918324 103.702533 256.000000 197.425433
189.807155 160.806511 0.000000 14.516702 188.176502 156.840209 256.000000 202.205532 202.870918 199.596547 64.000000 25.604297 206.945180 194.506973 256.000000 189.857300 89.633585 87.480233 0.000000 11.341443 91.253569 87.541900 256.000000 202.304490 226.699633 188.045673 0.000000 12.830115 223.249225 186.533375 256.000000 198.032088
114.136187 59.596880 0.000000 14.374719 103.428216 66.235960 256.000000 181.480294 180.783991 54.370795 0.000000 12.460098 155.252429 16.972729 256.000000 209.192825 228.182107 147.323915 64.000000 25.475221 221.352016 105.703787 256.000000 215.526134 250.386975 118.993425 64.000000 9.710788 236.166615 121.590209 256.000000 197.119954
3.321891 115.442184 0.000000 9.573107 4.542760 114.466235 256.000000 209.072354 123.312531 106.986289 0.000000 15.588030 138.986162 132.300600 256.000000 190.704896 183.495415 25.921336 64.000000 19.318315 180.603971 28.129345 256.000000 183.919822 87.967845 112.426865 0.000000 9.581712 88.000095 111.932460 256.000000 192.615215
21.131915 203.724051 64.000000 10.782115 18.588718 196.492522 256.000000 199.942407 58.242033 26.862020 64.000000 19.322617 58.621407 22.102998 256.000000 192.322644 126.203849 109.491215 0.000000 21.452365 148.248804 119.509069 256.000000 197.347987 174.979762 67.771660 0.000000 26.107691 130.432909 137.394933 256.000000 192.283921
105.148696 149.493700 0.000000 20.901642 110.848365 157.789342 256.000000 190.821065 156.519542 39.945578 0.000000 19.103189 162.890389 40.997333 256.000000 201.005129 10.296031 191.566895 0.000000 16.642147 0.512402 192.762247 256.000000 195.910946 21.303882 248.240451 64.000000 30.311253 26.499015 247.883367 256.000000 190.876997
142.402875 114.516822 64.000000 10.334653 137.825442 114.987200 256.000000 216.231748 76.925195 100.093440 0.000000 17.317643 81.994411 103.630333 256.000000 196.182004 62.265200 82.093745 64.000000 16.956231 62.604165 81.888442 256.000000 185.438612 247.084153 102.046967 64.000000 13.402350 246.351371 101.882244 256.000000 210.285665
