144.487707 225.936520 0.000000 15.007190 143.867787 224.443711 256.000000 174.961976 159.556442 67.883762 64.000000 9.788233 157.360900 69.745911 256.000000 192.150543 247.974198 173.978955 0.000000 17.679055 225.672549 178.219613 256.000000 196.823080 96.629015 110.193282 64.000000 24.928801 102.133218 112.437611 256.000000 182.495688
47.895138 98.163633 64.000000 14.645778 44.142169 82.872253 256.000000 203.960961 84.069073 172.402064 0.000000 22.949642 94.474484 171.967676 256.000000 194.723450 112.739487 238.072965 64.000000 10.859560 112.674298 237.664931 256.000000 211.593631 135.719175 182.733887 0.000000 9.401006 150.992104 178.422731 256.000000 203.014406
111.278922 96.811504 0.000000 9.603225 95.376098 92.989356 256.000000 105.480580 112.563218 147.537635 64.000000 17.502651 57.748167 249.657535 256.000000 200.815818 176.132931 53.115349 64.000000 13.256064 174.406844 54.087362 256.000000 194.138307 218.007247 158.680782 64.000000 19.468903 214.793338 156.727135 256.000000 215.547647
180.783991 54.370795 0.000000 12.460098 155.252429 16.972729 256.000000 209.192825 46.882945 138.046076 64.000000 13.213039 49.091925 139.894651 256.000000 204.326675 234.879135 214.958369 0.000000 22.325776 229.887165 209.216438 256.000000 179.393571 243.251875 31.932613 64.000000 20.673609 251.442133 36.772064 256.000000 226.497560
107.520362 144.229575 0.000000 11.496333 104.147911 148.984304 256.000000 207.566472 220.037436 104.144455 0.000000 8.828771 218.720665 105.204156 256.000000 213.228589 81.171109 83.708209 64.000000 29.360396 89.957036 86.692031 256.000000 211.301060 90.831824 206.829242 64.000000 11.104804 95.414738 214.578598 256.000000 211.924925
174.400913 78.832218 64.000000 8.699695 170.940216 82.224282 256.000000 209.575749 156.918849 242.731002 64.000000 15.850484 155.167302 243.228160 256.000000 211.292455 212.086804 45.130265 0.000000 20.600466 208.382031 45.639645 256.000000 192.081703 119.449267 77.279480 64.000000 11.122014 124.695293 73.116491 256.000000 201.947381
57.584815 61.432673 0.000000 21.267356 61.937669 66.249331 256.000000 195.373131 40.101191 58.827013 64.000000 13.419560 32.506489 59.397144 256.000000 204.283650 129.375465 194.191344 0.000000 12.146014 134.519027 194.210411 256.000000 192.240896 38.684391 194.496145 0.000000 17.304735 40.593571 196.339996 256.000000 200.278003
133.928213 103.597215 64.000000 11.147829 126.918324 103.702533 256.000000 197.425433 83.420480 203.227987 64.000000 14.465072 87.733027 199.914818 256.000000 224.931443 204.718140 210.863485 64.000000 12.219157 203.061029 213.058045 256.000000 214.570975 12.008318 52.097178 64.000000 12.094384 12.520333 52.844200 256.000000 195.588257
160.492353 96.864829 64.000000 8.940637 158.702976 94.929796 256.000000 219.858772 228.323022 137.350064 64.000000 12.485913 226.252064 138.552735 256.000000 205.548590 254.737865 201.967660 0.000000 10.351863 253.565200 203.836771 256.000000 205.058103 68.459491 151.184562 64.000000 29.575522 58.686936 161.242715 256.000000 191.840762
111.914889 171.496302 64.000000 9.422519 105.728629 173.023131 256.000000 217.840890 136.030371 67.114991 64.000000 19.955088 132.569736 68.326940 256.000000 188.562242 159.249473 97.968289 0.000000 9.039595 156.190480 94.609418 256.000000 202.523919 34.186280 74.428233 64.000000 18.393273 36.447744 74.123869 256.000000 205.484053
87.967845 112.426865 0.000000 9.581712 88.000095 111.932460 256.000000 192.615215 209.389145 247.521013 64.000000 13.294787 216.015018 241.053276 256.000000 214.996924 232.940276 74.030638 0.000000 28.775254 234.763895 78.459965 256.000000 176.454950 229.217964 176.271109 64.000000 24.511456 227.547549 178.169227 256.000000 223.696620
80.183273 116.141805 0.000000 9.310653 83.184691 112.105660 256.000000 212.587513 25.536045 231.257016 64.000000 14.977072 24.842707 229.115778 256.000000 194.990206 200.600256 109.667718 64.000000 8.703998 212.895582 114.115505 256.000000 108.118025 51.989064 176.776155 0.000000 12.421375 48.542873 172.441504 256.000000 208.224758
61.214936 108.870595 0.000000 14.749039 66.276145 108.594696 256.000000 188.824695 125.063093 255.071811 0.000000 10.949913 132.128344 254.871644 256.000000 215.332521 152.838184 198.653700 64.000000 8.725511 151.530295 198.456009 256.000000 231.836988 13.366398 118.106451 64.000000 9.525779 15.258835 115.129825 256.000000 207.807413
204.005069 218.920389 0.000000 30.784531 193.263525 224.804671 256.000000 181.983688 92.233429 24.334887 0.000000 33.482211 87.793565 25.288493 256.000000 181.613672 88.367082 103.884687 64.000000 24.455524 86.245096 105.234082 256.000000 192.176358 189.807155 160.806511 0.000000 14.516702 188.176502 156.840209 256.000000 202.205532
63.052587 90.789802 0.000000 11.285510 63.526338 86.364618 256.000000 194.495417 228.688136 55.396816 0.000000 11.341443 222.897065 57.954793 256.000000 199.525062 150.703193 195.764449 0.000000 26.623994 136.300825 197.064984 256.000000 182.547319 122.293347 140.568245 0.000000 10.171157 137.887015 125.862104 256.000000 211.107446
4.975264 235.616335 0.000000 23.947826 5.298224 234.048029 256.000000 203.565129 86.876915 56.298458 0.000000 14.142383 89.542938 54.951578 256.000000 216.068252 179.358493 246.967867 64.000000 13.268972 196.956667 255.598835 256.000000 198.526878 197.608556 99.061744 64.000000 15.415929 204.734556 93.179307 256.000000 188.519216
130.372940 97.067664 0.000000 16.599122 126.305342 109.735415 256.000000 193.359551 96.455300 85.788498 64.000000 16.525979 96.924075 86.182931 256.000000 206.654338 247.084153 102.046967 64.000000 13.402350 246.351371 101.882244 256.000000 210.285665 153.141673 172.921407 0.000000 21.301777 144.288344 193.876715 256.000000 186.802511
39.412125 74.858145 64.000000 11.431796 43.365975 74.353936 256.000000 188.579452 16.953198 187.973922 64.000000 27.656599 20.910393 185.633595 256.000000 173.266783 46.500498 175.315664 0.000000 19.137609 44.624291 172.764165 256.000000 203.427448 48.712489 249.308982 0.000000 13.565846 38.666671 250.934667 256.000000 201.345028
143.578153 81.436651 0.000000 15.269643 134.163831 105.475307 256.000000 215.078672 242.014962 138.141818 0.000000 30.483354 240.605002 133.986144 256.000000 233.175071 188.714256 241.902289 64.000000 21.710516 185.063824 233.289162 256.000000 179.062277 96.860973 75.416084 64.000000 20.419760 93.538622 92.909287 256.000000 191.819249
142.402875 114.516822 64.000000 10.334653 137.825442 114.987200 256.000000 216.231748 146.996135 222.173722 64.000000 17.240198 147.692467 221.196716 256.000000 209.257363 98.363329 94.150315 64.000000 8.897611 96.407531 88.024047 256.000000 208.986304 22.668156 235.240664 64.000000 27.157506 28.671622 228.812038 256.000000 195.416156
162.172047 160.553169 64.000000 17.691962 159.388807 159.277358 256.000000 202.119482 248.933269 138.734656 0.000000 16.784131 251.773707 133.032716 256.000000 193.785501 190.410535 147.751309 64.000000 8.725511 189.476100 145.567827 256.000000 105.489185 130.471951 127.094142 0.000000 13.126989 122.983105 124.787887 256.000000 222.969494
114.222889 142.448000 64.000000 9.495662 113.626882 145.994324 256.000000 200.290911 65.646075 82.044855 0.000000 8.665275 46.015955 84.040045 256.000000 209.149800 121.439378 83.610747 64.000000 25.862448 143.434827 80.808938 256.000000 193.393971 35.334865 64.230816 64.000000 20.570348 40.027289 24.457991 256.000000 197.842777
146.937142 90.403724 0.000000 26.124901 149.641009 84.323620 256.000000 185.331049 212.103885 151.972360 64.000000 9.444031 218.411842 149.190909 256.000000 203.840490 5.128476 227.793340 64.000000 28.439657 7.034771 225.051600 256.000000 192.451720 245.387820 178.433704 64.000000 9.603225 246.140827 178.076567 256.000000 222.401561
215.797969 175.667122 64.000000 13.862719 213.744456 181.002275 256.000000 225.477863 71.454400 27.200287 64.000000 19.589374 58.400931 36.605833 256.000000 182.241840 154.034162 106.774400 64.000000 22.829171 59.911891 118.967993 256.000000 191.969837 128.076585 81.631755 0.000000 8.734116 137.999467 78.865504 256.000000 197.520088
95.806622 77.457055 0.000000 21.809474 76.647991 89.250916 256.000000 200.635113 241.766182 177.723951 0.000000 26.864935 237.990824 172.658245 256.000000 173.989606 137.109793 208.146373 0.000000 23.698280 138.186573 200.077907 256.000000 188.420258 156.335213 82.360798 0.000000 14.142383 158.102155 86.371567 256.000000 200.118810
230.523762 241.940880 64.000000 16.409811 230.736782 242.000445 256.000000 208.921766 173.275993 127.407580 64.000000 10.166855 173.455944 130.553958 256.000000 215.306706 105.148696 149.493700 0.000000 20.901642 110.848365 157.789342 256.000000 190.821065 19.217700 51.144642 64.000000 25.419288 22.519847 52.887855 256.000000 184.474848
0.213856 67.069547 0.000000 29.726111 17.086047 63.462300 256.000000 176.127959 254.250833 160.867809 0.000000 19.774382 250.598891 164.087498 256.000000 189.487283 148.688284 106.385678 0.000000 10.037779 148.573755 109.585905 256.000000 204.597734 99.499864 198.093869 64.000000 24.644835 104.240993 200.557831 256.000000 192.400089
156.519542 39.945578 0.000000 19.103189 162.890389 40.997333 256.000000 201.005129 163.150858 243.437129 0.000000 16.646450 156.690025 245.009055 256.000000 178.589000 52.671727 244.890036 64.000000 26.963893 54.662155 242.777291 256.000000 203.479078 20.408245 116.194851 0.000000 24.434011 19.764678 121.562116 256.000000 201.022339
76.925195 100.093440 0.000000 17.317643 81.994411 103.630333 256.000000 196.182004 147.581189 3.716871 64.000000 10.115225 146.902164 5.534582 256.000000 205.221599 111.224100 106.039056 64.000000 12.034148 111.882440 103.936175 256.000000 203.930843 134.391773 61.114367 64.000000 12.081476 139.326440 66.200885 256.000000 208.685128
139.671791 166.465327 64.000000 17.463929 114.557653 169.058229 256.000000 192.055888 78.414085 69.671393 64.000000 24.851356 115.854440 46.867929 256.000000 168.551221 168.860942 153.854440 64.000000 12.029846 164.673345 156.839122 256.000000 206.340254 236.822369 130.455711 64.000000 21.534113 235.640631 130.182053 256.000000 193.282106
51.690775 99.905480 0.000000 12.025543 45.103507 98.574427 256.000000 206.267111 210.260715 178.212551 64.000000 14.942652 210.400416 177.836418 256.000000 187.753368 3.321891 115.442184 0.000000 9.573107 4.542760 114.466235 256.000000 209.072354 172.055884 65.186911 64.000000 26.378750 175.620756 65.590853 256.000000 178.791219
114.642255 56.752698 64.000000 14.865207 117.727560 57.147116 256.000000 190.416628 29.592920 78.329302 0.000000 10.743392 29.929142 86.111253 256.000000 190.683384 140.772315 42.559236 64.000000 9.762418 140.900498 43.698138 256.000000 195.411853 80.425578 83.297724 0.000000 17.403693 84.012189 68.411231 256.000000 194.013534
