126.203849 109.491215 0.000000 21.452365 148.248804 119.509069 256.000000 197.347987 121.605042 209.451160 0.000000 18.122214 133.948185 196.507885 256.000000 201.319213 196.599416 193.126322 0.000000 14.353207 198.340140 189.991231 256.000000 189.108662 156.519542 39.945578 0.000000 19.103189 162.890389 40.997333 256.000000 201.005129
140.772315 42.559236 64.000000 9.762418 140.900498 43.698138 256.000000 195.411853 219.611731 88.726020 64.000000 12.386955 214.935411 90.343189 256.000000 194.370644 242.014962 138.141818 0.000000 30.483354 240.605002 133.986144 256.000000 233.175071 111.278922 96.811504 0.000000 9.603225 95.376098 92.989356 256.000000 105.480580
155.789513 166.940378 64.000000 12.563358 151.289589 171.975507 256.000000 193.604795 19.217700 51.144642 64.000000 25.419288 22.519847 52.887855 256.000000 184.474848 30.006773 127.750493 64.000000 14.327392 30.466756 123.367369 256.000000 206.181061 177.782431 108.227484 64.000000 32.144127 83.381244 253.469804 256.000000 190.115451
86.349020 203.090116 64.000000 19.765777 74.008447 198.879233 256.000000 191.604123 132.472242 32.604187 64.000000 23.465944 130.459762 34.599413 256.000000 209.476791 116.127456 101.249909 64.000000 29.097943 111.874909 104.772855 256.000000 183.747722 62.805493 109.171671 0.000000 30.642547 70.815905 110.043958 256.000000 193.251988
124.632027 237.712309 64.000000 24.752398 110.734278 227.046416 256.000000 201.405264 95.602705 122.644484 0.000000 9.659157 95.901935 125.776865 256.000000 223.262065 215.426973 220.469171 64.000000 33.662916 237.977882 155.888051 256.000000 185.834444 119.527636 134.127185 64.000000 9.478452 123.189615 134.600256 256.000000 191.337367
111.224100 106.039056 64.000000 12.034148 111.882440 103.936175 256.000000 203.930843 242.483962 246.554522 0.000000 16.026887 244.870047 244.434229 256.000000 182.031016 153.832438 228.541145 64.000000 9.241813 152.426378 229.309398 256.000000 201.947381 38.361689 249.343564 64.000000 26.985405 41.071573 236.731149 256.000000 176.726009
248.933269 138.734656 0.000000 16.784131 251.773707 133.032716 256.000000 193.785501 113.144362 132.873573 64.000000 16.891694 112.713316 138.824989 256.000000 176.639959 125.411202 196.619989 0.000000 27.265069 104.847927 174.459042 256.000000 180.529437 131.372747 159.092858 64.000000 10.136737 126.602225 157.175713 256.000000 194.895551
159.134376 145.149464 64.000000 25.453708 153.100298 139.506036 256.000000 178.408294 141.807884 162.971385 64.000000 15.807458 144.887660 158.679796 256.000000 198.199886 136.866431 149.208924 64.000000 25.914078 146.826480 154.420891 256.000000 175.284665 57.584815 61.432673 0.000000 21.267356 61.937669 66.249331 256.000000 195.373131
156.918849 242.731002 64.000000 15.850484 155.167302 243.228160 256.000000 211.292455 135.695196 146.066649 0.000000 15.243828 133.594191 132.969507 256.000000 177.100328 77.104365 165.246015 64.000000 13.875627 79.559524 161.605011 256.000000 175.968765 128.076585 81.631755 0.000000 8.734116 137.999467 78.865504 256.000000 197.520088
49.181336 6.356822 64.000000 44.337469 56.718927 14.377571 256.000000 208.220455 247.084153 102.046967 64.000000 13.402350 246.351371 101.882244 256.000000 210.285665 75.423020 109.856489 64.000000 29.554010 83.632980 107.060293 256.000000 176.536698 142.402875 114.516822 64.000000 10.334653 137.825442 114.987200 256.000000 216.231748
182.891615 9.171542 64.000000 11.276905 177.862685 6.273080 256.000000 209.274573 163.150858 243.437129 0.000000 16.646450 156.690025 245.009055 256.000000 178.589000 163.443496 126.710002 64.000000 18.707357 161.034811 134.661645 256.000000 197.098441 114.222889 142.448000 64.000000 9.495662 113.626882 145.994324 256.000000 200.290911
52.025629 23.996267 0.000000 21.366314 53.404905 24.760740 256.000000 197.989063 213.902495 121.429505 64.000000 22.566717 211.378358 122.326876 256.000000 221.149528 214.477093 187.594927 0.000000 13.019426 212.639580 186.553120 256.000000 222.582267 52.671727 244.890036 64.000000 26.963893 54.662155 242.777291 256.000000 203.479078
133.928213 103.597215 64.000000 11.147829 126.918324 103.702533 256.000000 197.425433 232.940276 74.030638 0.000000 28.775254 234.763895 78.459965 256.000000 176.454950 87.967845 112.426865 0.000000 9.581712 88.000095 111.932460 256.000000 192.615215 101.149678 160.731042 0.000000 26.920868 101.025478 157.371724 256.000000 208.470002
202.610338 128.370720 64.000000 27.351120 193.241442 127.226040 256.000000 181.639487 230.523762 241.940880 64.000000 16.409811 230.736782 242.000445 256.000000 208.921766 46.882945 138.046076 64.000000 13.213039 49.091925 139.894651 256.000000 204.326675 137.781882 85.631447 0.000000 15.063123 142.839582 100.425320 256.000000 198.294542
110.108105 168.823282 0.000000 11.225275 113.839153 176.875400 256.000000 192.417299 32.397576 195.624747 64.000000 11.866350 36.561318 207.888596 256.000000 213.904084 175.471164 170.251064 64.000000 16.844366 172.310782 175.362545 256.000000 202.222743 236.357647 119.574196 0.000000 13.604568 231.932647 116.368542 256.000000 199.357264
159.494609 166.646175 64.000000 11.186552 157.940918 166.403667 256.000000 210.036119 139.671791 166.465327 64.000000 17.463929 114.557653 169.058229 256.000000 192.055888 45.335309 209.237675 0.000000 26.129204 45.149922 206.963291 256.000000 193.114308 146.937142 90.403724 0.000000 26.124901 149.641009 84.323620 256.000000 185.331049
80.619129 6.607289 0.000000 18.879458 83.058913 8.954367 256.000000 215.375546 95.252076 178.146189 64.000000 14.800669 110.103438 183.832047 256.000000 182.646277 226.699633 188.045673 0.000000 12.830115 223.249225 186.533375 256.000000 198.032088 132.071855 152.258053 64.000000 11.922283 132.006025 159.097322 256.000000 208.599077
24.591825 208.906858 0.000000 14.929744 26.320402 213.047851 256.000000 192.576493 48.066036 162.538315 0.000000 17.472534 50.255035 162.840351 256.000000 215.668118 62.265200 82.093745 64.000000 16.956231 62.604165 81.888442 256.000000 185.438612 210.260715 178.212551 64.000000 14.942652 210.400416 177.836418 256.000000 187.753368
138.530662 113.588798 0.000000 16.160265 136.215342 121.908413 256.000000 196.831685 96.479527 84.293962 64.000000 36.803756 126.346998 74.581889 256.000000 194.895551 128.542578 235.036542 64.000000 12.929073 129.595065 233.668667 256.000000 238.914633 89.633585 87.480233 0.000000 11.341443 91.253569 87.541900 256.000000 202.304490
159.249473 97.968289 0.000000 9.039595 156.190480 94.609418 256.000000 202.523919 140.977140 145.963571 0.000000 12.675224 152.447355 137.098311 256.000000 188.093267 39.412125 74.858145 64.000000 11.431796 43.365975 74.353936 256.000000 188.579452 125.063093 255.071811 0.000000 10.949913 132.128344 254.871644 256.000000 215.332521
172.055884 65.186911 64.000000 26.378750 175.620756 65.590853 256.000000 178.791219 242.476353 183.360176 64.000000 25.070784 242.111522 186.653009 256.000000 219.148856 154.347838 0.117642 0.000000 11.741577 153.650155 0.258273 256.000000 240.549591 5.128476 227.793340 64.000000 28.439657 7.034771 225.051600 256.000000 192.451720
189.598718 128.861029 64.000000 13.307694 190.199047 133.133949 256.000000 121.576308 114.642255 56.752698 64.000000 14.865207 117.727560 57.147116 256.000000 190.416628 28.342365 112.689140 0.000000 15.902114 31.557482 114.406718 256.000000 197.197399 80.150800 175.101975 0.000000 10.313140 78.341776 173.541649 256.000000 204.916120
173.741716 238.008704 0.000000 12.481611 176.024469 237.367849 256.000000 115.565687 31.018265 233.952073 64.000000 8.772838 31.262253 234.101220 256.000000 117.080174 98.858775 183.133025 0.000000 21.405037 98.757887 177.834404 256.000000 203.530709 174.400913 78.832218 64.000000 8.699695 170.940216 82.224282 256.000000 209.575749
126.014489 111.979644 64.000000 9.568804 123.157635 108.053549 256.000000 219.062806 160.492353 96.864829 64.000000 8.940637 158.702976 94.929796 256.000000 219.858772 20.408245 116.194851 0.000000 24.434011 19.764678 121.562116 256.000000 201.022339 221.332527 9.003945 0.000000 13.182921 218.667038 8.938707 256.000000 210.160892
179.358493 246.967867 64.000000 13.268972 196.956667 255.598835 256.000000 198.526878 145.398047 132.712855 64.000000 22.325776 155.105951 173.031856 256.000000 218.753024 202.870918 199.596547 64.000000 25.604297 206.945180 194.506973 256.000000 189.857300 112.739487 238.072965 64.000000 10.859560 112.674298 237.664931 256.000000 211.593631
102.931384 77.274182 0.000000 24.369473 107.969600 94.147275 256.000000 181.273773 209.370871 84.399162 64.000000 16.263526 203.234867 75.016273 256.000000 236.139508 90.831824 206.829242 64.000000 11.104804 95.414738 214.578598 256.000000 211.924925 116.837195 165.980680 64.000000 28.783859 121.787656 151.328782 256.000000 210.272757
222.651802 185.728584 0.000000 16.594820 221.290433 182.275284 256.000000 204.989263 236.792856 140.279795 0.000000 18.216870 234.338522 140.567236 256.000000 212.785429 34.186280 74.428233 64.000000 18.393273 36.447744 74.123869 256.000000 205.484053 158.241089 69.845636 0.000000 10.915493 160.329569 72.852760 256.000000 193.807013
86.876915 56.298458 0.000000 14.142383 89.542938 54.951578 256.000000 216.068252 35.334865 64.230816 64.000000 20.570348 40.027289 24.457991 256.000000 197.842777 222.357396 153.320347 0.000000 8.691090 224.402025 155.204929 256.000000 208.478607 4.975264 235.616335 0.000000 23.947826 5.298224 234.048029 256.000000 203.565129
16.838285 132.036955 64.000000 25.849540 13.668529 142.139007 256.000000 201.250373 121.439378 83.610747 64.000000 25.862448 143.434827 80.808938 256.000000 193.393971 83.174911 100.027915 64.000000 30.806043 79.253035 103.870655 256.000000 198.759214 151.688622 191.776884 64.000000 10.919796 153.947185 189.563693 256.000000 202.739045
149.581216 124.489018 64.000000 14.508097 141.900135 133.414431 256.000000 204.584826 190.410535 147.751309 64.000000 8.725511 189.476100 145.567827 256.000000 105.489185 30.678715 240.146905 64.000000 19.847525 34.675942 240.595035 256.000000 191.913905 99.499864 198.093869 64.000000 24.644835 104.240993 200.557831 256.000000 192.400089
59.144749 113.108471 64.000000 22.059020 63.932436 112.055858 256.000000 197.257634 63.052587 90.789802 0.000000 11.285510 63.526338 86.364618 256.000000 194.495417 116.356880 54.001275 0.000000 17.197172 118.014285 56.008680 256.000000 197.081231 160.030358 195.722078 64.000000 15.631055 155.953105 194.103058 256.000000 196.035719
221.158256 61.079231 0.000000 22.966852 219.548600 52.459160 256.000000 180.946781 152.838184 198.653700 64.000000 8.725511 151.530295 198.456009 256.000000 231.836988 0.213856 67.069547 0.000000 29.726111 17.086047 63.462300 256.000000 176.127959 96.337191 138.078849 0.000000 16.762618 98.404333 147.072882 256.000000 228.493930
