221.158256 61.079231 0.000000 22.966852 219.548600 52.459160 256.000000 180.946781 236.792856 140.279795 0.000000 18.216870 234.338522 140.567236 256.000000 212.785429 134.208551 149.948307 64.000000 13.858417 138.407640 155.851262 256.000000 179.707655 89.328615 42.451384 0.000000 16.870181 85.327062 43.445869 256.000000 201.951684
156.519542 39.945578 0.000000 19.103189 162.890389 40.997333 256.000000 201.005129 107.520362 144.229575 0.000000 11.496333 104.147911 148.984304 256.000000 207.566472 40.101191 58.827013 64.000000 13.419560 32.506489 59.397144 256.000000 204.283650 47.918060 127.199882 0.000000 9.542989 48.829758 125.518405 256.000000 227.564585
166.875347 141.037698 64.000000 13.221644 165.744995 146.174991 256.000000 197.890105 172.055884 65.186911 64.000000 26.378750 175.620756 65.590853 256.000000 178.791219 237.191520 189.637004 64.000000 10.179762 237.836162 188.889240 256.000000 208.538842 140.977140 145.963571 0.000000 12.675224 152.447355 137.098311 256.000000 188.093267
136.030371 67.114991 64.000000 19.955088 132.569736 68.326940 256.000000 188.562242 156.335213 82.360798 0.000000 14.142383 158.102155 86.371567 256.000000 200.118810 31.018265 233.952073 64.000000 8.772838 31.262253 234.101220 256.000000 117.080174 163.443496 126.710002 64.000000 18.707357 161.034811 134.661645 256.000000 197.098441
173.741716 238.008704 0.000000 12.481611 176.024469 237.367849 256.000000 115.565687 180.286484 126.127756 64.000000 19.309710 174.115351 127.473687 256.000000 177.797336 130.471951 127.094142 0.000000 13.126989 122.983105 124.787887 256.000000 222.969494 119.527636 134.127185 64.000000 9.478452 123.189615 134.600256 256.000000 191.337367
159.928249 66.649485 0.000000 13.230249 155.188645 65.084622 256.000000 210.251245 65.071200 74.177149 64.000000 10.468031 62.983118 72.181973 256.000000 211.942135 78.414085 69.671393 64.000000 24.851356 115.854440 46.867929 256.000000 168.551221 222.651802 185.728584 0.000000 16.594820 221.290433 182.275284 256.000000 204.989263
80.549687 141.099809 64.000000 10.717577 84.348731 139.336745 256.000000 213.228589 86.283084 141.135038 64.000000 18.341643 92.205804 139.043787 256.000000 179.711958 137.781882 85.631447 0.000000 15.063123 142.839582 100.425320 256.000000 198.294542 127.431787 217.638062 64.000000 24.279120 124.697931 214.475560 256.000000 178.395387
41.854135 118.148262 0.000000 12.335325 31.333796 110.463356 256.000000 207.880556 30.006773 127.750493 64.000000 14.327392 30.466756 123.367369 256.000000 206.181061 96.860973 75.416084 64.000000 20.419760 93.538622 92.909287 256.000000 191.819249 150.703193 195.764449 0.000000 26.623994 136.300825 197.064984 256.000000 182.547319
181.935165 229.201284 64.000000 11.427493 178.526205 230.063204 256.000000 204.163179 88.629162 11.733729 64.000000 14.482282 93.400533 11.213736 256.000000 225.374603 244.000284 252.903869 0.000000 21.581440 249.554773 250.536218 256.000000 199.340054 159.556442 67.883762 64.000000 9.788233 157.360900 69.745911 256.000000 192.150543
155.789513 166.940378 64.000000 12.563358 151.289589 171.975507 256.000000 193.604795 31.448375 145.875038 64.000000 12.752669 35.608893 161.461855 256.000000 204.051314 71.454400 27.200287 64.000000 19.589374 58.400931 36.605833 256.000000 182.241840 142.402875 114.516822 64.000000 10.334653 137.825442 114.987200 256.000000 216.231748
63.052587 90.789802 0.000000 11.285510 63.526338 86.364618 256.000000 194.495417 147.519409 7.291756 0.000000 9.844166 145.644609 6.364147 256.000000 213.585698 10.296031 191.566895 0.000000 16.642147 0.512402 192.762247 256.000000 195.910946 92.233429 24.334887 0.000000 33.482211 87.793565 25.288493 256.000000 181.613672
75.613071 140.973844 64.000000 20.282079 78.444833 131.483158 256.000000 188.768762 188.714256 241.902289 64.000000 21.710516 185.063824 233.289162 256.000000 179.062277 213.902495 121.429505 64.000000 22.566717 211.378358 122.326876 256.000000 221.149528 52.671727 244.890036 64.000000 26.963893 54.662155 242.777291 256.000000 203.479078
144.487707 225.936520 0.000000 15.007190 143.867787 224.443711 256.000000 174.961976 130.372940 97.067664 0.000000 16.599122 126.305342 109.735415 256.000000 193.359551 135.719175 182.733887 0.000000 9.401006 150.992104 178.422731 256.000000 203.014406 113.144362 132.873573 64.000000 16.891694 112.713316 138.824989 256.000000 176.639959
140.772315 42.559236 64.000000 9.762418 140.900498 43.698138 256.000000 195.411853 25.536045 231.257016 64.000000 14.977072 24.842707 229.115778 256.000000 194.990206 62.276587 87.066440 0.000000 9.887191 63.741009 85.069460 256.000000 222.638200 255.223775 186.165238 64.000000 9.865678 235.215347 206.805958 256.000000 113.367099
84.069073 172.402064 0.000000 22.949642 94.474484 171.967676 256.000000 194.723450 215.797969 175.667122 64.000000 13.862719 213.744456 181.002275 256.000000 225.477863 189.598718 128.861029 64.000000 13.307694 190.199047 133.133949 256.000000 121.576308 133.928213 103.597215 64.000000 11.147829 126.918324 103.702533 256.000000 197.425433
251.487049 168.241820 0.000000 17.498349 251.134169 173.416991 256.000000 178.795521 202.870918 199.596547 64.000000 25.604297 206.945180 194.506973 256.000000 189.857300 126.014489 111.979644 64.000000 9.568804 123.157635 108.053549 256.000000 219.062806 152.838184 198.653700 64.000000 8.725511 151.530295 198.456009 256.000000 231.836988
19.256284 186.761998 0.000000 20.415457 24.277160 190.433887 256.000000 194.899853 159.249473 97.968289 0.000000 9.039595 156.190480 94.609418 256.000000 202.523919 226.699633 188.045673 0.000000 12.830115 223.249225 186.533375 256.000000 198.032088 153.141673 172.921407 0.000000 21.301777 144.288344 193.876715 256.000000 186.802511
190.410535 147.751309 64.000000 8.725511 189.476100 145.567827 256.000000 105.489185 159.494609 166.646175 64.000000 11.186552 157.940918 166.403667 256.000000 210.036119 133.735115 159.934975 0.000000 9.689275 127.439238 161.790525 256.000000 181.420058 11.658691 38.268318 0.000000 35.969067 17.821771 55.932809 256.000000 195.424761
250.386975 118.993425 64.000000 9.710788 236.166615 121.590209 256.000000 197.119954 89.633585 87.480233 0.000000 11.341443 91.253569 87.541900 256.000000 202.304490 52.025629 23.996267 0.000000 21.366314 53.404905 24.760740 256.000000 197.989063 211.438422 92.413407 0.000000 9.220300 210.231958 92.555300 256.000000 193.578980
234.879135 214.958369 0.000000 22.325776 229.887165 209.216438 256.000000 179.393571 102.931384 77.274182 0.000000 24.369473 107.969600 94.147275 256.000000 181.273773 34.979487 153.004015 0.000000 11.332838 35.886291 154.316987 256.000000 215.138908 134.766342 196.945396 64.000000 15.811761 123.928895 187.021413 256.000000 190.317670
76.925195 100.093440 0.000000 17.317643 81.994411 103.630333 256.000000 196.182004 205.008438 22.661560 64.000000 22.205306 203.670367 6.239025 256.000000 233.897895 88.367082 103.884687 64.000000 24.455524 86.245096 105.234082 256.000000 192.176358 219.611731 88.726020 64.000000 12.386955 214.935411 90.343189 256.000000 194.370644
148.688284 106.385678 0.000000 10.037779 148.573755 109.585905 256.000000 204.597734 213.979302 115.696102 64.000000 9.099830 210.851313 121.205482 256.000000 209.997396 81.171109 83.708209 64.000000 29.360396 89.957036 86.692031 256.000000 211.301060 119.449267 77.279480 64.000000 11.122014 124.695293 73.116491 256.000000 201.947381
139.661978 99.530927 0.000000 13.311997 138.212015 103.349464 256.000000 223.459981 228.688136 55.396816 0.000000 11.341443 222.897065 57.954793 256.000000 199.525062 113.841813 70.531367 64.000000 34.648194 113.573978 71.047967 256.000000 181.475991 247.358700 106.247207 0.000000 9.043897 245.721600 108.167540 256.000000 209.562842
250.871565 77.941122 0.000000 17.360668 251.623171 70.110264 256.000000 159.365341 180.783991 54.370795 0.000000 12.460098 155.252429 16.972729 256.000000 209.192825 203.718551 243.114018 0.000000 13.376535 202.208089 243.696120 256.000000 197.864290 48.066036 162.538315 0.000000 17.472534 50.255035 162.840351 256.000000 215.668118
226.499173 227.692507 64.000000 8.669578 232.540307 233.292531 256.000000 210.169497 86.876915 56.298458 0.000000 14.142383 89.542938 54.951578 256.000000 216.068252 65.646075 82.044855 0.000000 8.665275 46.015955 84.040045 256.000000 209.149800 135.823575 116.366851 64.000000 12.709644 136.610971 130.992304 256.000000 191.388997
10.290525 47.337922 64.000000 12.795694 11.252536 49.205485 256.000000 191.909602 13.366398 118.106451 64.000000 9.525779 15.258835 115.129825 256.000000 207.807413 218.007247 158.680782 64.000000 19.468903 214.793338 156.727135 256.000000 215.547647 112.563218 147.537635 64.000000 17.502651 57.748167 249.657535 256.000000 200.815818
238.527795 197.146271 0.000000 34.222244 223.428078 186.820613 256.000000 207.368556 111.914889 171.496302 64.000000 9.422519 105.728629 173.023131 256.000000 217.840890 38.361689 249.343564 64.000000 26.985405 41.071573 236.731149 256.000000 176.726009 151.611007 76.407242 64.000000 13.152804 147.900480 76.685198 256.000000 213.688958
22.668156 235.240664 64.000000 27.157506 28.671622 228.812038 256.000000 195.416156 173.275993 127.407580 64.000000 10.166855 173.455944 130.553958 256.000000 215.306706 80.425578 83.297724 0.000000 17.403693 84.012189 68.411231 256.000000 194.013534 21.131915 203.724051 64.000000 10.782115 18.588718 196.492522 256.000000 199.942407
249.932540 108.032533 0.000000 23.685373 238.233515 95.532425 256.000000 204.386910 93.207173 124.513975 64.000000 19.920668 84.794665 117.278607 256.000000 200.325331 69.825724 184.523496 0.000000 9.598922 29.673556 209.092820 256.000000 191.746106 151.688622 191.776884 64.000000 10.919796 153.947185 189.563693 256.000000 202.739045
248.933269 138.734656 0.000000 16.784131 251.773707 133.032716 256.000000 193.785501 200.600256 109.667718 64.000000 8.703998 212.895582 114.115505 256.000000 108.118025 28.342365 112.689140 0.000000 15.902114 31.557482 114.406718 256.000000 197.197399 19.217700 51.144642 64.000000 25.419288 22.519847 52.887855 256.000000 184.474848
241.766182 177.723951 0.000000 26.864935 237.990824 172.658245 256.000000 173.989606 230.523762 241.940880 64.000000 16.409811 230.736782 242.000445 256.000000 208.921766 34.186280 74.428233 64.000000 18.393273 36.447744 74.123869 256.000000 205.484053 154.034162 106.774400 64.000000 22.829171 59.911891 118.967993 256.000000 191.969837
160.492353 96.864829 64.000000 8.940637 158.702976 94.929796 256.000000 219.858772 62.265200 82.093745 64.000000 16.956231 62.604165 81.888442 256.000000 185.438612 247.974198 173.978955 0.000000 17.679055 225.672549 178.219613 256.000000 196.823080 16.463420 118.681147 0.000000 17.537072 17.592951 121.945467 256.000000 201.026642
