72.851393 78.399947 64.000000 18.935391 72.151607 77.001513 256.000000 172.987119 113.144362 132.873573 64.000000 16.891694 112.713316 138.824989 256.000000 176.639959 46.882945 138.046076 64.000000 13.213039 49.091925 139.894651 256.000000 204.326675 210.260715 178.212551 64.000000 14.942652 210.400416 177.836418 256.000000 187.753368
221.158256 61.079231 0.000000 22.966852 219.548600 52.459160 256.000000 180.946781 47.895138 98.163633 64.000000 14.645778 44.142169 82.872253 256.000000 203.960961 23.205404 228.157555 0.000000 9.349376 18.785169 224.265911 256.000000 190.842577 228.688136 55.396816 0.000000 11.341443 222.897065 57.954793 256.000000 199.525062
79.745751 119.264524 0.000000 20.755356 86.694700 90.687985 256.000000 234.758399 233.847667 156.242378 0.000000 22.945339 229.830840 158.681198 256.000000 184.014478 48.066036 162.538315 0.000000 17.472534 50.255035 162.840351 256.000000 215.668118 34.186280 74.428233 64.000000 18.393273 36.447744 74.123869 256.000000 205.484053
242.476353 183.360176 64.000000 25.070784 242.111522 186.653009 256.000000 219.148856 93.207173 124.513975 64.000000 19.920668 84.794665 117.278607 256.000000 200.325331 119.527636 134.127185 64.000000 9.478452 123.189615 134.600256 256.000000 191.337367 145.398047 132.712855 64.000000 22.325776 155.105951 173.031856 256.000000 218.753024
13.177869 2.308776 64.000000 13.058148 14.161195 2.308845 320.000000 197.416828 222.357396 153.320347 0.000000 8.691090 224.402025 155.204929 256.000000 208.478607 181.935165 229.201284 64.000000 11.427493 178.526205 230.063204 256.000000 204.163179 136.866431 149.208924 64.000000 25.914078 146.826480 154.420891 256.000000 175.284665
142.402875 114.516822 64.000000 10.334653 137.825442 114.987200 256.000000 216.231748 236.822369 130.455711 64.000000 21.534113 235.640631 130.182053 256.000000 193.282106 173.275993 127.407580 64.000000 10.166855 173.455944 130.553958 256.000000 215.306706 156.335213 82.360798 0.000000 14.142383 158.102155 86.371567 256.000000 200.118810
31.775711 235.704156 64.000000 19.012836 42.004176 236.324147 256.000000 201.177230 251.593015 161.420018 64.000000 10.184065 249.704282 172.858204 256.000000 194.572862 135.695196 146.066649 0.000000 15.243828 133.594191 132.969507 256.000000 177.100328 19.256284 186.761998 0.000000 20.415457 24.277160 190.433887 256.000000 194.899853
127.431787 217.638062 64.000000 24.279120 124.697931 214.475560 256.000000 178.395387 159.249473 97.968289 0.000000 9.039595 156.190480 94.609418 256.000000 202.523919 113.841813 70.531367 64.000000 34.648194 113.573978 71.047967 256.000000 181.475991 153.832438 228.541145 64.000000 9.241813 152.426378 229.309398 256.000000 201.947381
46.500498 175.315664 0.000000 19.137609 44.624291 172.764165 256.000000 203.427448 96.455300 85.788498 64.000000 16.525979 96.924075 86.182931 256.000000 206.654338 126.203849 109.491215 0.000000 21.452365 148.248804 119.509069 256.000000 197.347987 76.925195 100.093440 0.000000 17.317643 81.994411 103.630333 256.000000 196.182004
56.743882 148.705325 0.000000 26.490616 70.396416 161.595824 256.000000 186.978914 146.937142 90.403724 0.000000 26.124901 149.641009 84.323620 256.000000 185.331049 52.901075 21.329045 0.000000 29.562615 53.132793 25.951507 256.000000 206.607010 30.006773 127.750493 64.000000 14.327392 30.466756 123.367369 256.000000 206.181061
125.926802 38.606647 0.000000 8.979359 134.269018 37.679684 256.000000 225.697292 95.602705 122.644484 0.000000 9.659157 95.901935 125.776865 256.000000 223.262065 127.726309 176.587396 64.000000 18.651424 130.105571 182.028125 256.000000 196.255147 31.448375 145.875038 64.000000 12.752669 35.608893 161.461855 256.000000 204.051314
219.611731 88.726020 64.000000 12.386955 214.935411 90.343189 256.000000 194.370644 254.250833 160.867809 0.000000 19.774382 250.598891 164.087498 256.000000 189.487283 98.858775 183.133025 0.000000 21.405037 98.757887 177.834404 256.000000 203.530709 159.928249 66.649485 0.000000 13.230249 155.188645 65.084622 256.000000 210.251245
20.408245 116.194851 0.000000 24.434011 19.764678 121.562116 256.000000 201.022339 14.839115 196.960822 64.000000 31.382581 44.922420 201.801380 256.000000 184.900797 190.410535 147.751309 64.000000 8.725511 189.476100 145.567827 256.000000 105.489185 211.420645 166.746942 0.000000 14.710316 205.803733 185.269371 256.000000 222.259578
30.678715 240.146905 64.000000 19.847525 34.675942 240.595035 256.000000 191.913905 89.633585 87.480233 0.000000 11.341443 91.253569 87.541900 256.000000 202.304490 146.996135 222.173722 64.000000 17.240198 147.692467 221.196716 256.000000 209.257363 38.684391 194.496145 0.000000 17.304735 40.593571 196.339996 256.000000 200.278003
83.420480 203.227987 64.000000 14.465072 87.733027 199.914818 256.000000 224.931443 13.184431 95.582987 64.000000 12.756972 6.482278 90.788529 256.000000 198.251517 101.149678 160.731042 0.000000 26.920868 101.025478 157.371724 256.000000 208.470002 116.837195 165.980680 64.000000 28.783859 121.787656 151.328782 256.000000 210.272757
81.171109 83.708209 64.000000 29.360396 89.957036 86.692031 256.000000 211.301060 128.300764 92.673962 64.000000 23.655255 135.324298 98.837133 256.000000 207.583682 31.018265 233.952073 64.000000 8.772838 31.262253 234.101220 256.000000 117.080174 112.563218 147.537635 64.000000 17.502651 57.748167 249.657535 256.000000 200.815818
95.252076 178.146189 64.000000 14.800669 110.103438 183.832047 256.000000 182.646277 204.005069 218.920389 0.000000 30.784531 193.263525 224.804671 256.000000 181.983688 175.471164 170.251064 64.000000 16.844366 172.310782 175.362545 256.000000 202.222743 21.131915 203.724051 64.000000 10.782115 18.588718 196.492522 256.000000 199.942407
226.699633 188.045673 0.000000 12.830115 223.249225 186.533375 256.000000 198.032088 249.932540 108.032533 0.000000 23.685373 238.233515 95.532425 256.000000 204.386910 180.286484 126.127756 64.000000 19.309710 174.115351 127.473687 256.000000 177.797336 116.127456 101.249909 64.000000 29.097943 111.874909 104.772855 256.000000 183.747722
10.296031 191.566895 0.000000 16.642147 0.512402 192.762247 256.000000 195.910946 116.356880 54.001275 0.000000 17.197172 118.014285 56.008680 256.000000 197.081231 151.611007 76.407242 64.000000 13.152804 147.900480 76.685198 256.000000 213.688958 62.276587 87.066440 0.000000 9.887191 63.741009 85.069460 256.000000 222.638200
216.164249 217.116024 64.000000 9.616132 216.903836 218.334036 256.000000 109.301218 20.178844 184.901949 64.000000 18.126517 23.487018 184.392729 256.000000 186.324931 67.101680 148.799635 64.000000 12.167527 67.497125 150.982829 256.000000 207.626708 162.172047 160.553169 64.000000 17.691962 159.388807 159.277358 256.000000 202.119482
156.519542 39.945578 0.000000 19.103189 162.890389 40.997333 256.000000 201.005129 237.191520 189.637004 64.000000 10.179762 237.836162 188.889240 256.000000 208.538842 197.608556 99.061744 64.000000 15.415929 204.734556 93.179307 256.000000 188.519216 86.283084 141.135038 64.000000 18.341643 92.205804 139.043787 256.000000 179.711958
109.602216 55.962840 64.000000 9.758115 110.443453 55.918507 256.000000 217.767747 88.629162 11.733729 64.000000 14.482282 93.400533 11.213736 256.000000 225.374603 159.023522 129.616389 0.000000 8.871796 160.692916 135.025815 256.000000 204.842977 172.055884 65.186911 64.000000 26.378750 175.620756 65.590853 256.000000 178.791219
26.707018 234.410709 0.000000 16.031190 32.238580 240.887373 256.000000 228.894064 163.443496 126.710002 64.000000 18.707357 161.034811 134.661645 256.000000 197.098441 247.358700 106.247207 0.000000 9.043897 245.721600 108.167540 256.000000 209.562842 176.132931 53.115349 64.000000 13.256064 174.406844 54.087362 256.000000 194.138307
86.876915 56.298458 0.000000 14.142383 89.542938 54.951578 256.000000 216.068252 130.471951 127.094142 0.000000 13.126989 122.983105 124.787887 256.000000 222.969494 144.263205 27.349629 0.000000 16.457139 146.370369 27.495925 256.000000 232.835172 48.712489 249.308982 0.000000 13.565846 38.666671 250.934667 256.000000 201.345028
228.323022 137.350064 64.000000 12.485913 226.252064 138.552735 256.000000 205.548590 239.965158 6.193636 0.000000 24.171557 241.524524 6.497856 256.000000 184.156461 148.688284 106.385678 0.000000 10.037779 148.573755 109.585905 256.000000 204.597734 177.782431 108.227484 64.000000 32.144127 83.381244 253.469804 256.000000 190.115451
123.312531 106.986289 0.000000 15.588030 138.986162 132.300600 256.000000 190.704896 96.629015 110.193282 64.000000 24.928801 102.133218 112.437611 256.000000 182.495688 62.802509 61.758045 0.000000 19.275290 69.257476 60.469600 256.000000 179.815218 214.673625 116.180422 0.000000 8.880401 213.251096 115.300165 256.000000 185.227789
182.251904 144.985589 64.000000 17.231593 182.647522 136.080396 256.000000 198.199886 51.989064 176.776155 0.000000 12.421375 48.542873 172.441504 256.000000 208.224758 135.823575 116.366851 64.000000 12.709644 136.610971 130.992304 256.000000 191.388997 91.057040 158.967644 64.000000 14.761946 60.975860 185.558982 256.000000 197.193097
96.337191 138.078849 0.000000 16.762618 98.404333 147.072882 256.000000 228.493930 125.411202 196.619989 0.000000 27.265069 104.847927 174.459042 256.000000 180.529437 80.150800 175.101975 0.000000 10.313140 78.341776 173.541649 256.000000 204.916120 140.937625 102.242178 64.000000 18.251290 62.825211 201.724871 256.000000 210.470673
255.223775 186.165238 64.000000 9.865678 235.215347 206.805958 256.000000 113.367099 90.831824 206.829242 64.000000 11.104804 95.414738 214.578598 256.000000 211.924925 166.875347 141.037698 64.000000 13.221644 165.744995 146.174991 256.000000 197.890105 11.690698 30.017344 64.000000 15.020097 13.703104 32.013811 256.000000 214.773193
22.668156 235.240664 64.000000 27.157506 28.671622 228.812038 256.000000 195.416156 0.759205 124.842229 64.000000 22.773238 3.003635 123.273302 256.000000 211.460253 75.613071 140.973844 64.000000 20.282079 78.444833 131.483158 256.000000 188.768762 167.541716 171.119316 0.000000 29.239926 166.489509 167.093138 256.000000 170.814347
241.878653 17.982529 0.000000 34.196429 248.820229 50.991020 256.000000 203.126272 59.144749 113.108471 64.000000 22.059020 63.932436 112.055858 256.000000 197.257634 241.766182 177.723951 0.000000 26.864935 237.990824 172.658245 256.000000 173.989606 33.083382 226.967515 64.000000 21.994482 37.522969 229.748047 256.000000 197.485668
176.465649 14.550098 0.000000 15.162080 195.420009 20.738265 256.000000 183.717604 212.760298 168.427440 64.000000 24.395288 203.228618 171.164849 256.000000 189.534611 119.449267 77.279480 64.000000 11.122014 124.695293 73.116491 256.000000 201.947381 152.838184 198.653700 64.000000 8.725511 151.530295 198.456009 256.000000 231.836988
