124.632027 237.712309 64.000000 24.752398 110.734278 227.046416 256.000000 201.405264 89.633585 87.480233 0.000000 11.341443 91.253569 87.541900 256.000000 202.304490 177.782431 108.227484 64.000000 32.144127 83.381244 253.469804 256.000000 190.115451 21.131915 203.724051 64.000000 10.782115 18.588718 196.492522 256.000000 199.942407
222.357396 153.320347 0.000000 8.691090 224.402025 155.204929 256.000000 208.478607 155.789513 166.940378 64.000000 12.563358 151.289589 171.975507 256.000000 193.604795 92.233429 24.334887 0.000000 33.482211 87.793565 25.288493 256.000000 181.613672 130.283773 242.525771 0.000000 15.123358 133.821711 246.766855 256.000000 222.560755
111.914889 171.496302 64.000000 9.422519 105.728629 173.023131 256.000000 217.840890 188.714256 241.902289 64.000000 21.710516 185.063824 233.289162 256.000000 179.062277 80.425578 83.297724 0.000000 17.403693 84.012189 68.411231 256.000000 194.013534 116.127456 101.249909 64.000000 29.097943 111.874909 104.772855 256.000000 183.747722
179.972122 44.313996 64.000000 8.798653 173.390011 26.622276 256.000000 195.011719 254.737865 201.967660 0.000000 10.351863 253.565200 203.836771 256.000000 205.058103 139.661978 99.530927 0.000000 13.311997 138.212015 103.349464 256.000000 223.459981 151.688622 191.776884 64.000000 10.919796 153.947185 189.563693 256.000000 202.739045
159.928249 66.649485 0.000000 13.230249 155.188645 65.084622 256.000000 210.251245 23.205404 228.157555 0.000000 9.349376 18.785169 224.265911 256.000000 190.842577 5.475822 71.200076 64.000000 22.945339 19.541575 78.685098 256.000000 186.561570 111.278922 96.811504 0.000000 9.603225 95.376098 92.989356 256.000000 105.480580
210.260715 178.212551 64.000000 14.942652 210.400416 177.836418 256.000000 187.753368 213.979302 115.696102 64.000000 9.099830 210.851313 121.205482 256.000000 209.997396 99.499864 198.093869 64.000000 24.644835 104.240993 200.557831 256.000000 192.400089 183.495415 25.921336 64.000000 19.318315 180.603971 28.129345 256.000000 183.919822
125.926802 38.606647 0.000000 8.979359 134.269018 37.679684 256.000000 225.697292 140.772315 42.559236 64.000000 9.762418 140.900498 43.698138 256.000000 195.411853 255.223775 186.165238 64.000000 9.865678 235.215347 206.805958 256.000000 113.367099 13.184431 95.582987 64.000000 12.756972 6.482278 90.788529 256.000000 198.251517
248.933269 138.734656 0.000000 16.784131 251.773707 133.032716 256.000000 193.785501 205.804580 147.464944 0.000000 18.909575 198.244245 145.286931 256.000000 195.140795 212.103885 151.972360 64.000000 9.444031 218.411842 149.190909 256.000000 203.840490 149.581216 124.489018 64.000000 14.508097 141.900135 133.414431 256.000000 204.584826
172.541075 88.183251 0.000000 18.853643 170.282347 91.082345 256.000000 201.525734 48.066036 162.538315 0.000000 17.472534 50.255035 162.840351 256.000000 215.668118 247.358700 106.247207 0.000000 9.043897 245.721600 108.167540 256.000000 209.562842 22.668156 235.240664 64.000000 27.157506 28.671622 228.812038 256.000000 195.416156
209.389145 247.521013 64.000000 13.294787 216.015018 241.053276 256.000000 214.996924 113.144362 132.873573 64.000000 16.891694 112.713316 138.824989 256.000000 176.639959 16.953198 187.973922 64.000000 27.656599 20.910393 185.633595 256.000000 173.266783 45.335309 209.237675 0.000000 26.129204 45.149922 206.963291 256.000000 193.114308
59.144749 113.108471 64.000000 22.059020 63.932436 112.055858 256.000000 197.257634 242.014962 138.141818 0.000000 30.483354 240.605002 133.986144 256.000000 233.175071 116.356880 54.001275 0.000000 17.197172 118.014285 56.008680 256.000000 197.081231 226.699633 188.045673 0.000000 12.830115 223.249225 186.533375 256.000000 198.032088
211.420645 166.746942 0.000000 14.710316 205.803733 185.269371 256.000000 222.259578 114.124618 94.987031 64.000000 11.195157 112.729107 80.313073 256.000000 205.811044 140.977140 145.963571 0.000000 12.675224 152.447355 137.098311 256.000000 188.093267 62.802509 61.758045 0.000000 19.275290 69.257476 60.469600 256.000000 179.815218
13.366398 118.106451 64.000000 9.525779 15.258835 115.129825 256.000000 207.807413 19.256284 186.761998 0.000000 20.415457 24.277160 190.433887 256.000000 194.899853 56.743882 148.705325 0.000000 26.490616 70.396416 161.595824 256.000000 186.978914 21.303882 248.240451 64.000000 30.311253 26.499015 247.883367 256.000000 190.876997
114.136187 59.596880 0.000000 14.374719 103.428216 66.235960 256.000000 181.480294 4.975264 235.616335 0.000000 23.947826 5.298224 234.048029 256.000000 203.565129 236.357647 119.574196 0.000000 13.604568 231.932647 116.368542 256.000000 199.357264 126.203849 109.491215 0.000000 21.452365 148.248804 119.509069 256.000000 197.347987
52.025629 23.996267 0.000000 21.366314 53.404905 24.760740 256.000000 197.989063 228.182107 147.323915 64.000000 25.475221 221.352016 105.703787 256.000000 215.526134 209.370871 84.399162 64.000000 16.263526 203.234867 75.016273 256.000000 236.139508 5.128476 227.793340 64.000000 28.439657 7.034771 225.051600 256.000000 192.451720
180.783991 54.370795 0.000000 12.460098 155.252429 16.972729 256.000000 209.192825 48.712489 249.308982 0.000000 13.565846 38.666671 250.934667 256.000000 201.345028 168.860942 153.854440 64.000000 12.029846 164.673345 156.839122 256.000000 206.340254 189.598718 128.861029 64.000000 13.307694 190.199047 133.133949 256.000000 121.576308
233.847667 156.242378 0.000000 22.945339 229.830840 158.681198 256.000000 184.014478 139.671791 166.465327 64.000000 17.463929 114.557653 169.058229 256.000000 192.055888 51.690775 99.905480 0.000000 12.025543 45.103507 98.574427 256.000000 206.267111 75.613071 140.973844 64.000000 20.282079 78.444833 131.483158 256.000000 188.768762
153.141673 172.921407 0.000000 21.301777 144.288344 193.876715 256.000000 186.802511 144.263205 27.349629 0.000000 16.457139 146.370369 27.495925 256.000000 232.835172 79.745751 119.264524 0.000000 20.755356 86.694700 90.687985 256.000000 234.758399 250.386975 118.993425 64.000000 9.710788 236.166615 121.590209 256.000000 197.119954
87.531891 170.166273 0.000000 8.794351 78.865378 175.520807 256.000000 206.422002 24.336753 251.527735 0.000000 34.187824 28.042065 203.339758 256.000000 185.249301 75.423020 109.856489 64.000000 29.554010 83.632980 107.060293 256.000000 176.536698 34.979487 153.004015 0.000000 11.332838 35.886291 154.316987 256.000000 215.138908
130.372940 97.067664 0.000000 16.599122 126.305342 109.735415 256.000000 193.359551 213.902495 121.429505 64.000000 22.566717 211.378358 122.326876 256.000000 221.149528 204.718140 210.863485 64.000000 12.219157 203.061029 213.058045 256.000000 214.570975 230.523762 241.940880 64.000000 16.409811 230.736782 242.000445 256.000000 208.921766
156.918849 242.731002 64.000000 15.850484 155.167302 243.228160 256.000000 211.292455 95.806622 77.457055 0.000000 21.809474 76.647991 89.250916 256.000000 200.635113 61.214936 108.870595 0.000000 14.749039 66.276145 108.594696 256.000000 188.824695 83.174911 100.027915 64.000000 30.806043 79.253035 103.870655 256.000000 198.759214
122.186395 167.711140 0.000000 11.423191 124.748175 165.718613 256.000000 204.847280 97.131358 123.647396 0.000000 8.712603 86.834011 113.708671 256.000000 94.246701 218.007247 158.680782 64.000000 19.468903 214.793338 156.727135 256.000000 215.547647 128.542578 235.036542 64.000000 12.929073 129.595065 233.668667 256.000000 238.914633
211.438422 92.413407 0.000000 9.220300 210.231958 92.555300 256.000000 193.578980 251.487049 168.241820 0.000000 17.498349 251.134169 173.416991 256.000000 178.795521 0.759205 124.842229 64.000000 22.773238 3.003635 123.273302 256.000000 211.460253 221.158256 61.079231 0.000000 22.966852 219.548600 52.459160 256.000000 180.946781
220.037436 104.144455 0.000000 8.828771 218.720665 105.204156 256.000000 213.228589 95.252076 178.146189 64.000000 14.800669 110.103438 183.832047 256.000000 182.646277 150.261444 135.037089 64.000000 17.696265 152.972191 129.767804 256.000000 194.968694 160.492353 96.864829 64.000000 8.940637 158.702976 94.929796 256.000000 219.858772
125.411202 196.619989 0.000000 27.265069 104.847927 174.459042 256.000000 180.529437 31.448375 145.875038 64.000000 12.752669 35.608893 161.461855 256.000000 204.051314 49.181336 6.356822 64.000000 44.337469 56.718927 14.377571 256.000000 208.220455 232.940276 74.030638 0.000000 28.775254 234.763895 78.459965 256.000000 176.454950
86.283084 141.135038 64.000000 18.341643 92.205804 139.043787 256.000000 179.711958 154.347838 0.117642 0.000000 11.741577 153.650155 0.258273 256.000000 240.549591 62.805493 109.171671 0.000000 30.642547 70.815905 110.043958 256.000000 193.251988 156.519542 39.945578 0.000000 19.103189 162.890389 40.997333 256.000000 201.005129
241.878653 17.982529 0.000000 34.196429 248.820229 50.991020 256.000000 203.126272 80.150800 175.101975 0.000000 10.313140 78.341776 173.541649 256.000000 204.916120 46.500498 175.315664 0.000000 19.137609 44.624291 172.764165 256.000000 203.427448 72.851393 78.399947 64.000000 18.935391 72.151607 77.001513 256.000000 172.987119
136.866431 149.208924 64.000000 25.914078 146.826480 154.420891 256.000000 175.284665 102.931384 77.274182 0.000000 24.369473 107.969600 94.147275 256.000000 181.273773 121.439378 83.610747 64.000000 25.862448 143.434827 80.808938 256.000000 193.393971 249.932540 108.032533 0.000000 23.685373 238.233515 95.532425 256.000000 204.386910
107.520362 144.229575 0.000000 11.496333 104.147911 148.984304 256.000000 207.566472 101.149678 160.731042 0.000000 26.920868 101.025478 157.371724 256.000000 208.470002 166.875347 141.037698 64.000000 13.221644 165.744995 146.174991 256.000000 197.890105 216.164249 217.116024 64.000000 9.616132 216.903836 218.334036 256.000000 109.301218
190.410535 147.751309 64.000000 8.725511 189.476100 145.567827 256.000000 105.489185 19.555016 150.279467 64.000000 29.024800 38.358589 148.564651 256.000000 180.882243 80.549687 141.099809 64.000000 10.717577 84.348731 139.336745 256.000000 213.228589 158.241089 69.845636 0.000000 10.915493 160.329569 72.852760 256.000000 193.807013
133.735115 159.934975 0.000000 9.689275 127.439238 161.790525 256.000000 181.420058 193.582393 45.900551 64.000000 11.978216 201.045182 50.032525 256.000000 194.073770 127.431787 217.638062 64.000000 24.279120 124.697931 214.475560 256.000000 178.395387 197.608556 99.061744 64.000000 15.415929 204.734556 93.179307 256.000000 188.519216
95.602705 122.644484 0.000000 9.659157 95.901935 125.776865 256.000000 223.262065 137.109793 208.146373 0.000000 23.698280 138.186573 200.077907 256.000000 188.420258 180.286484 126.127756 64.000000 19.309710 174.115351 127.473687 256.000000 177.797336 10.290525 47.337922 64.000000 12.795694 11.252536 49.205485 256.000000 191.909602
