134.766342 196.945396 64.000000 15.811761 123.928895 187.021413 256.000000 190.317670 89.328615 42.451384 0.000000 16.870181 85.327062 43.445869 256.000000 201.951684 31.448375 145.875038 64.000000 12.752669 35.608893 161.461855 256.000000 204.051314 218.007247 158.680782 64.000000 19.468903 214.793338 156.727135 256.000000 215.547647
145.398047 132.712855 64.000000 22.325776 155.105951 173.031856 256.000000 218.753024 86.876915 56.298458 0.000000 14.142383 89.542938 54.951578 256.000000 216.068252 63.052587 90.789802 0.000000 11.285510 63.526338 86.364618 256.000000 194.495417 112.739487 238.072965 64.000000 10.859560 112.674298 237.664931 256.000000 211.593631
52.025629 23.996267 0.000000 21.366314 53.404905 24.760740 256.000000 197.989063 81.171109 83.708209 64.000000 29.360396 89.957036 86.692031 256.000000 211.301060 34.979487 153.004015 0.000000 11.332838 35.886291 154.316987 256.000000 215.138908 78.414085 69.671393 64.000000 24.851356 115.854440 46.867929 256.000000 168.551221
127.431787 217.638062 64.000000 24.279120 124.697931 214.475560 256.000000 178.395387 221.332527 9.003945 0.000000 13.182921 218.667038 8.938707 256.000000 210.160892 211.438422 92.413407 0.000000 9.220300 210.231958 92.555300 256.000000 193.578980 99.499864 198.093869 64.000000 24.644835 104.240993 200.557831 256.000000 192.400089
135.695196 146.066649 0.000000 15.243828 133.594191 132.969507 256.000000 177.100328 125.479418 208.138349 0.000000 27.084363 123.487931 196.825856 256.000000 188.514914 83.174911 100.027915 64.000000 30.806043 79.253035 103.870655 256.000000 198.759214 242.483962 246.554522 0.000000 16.026887 244.870047 244.434229 256.000000 182.031016
49.181336 6.356822 64.000000 44.337469 56.718927 14.377571 256.000000 208.220455 226.699633 188.045673 0.000000 12.830115 223.249225 186.533375 256.000000 198.032088 62.805493 109.171671 0.000000 30.642547 70.815905 110.043958 256.000000 193.251988 154.034162 106.774400 64.000000 22.829171 59.911891 118.967993 256.000000 191.969837
156.335213 82.360798 0.000000 14.142383 158.102155 86.371567 256.000000 200.118810 172.541075 88.183251 0.000000 18.853643 170.282347 91.082345 256.000000 201.525734 84.069073 172.402064 0.000000 22.949642 94.474484 171.967676 256.000000 194.723450 155.789513 166.940378 64.000000 12.563358 151.289589 171.975507 256.000000 193.604795
200.249318 76.074064 0.000000 14.564030 197.305358 78.566500 256.000000 208.332321 147.581189 3.716871 64.000000 10.115225 146.902164 5.534582 256.000000 205.221599 147.519409 7.291756 0.000000 9.844166 145.644609 6.364147 256.000000 213.585698 46.882945 138.046076 64.000000 13.213039 49.091925 139.894651 256.000000 204.326675
216.164249 217.116024 64.000000 9.616132 216.903836 218.334036 256.000000 109.301218 143.578153 81.436651 0.000000 15.269643 134.163831 105.475307 256.000000 215.078672 38.665900 96.179075 0.000000 13.875627 41.274293 100.904440 256.000000 213.886874 3.321891 115.442184 0.000000 9.573107 4.542760 114.466235 256.000000 209.072354
59.144749 113.108471 64.000000 22.059020 63.932436 112.055858 256.000000 197.257634 83.420480 203.227987 64.000000 14.465072 87.733027 199.914818 256.000000 224.931443 202.870918 199.596547 64.000000 25.604297 206.945180 194.506973 256.000000 189.857300 32.397576 195.624747 64.000000 11.866350 36.561318 207.888596 256.000000 213.904084
116.127456 101.249909 64.000000 29.097943 111.874909 104.772855 256.000000 183.747722 89.633585 87.480233 0.000000 11.341443 91.253569 87.541900 256.000000 202.304490 205.804580 147.464944 0.000000 18.909575 198.244245 145.286931 256.000000 195.140795 168.860942 153.854440 64.000000 12.029846 164.673345 156.839122 256.000000 206.340254
61.214936 108.870595 0.000000 14.749039 66.276145 108.594696 256.000000 188.824695 153.141673 172.921407 0.000000 21.301777 144.288344 193.876715 256.000000 186.802511 98.858775 183.133025 0.000000 21.405037 98.757887 177.834404 256.000000 203.530709 69.825724 184.523496 0.000000 9.598922 29.673556 209.092820 256.000000 191.746106
0.759205 124.842229 64.000000 22.773238 3.003635 123.273302 256.000000 211.460253 189.598718 128.861029 64.000000 13.307694 190.199047 133.133949 256.000000 121.576308 61.279953 128.471460 0.000000 8.669578 64.296060 126.888640 256.000000 195.433366 119.449267 77.279480 64.000000 11.122014 124.695293 73.116491 256.000000 201.947381
228.323022 137.350064 64.000000 12.485913 226.252064 138.552735 256.000000 205.548590 229.217964 176.271109 64.000000 24.511456 227.547549 178.169227 256.000000 223.696620 116.356880 54.001275 0.000000 17.197172 118.014285 56.008680 256.000000 197.081231 221.158256 61.079231 0.000000 22.966852 219.548600 52.459160 256.000000 180.946781
163.599385 234.262220 64.000000 11.031661 163.236105 234.303918 256.000000 220.727881 68.459491 151.184562 64.000000 29.575522 58.686936 161.242715 256.000000 191.840762 13.184431 95.582987 64.000000 12.756972 6.482278 90.788529 256.000000 198.251517 95.602705 122.644484 0.000000 9.659157 95.901935 125.776865 256.000000 223.262065
56.743882 148.705325 0.000000 26.490616 70.396416 161.595824 256.000000 186.978914 91.057040 158.967644 64.000000 14.761946 60.975860 185.558982 256.000000 197.193097 122.293347 140.568245 0.000000 10.171157 137.887015 125.862104 256.000000 211.107446 125.912238 206.241640 0.000000 9.839863 127.189216 205.750904 256.000000 202.175415
241.766182 177.723951 0.000000 26.864935 237.990824 172.658245 256.000000 173.989606 75.613071 140.973844 64.000000 20.282079 78.444833 131.483158 256.000000 188.768762 205.008438 22.661560 64.000000 22.205306 203.670367 6.239025 256.000000 233.897895 25.374164 211.871807 0.000000 31.382581 44.729487 206.471291 256.000000 199.869264
180.286484 126.127756 64.000000 19.309710 174.115351 127.473687 256.000000 177.797336 10.290525 47.337922 64.000000 12.795694 11.252536 49.205485 256.000000 191.909602 141.807884 162.971385 64.000000 15.807458 144.887660 158.679796 256.000000 198.199886 242.014962 138.141818 0.000000 30.483354 240.605002 133.986144 256.000000 233.175071
226.499173 227.692507 64.000000 8.669578 232.540307 233.292531 256.000000 210.169497 163.150858 243.437129 0.000000 16.646450 156.690025 245.009055 256.000000 178.589000 21.303882 248.240451 64.000000 30.311253 26.499015 247.883367 256.000000 190.876997 75.423020 109.856489 64.000000 29.554010 83.632980 107.060293 256.000000 176.536698
201.212260 24.124073 64.000000 10.343258 204.050402 24.306540 256.000000 185.318141 236.357647 119.574196 0.000000 13.604568 231.932647 116.368542 256.000000 199.357264 176.465649 14.550098 0.000000 15.162080 195.420009 20.738265 256.000000 183.717604 80.549687 141.099809 64.000000 10.717577 84.348731 139.336745 256.000000 213.228589
182.251904 144.985589 64.000000 17.231593 182.647522 136.080396 256.000000 198.199886 249.932540 108.032533 0.000000 23.685373 238.233515 95.532425 256.000000 204.386910 232.940276 74.030638 0.000000 28.775254 234.763895 78.459965 256.000000 176.454950 242.476353 183.360176 64.000000 25.070784 242.111522 186.653009 256.000000 219.148856
107.520362 144.229575 0.000000 11.496333 104.147911 148.984304 256.000000 207.566472 114.124618 94.987031 64.000000 11.195157 112.729107 80.313073 256.000000 205.811044 215.797969 175.667122 64.000000 13.862719 213.744456 181.002275 256.000000 225.477863 24.336753 251.527735 0.000000 34.187824 28.042065 203.339758 256.000000 185.249301
183.495415 25.921336 64.000000 19.318315 180.603971 28.129345 256.000000 183.919822 19.217700 51.144642 64.000000 25.419288 22.519847 52.887855 256.000000 184.474848 5.475822 71.200076 64.000000 22.945339 19.541575 78.685098 256.000000 186.561570 112.214185 53.882325 0.000000 12.124501 111.469749 56.996860 256.000000 190.347787
139.661978 99.530927 0.000000 13.311997 138.212015 103.349464 256.000000 223.459981 51.989064 176.776155 0.000000 12.421375 48.542873 172.441504 256.000000 208.224758 172.055884 65.186911 64.000000 26.378750 175.620756 65.590853 256.000000 178.791219 149.581216 124.489018 64.000000 14.508097 141.900135 133.414431 256.000000 204.584826
214.673625 116.180422 0.000000 8.880401 213.251096 115.300165 256.000000 185.227789 26.707018 234.410709 0.000000 16.031190 32.238580 240.887373 256.000000 228.894064 113.144362 132.873573 64.000000 16.891694 112.713316 138.824989 256.000000 176.639959 232.225540 216.508793 64.000000 23.943524 230.165389 214.698698 256.000000 201.848423
173.275993 127.407580 64.000000 10.166855 173.455944 130.553958 256.000000 215.306706 11.690698 30.017344 64.000000 15.020097 13.703104 32.013811 256.000000 214.773193 142.426031 198.257318 64.000000 26.667019 133.293996 189.950551 256.000000 174.351018 250.386975 118.993425 64.000000 9.710788 236.166615 121.590209 256.000000 197.119954
247.974198 173.978955 0.000000 17.679055 225.672549 178.219613 256.000000 196.823080 65.071200 74.177149 64.000000 10.468031 62.983118 72.181973 256.000000 211.942135 173.496855 235.124065 64.000000 19.430180 175.110907 233.345285 256.000000 180.688630 151.611007 76.407242 64.000000 13.152804 147.900480 76.685198 256.000000 213.688958
243.251875 31.932613 64.000000 20.673609 251.442133 36.772064 256.000000 226.497560 39.412125 74.858145 64.000000 11.431796 43.365975 74.353936 256.000000 188.579452 4.975264 235.616335 0.000000 23.947826 5.298224 234.048029 256.000000 203.565129 95.806622 77.457055 0.000000 21.809474 76.647991 89.250916 256.000000 200.635113
16.838285 132.036955 64.000000 25.849540 13.668529 142.139007 256.000000 201.250373 130.471951 127.094142 0.000000 13.126989 122.983105 124.787887 256.000000 222.969494 185.623298 12.696413 0.000000 9.487057 186.273191 14.686304 256.000000 203.255347 230.523762 241.940880 64.000000 16.409811 230.736782 242.000445 256.000000 208.921766
105.148696 149.493700 0.000000 20.901642 110.848365 157.789342 256.000000 190.821065 215.426973 220.469171 64.000000 33.662916 237.977882 155.888051 256.000000 185.834444 203.718551 243.114018 0.000000 13.376535 202.208089 243.696120 256.000000 197.864290 254.250833 160.867809 0.000000 19.774382 250.598891 164.087498 256.000000 189.487283
214.477093 187.594927 0.000000 13.019426 212.639580 186.553120 256.000000 222.582267 137.781882 85.631447 0.000000 15.063123 142.839582 100.425320 256.000000 198.294542 146.996135 222.173722 64.000000 17.240198 147.692467 221.196716 256.000000 209.257363 77.104365 165.246015 64.000000 13.875627 79.559524 161.605011 256.000000 175.968765
163.443496 126.710002 64.000000 18.707357 161.034811 134.661645 256.000000 197.098441 127.726309 176.587396 64.000000 18.651424 130.105571 182.028125 256.000000 196.255147 244.281578 241.481924 64.000000 8.617948 245.937345 239.752313 256.000000 199.172256 110.108105 168.823282 0.000000 11.225275 113.839153 176.875400 256.000000 192.417299
