80.425578 83.297724 0.000000 17.403693 84.012189 68.411231 256.000000 194.013534 92.233429 24.334887 0.000000 33.482211 87.793565 25.288493 256.000000 181.613672 51.989064 176.776155 0.000000 12.421375 48.542873 172.441504 256.000000 208.224758 244.281578 241.481924 64.000000 8.617948 245.937345 239.752313 256.000000 199.172256
139.671791 166.465327 64.000000 17.463929 114.557653 169.058229 256.000000 192.055888 52.025629 23.996267 0.000000 21.366314 53.404905 24.760740 256.000000 197.989063 84.069073 172.402064 0.000000 22.949642 94.474484 171.967676 256.000000 194.723450 137.781882 85.631447 0.000000 15.063123 142.839582 100.425320 256.000000 198.294542
156.519542 39.945578 0.000000 19.103189 162.890389 40.997333 256.000000 201.005129 20.408245 116.194851 0.000000 24.434011 19.764678 121.562116 256.000000 201.022339 102.931384 77.274182 0.000000 24.369473 107.969600 94.147275 256.000000 181.273773 96.455300 85.788498 64.000000 16.525979 96.924075 86.182931 256.000000 206.654338
151.688622 191.776884 64.000000 10.919796 153.947185 189.563693 256.000000 202.739045 209.389145 247.521013 64.000000 13.294787 216.015018 241.053276 256.000000 214.996924 136.866431 149.208924 64.000000 25.914078 146.826480 154.420891 256.000000 175.284665 160.492353 96.864829 64.000000 8.940637 158.702976 94.929796 256.000000 219.858772
233.847667 156.242378 0.000000 22.945339 229.830840 158.681198 256.000000 184.014478 140.937625 102.242178 64.000000 18.251290 62.825211 201.724871 256.000000 210.470673 23.205404 228.157555 0.000000 9.349376 18.785169 224.265911 256.000000 190.842577 215.321569 147.469813 0.000000 11.552266 225.567658 155.674429 256.000000 194.779383
245.387820 178.433704 64.000000 9.603225 246.140827 178.076567 256.000000 222.401561 12.008318 52.097178 64.000000 12.094384 12.520333 52.844200 256.000000 195.588257 20.178844 184.901949 64.000000 18.126517 23.487018 184.392729 256.000000 186.324931 135.823575 116.366851 64.000000 12.709644 136.610971 130.992304 256.000000 191.388997
34.186280 74.428233 64.000000 18.393273 36.447744 74.123869 256.000000 205.484053 77.104365 165.246015 64.000000 13.875627 79.559524 161.605011 256.000000 175.968765 71.454400 27.200287 64.000000 19.589374 58.400931 36.605833 256.000000 182.241840 116.356880 54.001275 0.000000 17.197172 118.014285 56.008680 256.000000 197.081231
219.611731 88.726020 64.000000 12.386955 214.935411 90.343189 256.000000 194.370644 48.066036 162.538315 0.000000 17.472534 50.255035 162.840351 256.000000 215.668118 96.860973 75.416084 64.000000 20.419760 93.538622 92.909287 256.000000 191.819249 177.782431 108.227484 64.000000 32.144127 83.381244 253.469804 256.000000 190.115451
213.902495 121.429505 64.000000 22.566717 211.378358 122.326876 256.000000 221.149528 167.541716 171.119316 0.000000 29.239926 166.489509 167.093138 256.000000 170.814347 204.718140 210.863485 64.000000 12.219157 203.061029 213.058045 256.000000 214.570975 134.208551 149.948307 64.000000 13.858417 138.407640 155.851262 256.000000 179.707655
152.838184 198.653700 64.000000 8.725511 151.530295 198.456009 256.000000 231.836988 153.832438 228.541145 64.000000 9.241813 152.426378 229.309398 256.000000 201.947381 45.335309 209.237675 0.000000 26.129204 45.149922 206.963291 256.000000 193.114308 182.251904 144.985589 64.000000 17.231593 182.647522 136.080396 256.000000 198.199886
87.967845 112.426865 0.000000 9.581712 88.000095 111.932460 256.000000 192.615215 166.875347 141.037698 64.000000 13.221644 165.744995 146.174991 256.000000 197.890105 163.443496 126.710002 64.000000 18.707357 161.034811 134.661645 256.000000 197.098441 5.128476 227.793340 64.000000 28.439657 7.034771 225.051600 256.000000 192.451720
204.005069 218.920389 0.000000 30.784531 193.263525 224.804671 256.000000 181.983688 254.737865 201.967660 0.000000 10.351863 253.565200 203.836771 256.000000 205.058103 232.940276 74.030638 0.000000 28.775254 234.763895 78.459965 256.000000 176.454950 83.174911 100.027915 64.000000 30.806043 79.253035 103.870655 256.000000 198.759214
180.286484 126.127756 64.000000 19.309710 174.115351 127.473687 256.000000 177.797336 119.449267 77.279480 64.000000 11.122014 124.695293 73.116491 256.000000 201.947381 241.878653 17.982529 0.000000 34.196429 248.820229 50.991020 256.000000 203.126272 31.775711 235.704156 64.000000 19.012836 42.004176 236.324147 256.000000 201.177230
126.014489 111.979644 64.000000 9.568804 123.157635 108.053549 256.000000 219.062806 38.665900 96.179075 0.000000 13.875627 41.274293 100.904440 256.000000 213.886874 150.703193 195.764449 0.000000 26.623994 136.300825 197.064984 256.000000 182.547319 125.926802 38.606647 0.000000 8.979359 134.269018 37.679684 256.000000 225.697292
121.439378 83.610747 64.000000 25.862448 143.434827 80.808938 256.000000 193.393971 52.671727 244.890036 64.000000 26.963893 54.662155 242.777291 256.000000 203.479078 95.252076 178.146189 64.000000 14.800669 110.103438 183.832047 256.000000 182.646277 4.975264 235.616335 0.000000 23.947826 5.298224 234.048029 256.000000 203.565129
80.183273 116.141805 0.000000 9.310653 83.184691 112.105660 256.000000 212.587513 138.530662 113.588798 0.000000 16.160265 136.215342 121.908413 256.000000 196.831685 222.357396 153.320347 0.000000 8.691090 224.402025 155.204929 256.000000 208.478607 109.602216 55.962840 64.000000 9.758115 110.443453 55.918507 256.000000 217.767747
31.448375 145.875038 64.000000 12.752669 35.608893 161.461855 256.000000 204.051314 34.979487 153.004015 0.000000 11.332838 35.886291 154.316987 256.000000 215.138908 158.241089 69.845636 0.000000 10.915493 160.329569 72.852760 256.000000 193.807013 101.149678 160.731042 0.000000 26.920868 101.025478 157.371724 256.000000 208.470002
26.707018 234.410709 0.000000 16.031190 32.238580 240.887373 256.000000 228.894064 98.858775 183.133025 0.000000 21.405037 98.757887 177.834404 256.000000 203.530709 125.411202 196.619989 0.000000 27.265069 104.847927 174.459042 256.000000 180.529437 236.792856 140.279795 0.000000 18.216870 234.338522 140.567236 256.000000 212.785429
35.334865 64.230816 64.000000 20.570348 40.027289 24.457991 256.000000 197.842777 40.101191 58.827013 64.000000 13.419560 32.506489 59.397144 256.000000 204.283650 88.629162 11.733729 64.000000 14.482282 93.400533 11.213736 256.000000 225.374603 203.970862 161.399482 0.000000 14.120871 205.360985 204.222764 256.000000 212.837059
162.172047 160.553169 64.000000 17.691962 159.388807 159.277358 256.000000 202.119482 59.144749 113.108471 64.000000 22.059020 63.932436 112.055858 256.000000 197.257634 197.608556 99.061744 64.000000 15.415929 204.734556 93.179307 256.000000 188.519216 10.793773 49.654893 0.000000 20.243357 11.678707 52.922887 256.000000 228.855341
213.979302 115.696102 64.000000 9.099830 210.851313 121.205482 256.000000 209.997396 163.150858 243.437129 0.000000 16.646450 156.690025 245.009055 256.000000 178.589000 226.499173 227.692507 64.000000 8.669578 232.540307 233.292531 256.000000 210.169497 16.953198 187.973922 64.000000 27.656599 20.910393 185.633595 256.000000 173.266783
228.323022 137.350064 64.000000 12.485913 226.252064 138.552735 256.000000 205.548590 211.420645 166.746942 0.000000 14.710316 205.803733 185.269371 256.000000 222.259578 11.658691 38.268318 0.000000 35.969067 17.821771 55.932809 256.000000 195.424761 13.177869 2.308776 64.000000 13.058148 14.161195 2.308845 320.000000 197.416828
168.860942 153.854440 64.000000 12.029846 164.673345 156.839122 256.000000 206.340254 146.996135 222.173722 64.000000 17.240198 147.692467 221.196716 256.000000 209.257363 249.932540 108.032533 0.000000 23.685373 238.233515 95.532425 256.000000 204.386910 251.487049 168.241820 0.000000 17.498349 251.134169 173.416991 256.000000 178.795521
173.275993 127.407580 64.000000 10.166855 173.455944 130.553958 256.000000 215.306706 130.471951 127.094142 0.000000 13.126989 122.983105 124.787887 256.000000 222.969494 19.382369 45.410675 64.000000 34.248059 31.821280 42.883104 256.000000 178.730983 218.007247 158.680782 64.000000 19.468903 214.793338 156.727135 256.000000 215.547647
86.876915 56.298458 0.000000 14.142383 89.542938 54.951578 256.000000 216.068252 116.127456 101.249909 64.000000 29.097943 111.874909 104.772855 256.000000 183.747722 250.386975 118.993425 64.000000 9.710788 236.166615 121.590209 256.000000 197.119954 47.918060 127.199882 0.000000 9.542989 48.829758 125.518405 256.000000 227.564585
83.420480 203.227987 64.000000 14.465072 87.733027 199.914818 256.000000 224.931443 48.712489 249.308982 0.000000 13.565846 38.666671 250.934667 256.000000 201.345028 46.500498 175.315664 0.000000 19.137609 44.624291 172.764165 256.000000 203.427448 25.536045 231.257016 64.000000 14.977072 24.842707 229.115778 256.000000 194.990206
114.642255 56.752698 64.000000 14.865207 117.727560 57.147116 256.000000 190.416628 65.646075 82.044855 0.000000 8.665275 46.015955 84.040045 256.000000 209.149800 132.071855 152.258053 64.000000 11.922283 132.006025 159.097322 256.000000 208.599077 128.438615 45.325280 64.000000 8.858889 131.110093 45.254576 256.000000 115.264511
56.743882 148.705325 0.000000 26.490616 70.396416 161.595824 256.000000 186.978914 160.030358 195.722078 64.000000 15.631055 155.953105 194.103058 256.000000 196.035719 16.463420 118.681147 0.000000 17.537072 17.592951 121.945467 256.000000 201.026642 63.052587 90.789802 0.000000 11.285510 63.526338 86.364618 256.000000 194.495417
86.283084 141.135038 64.000000 18.341643 92.205804 139.043787 256.000000 179.711958 159.134376 145.149464 64.000000 25.453708 153.100298 139.506036 256.000000 178.408294 19.217700 51.144642 64.000000 25.419288 22.519847 52.887855 256.000000 184.474848 236.822369 130.455711 64.000000 21.534113 235.640631 130.182053 256.000000 193.282106
24.591825 208.906858 0.000000 14.929744 26.320402 213.047851 256.000000 192.576493 95.602705 122.644484 0.000000 9.659157 95.901935 125.776865 256.000000 223.262065 38.684391 194.496145 0.000000 17.304735 40.593571 196.339996 256.000000 200.278003 75.613071 140.973844 64.000000 20.282079 78.444833 131.483158 256.000000 188.768762
216.164249 217.116024 64.000000 9.616132 216.903836 218.334036 256.000000 109.301218 142.426031 198.257318 64.000000 26.667019 133.293996 189.950551 256.000000 174.351018 211.438422 92.413407 0.000000 9.220300 210.231958 92.555300 256.000000 193.578980 97.131358 123.647396 0.000000 8.712603 86.834011 113.708671 256.000000 94.246701
89.328615 42.451384 0.000000 16.870181 85.327062 43.445869 256.000000 201.951684 30.678715 240.146905 64.000000 19.847525 34.675942 240.595035 256.000000 191.913905 51.690775 99.905480 0.000000 12.025543 45.103507 98.574427 256.000000 206.267111 122.186395 167.711140 0.000000 11.423191 124.748175 165.718613 256.000000 204.847280
