234.879135 214.958369 0.000000 22.325776 229.887165 209.216438 256.000000 179.393571 168.860942 153.854440 64.000000 12.029846 164.673345 156.839122 256.000000 206.340254 4.975264 235.616335 0.000000 23.947826 5.298224 234.048029 256.000000 203.565129 219.611731 88.726020 64.000000 12.386955 214.935411 90.343189 256.000000 194.370644
135.823575 116.366851 64.000000 12.709644 136.610971 130.992304 256.000000 191.388997 0.213856 67.069547 0.000000 29.726111 17.086047 63.462300 256.000000 176.127959 203.718551 243.114018 0.000000 13.376535 202.208089 243.696120 256.000000 197.864290 232.225540 216.508793 64.000000 23.943524 230.165389 214.698698 256.000000 201.848423
21.131915 203.724051 64.000000 10.782115 18.588718 196.492522 256.000000 199.942407 69.825724 184.523496 0.000000 9.598922 29.673556 209.092820 256.000000 191.746106 14.839115 196.960822 64.000000 31.382581 44.922420 201.801380 256.000000 184.900797 201.212260 24.124073 64.000000 10.343258 204.050402 24.306540 256.000000 185.318141
236.822369 130.455711 64.000000 21.534113 235.640631 130.182053 256.000000 193.282106 215.797969 175.667122 64.000000 13.862719 213.744456 181.002275 256.000000 225.477863 205.804580 147.464944 0.000000 18.909575 198.244245 145.286931 256.000000 195.140795 62.276587 87.066440 0.000000 9.887191 63.741009 85.069460 256.000000 222.638200
86.349020 203.090116 64.000000 19.765777 74.008447 198.879233 256.000000 191.604123 70.070638 242.141776 0.000000 10.429308 77.212300 240.603205 256.000000 223.916048 188.714256 241.902289 64.000000 21.710516 185.063824 233.289162 256.000000 179.062277 244.281578 241.481924 64.000000 8.617948 245.937345 239.752313 256.000000 199.172256
159.023522 129.616389 0.000000 8.871796 160.692916 135.025815 256.000000 204.842977 131.372747 159.092858 64.000000 10.136737 126.602225 157.175713 256.000000 194.895551 119.527636 134.127185 64.000000 9.478452 123.189615 134.600256 256.000000 191.337367 78.414085 69.671393 64.000000 24.851356 115.854440 46.867929 256.000000 168.551221
173.741716 238.008704 0.000000 12.481611 176.024469 237.367849 256.000000 115.565687 241.766182 177.723951 0.000000 26.864935 237.990824 172.658245 256.000000 173.989606 160.492353 96.864829 64.000000 8.940637 158.702976 94.929796 256.000000 219.858772 213.979302 115.696102 64.000000 9.099830 210.851313 121.205482 256.000000 209.997396
159.084387 122.960051 0.000000 13.897140 157.347173 128.694353 256.000000 181.729840 63.052587 90.789802 0.000000 11.285510 63.526338 86.364618 256.000000 194.495417 107.520362 144.229575 0.000000 11.496333 104.147911 148.984304 256.000000 207.566472 25.374164 211.871807 0.000000 31.382581 44.729487 206.471291 256.000000 199.869264
24.591825 208.906858 0.000000 14.929744 26.320402 213.047851 256.000000 192.576493 53.357320 254.128693 64.000000 11.143527 51.326769 253.314678 256.000000 245.127472 204.718140 210.863485 64.000000 12.219157 203.061029 213.058045 256.000000 214.570975 113.963196 148.232962 64.000000 23.685373 109.860096 151.484805 256.000000 200.570575
116.127456 101.249909 64.000000 29.097943 111.874909 104.772855 256.000000 183.747722 236.357647 119.574196 0.000000 13.604568 231.932647 116.368542 256.000000 199.357264 237.191520 189.637004 64.000000 10.179762 237.836162 188.889240 256.000000 208.538842 174.979762 67.771660 0.000000 26.107691 130.432909 137.394933 256.000000 192.283921
244.000284 252.903869 0.000000 21.581440 249.554773 250.536218 256.000000 199.340054 114.136187 59.596880 0.000000 14.374719 103.428216 66.235960 256.000000 181.480294 95.252076 178.146189 64.000000 14.800669 110.103438 183.832047 256.000000 182.646277 113.841813 70.531367 64.000000 34.648194 113.573978 71.047967 256.000000 181.475991
189.807155 160.806511 0.000000 14.516702 188.176502 156.840209 256.000000 202.205532 165.487013 172.445424 64.000000 15.222316 163.384671 172.114022 256.000000 212.316454 48.066036 162.538315 0.000000 17.472534 50.255035 162.840351 256.000000 215.668118 79.745751 119.264524 0.000000 20.755356 86.694700 90.687985 256.000000 234.758399
211.420645 166.746942 0.000000 14.710316 205.803733 185.269371 256.000000 222.259578 177.782431 108.227484 64.000000 32.144127 83.381244 253.469804 256.000000 190.115451 251.593015 161.420018 64.000000 10.184065 249.704282 172.858204 256.000000 194.572862 204.005069 218.920389 0.000000 30.784531 193.263525 224.804671 256.000000 181.983688
57.584815 61.432673 0.000000 21.267356 61.937669 66.249331 256.000000 195.373131 80.619129 6.607289 0.000000 18.879458 83.058913 8.954367 256.000000 215.375546 179.972122 44.313996 64.000000 8.798653 173.390011 26.622276 256.000000 195.011719 254.737865 201.967660 0.000000 10.351863 253.565200 203.836771 256.000000 205.058103
128.300764 92.673962 64.000000 23.655255 135.324298 98.837133 256.000000 207.583682 182.251904 144.985589 64.000000 17.231593 182.647522 136.080396 256.000000 198.199886 252.446495 9.965069 0.000000 23.668163 248.500378 12.214602 256.000000 198.587113 232.452244 126.138802 64.000000 12.404165 231.090945 126.011745 256.000000 202.097969
49.181336 6.356822 64.000000 44.337469 56.718927 14.377571 256.000000 208.220455 113.144362 132.873573 64.000000 16.891694 112.713316 138.824989 256.000000 176.639959 68.459491 151.184562 64.000000 29.575522 58.686936 161.242715 256.000000 191.840762 155.976829 29.654073 0.000000 13.492703 187.883956 23.789220 256.000000 190.253132
141.807884 162.971385 64.000000 15.807458 144.887660 158.679796 256.000000 198.199886 132.071855 152.258053 64.000000 11.922283 132.006025 159.097322 256.000000 208.599077 241.878653 17.982529 0.000000 34.196429 248.820229 50.991020 256.000000 203.126272 80.183273 116.141805 0.000000 9.310653 83.184691 112.105660 256.000000 212.587513
137.781882 85.631447 0.000000 15.063123 142.839582 100.425320 256.000000 198.294542 222.357396 153.320347 0.000000 8.691090 224.402025 155.204929 256.000000 208.478607 20.408245 116.194851 0.000000 24.434011 19.764678 121.562116 256.000000 201.022339 65.071200 74.177149 64.000000 10.468031 62.983118 72.181973 256.000000 211.942135
67.101680 148.799635 64.000000 12.167527 67.497125 150.982829 256.000000 207.626708 254.250833 160.867809 0.000000 19.774382 250.598891 164.087498 256.000000 189.487283 216.164249 217.116024 64.000000 9.616132 216.903836 218.334036 256.000000 109.301218 38.361689 249.343564 64.000000 26.985405 41.071573 236.731149 256.000000 176.726009
185.623298 12.696413 0.000000 9.487057 186.273191 14.686304 256.000000 203.255347 220.789827 146.497524 64.000000 10.885376 221.685622 151.641151 256.000000 198.328962 96.860973 75.416084 64.000000 20.419760 93.538622 92.909287 256.000000 191.819249 147.519409 7.291756 0.000000 9.844166 145.644609 6.364147 256.000000 213.585698
130.471951 127.094142 0.000000 13.126989 122.983105 124.787887 256.000000 222.969494 202.610338 128.370720 64.000000 27.351120 193.241442 127.226040 256.000000 181.639487 12.008318 52.097178 64.000000 12.094384 12.520333 52.844200 256.000000 195.588257 129.375465 194.191344 0.000000 12.146014 134.519027 194.210411 256.000000 192.240896
209.370871 84.399162 64.000000 16.263526 203.234867 75.016273 256.000000 236.139508 248.933269 138.734656 0.000000 16.784131 251.773707 133.032716 256.000000 193.785501 99.952522 220.033129 0.000000 11.005846 104.475229 223.416585 256.000000 184.831957 162.172047 160.553169 64.000000 17.691962 159.388807 159.277358 256.000000 202.119482
135.695196 146.066649 0.000000 15.243828 133.594191 132.969507 256.000000 177.100328 134.766342 196.945396 64.000000 15.811761 123.928895 187.021413 256.000000 190.317670 26.707018 234.410709 0.000000 16.031190 32.238580 240.887373 256.000000 228.894064 212.760298 168.427440 64.000000 24.395288 203.228618 171.164849 256.000000 189.534611
71.454400 27.200287 64.000000 19.589374 58.400931 36.605833 256.000000 182.241840 95.602705 122.644484 0.000000 9.659157 95.901935 125.776865 256.000000 223.262065 96.455300 85.788498 64.000000 16.525979 96.924075 86.182931 256.000000 206.654338 10.793773 49.654893 0.000000 20.243357 11.678707 52.922887 256.000000 228.855341
32.397576 195.624747 64.000000 11.866350 36.561318 207.888596 256.000000 213.904084 19.382369 45.410675 64.000000 34.248059 31.821280 42.883104 256.000000 178.730983 52.025629 23.996267 0.000000 21.366314 53.404905 24.760740 256.000000 197.989063 19.217700 51.144642 64.000000 25.419288 22.519847 52.887855 256.000000 184.474848
213.902495 121.429505 64.000000 22.566717 211.378358 122.326876 256.000000 221.149528 205.008438 22.661560 64.000000 22.205306 203.670367 6.239025 256.000000 233.897895 62.805493 109.171671 0.000000 30.642547 70.815905 110.043958 256.000000 193.251988 137.109793 208.146373 0.000000 23.698280 138.186573 200.077907 256.000000 188.420258
251.487049 168.241820 0.000000 17.498349 251.134169 173.416991 256.000000 178.795521 116.356880 54.001275 0.000000 17.197172 118.014285 56.008680 256.000000 197.081231 160.030358 195.722078 64.000000 15.631055 155.953105 194.103058 256.000000 196.035719 151.688622 191.776884 64.000000 10.919796 153.947185 189.563693 256.000000 202.739045
172.055884 65.186911 64.000000 26.378750 175.620756 65.590853 256.000000 178.791219 159.134376 145.149464 64.000000 25.453708 153.100298 139.506036 256.000000 178.408294 153.141673 172.921407 0.000000 21.301777 144.288344 193.876715 256.000000 186.802511 30.300762 145.774153 64.000000 19.116096 35.206982 148.986531 256.000000 196.375618
163.150858 243.437129 0.000000 16.646450 156.690025 245.009055 256.000000 178.589000 172.541075 88.183251 0.000000 18.853643 170.282347 91.082345 256.000000 201.525734 196.599416 193.126322 0.000000 14.353207 198.340140 189.991231 256.000000 189.108662 125.479418 208.138349 0.000000 27.084363 123.487931 196.825856 256.000000 188.514914
124.632027 237.712309 64.000000 24.752398 110.734278 227.046416 256.000000 201.405264 138.530662 113.588798 0.000000 16.160265 136.215342 121.908413 256.000000 196.831685 139.661978 99.530927 0.000000 13.311997 138.212015 103.349464 256.000000 223.459981 5.475822 71.200076 64.000000 22.945339 19.541575 78.685098 256.000000 186.561570
19.555016 150.279467 64.000000 29.024800 38.358589 148.564651 256.000000 180.882243 80.425578 83.297724 0.000000 17.403693 84.012189 68.411231 256.000000 194.013534 140.772315 42.559236 64.000000 9.762418 140.900498 43.698138 256.000000 195.411853 111.224100 106.039056 64.000000 12.034148 111.882440 103.936175 256.000000 203.930843
202.870918 199.596547 64.000000 25.604297 206.945180 194.506973 256.000000 189.857300 229.217964 176.271109 64.000000 24.511456 227.547549 178.169227 256.000000 223.696620 77.104365 165.246015 64.000000 13.875627 79.559524 161.605011 256.000000 175.968765 86.876915 56.298458 0.000000 14.142383 89.542938 54.951578 256.000000 216.068252
