125.063093 255.071811 0.000000 10.949913 132.128344 254.871644 256.000000 215.332521 122.293347 140.568245 0.000000 10.171157 137.887015 125.862104 256.000000 211.107446 166.875347 141.037698 64.000000 13.221644 165.744995 146.174991 256.000000 197.890105 13.184431 95.582987 64.000000 12.756972 6.482278 90.788529 256.000000 198.251517
215.426973 220.469171 64.000000 33.662916 237.977882 155.888051 256.000000 185.834444 159.249473 97.968289 0.000000 9.039595 156.190480 94.609418 256.000000 202.523919 251.487049 168.241820 0.000000 17.498349 251.134169 173.416991 256.000000 178.795521 216.164249 217.116024 64.000000 9.616132 216.903836 218.334036 256.000000 109.301218
124.632027 237.712309 64.000000 24.752398 110.734278 227.046416 256.000000 201.405264 91.057040 158.967644 64.000000 14.761946 60.975860 185.558982 256.000000 197.193097 31.018265 233.952073 64.000000 8.772838 31.262253 234.101220 256.000000 117.080174 96.629015 110.193282 64.000000 24.928801 102.133218 112.437611 256.000000 182.495688
13.177869 2.308776 64.000000 13.058148 14.161195 2.308845 320.000000 197.416828 209.370871 84.399162 64.000000 16.263526 203.234867 75.016273 256.000000 236.139508 16.838285 132.036955 64.000000 25.849540 13.668529 142.139007 256.000000 201.250373 51.690775 99.905480 0.000000 12.025543 45.103507 98.574427 256.000000 206.267111
122.348864 236.240822 64.000000 18.496533 126.320722 237.461691 256.000000 208.035447 130.372940 97.067664 0.000000 16.599122 126.305342 109.735415 256.000000 193.359551 144.263205 27.349629 0.000000 16.457139 146.370369 27.495925 256.000000 232.835172 67.101680 148.799635 64.000000 12.167527 67.497125 150.982829 256.000000 207.626708
24.591825 208.906858 0.000000 14.929744 26.320402 213.047851 256.000000 192.576493 222.357396 153.320347 0.000000 8.691090 224.402025 155.204929 256.000000 208.478607 211.420645 166.746942 0.000000 14.710316 205.803733 185.269371 256.000000 222.259578 143.578153 81.436651 0.000000 15.269643 134.163831 105.475307 256.000000 215.078672
96.337191 138.078849 0.000000 16.762618 98.404333 147.072882 256.000000 228.493930 62.276587 87.066440 0.000000 9.887191 63.741009 85.069460 256.000000 222.638200 172.541075 88.183251 0.000000 18.853643 170.282347 91.082345 256.000000 201.525734 151.688622 191.776884 64.000000 10.919796 153.947185 189.563693 256.000000 202.739045
109.602216 55.962840 64.000000 9.758115 110.443453 55.918507 256.000000 217.767747 87.531891 170.166273 0.000000 8.794351 78.865378 175.520807 256.000000 206.422002 254.737865 201.967660 0.000000 10.351863 253.565200 203.836771 256.000000 205.058103 249.932540 108.032533 0.000000 23.685373 238.233515 95.532425 256.000000 204.386910
155.789513 166.940378 64.000000 12.563358 151.289589 171.975507 256.000000 193.604795 205.008438 22.661560 64.000000 22.205306 203.670367 6.239025 256.000000 233.897895 95.602705 122.644484 0.000000 9.659157 95.901935 125.776865 256.000000 223.262065 5.475822 71.200076 64.000000 22.945339 19.541575 78.685098 256.000000 186.561570
151.611007 76.407242 64.000000 13.152804 147.900480 76.685198 256.000000 213.688958 146.996135 222.173722 64.000000 17.240198 147.692467 221.196716 256.000000 209.257363 128.542578 235.036542 64.000000 12.929073 129.595065 233.668667 256.000000 238.914633 212.086804 45.130265 0.000000 20.600466 208.382031 45.639645 256.000000 192.081703
130.471951 127.094142 0.000000 13.126989 122.983105 124.787887 256.000000 222.969494 203.970862 161.399482 0.000000 14.120871 205.360985 204.222764 256.000000 212.837059 252.446495 9.965069 0.000000 23.668163 248.500378 12.214602 256.000000 198.587113 68.459491 151.184562 64.000000 29.575522 58.686936 161.242715 256.000000 191.840762
136.866431 149.208924 64.000000 25.914078 146.826480 154.420891 256.000000 175.284665 25.374164 211.871807 0.000000 31.382581 44.729487 206.471291 256.000000 199.869264 13.366398 118.106451 64.000000 9.525779 15.258835 115.129825 256.000000 207.807413 134.208551 149.948307 64.000000 13.858417 138.407640 155.851262 256.000000 179.707655
102.931384 77.274182 0.000000 24.369473 107.969600 94.147275 256.000000 181.273773 79.745751 119.264524 0.000000 20.755356 86.694700 90.687985 256.000000 234.758399 32.397576 195.624747 64.000000 11.866350 36.561318 207.888596 256.000000 213.904084 180.286484 126.127756 64.000000 19.309710 174.115351 127.473687 256.000000 177.797336
57.584815 61.432673 0.000000 21.267356 61.937669 66.249331 256.000000 195.373131 30.300762 145.774153 64.000000 19.116096 35.206982 148.986531 256.000000 196.375618 128.438615 45.325280 64.000000 8.858889 131.110093 45.254576 256.000000 115.264511 11.690698 30.017344 64.000000 15.020097 13.703104 32.013811 256.000000 214.773193
226.699633 188.045673 0.000000 12.830115 223.249225 186.533375 256.000000 198.032088 34.186280 74.428233 64.000000 18.393273 36.447744 74.123869 256.000000 205.484053 153.141673 172.921407 0.000000 21.301777 144.288344 193.876715 256.000000 186.802511 28.342365 112.689140 0.000000 15.902114 31.557482 114.406718 256.000000 197.197399
86.876915 56.298458 0.000000 14.142383 89.542938 54.951578 256.000000 216.068252 128.300764 92.673962 64.000000 23.655255 135.324298 98.837133 256.000000 207.583682 219.611731 88.726020 64.000000 12.386955 214.935411 90.343189 256.000000 194.370644 234.879135 214.958369 0.000000 22.325776 229.887165 209.216438 256.000000 179.393571
200.600256 109.667718 64.000000 8.703998 212.895582 114.115505 256.000000 108.118025 210.260715 178.212551 64.000000 14.942652 210.400416 177.836418 256.000000 187.753368 31.775711 235.704156 64.000000 19.012836 42.004176 236.324147 256.000000 201.177230 153.832438 228.541145 64.000000 9.241813 152.426378 229.309398 256.000000 201.947381
80.150800 175.101975 0.000000 10.313140 78.341776 173.541649 256.000000 204.916120 162.172047 160.553169 64.000000 17.691962 159.388807 159.277358 256.000000 202.119482 34.979487 153.004015 0.000000 11.332838 35.886291 154.316987 256.000000 215.138908 80.549687 141.099809 64.000000 10.717577 84.348731 139.336745 256.000000 213.228589
84.069073 172.402064 0.000000 22.949642 94.474484 171.967676 256.000000 194.723450 183.495415 25.921336 64.000000 19.318315 180.603971 28.129345 256.000000 183.919822 133.735115 159.934975 0.000000 9.689275 127.439238 161.790525 256.000000 181.420058 160.492353 96.864829 64.000000 8.940637 158.702976 94.929796 256.000000 219.858772
179.972122 44.313996 64.000000 8.798653 173.390011 26.622276 256.000000 195.011719 98.858775 183.133025 0.000000 21.405037 98.757887 177.834404 256.000000 203.530709 111.278922 96.811504 0.000000 9.603225 95.376098 92.989356 256.000000 105.480580 30.678715 240.146905 64.000000 19.847525 34.675942 240.595035 256.000000 191.913905
154.347838 0.117642 0.000000 11.741577 153.650155 0.258273 256.000000 240.549591 221.332527 9.003945 0.000000 13.182921 218.667038 8.938707 256.000000 210.160892 114.642255 56.752698 64.000000 14.865207 117.727560 57.147116 256.000000 190.416628 236.357647 119.574196 0.000000 13.604568 231.932647 116.368542 256.000000 199.357264
174.400913 78.832218 64.000000 8.699695 170.940216 82.224282 256.000000 209.575749 148.688284 106.385678 0.000000 10.037779 148.573755 109.585905 256.000000 204.597734 146.937142 90.403724 0.000000 26.124901 149.641009 84.323620 256.000000 185.331049 26.707018 234.410709 0.000000 16.031190 32.238580 240.887373 256.000000 228.894064
113.841813 70.531367 64.000000 34.648194 113.573978 71.047967 256.000000 181.475991 242.483962 246.554522 0.000000 16.026887 244.870047 244.434229 256.000000 182.031016 163.443496 126.710002 64.000000 18.707357 161.034811 134.661645 256.000000 197.098441 80.183273 116.141805 0.000000 9.310653 83.184691 112.105660 256.000000 212.587513
127.726309 176.587396 64.000000 18.651424 130.105571 182.028125 256.000000 196.255147 24.336753 251.527735 0.000000 34.187824 28.042065 203.339758 256.000000 185.249301 159.556442 67.883762 64.000000 9.788233 157.360900 69.745911 256.000000 192.150543 175.471164 170.251064 64.000000 16.844366 172.310782 175.362545 256.000000 202.222743
105.148696 149.493700 0.000000 20.901642 110.848365 157.789342 256.000000 190.821065 69.825724 184.523496 0.000000 9.598922 29.673556 209.092820 256.000000 191.746106 88.367082 103.884687 64.000000 24.455524 86.245096 105.234082 256.000000 192.176358 147.519409 7.291756 0.000000 9.844166 145.644609 6.364147 256.000000 213.585698
122.186395 167.711140 0.000000 11.423191 124.748175 165.718613 256.000000 204.847280 134.391773 61.114367 64.000000 12.081476 139.326440 66.200885 256.000000 208.685128 117.344433 211.118564 0.000000 10.954216 110.208836 210.964782 256.000000 219.807142 97.131358 123.647396 0.000000 8.712603 86.834011 113.708671 256.000000 94.246701
70.070638 242.141776 0.000000 10.429308 77.212300 240.603205 256.000000 223.916048 12.008318 52.097178 64.000000 12.094384 12.520333 52.844200 256.000000 195.588257 23.205404 228.157555 0.000000 9.349376 18.785169 224.265911 256.000000 190.842577 101.149678 160.731042 0.000000 26.920868 101.025478 157.371724 256.000000 208.470002
116.356880 54.001275 0.000000 17.197172 118.014285 56.008680 256.000000 197.081231 150.703193 195.764449 0.000000 26.623994 136.300825 197.064984 256.000000 182.547319 163.150858 243.437129 0.000000 16.646450 156.690025 245.009055 256.000000 178.589000 126.203849 109.491215 0.000000 21.452365 148.248804 119.509069 256.000000 197.347987
65.071200 74.177149 64.000000 10.468031 62.983118 72.181973 256.000000 211.942135 40.101191 58.827013 64.000000 13.419560 32.506489 59.397144 256.000000 204.283650 114.124618 94.987031 64.000000 11.195157 112.729107 80.313073 256.000000 205.811044 228.182107 147.323915 64.000000 25.475221 221.352016 105.703787 256.000000 215.526134
96.860973 75.416084 64.000000 20.419760 93.538622 92.909287 256.000000 191.819249 197.608556 99.061744 64.000000 15.415929 204.734556 93.179307 256.000000 188.519216 193.582393 45.900551 64.000000 11.978216 201.045182 50.032525 256.000000 194.073770 125.479418 208.138349 0.000000 27.084363 123.487931 196.825856 256.000000 188.514914
204.005069 218.920389 0.000000 30.784531 193.263525 224.804671 256.000000 181.983688 110.108105 168.823282 0.000000 11.225275 113.839153 176.875400 256.000000 192.417299 144.487707 225.936520 0.000000 15.007190 143.867787 224.443711 256.000000 174.961976 236.822369 130.455711 64.000000 21.534113 235.640631 130.182053 256.000000 193.282106
189.598718 128.861029 64.000000 13.307694 190.199047 133.133949 256.000000 121.576308 232.452244 126.138802 64.000000 12.404165 231.090945 126.011745 256.000000 202.097969 113.144362 132.873573 64.000000 16.891694 112.713316 138.824989 256.000000 176.639959 176.132931 53.115349 64.000000 13.256064 174.406844 54.087362 256.000000 194.138307
