113.144362 132.873573 64.000000 16.891694 112.713316 138.824989 256.000000 176.639959 25.536045 231.257016 64.000000 14.977072 24.842707 229.115778 256.000000 194.990206 244.281578 241.481924 64.000000 8.617948 245.937345 239.752313 256.000000 199.172256 203.718551 243.114018 0.000000 13.376535 202.208089 243.696120 256.000000 197.864290
245.387820 178.433704 64.000000 9.603225 246.140827 178.076567 256.000000 222.401561 211.420645 166.746942 0.000000 14.710316 205.803733 185.269371 256.000000 222.259578 96.629015 110.193282 64.000000 24.928801 102.133218 112.437611 256.000000 182.495688 151.611007 76.407242 64.000000 13.152804 147.900480 76.685198 256.000000 213.688958
152.838184 198.653700 64.000000 8.725511 151.530295 198.456009 256.000000 231.836988 236.822369 130.455711 64.000000 21.534113 235.640631 130.182053 256.000000 193.282106 88.367082 103.884687 64.000000 24.455524 86.245096 105.234082 256.000000 192.176358 130.372940 97.067664 0.000000 16.599122 126.305342 109.735415 256.000000 193.359551
11.690698 30.017344 64.000000 15.020097 13.703104 32.013811 256.000000 214.773193 175.471164 170.251064 64.000000 16.844366 172.310782 175.362545 256.000000 202.222743 89.633585 87.480233 0.000000 11.341443 91.253569 87.541900 256.000000 202.304490 62.276587 87.066440 0.000000 9.887191 63.741009 85.069460 256.000000 222.638200
203.970862 161.399482 0.000000 14.120871 205.360985 204.222764 256.000000 212.837059 119.527636 134.127185 64.000000 9.478452 123.189615 134.600256 256.000000 191.337367 5.128476 227.793340 64.000000 28.439657 7.034771 225.051600 256.000000 192.451720 24.336753 251.527735 0.000000 34.187824 28.042065 203.339758 256.000000 185.249301
52.901075 21.329045 0.000000 29.562615 53.132793 25.951507 256.000000 206.607010 188.714256 241.902289 64.000000 21.710516 185.063824 233.289162 256.000000 179.062277 62.802509 61.758045 0.000000 19.275290 69.257476 60.469600 256.000000 179.815218 114.642255 56.752698 64.000000 14.865207 117.727560 57.147116 256.000000 190.416628
139.671791 166.465327 64.000000 17.463929 114.557653 169.058229 256.000000 192.055888 86.349020 203.090116 64.000000 19.765777 74.008447 198.879233 256.000000 191.604123 158.241089 69.845636 0.000000 10.915493 160.329569 72.852760 256.000000 193.807013 20.178844 184.901949 64.000000 18.126517 23.487018 184.392729 256.000000 186.324931
200.600256 109.667718 64.000000 8.703998 212.895582 114.115505 256.000000 108.118025 99.952522 220.033129 0.000000 11.005846 104.475229 223.416585 256.000000 184.831957 98.858775 183.133025 0.000000 21.405037 98.757887 177.834404 256.000000 203.530709 136.866431 149.208924 64.000000 25.914078 146.826480 154.420891 256.000000 175.284665
150.261444 135.037089 64.000000 17.696265 152.972191 129.767804 256.000000 194.968694 215.797969 175.667122 64.000000 13.862719 213.744456 181.002275 256.000000 225.477863 86.876915 56.298458 0.000000 14.142383 89.542938 54.951578 256.000000 216.068252 33.083382 226.967515 64.000000 21.994482 37.522969 229.748047 256.000000 197.485668
47.918060 127.199882 0.000000 9.542989 48.829758 125.518405 256.000000 227.564585 213.902495 121.429505 64.000000 22.566717 211.378358 122.326876 256.000000 221.149528 146.996135 222.173722 64.000000 17.240198 147.692467 221.196716 256.000000 209.257363 65.646075 82.044855 0.000000 8.665275 46.015955 84.040045 256.000000 209.149800
135.719175 182.733887 0.000000 9.401006 150.992104 178.422731 256.000000 203.014406 48.712489 249.308982 0.000000 13.565846 38.666671 250.934667 256.000000 201.345028 137.109793 208.146373 0.000000 23.698280 138.186573 200.077907 256.000000 188.420258 128.542578 235.036542 64.000000 12.929073 129.595065 233.668667 256.000000 238.914633
130.471951 127.094142 0.000000 13.126989 122.983105 124.787887 256.000000 222.969494 121.605042 209.451160 0.000000 18.122214 133.948185 196.507885 256.000000 201.319213 99.499864 198.093869 64.000000 24.644835 104.240993 200.557831 256.000000 192.400089 167.541716 171.119316 0.000000 29.239926 166.489509 167.093138 256.000000 170.814347
205.804580 147.464944 0.000000 18.909575 198.244245 145.286931 256.000000 195.140795 125.926802 38.606647 0.000000 8.979359 134.269018 37.679684 256.000000 225.697292 177.782431 108.227484 64.000000 32.144127 83.381244 253.469804 256.000000 190.115451 23.205404 228.157555 0.000000 9.349376 18.785169 224.265911 256.000000 190.842577
136.030371 67.114991 64.000000 19.955088 132.569736 68.326940 256.000000 188.562242 19.382369 45.410675 64.000000 34.248059 31.821280 42.883104 256.000000 178.730983 61.214936 108.870595 0.000000 14.749039 66.276145 108.594696 256.000000 188.824695 98.363329 94.150315 64.000000 8.897611 96.407531 88.024047 256.000000 208.986304
156.335213 82.360798 0.000000 14.142383 158.102155 86.371567 256.000000 200.118810 183.495415 25.921336 64.000000 19.318315 180.603971 28.129345 256.000000 183.919822 96.455300 85.788498 64.000000 16.525979 96.924075 86.182931 256.000000 206.654338 165.487013 172.445424 64.000000 15.222316 163.384671 172.114022 256.000000 212.316454
93.207173 124.513975 64.000000 19.920668 84.794665 117.278607 256.000000 200.325331 84.069073 172.402064 0.000000 22.949642 94.474484 171.967676 256.000000 194.723450 13.366398 118.106451 64.000000 9.525779 15.258835 115.129825 256.000000 207.807413 89.328615 42.451384 0.000000 16.870181 85.327062 43.445869 256.000000 201.951684
153.832438 228.541145 64.000000 9.241813 152.426378 229.309398 256.000000 201.947381 112.563218 147.537635 64.000000 17.502651 57.748167 249.657535 256.000000 200.815818 215.321569 147.469813 0.000000 11.552266 225.567658 155.674429 256.000000 194.779383 116.356880 54.001275 0.000000 17.197172 118.014285 56.008680 256.000000 197.081231
144.263205 27.349629 0.000000 16.457139 146.370369 27.495925 256.000000 232.835172 111.278922 96.811504 0.000000 9.603225 95.376098 92.989356 256.000000 105.480580 48.066036 162.538315 0.000000 17.472534 50.255035 162.840351 256.000000 215.668118 25.374164 211.871807 0.000000 31.382581 44.729487 206.471291 256.000000 199.869264
20.408245 116.194851 0.000000 24.434011 19.764678 121.562116 256.000000 201.022339 163.599385 234.262220 64.000000 11.031661 163.236105 234.303918 256.000000 220.727881 125.063093 255.071811 0.000000 10.949913 132.128344 254.871644 256.000000 215.332521 83.420480 203.227987 64.000000 14.465072 87.733027 199.914818 256.000000 224.931443
88.629162 11.733729 64.000000 14.482282 93.400533 11.213736 256.000000 225.374603 128.076585 81.631755 0.000000 8.734116 137.999467 78.865504 256.000000 197.520088 153.141673 172.921407 0.000000 21.301777 144.288344 193.876715 256.000000 186.802511 96.479527 84.293962 64.000000 36.803756 126.346998 74.581889 256.000000 194.895551
87.531891 170.166273 0.000000 8.794351 78.865378 175.520807 256.000000 206.422002 5.475822 71.200076 64.000000 22.945339 19.541575 78.685098 256.000000 186.561570 22.668156 235.240664 64.000000 27.157506 28.671622 228.812038 256.000000 195.416156 102.931384 77.274182 0.000000 24.369473 107.969600 94.147275 256.000000 181.273773
228.688136 55.396816 0.000000 11.341443 222.897065 57.954793 256.000000 199.525062 159.494609 166.646175 64.000000 11.186552 157.940918 166.403667 256.000000 210.036119 247.084153 102.046967 64.000000 13.402350 246.351371 101.882244 256.000000 210.285665 75.423020 109.856489 64.000000 29.554010 83.632980 107.060293 256.000000 176.536698
113.963196 148.232962 64.000000 23.685373 109.860096 151.484805 256.000000 200.570575 212.086804 45.130265 0.000000 20.600466 208.382031 45.639645 256.000000 192.081703 29.592920 78.329302 0.000000 10.743392 29.929142 86.111253 256.000000 190.683384 35.334865 64.230816 64.000000 20.570348 40.027289 24.457991 256.000000 197.842777
255.223775 186.165238 64.000000 9.865678 235.215347 206.805958 256.000000 113.367099 214.673625 116.180422 0.000000 8.880401 213.251096 115.300165 256.000000 185.227789 123.312531 106.986289 0.000000 15.588030 138.986162 132.300600 256.000000 190.704896 248.933269 138.734656 0.000000 16.784131 251.773707 133.032716 256.000000 193.785501
19.555016 150.279467 64.000000 29.024800 38.358589 148.564651 256.000000 180.882243 248.356625 110.175640 0.000000 14.198316 252.138198 119.693495 256.000000 216.842705 173.741716 238.008704 0.000000 12.481611 176.024469 237.367849 256.000000 115.565687 126.014489 111.979644 64.000000 9.568804 123.157635 108.053549 256.000000 219.062806
47.895138 98.163633 64.000000 14.645778 44.142169 82.872253 256.000000 203.960961 244.000284 252.903869 0.000000 21.581440 249.554773 250.536218 256.000000 199.340054 179.358493 246.967867 64.000000 13.268972 196.956667 255.598835 256.000000 198.526878 177.104045 98.824253 0.000000 16.048400 171.943107 113.839929 256.000000 204.911818
224.024745 148.918920 0.000000 19.782987 220.852493 151.479504 256.000000 201.968894 116.127456 101.249909 64.000000 29.097943 111.874909 104.772855 256.000000 183.747722 163.150858 243.437129 0.000000 16.646450 156.690025 245.009055 256.000000 178.589000 101.149678 160.731042 0.000000 26.920868 101.025478 157.371724 256.000000 208.470002
113.841813 70.531367 64.000000 34.648194 113.573978 71.047967 256.000000 181.475991 146.937142 90.403724 0.000000 26.124901 149.641009 84.323620 256.000000 185.331049 156.519542 39.945578 0.000000 19.103189 162.890389 40.997333 256.000000 201.005129 80.619129 6.607289 0.000000 18.879458 83.058913 8.954367 256.000000 215.375546
160.030358 195.722078 64.000000 15.631055 155.953105 194.103058 256.000000 196.035719 185.623298 12.696413 0.000000 9.487057 186.273191 14.686304 256.000000 203.255347 21.131915 203.724051 64.000000 10.782115 18.588718 196.492522 256.000000 199.942407 10.290525 47.337922 64.000000 12.795694 11.252536 49.205485 256.000000 191.909602
31.775711 235.704156 64.000000 19.012836 42.004176 236.324147 256.000000 201.177230 63.052587 90.789802 0.000000 11.285510 63.526338 86.364618 256.000000 194.495417 250.871565 77.941122 0.000000 17.360668 251.623171 70.110264 256.000000 159.365341 128.300764 92.673962 64.000000 23.655255 135.324298 98.837133 256.000000 207.583682
142.402875 114.516822 64.000000 10.334653 137.825442 114.987200 256.000000 216.231748 110.108105 168.823282 0.000000 11.225275 113.839153 176.875400 256.000000 192.417299 127.726309 176.587396 64.000000 18.651424 130.105571 182.028125 256.000000 196.255147 215.426973 220.469171 64.000000 33.662916 237.977882 155.888051 256.000000 185.834444
10.793773 49.654893 0.000000 20.243357 11.678707 52.922887 256.000000 228.855341 137.781882 85.631447 0.000000 15.063123 142.839582 100.425320 256.000000 198.294542 155.789513 166.940378 64.000000 12.563358 151.289589 171.975507 256.000000 193.604795 131.372747 159.092858 64.000000 10.136737 126.602225 157.175713 256.000000 194.895551
