98.858775 183.133025 0.000000 21.405037 98.757887 177.834404 256.000000 203.530709 107.520362 144.229575 0.000000 11.496333 104.147911 148.984304 256.000000 207.566472 146.996135 222.173722 64.000000 17.240198 147.692467 221.196716 256.000000 209.257363 30.300762 145.774153 64.000000 19.116096 35.206982 148.986531 256.000000 196.375618
156.918849 242.731002 64.000000 15.850484 155.167302 243.228160 256.000000 211.292455 241.766182 177.723951 0.000000 26.864935 237.990824 172.658245 256.000000 173.989606 247.974198 173.978955 0.000000 17.679055 225.672549 178.219613 256.000000 196.823080 247.358700 106.247207 0.000000 9.043897 245.721600 108.167540 256.000000 209.562842
112.214185 53.882325 0.000000 12.124501 111.469749 56.996860 256.000000 190.347787 31.018265 233.952073 64.000000 8.772838 31.262253 234.101220 256.000000 117.080174 183.495415 25.921336 64.000000 19.318315 180.603971 28.129345 256.000000 183.919822 128.542578 235.036542 64.000000 12.929073 129.595065 233.668667 256.000000 238.914633
211.438422 92.413407 0.000000 9.220300 210.231958 92.555300 256.000000 193.578980 38.665900 96.179075 0.000000 13.875627 41.274293 100.904440 256.000000 213.886874 117.344433 211.118564 0.000000 10.954216 110.208836 210.964782 256.000000 219.807142 123.312531 106.986289 0.000000 15.588030 138.986162 132.300600 256.000000 190.704896
151.688622 191.776884 64.000000 10.919796 153.947185 189.563693 256.000000 202.739045 132.071855 152.258053 64.000000 11.922283 132.006025 159.097322 256.000000 208.599077 163.150858 243.437129 0.000000 16.646450 156.690025 245.009055 256.000000 178.589000 122.186395 167.711140 0.000000 11.423191 124.748175 165.718613 256.000000 204.847280
78.414085 69.671393 64.000000 24.851356 115.854440 46.867929 256.000000 168.551221 176.465649 14.550098 0.000000 15.162080 195.420009 20.738265 256.000000 183.717604 203.718551 243.114018 0.000000 13.376535 202.208089 243.696120 256.000000 197.864290 242.476353 183.360176 64.000000 25.070784 242.111522 186.653009 256.000000 219.148856
126.203849 109.491215 0.000000 21.452365 148.248804 119.509069 256.000000 197.347987 174.979762 67.771660 0.000000 26.107691 130.432909 137.394933 256.000000 192.283921 62.265200 82.093745 64.000000 16.956231 62.604165 81.888442 256.000000 185.438612 244.281578 241.481924 64.000000 8.617948 245.937345 239.752313 256.000000 199.172256
114.222889 142.448000 64.000000 9.495662 113.626882 145.994324 256.000000 200.290911 125.926802 38.606647 0.000000 8.979359 134.269018 37.679684 256.000000 225.697292 51.690775 99.905480 0.000000 12.025543 45.103507 98.574427 256.000000 206.267111 140.937625 102.242178 64.000000 18.251290 62.825211 201.724871 256.000000 210.470673
113.144362 132.873573 64.000000 16.891694 112.713316 138.824989 256.000000 176.639959 159.249473 97.968289 0.000000 9.039595 156.190480 94.609418 256.000000 202.523919 24.591825 208.906858 0.000000 14.929744 26.320402 213.047851 256.000000 192.576493 98.363329 94.150315 64.000000 8.897611 96.407531 88.024047 256.000000 208.986304
151.611007 76.407242 64.000000 13.152804 147.900480 76.685198 256.000000 213.688958 59.144749 113.108471 64.000000 22.059020 63.932436 112.055858 256.000000 197.257634 243.251875 31.932613 64.000000 20.673609 251.442133 36.772064 256.000000 226.497560 87.967845 112.426865 0.000000 9.581712 88.000095 111.932460 256.000000 192.615215
93.207173 124.513975 64.000000 19.920668 84.794665 117.278607 256.000000 200.325331 147.519409 7.291756 0.000000 9.844166 145.644609 6.364147 256.000000 213.585698 172.541075 88.183251 0.000000 18.853643 170.282347 91.082345 256.000000 201.525734 201.212260 24.124073 64.000000 10.343258 204.050402 24.306540 256.000000 185.318141
89.633585 87.480233 0.000000 11.341443 91.253569 87.541900 256.000000 202.304490 172.055884 65.186911 64.000000 26.378750 175.620756 65.590853 256.000000 178.791219 38.684391 194.496145 0.000000 17.304735 40.593571 196.339996 256.000000 200.278003 209.389145 247.521013 64.000000 13.294787 216.015018 241.053276 256.000000 214.996924
41.854135 118.148262 0.000000 12.335325 31.333796 110.463356 256.000000 207.880556 99.499864 198.093869 64.000000 24.644835 104.240993 200.557831 256.000000 192.400089 122.348864 236.240822 64.000000 18.496533 126.320722 237.461691 256.000000 208.035447 53.357320 254.128693 64.000000 11.143527 51.326769 253.314678 256.000000 245.127472
25.374164 211.871807 0.000000 31.382581 44.729487 206.471291 256.000000 199.869264 149.581216 124.489018 64.000000 14.508097 141.900135 133.414431 256.000000 204.584826 80.183273 116.141805 0.000000 9.310653 83.184691 112.105660 256.000000 212.587513 177.104045 98.824253 0.000000 16.048400 171.943107 113.839929 256.000000 204.911818
72.851393 78.399947 64.000000 18.935391 72.151607 77.001513 256.000000 172.987119 134.766342 196.945396 64.000000 15.811761 123.928895 187.021413 256.000000 190.317670 29.592920 78.329302 0.000000 10.743392 29.929142 86.111253 256.000000 190.683384 48.712489 249.308982 0.000000 13.565846 38.666671 250.934667 256.000000 201.345028
79.745751 119.264524 0.000000 20.755356 86.694700 90.687985 256.000000 234.758399 24.336753 251.527735 0.000000 34.187824 28.042065 203.339758 256.000000 185.249301 58.242033 26.862020 64.000000 19.322617 58.621407 22.102998 256.000000 192.322644 112.563218 147.537635 64.000000 17.502651 57.748167 249.657535 256.000000 200.815818
114.642255 56.752698 64.000000 14.865207 117.727560 57.147116 256.000000 190.416628 222.357396 153.320347 0.000000 8.691090 224.402025 155.204929 256.000000 208.478607 31.448375 145.875038 64.000000 12.752669 35.608893 161.461855 256.000000 204.051314 96.455300 85.788498 64.000000 16.525979 96.924075 86.182931 256.000000 206.654338
80.619129 6.607289 0.000000 18.879458 83.058913 8.954367 256.000000 215.375546 141.807884 162.971385 64.000000 15.807458 144.887660 158.679796 256.000000 198.199886 10.296031 191.566895 0.000000 16.642147 0.512402 192.762247 256.000000 195.910946 174.400913 78.832218 64.000000 8.699695 170.940216 82.224282 256.000000 209.575749
215.426973 220.469171 64.000000 33.662916 237.977882 155.888051 256.000000 185.834444 25.536045 231.257016 64.000000 14.977072 24.842707 229.115778 256.000000 194.990206 130.471951 127.094142 0.000000 13.126989 122.983105 124.787887 256.000000 222.969494 111.278922 96.811504 0.000000 9.603225 95.376098 92.989356 256.000000 105.480580
162.172047 160.553169 64.000000 17.691962 159.388807 159.277358 256.000000 202.119482 179.972122 44.313996 64.000000 8.798653 173.390011 26.622276 256.000000 195.011719 83.174911 100.027915 64.000000 30.806043 79.253035 103.870655 256.000000 198.759214 146.937142 90.403724 0.000000 26.124901 149.641009 84.323620 256.000000 185.331049
32.397576 195.624747 64.000000 11.866350 36.561318 207.888596 256.000000 213.904084 213.979302 115.696102 64.000000 9.099830 210.851313 121.205482 256.000000 209.997396 154.034162 106.774400 64.000000 22.829171 59.911891 118.967993 256.000000 191.969837 250.871565 77.941122 0.000000 17.360668 251.623171 70.110264 256.000000 159.365341
222.651802 185.728584 0.000000 16.594820 221.290433 182.275284 256.000000 204.989263 109.602216 55.962840 64.000000 9.758115 110.443453 55.918507 256.000000 217.767747 62.802509 61.758045 0.000000 19.275290 69.257476 60.469600 256.000000 179.815218 89.328615 42.451384 0.000000 16.870181 85.327062 43.445869 256.000000 201.951684
209.370871 84.399162 64.000000 16.263526 203.234867 75.016273 256.000000 236.139508 153.832438 228.541145 64.000000 9.241813 152.426378 229.309398 256.000000 201.947381 150.703193 195.764449 0.000000 26.623994 136.300825 197.064984 256.000000 182.547319 197.608556 99.061744 64.000000 15.415929 204.734556 93.179307 256.000000 188.519216
23.205404 228.157555 0.000000 9.349376 18.785169 224.265911 256.000000 190.842577 80.150800 175.101975 0.000000 10.313140 78.341776 173.541649 256.000000 204.916120 3.321891 115.442184 0.000000 9.573107 4.542760 114.466235 256.000000 209.072354 51.989064 176.776155 0.000000 12.421375 48.542873 172.441504 256.000000 208.224758
215.797969 175.667122 64.000000 13.862719 213.744456 181.002275 256.000000 225.477863 177.782431 108.227484 64.000000 32.144127 83.381244 253.469804 256.000000 190.115451 119.527636 134.127185 64.000000 9.478452 123.189615 134.600256 256.000000 191.337367 139.671791 166.465327 64.000000 17.463929 114.557653 169.058229 256.000000 192.055888
63.052587 90.789802 0.000000 11.285510 63.526338 86.364618 256.000000 194.495417 158.241089 69.845636 0.000000 10.915493 160.329569 72.852760 256.000000 193.807013 65.071200 74.177149 64.000000 10.468031 62.983118 72.181973 256.000000 211.942135 127.431787 217.638062 64.000000 24.279120 124.697931 214.475560 256.000000 178.395387
30.006773 127.750493 64.000000 14.327392 30.466756 123.367369 256.000000 206.181061 113.841813 70.531367 64.000000 34.648194 113.573978 71.047967 256.000000 181.475991 156.335213 82.360798 0.000000 14.142383 158.102155 86.371567 256.000000 200.118810 34.979487 153.004015 0.000000 11.332838 35.886291 154.316987 256.000000 215.138908
251.487049 168.241820 0.000000 17.498349 251.134169 173.416991 256.000000 178.795521 132.472242 32.604187 64.000000 23.465944 130.459762 34.599413 256.000000 209.476791 166.875347 141.037698 64.000000 13.221644 165.744995 146.174991 256.000000 197.890105 216.164249 217.116024 64.000000 9.616132 216.903836 218.334036 256.000000 109.301218
134.208551 149.948307 64.000000 13.858417 138.407640 155.851262 256.000000 179.707655 30.678715 240.146905 64.000000 19.847525 34.675942 240.595035 256.000000 191.913905 57.584815 61.432673 0.000000 21.267356 61.937669 66.249331 256.000000 195.373131 133.928213 103.597215 64.000000 11.147829 126.918324 103.702533 256.000000 197.425433
39.412125 74.858145 64.000000 11.431796 43.365975 74.353936 256.000000 188.579452 83.420480 203.227987 64.000000 14.465072 87.733027 199.914818 256.000000 224.931443 70.070638 242.141776 0.000000 10.429308 77.212300 240.603205 256.000000 223.916048 143.578153 81.436651 0.000000 15.269643 134.163831 105.475307 256.000000 215.078672
125.912238 206.241640 0.000000 9.839863 127.189216 205.750904 256.000000 202.175415 248.356625 110.175640 0.000000 14.198316 252.138198 119.693495 256.000000 216.842705 189.598718 128.861029 64.000000 13.307694 190.199047 133.133949 256.000000 121.576308 45.335309 209.237675 0.000000 26.129204 45.149922 206.963291 256.000000 193.114308
126.014489 111.979644 64.000000 9.568804 123.157635 108.053549 256.000000 219.062806 152.838184 198.653700 64.000000 8.725511 151.530295 198.456009 256.000000 231.836988 155.976829 29.654073 0.000000 13.492703 187.883956 23.789220 256.000000 190.253132 144.263205 27.349629 0.000000 16.457139 146.370369 27.495925 256.000000 232.835172
