121.439378 83.610747 64.000000 25.862448 143.434827 80.808938 256.000000 193.393971 237.191520 189.637004 64.000000 10.179762 237.836162 188.889240 256.000000 208.538842 19.555016 150.279467 64.000000 29.024800 38.358589 148.564651 256.000000 180.882243 25.536045 231.257016 64.000000 14.977072 24.842707 229.115778 256.000000 194.990206
211.438422 92.413407 0.000000 9.220300 210.231958 92.555300 256.000000 193.578980 51.989064 176.776155 0.000000 12.421375 48.542873 172.441504 256.000000 208.224758 13.177869 2.308776 64.000000 13.058148 14.161195 2.308845 320.000000 197.416828 13.184431 95.582987 64.000000 12.756972 6.482278 90.788529 256.000000 198.251517
167.541716 171.119316 0.000000 29.239926 166.489509 167.093138 256.000000 170.814347 134.391773 61.114367 64.000000 12.081476 139.326440 66.200885 256.000000 208.685128 5.128476 227.793340 64.000000 28.439657 7.034771 225.051600 256.000000 192.451720 128.542578 235.036542 64.000000 12.929073 129.595065 233.668667 256.000000 238.914633
200.249318 76.074064 0.000000 14.564030 197.305358 78.566500 256.000000 208.332321 149.581216 124.489018 64.000000 14.508097 141.900135 133.414431 256.000000 204.584826 139.671791 166.465327 64.000000 17.463929 114.557653 169.058229 256.000000 192.055888 123.312531 106.986289 0.000000 15.588030 138.986162 132.300600 256.000000 190.704896
148.688284 106.385678 0.000000 10.037779 148.573755 109.585905 256.000000 204.597734 95.602705 122.644484 0.000000 9.659157 95.901935 125.776865 256.000000 223.262065 181.935165 229.201284 64.000000 11.427493 178.526205 230.063204 256.000000 204.163179 239.965158 6.193636 0.000000 24.171557 241.524524 6.497856 256.000000 184.156461
51.690775 99.905480 0.000000 12.025543 45.103507 98.574427 256.000000 206.267111 242.483962 246.554522 0.000000 16.026887 244.870047 244.434229 256.000000 182.031016 28.342365 112.689140 0.000000 15.902114 31.557482 114.406718 256.000000 197.197399 19.217700 51.144642 64.000000 25.419288 22.519847 52.887855 256.000000 184.474848
58.242033 26.862020 64.000000 19.322617 58.621407 22.102998 256.000000 192.322644 205.804580 147.464944 0.000000 18.909575 198.244245 145.286931 256.000000 195.140795 30.300762 145.774153 64.000000 19.116096 35.206982 148.986531 256.000000 196.375618 71.454400 27.200287 64.000000 19.589374 58.400931 36.605833 256.000000 182.241840
177.104045 98.824253 0.000000 16.048400 171.943107 113.839929 256.000000 204.911818 126.014489 111.979644 64.000000 9.568804 123.157635 108.053549 256.000000 219.062806 162.172047 160.553169 64.000000 17.691962 159.388807 159.277358 256.000000 202.119482 19.256284 186.761998 0.000000 20.415457 24.277160 190.433887 256.000000 194.899853
254.250833 160.867809 0.000000 19.774382 250.598891 164.087498 256.000000 189.487283 139.661978 99.530927 0.000000 13.311997 138.212015 103.349464 256.000000 223.459981 142.402875 114.516822 64.000000 10.334653 137.825442 114.987200 256.000000 216.231748 190.410535 147.751309 64.000000 8.725511 189.476100 145.567827 256.000000 105.489185
90.831824 206.829242 64.000000 11.104804 95.414738 214.578598 256.000000 211.924925 122.293347 140.568245 0.000000 10.171157 137.887015 125.862104 256.000000 211.107446 243.251875 31.932613 64.000000 20.673609 251.442133 36.772064 256.000000 226.497560 69.825724 184.523496 0.000000 9.598922 29.673556 209.092820 256.000000 191.746106
114.124618 94.987031 64.000000 11.195157 112.729107 80.313073 256.000000 205.811044 53.357320 254.128693 64.000000 11.143527 51.326769 253.314678 256.000000 245.127472 215.426973 220.469171 64.000000 33.662916 237.977882 155.888051 256.000000 185.834444 249.932540 108.032533 0.000000 23.685373 238.233515 95.532425 256.000000 204.386910
172.055884 65.186911 64.000000 26.378750 175.620756 65.590853 256.000000 178.791219 155.789513 166.940378 64.000000 12.563358 151.289589 171.975507 256.000000 193.604795 135.719175 182.733887 0.000000 9.401006 150.992104 178.422731 256.000000 203.014406 141.807884 162.971385 64.000000 15.807458 144.887660 158.679796 256.000000 198.199886
222.357396 153.320347 0.000000 8.691090 224.402025 155.204929 256.000000 208.478607 13.366398 118.106451 64.000000 9.525779 15.258835 115.129825 256.000000 207.807413 116.127456 101.249909 64.000000 29.097943 111.874909 104.772855 256.000000 183.747722 112.739487 238.072965 64.000000 10.859560 112.674298 237.664931 256.000000 211.593631
5.475822 71.200076 64.000000 22.945339 19.541575 78.685098 256.000000 186.561570 34.979487 153.004015 0.000000 11.332838 35.886291 154.316987 256.000000 215.138908 154.347838 0.117642 0.000000 11.741577 153.650155 0.258273 256.000000 240.549591 45.335309 209.237675 0.000000 26.129204 45.149922 206.963291 256.000000 193.114308
96.629015 110.193282 64.000000 24.928801 102.133218 112.437611 256.000000 182.495688 133.928213 103.597215 64.000000 11.147829 126.918324 103.702533 256.000000 197.425433 151.688622 191.776884 64.000000 10.919796 153.947185 189.563693 256.000000 202.739045 16.463420 118.681147 0.000000 17.537072 17.592951 121.945467 256.000000 201.026642
88.629162 11.733729 64.000000 14.482282 93.400533 11.213736 256.000000 225.374603 189.598718 128.861029 64.000000 13.307694 190.199047 133.133949 256.000000 121.576308 205.008438 22.661560 64.000000 22.205306 203.670367 6.239025 256.000000 233.897895 32.397576 195.624747 64.000000 11.866350 36.561318 207.888596 256.000000 213.904084
0.759205 124.842229 64.000000 22.773238 3.003635 123.273302 256.000000 211.460253 150.261444 135.037089 64.000000 17.696265 152.972191 129.767804 256.000000 194.968694 78.414085 69.671393 64.000000 24.851356 115.854440 46.867929 256.000000 168.551221 96.455300 85.788498 64.000000 16.525979 96.924075 86.182931 256.000000 206.654338
3.321891 115.442184 0.000000 9.573107 4.542760 114.466235 256.000000 209.072354 153.141673 172.921407 0.000000 21.301777 144.288344 193.876715 256.000000 186.802511 214.477093 187.594927 0.000000 13.019426 212.639580 186.553120 256.000000 222.582267 159.928249 66.649485 0.000000 13.230249 155.188645 65.084622 256.000000 210.251245
193.582393 45.900551 64.000000 11.978216 201.045182 50.032525 256.000000 194.073770 109.602216 55.962840 64.000000 9.758115 110.443453 55.918507 256.000000 217.767747 19.382369 45.410675 64.000000 34.248059 31.821280 42.883104 256.000000 178.730983 95.806622 77.457055 0.000000 21.809474 76.647991 89.250916 256.000000 200.635113
91.057040 158.967644 64.000000 14.761946 60.975860 185.558982 256.000000 197.193097 75.613071 140.973844 64.000000 20.282079 78.444833 131.483158 256.000000 188.768762 232.940276 74.030638 0.000000 28.775254 234.763895 78.459965 256.000000 176.454950 14.839115 196.960822 64.000000 31.382581 44.922420 201.801380 256.000000 184.900797
62.805493 109.171671 0.000000 30.642547 70.815905 110.043958 256.000000 193.251988 99.499864 198.093869 64.000000 24.644835 104.240993 200.557831 256.000000 192.400089 241.878653 17.982529 0.000000 34.196429 248.820229 50.991020 256.000000 203.126272 232.225540 216.508793 64.000000 23.943524 230.165389 214.698698 256.000000 201.848423
89.328615 42.451384 0.000000 16.870181 85.327062 43.445869 256.000000 201.951684 229.217964 176.271109 64.000000 24.511456 227.547549 178.169227 256.000000 223.696620 174.400913 78.832218 64.000000 8.699695 170.940216 82.224282 256.000000 209.575749 203.970862 161.399482 0.000000 14.120871 205.360985 204.222764 256.000000 212.837059
31.018265 233.952073 64.000000 8.772838 31.262253 234.101220 256.000000 117.080174 102.931384 77.274182 0.000000 24.369473 107.969600 94.147275 256.000000 181.273773 173.275993 127.407580 64.000000 10.166855 173.455944 130.553958 256.000000 215.306706 151.611007 76.407242 64.000000 13.152804 147.900480 76.685198 256.000000 213.688958
12.008318 52.097178 64.000000 12.094384 12.520333 52.844200 256.000000 195.588257 125.411202 196.619989 0.000000 27.265069 104.847927 174.459042 256.000000 180.529437 121.605042 209.451160 0.000000 18.122214 133.948185 196.507885 256.000000 201.319213 20.408245 116.194851 0.000000 24.434011 19.764678 121.562116 256.000000 201.022339
201.212260 24.124073 64.000000 10.343258 204.050402 24.306540 256.000000 185.318141 177.782431 108.227484 64.000000 32.144127 83.381244 253.469804 256.000000 190.115451 250.871565 77.941122 0.000000 17.360668 251.623171 70.110264 256.000000 159.365341 150.703193 195.764449 0.000000 26.623994 136.300825 197.064984 256.000000 182.547319
24.336753 251.527735 0.000000 34.187824 28.042065 203.339758 256.000000 185.249301 174.979762 67.771660 0.000000 26.107691 130.432909 137.394933 256.000000 192.283921 113.841813 70.531367 64.000000 34.648194 113.573978 71.047967 256.000000 181.475991 131.372747 159.092858 64.000000 10.136737 126.602225 157.175713 256.000000 194.895551
248.356625 110.175640 0.000000 14.198316 252.138198 119.693495 256.000000 216.842705 133.735115 159.934975 0.000000 9.689275 127.439238 161.790525 256.000000 181.420058 49.181336 6.356822 64.000000 44.337469 56.718927 14.377571 256.000000 208.220455 95.252076 178.146189 64.000000 14.800669 110.103438 183.832047 256.000000 182.646277
245.387820 178.433704 64.000000 9.603225 246.140827 178.076567 256.000000 222.401561 215.321569 147.469813 0.000000 11.552266 225.567658 155.674429 256.000000 194.779383 166.875347 141.037698 64.000000 13.221644 165.744995 146.174991 256.000000 197.890105 113.963196 148.232962 64.000000 23.685373 109.860096 151.484805 256.000000 200.570575
101.149678 160.731042 0.000000 26.920868 101.025478 157.371724 256.000000 208.470002 136.030371 67.114991 64.000000 19.955088 132.569736 68.326940 256.000000 188.562242 57.584815 61.432673 0.000000 21.267356 61.937669 66.249331 256.000000 195.373131 214.673625 116.180422 0.000000 8.880401 213.251096 115.300165 256.000000 185.227789
39.412125 74.858145 64.000000 11.431796 43.365975 74.353936 256.000000 188.579452 228.323022 137.350064 64.000000 12.485913 226.252064 138.552735 256.000000 205.548590 99.952522 220.033129 0.000000 11.005846 104.475229 223.416585 256.000000 184.831957 114.642255 56.752698 64.000000 14.865207 117.727560 57.147116 256.000000 190.416628
211.420645 166.746942 0.000000 14.710316 205.803733 185.269371 256.000000 222.259578 134.208551 149.948307 64.000000 13.858417 138.407640 155.851262 256.000000 179.707655 215.797969 175.667122 64.000000 13.862719 213.744456 181.002275 256.000000 225.477863 87.531891 170.166273 0.000000 8.794351 78.865378 175.520807 256.000000 206.422002
62.265200 82.093745 64.000000 16.956231 62.604165 81.888442 256.000000 185.438612 33.083382 226.967515 64.000000 21.994482 37.522969 229.748047 256.000000 197.485668 41.854135 118.148262 0.000000 12.335325 31.333796 110.463356 256.000000 207.880556 219.611731 88.726020 64.000000 12.386955 214.935411 90.343189 256.000000 194.370644
