61.214936 108.870595 0.000000 14.749039 66.276145 108.594696 256.000000 188.824695 52.025629 23.996267 0.000000 21.366314 53.404905 24.760740 256.000000 197.989063 40.101191 58.827013 64.000000 13.419560 32.506489 59.397144 256.000000 204.283650 179.972122 44.313996 64.000000 8.798653 173.390011 26.622276 256.000000 195.011719
154.347838 0.117642 0.000000 11.741577 153.650155 0.258273 256.000000 240.549591 134.391773 61.114367 64.000000 12.081476 139.326440 66.200885 256.000000 208.685128 153.141673 172.921407 0.000000 21.301777 144.288344 193.876715 256.000000 186.802511 10.296031 191.566895 0.000000 16.642147 0.512402 192.762247 256.000000 195.910946
112.739487 238.072965 64.000000 10.859560 112.674298 237.664931 256.000000 211.593631 20.408245 116.194851 0.000000 24.434011 19.764678 121.562116 256.000000 201.022339 122.348864 236.240822 64.000000 18.496533 126.320722 237.461691 256.000000 208.035447 166.875347 141.037698 64.000000 13.221644 165.744995 146.174991 256.000000 197.890105
134.208551 149.948307 64.000000 13.858417 138.407640 155.851262 256.000000 179.707655 254.250833 160.867809 0.000000 19.774382 250.598891 164.087498 256.000000 189.487283 111.278922 96.811504 0.000000 9.603225 95.376098 92.989356 256.000000 105.480580 244.281578 241.481924 64.000000 8.617948 245.937345 239.752313 256.000000 199.172256
122.186395 167.711140 0.000000 11.423191 124.748175 165.718613 256.000000 204.847280 155.976829 29.654073 0.000000 13.492703 187.883956 23.789220 256.000000 190.253132 158.241089 69.845636 0.000000 10.915493 160.329569 72.852760 256.000000 193.807013 183.495415 25.921336 64.000000 19.318315 180.603971 28.129345 256.000000 183.919822
92.233429 24.334887 0.000000 33.482211 87.793565 25.288493 256.000000 181.613672 159.494609 166.646175 64.000000 11.186552 157.940918 166.403667 256.000000 210.036119 148.688284 106.385678 0.000000 10.037779 148.573755 109.585905 256.000000 204.597734 226.699633 188.045673 0.000000 12.830115 223.249225 186.533375 256.000000 198.032088
173.741716 238.008704 0.000000 12.481611 176.024469 237.367849 256.000000 115.565687 242.014962 138.141818 0.000000 30.483354 240.605002 133.986144 256.000000 233.175071 134.766342 196.945396 64.000000 15.811761 123.928895 187.021413 256.000000 190.317670 241.766182 177.723951 0.000000 26.864935 237.990824 172.658245 256.000000 173.989606
28.342365 112.689140 0.000000 15.902114 31.557482 114.406718 256.000000 197.197399 80.183273 116.141805 0.000000 9.310653 83.184691 112.105660 256.000000 212.587513 160.030358 195.722078 64.000000 15.631055 155.953105 194.103058 256.000000 196.035719 220.789827 146.497524 64.000000 10.885376 221.685622 151.641151 256.000000 198.328962
229.217964 176.271109 64.000000 24.511456 227.547549 178.169227 256.000000 223.696620 163.599385 234.262220 64.000000 11.031661 163.236105 234.303918 256.000000 220.727881 47.895138 98.163633 64.000000 14.645778 44.142169 82.872253 256.000000 203.960961 144.263205 27.349629 0.000000 16.457139 146.370369 27.495925 256.000000 232.835172
160.492353 96.864829 64.000000 8.940637 158.702976 94.929796 256.000000 219.858772 62.805493 109.171671 0.000000 30.642547 70.815905 110.043958 256.000000 193.251988 99.499864 198.093869 64.000000 24.644835 104.240993 200.557831 256.000000 192.400089 80.150800 175.101975 0.000000 10.313140 78.341776 173.541649 256.000000 204.916120
25.374164 211.871807 0.000000 31.382581 44.729487 206.471291 256.000000 199.869264 48.712489 249.308982 0.000000 13.565846 38.666671 250.934667 256.000000 201.345028 145.398047 132.712855 64.000000 22.325776 155.105951 173.031856 256.000000 218.753024 210.260715 178.212551 64.000000 14.942652 210.400416 177.836418 256.000000 187.753368
243.251875 31.932613 64.000000 20.673609 251.442133 36.772064 256.000000 226.497560 150.261444 135.037089 64.000000 17.696265 152.972191 129.767804 256.000000 194.968694 250.871565 77.941122 0.000000 17.360668 251.623171 70.110264 256.000000 159.365341 88.367082 103.884687 64.000000 24.455524 86.245096 105.234082 256.000000 192.176358
19.555016 150.279467 64.000000 29.024800 38.358589 148.564651 256.000000 180.882243 65.071200 74.177149 64.000000 10.468031 62.983118 72.181973 256.000000 211.942135 147.581189 3.716871 64.000000 10.115225 146.902164 5.534582 256.000000 205.221599 221.332527 9.003945 0.000000 13.182921 218.667038 8.938707 256.000000 210.160892
214.673625 116.180422 0.000000 8.880401 213.251096 115.300165 256.000000 185.227789 140.977140 145.963571 0.000000 12.675224 152.447355 137.098311 256.000000 188.093267 232.940276 74.030638 0.000000 28.775254 234.763895 78.459965 256.000000 176.454950 212.086804 45.130265 0.000000 20.600466 208.382031 45.639645 256.000000 192.081703
185.623298 12.696413 0.000000 9.487057 186.273191 14.686304 256.000000 203.255347 202.870918 199.596547 64.000000 25.604297 206.945180 194.506973 256.000000 189.857300 222.357396 153.320347 0.000000 8.691090 224.402025 155.204929 256.000000 208.478607 180.783991 54.370795 0.000000 12.460098 155.252429 16.972729 256.000000 209.192825
139.661978 99.530927 0.000000 13.311997 138.212015 103.349464 256.000000 223.459981 11.658691 38.268318 0.000000 35.969067 17.821771 55.932809 256.000000 195.424761 159.084387 122.960051 0.000000 13.897140 157.347173 128.694353 256.000000 181.729840 30.678715 240.146905 64.000000 19.847525 34.675942 240.595035 256.000000 191.913905
173.496855 235.124065 64.000000 19.430180 175.110907 233.345285 256.000000 180.688630 13.177869 2.308776 64.000000 13.058148 14.161195 2.308845 320.000000 197.416828 154.034162 106.774400 64.000000 22.829171 59.911891 118.967993 256.000000 191.969837 51.989064 176.776155 0.000000 12.421375 48.542873 172.441504 256.000000 208.224758
16.953198 187.973922 64.000000 27.656599 20.910393 185.633595 256.000000 173.266783 114.222889 142.448000 64.000000 9.495662 113.626882 145.994324 256.000000 200.290911 245.387820 178.433704 64.000000 9.603225 246.140827 178.076567 256.000000 222.401561 31.448375 145.875038 64.000000 12.752669 35.608893 161.461855 256.000000 204.051314
136.866431 149.208924 64.000000 25.914078 146.826480 154.420891 256.000000 175.284665 159.134376 145.149464 64.000000 25.453708 153.100298 139.506036 256.000000 178.408294 143.578153 81.436651 0.000000 15.269643 134.163831 105.475307 256.000000 215.078672 112.563218 147.537635 64.000000 17.502651 57.748167 249.657535 256.000000 200.815818
12.008318 52.097178 64.000000 12.094384 12.520333 52.844200 256.000000 195.588257 38.665900 96.179075 0.000000 13.875627 41.274293 100.904440 256.000000 213.886874 51.690775 99.905480 0.000000 12.025543 45.103507 98.574427 256.000000 206.267111 177.782431 108.227484 64.000000 32.144127 83.381244 253.469804 256.000000 190.115451
247.358700 106.247207 0.000000 9.043897 245.721600 108.167540 256.000000 209.562842 147.519409 7.291756 0.000000 9.844166 145.644609 6.364147 256.000000 213.585698 214.477093 187.594927 0.000000 13.019426 212.639580 186.553120 256.000000 222.582267 13.184431 95.582987 64.000000 12.756972 6.482278 90.788529 256.000000 198.251517
172.541075 88.183251 0.000000 18.853643 170.282347 91.082345 256.000000 201.525734 131.372747 159.092858 64.000000 10.136737 126.602225 157.175713 256.000000 194.895551 109.602216 55.962840 64.000000 9.758115 110.443453 55.918507 256.000000 217.767747 202.610338 128.370720 64.000000 27.351120 193.241442 127.226040 256.000000 181.639487
114.136187 59.596880 0.000000 14.374719 103.428216 66.235960 256.000000 181.480294 46.882945 138.046076 64.000000 13.213039 49.091925 139.894651 256.000000 204.326675 81.171109 83.708209 64.000000 29.360396 89.957036 86.692031 256.000000 211.301060 212.760298 168.427440 64.000000 24.395288 203.228618 171.164849 256.000000 189.534611
209.389145 247.521013 64.000000 13.294787 216.015018 241.053276 256.000000 214.996924 153.832438 228.541145 64.000000 9.241813 152.426378 229.309398 256.000000 201.947381 135.823575 116.366851 64.000000 12.709644 136.610971 130.992304 256.000000 191.388997 86.876915 56.298458 0.000000 14.142383 89.542938 54.951578 256.000000 216.068252
159.249473 97.968289 0.000000 9.039595 156.190480 94.609418 256.000000 202.523919 242.483962 246.554522 0.000000 16.026887 244.870047 244.434229 256.000000 182.031016 89.633585 87.480233 0.000000 11.341443 91.253569 87.541900 256.000000 202.304490 49.181336 6.356822 64.000000 44.337469 56.718927 14.377571 256.000000 208.220455
3.321891 115.442184 0.000000 9.573107 4.542760 114.466235 256.000000 209.072354 197.608556 99.061744 64.000000 15.415929 204.734556 93.179307 256.000000 188.519216 216.164249 217.116024 64.000000 9.616132 216.903836 218.334036 256.000000 109.301218 39.412125 74.858145 64.000000 11.431796 43.365975 74.353936 256.000000 188.579452
167.541716 171.119316 0.000000 29.239926 166.489509 167.093138 256.000000 170.814347 83.174911 100.027915 64.000000 30.806043 79.253035 103.870655 256.000000 198.759214 102.931384 77.274182 0.000000 24.369473 107.969600 94.147275 256.000000 181.273773 84.069073 172.402064 0.000000 22.949642 94.474484 171.967676 256.000000 194.723450
181.935165 229.201284 64.000000 11.427493 178.526205 230.063204 256.000000 204.163179 19.217700 51.144642 64.000000 25.419288 22.519847 52.887855 256.000000 184.474848 226.499173 227.692507 64.000000 8.669578 232.540307 233.292531 256.000000 210.169497 87.303547 112.753462 0.000000 9.065410 89.186275 109.311678 256.000000 204.012591
251.593015 161.420018 64.000000 10.184065 249.704282 172.858204 256.000000 194.572862 213.902495 121.429505 64.000000 22.566717 211.378358 122.326876 256.000000 221.149528 65.646075 82.044855 0.000000 8.665275 46.015955 84.040045 256.000000 209.149800 96.629015 110.193282 64.000000 24.928801 102.133218 112.437611 256.000000 182.495688
24.336753 251.527735 0.000000 34.187824 28.042065 203.339758 256.000000 185.249301 101.149678 160.731042 0.000000 26.920868 101.025478 157.371724 256.000000 208.470002 113.841813 70.531367 64.000000 34.648194 113.573978 71.047967 256.000000 181.475991 232.225540 216.508793 64.000000 23.943524 230.165389 214.698698 256.000000 201.848423
35.334865 64.230816 64.000000 20.570348 40.027289 24.457991 256.000000 197.842777 155.789513 166.940378 64.000000 12.563358 151.289589 171.975507 256.000000 193.604795 232.452244 126.138802 64.000000 12.404165 231.090945 126.011745 256.000000 202.097969 56.743882 148.705325 0.000000 26.490616 70.396416 161.595824 256.000000 186.978914
22.668156 235.240664 64.000000 27.157506 28.671622 228.812038 256.000000 195.416156 228.182107 147.323915 64.000000 25.475221 221.352016 105.703787 256.000000 215.526134 213.979302 115.696102 64.000000 9.099830 210.851313 121.205482 256.000000 209.997396 204.718140 210.863485 64.000000 12.219157 203.061029 213.058045 256.000000 214.570975
