135.098422 209.827336 0.000000 12.042753 136.088618 209.642636 256.000000 220.564385 208.720402 132.757991 64.000000 9.444031 212.814105 128.834000 256.000000 81.537057 116.374936 177.389725 64.000000 9.396704 118.096844 180.038491 256.000000 193.338039 16.586987 58.205625 0.000000 10.020569 16.377915 59.717731 256.000000 199.735886
55.785367 170.227527 64.000000 89.767777 56.085985 173.701151 256.000000 130.284608 77.098944 156.710387 64.000000 12.774182 76.843040 159.242464 256.000000 208.284993 50.124911 172.956811 64.000000 122.428207 52.012840 174.336064 256.000000 125.203332 126.351545 176.474876 0.000000 9.211695 130.944236 184.380158 256.000000 223.081359
90.230295 243.264296 0.000000 109.744378 88.857905 241.578782 256.000000 89.617189 245.028184 214.869749 0.000000 13.798182 247.549296 205.681711 256.000000 172.040565 203.524895 208.211140 64.000000 17.808130 195.731982 204.912696 256.000000 217.737630 212.799513 95.931467 64.000000 12.761274 216.959558 92.435009 256.000000 205.866977
169.007775 234.028365 64.000000 29.498077 163.119722 229.361778 256.000000 193.591887 187.383711 74.939375 64.000000 13.096871 190.615253 75.652349 256.000000 197.184492 90.076398 69.719547 0.000000 18.681542 92.048875 67.507884 256.000000 215.336823 214.521509 206.474287 0.000000 10.493846 211.862895 209.354842 320.000000 240.390397
27.500864 115.864240 64.000000 19.021441 38.480665 100.775993 256.000000 192.653938 111.531318 95.241815 64.000000 10.610014 120.705144 100.887827 256.000000 91.351105 153.887587 124.005211 0.000000 16.771223 156.387636 129.214004 256.000000 200.669533 167.046149 52.167396 64.000000 14.852299 165.222300 49.250020 256.000000 183.502478
134.545671 72.425576 64.000000 15.045912 129.108356 55.219231 256.000000 206.929699 123.738716 145.925173 0.000000 40.383453 120.578635 143.849209 256.000000 185.830141 85.168773 74.347480 64.000000 11.362955 86.295680 75.025673 256.000000 206.856557 104.377751 247.723760 64.000000 12.782787 99.885347 255.482896 256.000000 89.174030
250.073475 157.929865 64.000000 15.157778 249.270349 157.689445 256.000000 201.551549 183.977796 33.764451 64.000000 23.220700 192.843715 49.298398 256.000000 178.670748 191.492724 168.850442 64.000000 18.203962 193.725105 172.055884 256.000000 192.116123 238.684918 66.272893 64.000000 106.792849 237.060689 67.095091 256.000000 114.180276
20.523984 110.308018 64.000000 24.752398 20.143944 114.559713 256.000000 197.304962 151.153195 87.419549 64.000000 9.289141 146.475176 89.328355 256.000000 210.173799 117.374749 46.395898 0.000000 16.508769 115.653896 47.783151 256.000000 212.187379 60.324213 12.040791 0.000000 18.320130 61.962951 15.568644 256.000000 222.513427
118.125504 162.471529 64.000000 137.960304 130.996887 153.360295 256.000000 72.708285 42.962713 136.743076 64.000000 28.719321 37.453320 138.886555 256.000000 175.508396 139.624756 33.022673 64.000000 11.014451 137.880753 33.801031 256.000000 179.767891 10.058162 183.537178 64.000000 9.818351 19.189902 181.222060 256.000000 210.896623
150.058915 72.990751 0.000000 9.332166 152.679696 73.230245 256.000000 208.087077 207.921640 120.515856 64.000000 11.892165 205.624020 120.488860 256.000000 212.208891 159.005491 168.138369 64.000000 8.613645 161.900642 168.858342 256.000000 194.430879 150.692440 212.948071 64.000000 15.837576 150.799382 211.085529 256.000000 67.803413
180.608198 24.525033 0.000000 15.484769 182.622338 26.193747 256.000000 199.959617 16.015275 197.320631 64.000000 29.162481 16.225480 195.014431 256.000000 172.707455 133.099073 14.356096 0.000000 100.313254 134.782911 15.753462 256.000000 103.359438 178.520700 152.972560 64.000000 13.673409 180.401916 152.892635 256.000000 191.143754
63.946240 26.561900 64.000000 25.027759 71.937233 17.569265 256.000000 219.794234 87.200887 21.267913 64.000000 18.298618 114.129540 11.321520 256.000000 192.434510 242.173515 65.705044 0.000000 16.289341 245.692844 68.182911 320.000000 220.099713 245.613484 154.941987 64.000000 16.465744 244.361680 152.633927 320.000000 214.527950
167.600025 210.861869 64.000000 12.610686 164.438440 215.268940 256.000000 226.605123 159.823522 58.273631 64.000000 92.577323 159.202140 59.451562 256.000000 133.296372 154.329593 87.219409 64.000000 22.721608 175.664711 83.114864 256.000000 98.544918 129.028920 53.567425 64.000000 11.418888 128.202825 52.355060 256.000000 203.887818
26.362913 55.813715 0.000000 107.765218 19.586373 55.841784 256.000000 99.177389 4.380935 46.854467 64.000000 9.418216 5.050282 45.840604 256.000000 224.522704 25.531905 131.789322 64.000000 162.962248 29.379838 123.812120 256.000000 62.868422 99.972575 118.454182 0.000000 26.202347 99.641604 104.795904 256.000000 205.200086
149.360193 214.373645 64.000000 122.544375 153.206451 216.714420 256.000000 87.022770 159.792336 169.067775 64.000000 92.129861 158.431816 171.289795 256.000000 117.992308 45.630942 20.914442 64.000000 32.613102 53.509705 16.997885 256.000000 192.232291 234.182855 45.198404 64.000000 35.302177 233.199487 52.095756 256.000000 207.820321
188.401369 15.971115 0.000000 15.760131 147.822136 3.875120 256.000000 186.432494 66.570064 254.300104 0.000000 15.407324 67.847267 252.243775 256.000000 178.403992 56.869324 211.609889 64.000000 97.469288 54.761780 212.217647 256.000000 120.453350 85.700045 203.733476 64.000000 102.795808 88.122255 207.139398 256.000000 104.753454
28.826284 186.126398 64.000000 30.061707 29.460655 188.102296 256.000000 184.113436 68.915278 228.596078 64.000000 10.132435 69.867936 229.532176 256.000000 203.539314 241.839145 106.485720 64.000000 128.985247 241.591080 106.474611 256.000000 80.164553 132.013005 47.750387 64.000000 31.193270 131.484416 51.778645 256.000000 192.804526
133.901224 133.476576 0.000000 108.668748 134.289331 133.894638 256.000000 106.913319 197.814980 167.775727 0.000000 11.319930 194.988962 171.731731 256.000000 102.675337 28.517918 83.244224 64.000000 10.145342 25.779680 84.431562 256.000000 227.327947 90.184355 10.474920 0.000000 10.997241 92.236256 11.164729 256.000000 200.665230
22.746489 114.748547 0.000000 29.751926 18.827991 118.963669 256.000000 57.068625 51.814336 212.914371 64.000000 29.515287 65.772175 168.512445 256.000000 202.846608 16.546933 3.620658 0.000000 23.526179 5.678111 19.521211 256.000000 60.803213 220.499798 127.834685 64.000000 24.218885 183.548962 123.193540 256.000000 55.795079
171.894567 87.154809 64.000000 18.586886 167.932545 83.770465 256.000000 118.293485 175.494171 220.475475 0.000000 19.365643 188.039020 208.732067 256.000000 186.466914 249.737907 111.675245 64.000000 18.315828 248.823795 114.122089 256.000000 199.068995 78.111542 50.896520 0.000000 25.698952 75.361700 59.204384 256.000000 183.110949
17.238871 12.093982 64.000000 25.621507 16.845229 13.090104 256.000000 201.048155 140.611302 40.246585 0.000000 20.841407 137.933389 41.819331 256.000000 192.107518 199.089291 47.131955 0.000000 22.338684 195.081022 71.689911 256.000000 205.441027 227.949007 221.423336 0.000000 18.935391 244.355645 207.258020 256.000000 89.036349
119.437304 109.596413 0.000000 129.260608 128.009909 117.971413 256.000000 88.963206 115.087240 225.746111 0.000000 9.263326 125.835213 229.163969 256.000000 209.494001 116.773058 209.419082 0.000000 136.721178 117.373733 212.778900 256.000000 75.182234 163.381667 69.096149 64.000000 134.492473 159.799080 65.161193 256.000000 83.503308
46.679193 112.968153 64.000000 10.356166 48.743949 109.149195 256.000000 199.907987 103.742980 162.793518 64.000000 16.926114 109.027527 155.401878 256.000000 200.716861 90.188367 90.780185 64.000000 116.649922 78.242493 94.671064 256.000000 90.167912 67.877500 139.640724 64.000000 19.692634 56.066989 133.575822 256.000000 93.855171
127.174200 177.797325 64.000000 8.626553 128.246102 170.786113 256.000000 84.798367 103.894953 208.641244 0.000000 19.692634 108.153658 203.489467 256.000000 212.742404 37.654042 65.432002 64.000000 105.682799 35.771364 65.932524 256.000000 111.542831 141.710453 219.228707 64.000000 28.293372 147.323647 209.871387 256.000000 58.720793
69.948024 18.117271 0.000000 19.189239 70.332993 18.773164 256.000000 195.278475 106.856755 23.424840 0.000000 11.763090 114.803773 22.472247 256.000000 208.379649 98.423805 195.920949 64.000000 11.311325 97.021024 192.995047 256.000000 101.229691 126.222840 104.948209 64.000000 12.929073 125.679071 106.394916 256.000000 216.274773
162.282722 85.164320 64.000000 35.775454 144.805676 92.440505 256.000000 174.368228 188.230096 115.542429 64.000000 116.809115 186.916349 117.678238 256.000000 89.440786 189.677475 197.861971 0.000000 18.345945 160.042378 224.665060 256.000000 203.306978 141.588456 12.874309 0.000000 95.124415 142.619491 14.365509 256.000000 107.717891
34.315384 210.574511 0.000000 28.538615 50.274385 210.641747 256.000000 216.128487 193.510149 201.801713 0.000000 11.001544 197.488358 201.902311 256.000000 192.684056 142.394124 227.506004 64.000000 47.405165 117.427167 205.017496 256.000000 26.344330 200.731213 129.982771 64.000000 11.018754 198.403380 126.720024 256.000000 210.031816
221.311538 129.320875 64.000000 19.004231 215.297127 126.862582 256.000000 176.915320 111.465358 175.292307 64.000000 37.840663 111.538616 158.656700 256.000000 76.107276 155.062613 237.964391 64.000000 9.099830 159.327824 240.761418 256.000000 206.477935 84.718225 71.467907 64.000000 105.613958 84.815244 78.540965 256.000000 114.322259
182.230180 52.384765 0.000000 23.354079 176.342851 54.115273 256.000000 190.524191 112.971042 181.264580 0.000000 13.647593 108.215315 179.900100 256.000000 193.785501 220.302995 65.487938 64.000000 80.177460 225.377853 76.163273 256.000000 160.006416 174.463238 219.307540 0.000000 26.520733 165.470245 202.568433 256.000000 174.105774
182.874947 149.010456 64.000000 12.937678 180.870962 149.412949 256.000000 128.180676 23.033076 203.947965 64.000000 25.531154 22.917853 200.737815 256.000000 223.976284 252.124867 173.881795 0.000000 113.767234 255.197322 183.973564 256.000000 96.952986 163.926362 126.947280 0.000000 14.572635 165.605542 123.469105 256.000000 211.133261
136.447960 190.502227 0.000000 11.956703 137.211071 190.797685 256.000000 217.879613 190.932664 219.161276 0.000000 109.968109 190.521155 219.765087 256.000000 98.712716 59.524173 85.556513 0.000000 9.323561 60.073115 82.510020 256.000000 230.881828 0.721127 77.206644 0.000000 15.261038 1.945687 76.416100 256.000000 234.663743
145.945816 132.625745 64.000000 103.084077 150.203276 131.279669 256.000000 106.810059 192.402327 48.638476 64.000000 23.414314 198.367078 64.295325 256.000000 151.810116 133.949785 90.563653 0.000000 13.544333 130.034409 92.319891 256.000000 205.978842 174.903278 21.176567 64.000000 10.988636 173.675767 21.201384 256.000000 208.530237
