58.555191 136.778109 0.000000 31.713875 59.761176 139.521140 256.000000 185.511755 169.730718 34.572869 64.000000 101.380279 173.108202 46.070284 256.000000 109.447504 227.949007 221.423336 0.000000 18.935391 244.355645 207.258020 256.000000 89.036349 152.828687 102.044782 0.000000 11.870653 152.910689 107.181869 256.000000 163.039693
103.742980 162.793518 64.000000 16.926114 109.027527 155.401878 256.000000 200.716861 221.742016 84.551431 64.000000 26.391658 196.342805 86.106509 256.000000 48.855115 118.367900 198.456404 64.000000 14.379022 117.762829 196.293880 256.000000 212.109933 228.691007 58.980704 64.000000 122.591702 234.560267 65.882656 256.000000 96.600179
49.328478 186.648709 64.000000 20.514415 57.836405 195.583584 256.000000 194.017837 31.772700 154.398233 64.000000 26.374448 29.838095 157.688922 256.000000 186.432494 68.459055 19.514415 0.000000 28.517103 70.338902 22.792487 256.000000 177.186379 167.046149 52.167396 64.000000 14.852299 165.222300 49.250020 256.000000 183.502478
39.462971 88.447269 64.000000 130.112507 41.683104 87.529707 256.000000 77.075343 90.725871 108.002889 64.000000 18.617004 91.366349 110.449578 256.000000 186.927284 117.217575 116.044989 0.000000 14.163896 128.085389 122.372967 256.000000 198.492458 99.185404 54.081315 64.000000 37.087722 93.966793 48.190887 256.000000 162.643861
21.983285 19.978031 64.000000 95.507339 21.011558 20.752742 256.000000 97.637086 20.888829 126.818607 64.000000 17.975929 23.051402 127.076467 256.000000 191.518073 48.603956 213.608133 64.000000 18.139424 44.732885 212.970120 256.000000 203.612456 119.437304 109.596413 0.000000 129.260608 128.009909 117.971413 256.000000 88.963206
118.481664 236.166713 0.000000 15.738618 118.962604 230.541782 256.000000 205.768019 176.829651 164.527089 0.000000 15.359996 167.032555 173.105373 256.000000 80.233393 22.643727 102.305793 64.000000 152.266183 24.749087 104.316416 256.000000 69.588958 174.903278 21.176567 64.000000 10.988636 173.675767 21.201384 256.000000 208.530237
230.116220 226.933522 64.000000 18.965508 228.848409 236.472700 256.000000 181.230747 133.284456 102.098422 0.000000 130.082390 132.200309 106.919251 256.000000 102.344043 98.110540 109.652627 0.000000 13.811089 98.956722 108.090813 256.000000 209.261665 164.582087 184.709476 64.000000 42.272259 152.607907 178.722313 256.000000 176.644261
175.343216 125.839540 64.000000 12.933375 173.961598 123.890864 256.000000 205.101128 197.781418 86.381015 0.000000 109.206563 194.190255 99.310925 256.000000 107.274731 59.524173 85.556513 0.000000 9.323561 60.073115 82.510020 256.000000 230.881828 187.383711 74.939375 64.000000 13.096871 190.615253 75.652349 256.000000 197.184492
116.474693 119.781580 64.000000 22.175188 120.756922 115.891156 256.000000 192.344157 54.228964 148.420447 0.000000 31.593404 56.218571 143.934947 256.000000 206.181061 123.899278 162.812196 64.000000 18.483626 123.599409 161.549891 256.000000 214.183748 123.738716 145.925173 0.000000 40.383453 120.578635 143.849209 256.000000 185.830141
51.666355 16.537445 64.000000 22.648465 49.685887 18.125358 256.000000 206.710271 26.481251 7.239933 0.000000 13.445375 26.830344 6.762984 256.000000 205.591616 221.311538 129.320875 64.000000 19.004231 215.297127 126.862582 256.000000 176.915320 167.019135 74.960751 64.000000 185.374074 166.692524 78.081905 256.000000 55.554138
134.375516 69.937613 0.000000 9.521477 139.500736 68.456369 256.000000 209.786573 254.364885 168.884382 64.000000 28.009405 240.690527 164.664769 256.000000 94.991037 106.856755 23.424840 0.000000 11.763090 114.803773 22.472247 256.000000 208.379649 151.722771 37.255149 64.000000 10.790720 144.003318 27.546675 256.000000 223.670805
201.910105 81.610156 0.000000 14.327392 194.799747 78.740298 256.000000 204.877397 140.046967 88.604231 0.000000 21.056533 142.423480 93.269304 256.000000 185.081503 77.029145 110.594227 64.000000 107.296244 87.859369 98.049816 256.000000 122.398089 174.213969 82.262793 64.000000 34.101774 172.218296 85.802495 256.000000 196.900525
139.624756 33.022673 64.000000 11.014451 137.880753 33.801031 256.000000 179.767891 150.058915 72.990751 0.000000 9.332166 152.679696 73.230245 256.000000 208.087077 54.837242 89.007416 64.000000 22.820566 58.515047 90.821240 256.000000 180.396059 220.499798 127.834685 64.000000 24.218885 183.548962 123.193540 256.000000 55.795079
40.723867 202.113756 64.000000 10.541174 41.248318 204.482405 256.000000 188.889233 23.033076 203.947965 64.000000 25.531154 22.917853 200.737815 256.000000 223.976284 79.329495 115.573365 0.000000 10.915493 67.162133 117.182275 256.000000 193.656425 149.360193 214.373645 64.000000 122.544375 153.206451 216.714420 256.000000 87.022770
126.222840 104.948209 64.000000 12.929073 125.679071 106.394916 256.000000 216.274773 133.099073 14.356096 0.000000 100.313254 134.782911 15.753462 256.000000 103.359438 114.614985 163.957065 0.000000 12.662316 117.234200 166.170249 256.000000 216.984689 10.864962 15.740853 0.000000 9.740905 10.264322 18.107705 256.000000 185.395587
153.519611 113.826876 64.000000 18.457811 148.628027 116.345344 256.000000 222.909259 4.358920 111.845691 0.000000 30.078917 12.715944 117.574471 256.000000 169.854885 31.369245 46.101327 64.000000 15.570820 33.160127 41.529711 256.000000 191.857972 232.094329 58.880265 0.000000 16.633542 234.700758 69.829504 256.000000 193.699450
188.230096 115.542429 64.000000 116.809115 186.916349 117.678238 256.000000 89.440786 97.474809 103.131996 64.000000 11.302720 97.822589 103.496960 256.000000 207.114708 16.562760 86.476558 64.000000 31.275018 17.887056 88.466195 256.000000 182.973268 19.376120 109.924595 0.000000 8.751326 20.646082 110.948429 256.000000 224.961561
188.401369 15.971115 0.000000 15.760131 147.822136 3.875120 256.000000 186.432494 80.150278 42.685024 0.000000 26.301305 85.104818 52.393067 256.000000 190.291855 27.500864 115.864240 64.000000 19.021441 38.480665 100.775993 256.000000 192.653938 78.072396 111.849969 64.000000 13.746551 83.406095 108.961713 320.000000 209.373531
118.125504 162.471529 64.000000 137.960304 130.996887 153.360295 256.000000 72.708285 98.423805 195.920949 64.000000 11.311325 97.021024 192.995047 256.000000 101.229691 25.531905 131.789322 64.000000 162.962248 29.379838 123.812120 256.000000 62.868422 26.362913 55.813715 0.000000 107.765218 19.586373 55.841784 256.000000 99.177389
136.169015 144.135193 0.000000 17.240198 131.789578 145.444027 256.000000 203.479078 111.825142 204.118795 64.000000 10.751997 115.189913 212.167147 256.000000 35.306479 67.877500 139.640724 64.000000 19.692634 56.066989 133.575822 256.000000 93.855171 77.098944 156.710387 64.000000 12.774182 76.843040 159.242464 256.000000 208.284993
130.090449 230.499687 64.000000 10.085107 127.959273 227.845116 256.000000 202.515314 34.302567 230.917098 0.000000 11.388770 35.689147 238.341193 256.000000 193.660728 150.692440 212.948071 64.000000 15.837576 150.799382 211.085529 256.000000 67.803413 32.689602 3.807953 64.000000 11.917980 30.714358 5.210540 256.000000 234.607811
198.355295 68.140804 64.000000 12.774182 189.523576 55.485393 256.000000 228.364854 10.696533 67.485127 64.000000 18.500836 12.492909 66.957104 256.000000 210.875110 249.540138 109.603767 0.000000 13.058148 249.329193 108.701193 256.000000 237.843306 207.921640 120.515856 64.000000 11.892165 205.624020 120.488860 256.000000 212.208891
66.570064 254.300104 0.000000 15.407324 67.847267 252.243775 256.000000 178.403992 225.659947 84.937735 0.000000 19.572163 220.020653 84.536736 256.000000 192.150543 104.377751 247.723760 64.000000 12.782787 99.885347 255.482896 256.000000 89.174030 190.932664 219.161276 0.000000 109.968109 190.521155 219.765087 256.000000 98.712716
45.630942 20.914442 64.000000 32.613102 53.509705 16.997885 256.000000 192.232291 248.348636 96.702278 0.000000 15.777341 248.420476 102.160269 256.000000 176.833572 124.536435 198.939324 0.000000 12.907560 121.580927 198.781507 256.000000 214.231076 129.028920 53.567425 64.000000 11.418888 128.202825 52.355060 256.000000 203.887818
102.842140 116.046818 0.000000 111.938663 101.834702 119.314651 256.000000 109.589487 138.977135 54.118824 0.000000 123.998626 140.677225 56.777278 256.000000 100.661758 65.585358 185.060502 64.000000 21.181306 70.558538 185.451689 256.000000 217.010504 203.778642 146.829187 0.000000 149.766419 210.125862 146.534382 256.000000 69.619076
140.611302 40.246585 0.000000 20.841407 137.933389 41.819331 256.000000 192.107518 159.792336 169.067775 64.000000 92.129861 158.431816 171.289795 256.000000 117.992308 87.200887 21.267913 64.000000 18.298618 114.129540 11.321520 256.000000 192.434510 90.188367 90.780185 64.000000 116.649922 78.242493 94.671064 256.000000 90.167912
135.098422 209.827336 0.000000 12.042753 136.088618 209.642636 256.000000 220.564385 197.814980 167.775727 0.000000 11.319930 194.988962 171.731731 256.000000 102.675337 73.329167 37.991260 0.000000 100.541287 75.379269 42.600831 256.000000 83.937863 245.613484 154.941987 64.000000 16.465744 244.361680 152.633927 320.000000 214.527950
133.683147 221.136355 0.000000 10.244300 118.276087 227.504035 256.000000 194.396459 133.901224 133.476576 0.000000 108.668748 134.289331 133.894638 256.000000 106.913319 121.076476 56.954578 64.000000 108.169655 125.443144 50.428727 256.000000 113.861889 168.434691 209.478882 64.000000 28.895724 157.336880 186.376936 256.000000 179.156933
20.523984 110.308018 64.000000 24.752398 20.143944 114.559713 256.000000 197.304962 154.329593 87.219409 64.000000 22.721608 175.664711 83.114864 256.000000 98.544918 121.053355 178.674647 0.000000 120.126358 128.182709 205.796042 256.000000 94.797423 122.002982 98.951551 0.000000 15.278249 126.281518 101.030136 256.000000 182.431151
82.368418 169.460762 64.000000 24.481339 86.075749 167.419709 256.000000 185.133133 8.389238 142.159835 64.000000 138.678825 6.695124 144.514056 256.000000 70.337597 126.036871 80.599625 0.000000 148.880100 124.423707 81.257075 256.000000 95.416986 182.874947 149.010456 64.000000 12.937678 180.870962 149.412949 256.000000 128.180676
100.884982 211.137762 0.000000 40.056461 103.539404 205.069689 256.000000 169.506380 11.410298 147.782149 64.000000 102.774295 11.313044 150.230253 256.000000 89.505324 152.492729 162.425600 0.000000 99.241926 153.302873 163.024515 256.000000 143.493345 24.707071 178.003513 0.000000 149.138251 18.862024 183.425998 256.000000 67.041867
148.215844 160.867935 64.000000 136.424304 156.303560 160.640829 256.000000 62.098271 200.731213 129.982771 64.000000 11.018754 198.403380 126.720024 256.000000 210.031816 37.654042 65.432002 64.000000 105.682799 35.771364 65.932524 256.000000 111.542831 243.064211 98.734024 64.000000 9.616132 253.447360 106.513522 256.000000 199.778911
