182.209089 89.567278 64.000000 13.514215 174.232224 82.493964 256.000000 193.338039 115.087240 225.746111 0.000000 9.263326 125.835213 229.163969 256.000000 209.494001 56.869324 211.609889 64.000000 97.469288 54.761780 212.217647 256.000000 120.453350 202.810320 161.768664 0.000000 18.251290 201.332902 163.788238 256.000000 214.347244
216.983660 102.090513 0.000000 17.119727 205.979840 38.148960 256.000000 187.985704 203.524895 208.211140 64.000000 17.808130 195.731982 204.912696 256.000000 217.737630 74.839811 157.575198 0.000000 112.399032 68.164775 159.731335 256.000000 101.823438 169.730718 34.572869 64.000000 101.380279 173.108202 46.070284 256.000000 109.447504
201.910105 81.610156 0.000000 14.327392 194.799747 78.740298 256.000000 204.877397 120.265156 210.820553 0.000000 118.943165 119.880464 212.331124 256.000000 117.381351 183.977796 33.764451 64.000000 23.220700 192.843715 49.298398 256.000000 178.670748 252.124867 173.881795 0.000000 113.767234 255.197322 183.973564 256.000000 96.952986
99.185404 54.081315 64.000000 37.087722 93.966793 48.190887 256.000000 162.643861 138.818947 70.108675 64.000000 136.975027 134.615098 74.287298 256.000000 76.563343 153.519611 113.826876 64.000000 18.457811 148.628027 116.345344 256.000000 222.909259 160.797245 166.462993 64.000000 80.706670 161.619367 168.350495 256.000000 114.752511
90.076398 69.719547 0.000000 18.681542 92.048875 67.507884 256.000000 215.336823 191.097160 18.564333 64.000000 147.998083 187.374598 19.048056 256.000000 62.515616 127.907547 169.958153 64.000000 149.654553 131.950671 166.327315 256.000000 55.003416 248.348636 96.702278 0.000000 15.777341 248.420476 102.160269 256.000000 176.833572
112.971042 181.264580 0.000000 13.647593 108.215315 179.900100 256.000000 193.785501 132.013005 47.750387 64.000000 31.193270 131.484416 51.778645 256.000000 192.804526 227.326124 125.038980 64.000000 124.880643 226.431569 125.453084 256.000000 80.482939 116.474693 119.781580 64.000000 22.175188 120.756922 115.891156 256.000000 192.344157
56.636073 188.950747 64.000000 17.971626 59.446449 188.997509 256.000000 187.443586 116.374936 177.389725 64.000000 9.396704 118.096844 180.038491 256.000000 193.338039 89.178204 89.275618 0.000000 13.574451 92.562565 84.510685 256.000000 198.333264 145.945816 132.625745 64.000000 103.084077 150.203276 131.279669 256.000000 106.810059
38.924620 65.836484 0.000000 8.957847 37.826182 67.042816 256.000000 235.898567 122.002982 98.951551 0.000000 15.278249 126.281518 101.030136 256.000000 182.431151 234.182855 45.198404 64.000000 35.302177 233.199487 52.095756 256.000000 207.820321 26.362913 55.813715 0.000000 107.765218 19.586373 55.841784 256.000000 99.177389
167.448100 21.199691 64.000000 21.744936 165.768451 29.799615 256.000000 162.975155 90.230295 243.264296 0.000000 109.744378 88.857905 241.578782 256.000000 89.617189 180.608198 24.525033 0.000000 15.484769 182.622338 26.193747 256.000000 199.959617 60.644460 3.997093 0.000000 105.209522 61.117287 1.181513 256.000000 113.061621
111.531318 95.241815 64.000000 10.610014 120.705144 100.887827 256.000000 91.351105 8.389238 142.159835 64.000000 138.678825 6.695124 144.514056 256.000000 70.337597 197.814980 167.775727 0.000000 11.319930 194.988962 171.731731 256.000000 102.675337 38.818669 156.761129 64.000000 9.646250 36.711887 155.956625 256.000000 87.853156
21.983285 19.978031 64.000000 95.507339 21.011558 20.752742 256.000000 97.637086 207.672511 42.004856 64.000000 116.245485 202.323335 48.540785 256.000000 111.207234 123.899278 162.812196 64.000000 18.483626 123.599409 161.549891 256.000000 214.183748 137.922189 110.205585 64.000000 117.179132 151.506405 100.844236 256.000000 98.390027
78.490231 165.637838 64.000000 22.549507 82.896753 172.844867 256.000000 56.431852 63.506315 28.559304 64.000000 9.951729 58.742756 26.981600 256.000000 194.525534 104.377751 247.723760 64.000000 12.782787 99.885347 255.482896 256.000000 89.174030 111.465358 175.292307 64.000000 37.840663 111.538616 158.656700 256.000000 76.107276
46.336951 123.470264 64.000000 9.495662 46.530940 122.776953 256.000000 210.948253 54.015764 241.543860 0.000000 120.973955 56.489207 240.743107 256.000000 75.152117 162.282722 85.164320 64.000000 35.775454 144.805676 92.440505 256.000000 174.368228 16.562760 86.476558 64.000000 31.275018 17.887056 88.466195 256.000000 182.973268
122.166593 91.982329 0.000000 8.983662 126.091433 78.979573 256.000000 209.192825 22.293920 245.510071 64.000000 11.281207 22.593715 245.815607 256.000000 183.752024 75.874475 122.499064 0.000000 13.518518 70.382951 132.574898 256.000000 66.331951 162.217896 48.405307 64.000000 14.959862 161.194255 50.511722 256.000000 181.635184
164.872585 137.206465 0.000000 14.422047 167.321022 140.714856 256.000000 188.291183 102.842140 116.046818 0.000000 111.938663 101.834702 119.314651 256.000000 109.589487 163.926362 126.947280 0.000000 14.572635 165.605542 123.469105 256.000000 211.133261 23.033076 203.947965 64.000000 25.531154 22.917853 200.737815 256.000000 223.976284
66.998925 183.885605 0.000000 28.573035 82.612707 183.061195 256.000000 60.459011 167.046149 52.167396 64.000000 14.852299 165.222300 49.250020 256.000000 183.502478 159.823522 58.273631 64.000000 92.577323 159.202140 59.451562 256.000000 133.296372 20.523984 110.308018 64.000000 24.752398 20.143944 114.559713 256.000000 197.304962
187.074360 45.883218 64.000000 14.280064 188.072409 48.614347 256.000000 199.043180 136.169015 144.135193 0.000000 17.240198 131.789578 145.444027 256.000000 203.479078 119.437304 109.596413 0.000000 129.260608 128.009909 117.971413 256.000000 88.963206 40.723867 202.113756 64.000000 10.541174 41.248318 204.482405 256.000000 188.889233
118.367900 198.456404 64.000000 14.379022 117.762829 196.293880 256.000000 212.109933 113.664762 166.325938 0.000000 109.142025 101.648018 163.104776 256.000000 93.153861 151.153195 87.419549 64.000000 9.289141 146.475176 89.328355 256.000000 210.173799 151.722771 37.255149 64.000000 10.790720 144.003318 27.546675 256.000000 223.670805
124.978236 155.722385 64.000000 19.821710 124.644605 153.091684 256.000000 193.316526 140.611302 40.246585 0.000000 20.841407 137.933389 41.819331 256.000000 192.107518 137.378596 211.961882 0.000000 15.910719 137.903596 204.043993 256.000000 92.039508 175.343216 125.839540 64.000000 12.933375 173.961598 123.890864 256.000000 205.101128
28.517918 83.244224 64.000000 10.145342 25.779680 84.431562 256.000000 227.327947 218.796349 121.447089 0.000000 10.054989 218.498262 119.435689 256.000000 196.956458 228.691007 58.980704 64.000000 122.591702 234.560267 65.882656 256.000000 96.600179 17.238871 12.093982 64.000000 25.621507 16.845229 13.090104 256.000000 201.048155
243.064211 98.734024 64.000000 9.616132 253.447360 106.513522 256.000000 199.778911 43.318513 140.129598 0.000000 31.739690 53.845184 149.291367 256.000000 188.669805 124.536435 198.939324 0.000000 12.907560 121.580927 198.781507 256.000000 214.231076 80.150278 42.685024 0.000000 26.301305 85.104818 52.393067 256.000000 190.291855
35.338584 38.165156 64.000000 113.182091 33.539627 44.225753 256.000000 94.311238 77.098944 156.710387 64.000000 12.774182 76.843040 159.242464 256.000000 208.284993 237.290196 93.087196 0.000000 17.756500 227.961395 85.320033 256.000000 194.224358 24.125967 96.386705 64.000000 21.284566 24.495625 99.890305 256.000000 215.964991
221.742016 84.551431 64.000000 26.391658 196.342805 86.106509 256.000000 48.855115 220.499798 127.834685 64.000000 24.218885 183.548962 123.193540 256.000000 55.795079 47.025553 9.945731 64.000000 28.512800 46.104020 13.812593 256.000000 193.914576 58.990927 144.966595 0.000000 17.257408 58.639807 154.182576 256.000000 194.095282
141.710453 219.228707 64.000000 28.293372 147.323647 209.871387 256.000000 58.720793 93.090300 138.582740 0.000000 24.455524 102.109705 135.237824 256.000000 184.109133 254.364885 168.884382 64.000000 28.009405 240.690527 164.664769 256.000000 94.991037 232.094329 58.880265 0.000000 16.633542 234.700758 69.829504 256.000000 193.699450
189.677475 197.861971 0.000000 18.345945 160.042378 224.665060 256.000000 203.306978 186.869664 46.697356 64.000000 115.754998 188.923760 47.444033 256.000000 94.233793 4.380935 46.854467 64.000000 9.418216 5.050282 45.840604 256.000000 224.522704 0.997145 204.040171 0.000000 34.514815 3.380485 195.896076 256.000000 198.367685
126.351545 176.474876 0.000000 9.211695 130.944236 184.380158 256.000000 223.081359 228.997107 57.795387 64.000000 20.359525 223.761518 64.921942 256.000000 176.347387 26.481251 7.239933 0.000000 13.445375 26.830344 6.762984 256.000000 205.591616 133.949785 90.563653 0.000000 13.544333 130.034409 92.319891 256.000000 205.978842
93.490396 126.579429 0.000000 15.747223 78.798624 124.111465 256.000000 69.928858 100.811604 90.118798 64.000000 16.878786 98.489842 94.847520 256.000000 198.681769 220.302995 65.487938 64.000000 80.177460 225.377853 76.163273 256.000000 160.006416 135.098422 209.827336 0.000000 12.042753 136.088618 209.642636 256.000000 220.564385
123.741136 212.559853 0.000000 11.935190 100.305649 194.765235 256.000000 212.983345 153.887587 124.005211 0.000000 16.771223 156.387636 129.214004 256.000000 200.669533 56.795735 124.736029 0.000000 10.029174 57.119498 126.598789 256.000000 203.788860 25.531905 131.789322 64.000000 162.962248 29.379838 123.812120 256.000000 62.868422
117.374749 46.395898 0.000000 16.508769 115.653896 47.783151 256.000000 212.187379 174.463238 219.307540 0.000000 26.520733 165.470245 202.568433 256.000000 174.105774 87.200887 21.267913 64.000000 18.298618 114.129540 11.321520 256.000000 192.434510 233.513660 110.890020 64.000000 101.139338 238.338058 108.770485 256.000000 115.066595
19.376120 109.924595 0.000000 8.751326 20.646082 110.948429 256.000000 224.961561 39.462971 88.447269 64.000000 130.112507 41.683104 87.529707 256.000000 77.075343 34.315384 210.574511 0.000000 28.538615 50.274385 210.641747 256.000000 216.128487 159.792336 169.067775 64.000000 92.129861 158.431816 171.289795 256.000000 117.992308
233.930647 131.811729 0.000000 10.136737 231.127560 137.133085 256.000000 210.453463 199.715858 134.900362 64.000000 12.275090 197.197762 135.903925 256.000000 99.134363 243.522669 194.141260 64.000000 10.747695 242.692251 194.876067 256.000000 211.709799 97.464493 230.807313 64.000000 11.126317 86.357551 238.376851 256.000000 230.942064
85.700045 203.733476 64.000000 102.795808 88.122255 207.139398 256.000000 104.753454 176.829651 164.527089 0.000000 15.359996 167.032555 173.105373 256.000000 80.233393 103.092433 210.452635 64.000000 24.020969 90.626964 205.382091 256.000000 185.124528 46.261969 89.407735 0.000000 11.078989 54.579431 81.572987 256.000000 202.786373
