16.015275 197.320631 64.000000 29.162481 16.225480 195.014431 256.000000 172.707455 93.490396 126.579429 0.000000 15.747223 78.798624 124.111465 256.000000 69.928858 93.640085 185.511042 0.000000 12.636501 97.475462 190.599285 256.000000 207.949397 103.092433 210.452635 64.000000 24.020969 90.626964 205.382091 256.000000 185.124528
78.490231 165.637838 64.000000 22.549507 82.896753 172.844867 256.000000 56.431852 56.795735 124.736029 0.000000 10.029174 57.119498 126.598789 256.000000 203.788860 154.329593 87.219409 64.000000 22.721608 175.664711 83.114864 256.000000 98.544918 120.102793 247.039362 64.000000 25.931288 102.958035 239.790376 256.000000 185.593503
132.013005 47.750387 64.000000 31.193270 131.484416 51.778645 256.000000 192.804526 51.666355 16.537445 64.000000 22.648465 49.685887 18.125358 256.000000 206.710271 59.524173 85.556513 0.000000 9.323561 60.073115 82.510020 256.000000 230.881828 4.358920 111.845691 0.000000 30.078917 12.715944 117.574471 256.000000 169.854885
90.230295 243.264296 0.000000 109.744378 88.857905 241.578782 256.000000 89.617189 152.221976 89.980396 0.000000 58.509969 143.476416 92.024256 256.000000 164.958617 174.420829 42.127433 64.000000 14.026215 177.083640 42.098080 256.000000 216.550134 130.090449 230.499687 64.000000 10.085107 127.959273 227.845116 256.000000 202.515314
142.394124 227.506004 64.000000 47.405165 117.427167 205.017496 256.000000 26.344330 10.864962 15.740853 0.000000 9.740905 10.264322 18.107705 256.000000 185.395587 77.029145 110.594227 64.000000 107.296244 87.859369 98.049816 256.000000 122.398089 127.821567 3.187198 64.000000 25.582784 123.718900 4.950171 256.000000 199.925197
141.710453 219.228707 64.000000 28.293372 147.323647 209.871387 256.000000 58.720793 126.222840 104.948209 64.000000 12.929073 125.679071 106.394916 256.000000 216.274773 226.534033 48.554949 0.000000 11.328535 214.756820 39.236760 256.000000 189.254947 28.517918 83.244224 64.000000 10.145342 25.779680 84.431562 256.000000 227.327947
31.772700 154.398233 64.000000 26.374448 29.838095 157.688922 256.000000 186.432494 133.296696 208.740669 0.000000 17.175660 130.680502 208.156153 256.000000 185.675251 228.997107 57.795387 64.000000 20.359525 223.761518 64.921942 256.000000 176.347387 37.405898 238.632067 0.000000 13.535728 41.554105 245.257385 256.000000 203.810372
222.201916 245.148076 0.000000 40.357638 218.948791 234.551396 256.000000 207.071683 133.284456 102.098422 0.000000 130.082390 132.200309 106.919251 256.000000 102.344043 98.110540 109.652627 0.000000 13.811089 98.956722 108.090813 256.000000 209.261665 151.230278 155.670649 64.000000 14.878114 152.709655 158.826825 256.000000 187.348931
103.742980 162.793518 64.000000 16.926114 109.027527 155.401878 256.000000 200.716861 200.731213 129.982771 64.000000 11.018754 198.403380 126.720024 256.000000 210.031816 46.261969 89.407735 0.000000 11.078989 54.579431 81.572987 256.000000 202.786373 10.058162 183.537178 64.000000 9.818351 19.189902 181.222060 256.000000 210.896623
201.859475 134.972440 0.000000 35.926042 186.218162 146.048709 256.000000 177.487555 140.046967 88.604231 0.000000 21.056533 142.423480 93.269304 256.000000 185.081503 218.796349 121.447089 0.000000 10.054989 218.498262 119.435689 256.000000 196.956458 54.015764 241.543860 0.000000 120.973955 56.489207 240.743107 256.000000 75.152117
111.825142 204.118795 64.000000 10.751997 115.189913 212.167147 256.000000 35.306479 173.335173 135.428471 64.000000 9.095527 174.199975 133.823976 256.000000 197.816962 143.714991 224.201242 64.000000 134.505380 146.037744 225.031451 256.000000 95.012549 60.324213 12.040791 0.000000 18.320130 61.962951 15.568644 256.000000 222.513427
68.915278 228.596078 64.000000 10.132435 69.867936 229.532176 256.000000 203.539314 198.641985 104.451311 64.000000 13.466888 196.299047 105.582182 256.000000 194.288896 226.612136 70.407938 0.000000 9.246115 230.269100 75.995922 256.000000 210.844993 243.522669 194.141260 64.000000 10.747695 242.692251 194.876067 256.000000 211.709799
141.588456 12.874309 0.000000 95.124415 142.619491 14.365509 256.000000 107.717891 179.319969 199.258136 64.000000 8.785746 178.442620 198.390916 256.000000 201.233163 242.173515 65.705044 0.000000 16.289341 245.692844 68.182911 320.000000 220.099713 100.811604 90.118798 64.000000 16.878786 98.489842 94.847520 256.000000 198.681769
23.033076 203.947965 64.000000 25.531154 22.917853 200.737815 256.000000 223.976284 178.520700 152.972560 64.000000 13.673409 180.401916 152.892635 256.000000 191.143754 134.375516 69.937613 0.000000 9.521477 139.500736 68.456369 256.000000 209.786573 2.088578 53.219442 64.000000 8.725511 3.418049 48.241144 256.000000 201.005129
61.751284 126.821953 64.000000 9.383796 35.891825 146.997511 256.000000 203.526406 51.814336 212.914371 64.000000 29.515287 65.772175 168.512445 256.000000 202.846608 69.948024 18.117271 0.000000 19.189239 70.332993 18.773164 256.000000 195.278475 214.521509 206.474287 0.000000 10.493846 211.862895 209.354842 320.000000 240.390397
22.746489 114.748547 0.000000 29.751926 18.827991 118.963669 256.000000 57.068625 197.814980 167.775727 0.000000 11.319930 194.988962 171.731731 256.000000 102.675337 164.582087 184.709476 64.000000 42.272259 152.607907 178.722313 256.000000 176.644261 43.950893 231.917805 0.000000 14.942652 45.933418 226.444055 256.000000 167.213137
216.983660 102.090513 0.000000 17.119727 205.979840 38.148960 256.000000 187.985704 159.005491 168.138369 64.000000 8.613645 161.900642 168.858342 256.000000 194.430879 111.465358 175.292307 64.000000 37.840663 111.538616 158.656700 256.000000 76.107276 137.378596 211.961882 0.000000 15.910719 137.903596 204.043993 256.000000 92.039508
187.383711 74.939375 64.000000 13.096871 190.615253 75.652349 256.000000 197.184492 11.410298 147.782149 64.000000 102.774295 11.313044 150.230253 256.000000 89.505324 133.949785 90.563653 0.000000 13.544333 130.034409 92.319891 256.000000 205.978842 123.899278 162.812196 64.000000 18.483626 123.599409 161.549891 256.000000 214.183748
176.829651 164.527089 0.000000 15.359996 167.032555 173.105373 256.000000 80.233393 234.182855 45.198404 64.000000 35.302177 233.199487 52.095756 256.000000 207.820321 74.499440 166.311515 64.000000 19.292500 76.548418 170.647220 256.000000 115.152645 136.447960 190.502227 0.000000 11.956703 137.211071 190.797685 256.000000 217.879613
118.481664 236.166713 0.000000 15.738618 118.962604 230.541782 256.000000 205.768019 16.562760 86.476558 64.000000 31.275018 17.887056 88.466195 256.000000 182.973268 99.972575 118.454182 0.000000 26.202347 99.641604 104.795904 256.000000 205.200086 203.524895 208.211140 64.000000 17.808130 195.731982 204.912696 256.000000 217.737630
129.028920 53.567425 64.000000 11.418888 128.202825 52.355060 256.000000 203.887818 232.094329 58.880265 0.000000 16.633542 234.700758 69.829504 256.000000 193.699450 90.725871 108.002889 64.000000 18.617004 91.366349 110.449578 256.000000 186.927284 21.983285 19.978031 64.000000 95.507339 21.011558 20.752742 256.000000 97.637086
180.608198 24.525033 0.000000 15.484769 182.622338 26.193747 256.000000 199.959617 43.270698 76.784184 64.000000 26.301305 45.713540 76.828704 256.000000 183.777839 175.343216 125.839540 64.000000 12.933375 173.961598 123.890864 256.000000 205.101128 189.677475 197.861971 0.000000 18.345945 160.042378 224.665060 256.000000 203.306978
167.019135 74.960751 64.000000 185.374074 166.692524 78.081905 256.000000 55.554138 123.738716 145.925173 0.000000 40.383453 120.578635 143.849209 256.000000 185.830141 119.437304 109.596413 0.000000 129.260608 128.009909 117.971413 256.000000 88.963206 16.586987 58.205625 0.000000 10.020569 16.377915 59.717731 256.000000 199.735886
208.720402 132.757991 64.000000 9.444031 212.814105 128.834000 256.000000 81.537057 46.123655 60.954713 0.000000 90.925155 44.328355 60.678515 256.000000 100.003472 46.336951 123.470264 64.000000 9.495662 46.530940 122.776953 256.000000 210.948253 207.921640 120.515856 64.000000 11.892165 205.624020 120.488860 256.000000 212.208891
93.090300 138.582740 0.000000 24.455524 102.109705 135.237824 256.000000 184.109133 45.630942 20.914442 64.000000 32.613102 53.509705 16.997885 256.000000 192.232291 58.990927 144.966595 0.000000 17.257408 58.639807 154.182576 256.000000 194.095282 245.433222 250.335718 64.000000 11.720064 244.734716 250.350269 256.000000 207.493330
220.302995 65.487938 64.000000 80.177460 225.377853 76.163273 256.000000 160.006416 192.402327 48.638476 64.000000 23.414314 198.367078 64.295325 256.000000 151.810116 100.884982 211.137762 0.000000 40.056461 103.539404 205.069689 256.000000 169.506380 150.692440 212.948071 64.000000 15.837576 150.799382 211.085529 256.000000 67.803413
104.377751 247.723760 64.000000 12.782787 99.885347 255.482896 256.000000 89.174030 49.328478 186.648709 64.000000 20.514415 57.836405 195.583584 256.000000 194.017837 162.217896 48.405307 64.000000 14.959862 161.194255 50.511722 256.000000 181.635184 132.958689 17.975967 64.000000 10.265813 112.042307 5.536913 256.000000 196.767147
122.442111 169.974602 0.000000 66.142640 124.610716 189.195796 256.000000 145.377848 138.977135 54.118824 0.000000 123.998626 140.677225 56.777278 256.000000 100.661758 241.839145 106.485720 64.000000 128.985247 241.591080 106.474611 256.000000 80.164553 152.828687 102.044782 0.000000 11.870653 152.910689 107.181869 256.000000 163.039693
66.570064 254.300104 0.000000 15.407324 67.847267 252.243775 256.000000 178.403992 97.474809 103.131996 64.000000 11.302720 97.822589 103.496960 256.000000 207.114708 127.907547 169.958153 64.000000 149.654553 131.950671 166.327315 256.000000 55.003416 77.098944 156.710387 64.000000 12.774182 76.843040 159.242464 256.000000 208.284993
155.062613 237.964391 64.000000 9.099830 159.327824 240.761418 256.000000 206.477935 124.536435 198.939324 0.000000 12.907560 121.580927 198.781507 256.000000 214.231076 60.644460 3.997093 0.000000 105.209522 61.117287 1.181513 256.000000 113.061621 10.696533 67.485127 64.000000 18.500836 12.492909 66.957104 256.000000 210.875110
85.700045 203.733476 64.000000 102.795808 88.122255 207.139398 256.000000 104.753454 22.643727 102.305793 64.000000 152.266183 24.749087 104.316416 256.000000 69.588958 187.475847 110.591407 0.000000 17.537072 190.886067 111.025135 256.000000 67.007446 90.107551 158.975647 0.000000 19.542046 96.577451 157.645836 256.000000 197.352290
47.025553 9.945731 64.000000 28.512800 46.104020 13.812593 256.000000 193.914576 116.374936 177.389725 64.000000 9.396704 118.096844 180.038491 256.000000 193.338039 133.683147 221.136355 0.000000 10.244300 118.276087 227.504035 256.000000 194.396459 40.723867 202.113756 64.000000 10.541174 41.248318 204.482405 256.000000 188.889233
