56.869324 211.609889 64.000000 97.469288 54.761780 212.217647 256.000000 120.453350 60.644460 3.997093 0.000000 105.209522 61.117287 1.181513 256.000000 113.061621 78.490231 165.637838 64.000000 22.549507 82.896753 172.844867 256.000000 56.431852 164.582087 184.709476 64.000000 42.272259 152.607907 178.722313 256.000000 176.644261
21.983285 19.978031 64.000000 95.507339 21.011558 20.752742 256.000000 97.637086 114.614985 163.957065 0.000000 12.662316 117.234200 166.170249 256.000000 216.984689 51.666355 16.537445 64.000000 22.648465 49.685887 18.125358 256.000000 206.710271 232.094329 58.880265 0.000000 16.633542 234.700758 69.829504 256.000000 193.699450
222.201916 245.148076 0.000000 40.357638 218.948791 234.551396 256.000000 207.071683 124.978236 155.722385 64.000000 19.821710 124.644605 153.091684 256.000000 193.316526 208.720402 132.757991 64.000000 9.444031 212.814105 128.834000 256.000000 81.537057 142.394124 227.506004 64.000000 47.405165 117.427167 205.017496 256.000000 26.344330
87.200887 21.267913 64.000000 18.298618 114.129540 11.321520 256.000000 192.434510 164.371793 203.850698 64.000000 134.307464 172.978062 201.731211 256.000000 78.103646 171.894567 87.154809 64.000000 18.586886 167.932545 83.770465 256.000000 118.293485 151.722771 37.255149 64.000000 10.790720 144.003318 27.546675 256.000000 223.670805
24.707071 178.003513 0.000000 149.138251 18.862024 183.425998 256.000000 67.041867 84.718225 71.467907 64.000000 105.613958 84.815244 78.540965 256.000000 114.322259 33.359560 96.742876 64.000000 22.898011 34.309669 108.463696 256.000000 197.735214 173.335173 135.428471 64.000000 9.095527 174.199975 133.823976 256.000000 197.816962
118.481664 236.166713 0.000000 15.738618 118.962604 230.541782 256.000000 205.768019 51.814336 212.914371 64.000000 29.515287 65.772175 168.512445 256.000000 202.846608 149.360193 214.373645 64.000000 122.544375 153.206451 216.714420 256.000000 87.022770 136.169015 144.135193 0.000000 17.240198 131.789578 145.444027 256.000000 203.479078
141.588456 12.874309 0.000000 95.124415 142.619491 14.365509 256.000000 107.717891 14.560655 31.202389 0.000000 29.394817 16.897185 29.934204 256.000000 189.801367 40.295464 209.282155 0.000000 10.511056 41.520605 208.794047 256.000000 204.683784 207.672511 42.004856 64.000000 116.245485 202.323335 48.540785 256.000000 111.207234
77.029145 110.594227 64.000000 107.296244 87.859369 98.049816 256.000000 122.398089 187.074360 45.883218 64.000000 14.280064 188.072409 48.614347 256.000000 199.043180 67.877500 139.640724 64.000000 19.692634 56.066989 133.575822 256.000000 93.855171 108.348242 222.563287 64.000000 12.115896 110.101244 225.615376 256.000000 203.862003
63.946240 26.561900 64.000000 25.027759 71.937233 17.569265 256.000000 219.794234 51.605416 179.267233 0.000000 113.410125 52.231456 177.721784 256.000000 90.602466 96.559200 161.297522 64.000000 10.205577 94.402827 163.421025 256.000000 207.364254 129.028920 53.567425 64.000000 11.418888 128.202825 52.355060 256.000000 203.887818
117.374749 46.395898 0.000000 16.508769 115.653896 47.783151 256.000000 212.187379 126.036871 80.599625 0.000000 148.880100 124.423707 81.257075 256.000000 95.416986 22.293920 245.510071 64.000000 11.281207 22.593715 245.815607 256.000000 183.752024 54.015764 241.543860 0.000000 120.973955 56.489207 240.743107 256.000000 75.152117
40.723867 202.113756 64.000000 10.541174 41.248318 204.482405 256.000000 188.889233 234.792304 206.286209 64.000000 16.362484 234.071784 205.520329 256.000000 202.175415 228.997107 57.795387 64.000000 20.359525 223.761518 64.921942 256.000000 176.347387 122.442111 169.974602 0.000000 66.142640 124.610716 189.195796 256.000000 145.377848
123.738716 145.925173 0.000000 40.383453 120.578635 143.849209 256.000000 185.830141 145.945816 132.625745 64.000000 103.084077 150.203276 131.279669 256.000000 106.810059 135.098422 209.827336 0.000000 12.042753 136.088618 209.642636 256.000000 220.564385 191.097160 18.564333 64.000000 147.998083 187.374598 19.048056 256.000000 62.515616
42.962713 136.743076 64.000000 28.719321 37.453320 138.886555 256.000000 175.508396 16.546933 3.620658 0.000000 23.526179 5.678111 19.521211 256.000000 60.803213 38.924620 65.836484 0.000000 8.957847 37.826182 67.042816 256.000000 235.898567 134.375516 69.937613 0.000000 9.521477 139.500736 68.456369 256.000000 209.786573
67.955535 81.092058 0.000000 134.109548 65.227665 80.845602 256.000000 65.312254 29.920111 89.096558 64.000000 22.919524 40.747449 84.852695 256.000000 60.041667 191.492724 168.850442 64.000000 18.203962 193.725105 172.055884 256.000000 192.116123 150.058915 72.990751 0.000000 9.332166 152.679696 73.230245 256.000000 208.087077
222.919920 249.300729 64.000000 29.429237 217.902482 248.464422 256.000000 187.224158 24.125967 96.386705 64.000000 21.284566 24.495625 99.890305 256.000000 215.964991 225.973924 187.214880 64.000000 14.710316 224.219822 199.326995 256.000000 213.534068 174.420829 42.127433 64.000000 14.026215 177.083640 42.098080 256.000000 216.550134
187.475847 110.591407 0.000000 17.537072 190.886067 111.025135 256.000000 67.007446 207.921640 120.515856 64.000000 11.892165 205.624020 120.488860 256.000000 212.208891 22.643727 102.305793 64.000000 152.266183 24.749087 104.316416 256.000000 69.588958 111.531318 95.241815 64.000000 10.610014 120.705144 100.887827 256.000000 91.351105
228.691007 58.980704 64.000000 122.591702 234.560267 65.882656 256.000000 96.600179 189.677475 197.861971 0.000000 18.345945 160.042378 224.665060 256.000000 203.306978 119.437304 109.596413 0.000000 129.260608 128.009909 117.971413 256.000000 88.963206 178.520700 152.972560 64.000000 13.673409 180.401916 152.892635 256.000000 191.143754
110.709509 99.010093 0.000000 113.177789 111.387358 99.402262 256.000000 102.593589 112.971042 181.264580 0.000000 13.647593 108.215315 179.900100 256.000000 193.785501 43.950893 231.917805 0.000000 14.942652 45.933418 226.444055 256.000000 167.213137 60.324213 12.040791 0.000000 18.320130 61.962951 15.568644 256.000000 222.513427
226.612136 70.407938 0.000000 9.246115 230.269100 75.995922 256.000000 210.844993 74.499440 166.311515 64.000000 19.292500 76.548418 170.647220 256.000000 115.152645 200.731213 129.982771 64.000000 11.018754 198.403380 126.720024 256.000000 210.031816 133.099073 14.356096 0.000000 100.313254 134.782911 15.753462 256.000000 103.359438
160.797245 166.462993 64.000000 80.706670 161.619367 168.350495 256.000000 114.752511 46.679193 112.968153 64.000000 10.356166 48.743949 109.149195 256.000000 199.907987 152.492729 162.425600 0.000000 99.241926 153.302873 163.024515 256.000000 143.493345 35.338584 38.165156 64.000000 113.182091 33.539627 44.225753 256.000000 94.311238
106.856755 23.424840 0.000000 11.763090 114.803773 22.472247 256.000000 208.379649 90.230295 243.264296 0.000000 109.744378 88.857905 241.578782 256.000000 89.617189 152.221976 89.980396 0.000000 58.509969 143.476416 92.024256 256.000000 164.958617 227.326124 125.038980 64.000000 124.880643 226.431569 125.453084 256.000000 80.482939
245.613484 154.941987 64.000000 16.465744 244.361680 152.633927 320.000000 214.527950 188.230096 115.542429 64.000000 116.809115 186.916349 117.678238 256.000000 89.440786 23.033076 203.947965 64.000000 25.531154 22.917853 200.737815 256.000000 223.976284 241.839145 106.485720 64.000000 128.985247 241.591080 106.474611 256.000000 80.164553
117.217575 116.044989 0.000000 14.163896 128.085389 122.372967 256.000000 198.492458 61.166775 168.671796 64.000000 14.361812 60.079662 173.526369 256.000000 211.860387 94.715278 254.489493 64.000000 13.075358 95.344722 254.236878 256.000000 184.926612 31.772700 154.398233 64.000000 26.374448 29.838095 157.688922 256.000000 186.432494
218.796349 121.447089 0.000000 10.054989 218.498262 119.435689 256.000000 196.956458 203.778642 146.829187 0.000000 149.766419 210.125862 146.534382 256.000000 69.619076 138.722545 96.636333 64.000000 19.946483 111.332093 115.763353 256.000000 199.000155 134.545671 72.425576 64.000000 15.045912 129.108356 55.219231 256.000000 206.929699
26.481251 7.239933 0.000000 13.445375 26.830344 6.762984 256.000000 205.591616 80.150278 42.685024 0.000000 26.301305 85.104818 52.393067 256.000000 190.291855 99.185404 54.081315 64.000000 37.087722 93.966793 48.190887 256.000000 162.643861 252.124867 173.881795 0.000000 113.767234 255.197322 183.973564 256.000000 96.952986
132.013005 47.750387 64.000000 31.193270 131.484416 51.778645 256.000000 192.804526 193.510149 201.801713 0.000000 11.001544 197.488358 201.902311 256.000000 192.684056 58.555191 136.778109 0.000000 31.713875 59.761176 139.521140 256.000000 185.511755 55.785367 170.227527 64.000000 89.767777 56.085985 173.701151 256.000000 130.284608
148.215844 160.867935 64.000000 136.424304 156.303560 160.640829 256.000000 62.098271 68.915278 228.596078 64.000000 10.132435 69.867936 229.532176 256.000000 203.539314 127.174200 177.797325 64.000000 8.626553 128.246102 170.786113 256.000000 84.798367 216.983660 102.090513 0.000000 17.119727 205.979840 38.148960 256.000000 187.985704
201.910105 81.610156 0.000000 14.327392 194.799747 78.740298 256.000000 204.877397 249.540138 109.603767 0.000000 13.058148 249.329193 108.701193 256.000000 237.843306 212.829511 25.061644 64.000000 16.560399 188.181580 5.348965 256.000000 79.054502 74.839811 157.575198 0.000000 112.399032 68.164775 159.731335 256.000000 101.823438
155.062613 237.964391 64.000000 9.099830 159.327824 240.761418 256.000000 206.477935 116.374936 177.389725 64.000000 9.396704 118.096844 180.038491 256.000000 193.338039 54.228964 148.420447 0.000000 31.593404 56.218571 143.934947 256.000000 206.181061 227.949007 221.423336 0.000000 18.935391 244.355645 207.258020 256.000000 89.036349
37.654042 65.432002 64.000000 105.682799 35.771364 65.932524 256.000000 111.542831 10.864962 15.740853 0.000000 9.740905 10.264322 18.107705 256.000000 185.395587 130.090449 230.499687 64.000000 10.085107 127.959273 227.845116 256.000000 202.515314 233.513660 110.890020 64.000000 101.139338 238.338058 108.770485 256.000000 115.066595
243.522669 194.141260 64.000000 10.747695 242.692251 194.876067 256.000000 211.709799 111.437642 114.789576 0.000000 24.055389 115.026118 115.955567 256.000000 186.630410 90.184355 10.474920 0.000000 10.997241 92.236256 11.164729 256.000000 200.665230 111.465358 175.292307 64.000000 37.840663 111.538616 158.656700 256.000000 76.107276
78.072396 111.849969 64.000000 13.746551 83.406095 108.961713 320.000000 209.373531 103.742980 162.793518 64.000000 16.926114 109.027527 155.401878 256.000000 200.716861 167.019135 74.960751 64.000000 185.374074 166.692524 78.081905 256.000000 55.554138 100.811604 90.118798 64.000000 16.878786 98.489842 94.847520 256.000000 198.681769
