192.402327 48.638476 64.000000 23.414314 198.367078 64.295325 256.000000 151.810116 73.329167 37.991260 0.000000 100.541287 75.379269 42.600831 256.000000 83.937863 141.710453 219.228707 64.000000 28.293372 147.323647 209.871387 256.000000 58.720793 10.058162 183.537178 64.000000 9.818351 19.189902 181.222060 256.000000 210.896623
118.125504 162.471529 64.000000 137.960304 130.996887 153.360295 256.000000 72.708285 138.722545 96.636333 64.000000 19.946483 111.332093 115.763353 256.000000 199.000155 250.073475 157.929865 64.000000 15.157778 249.270349 157.689445 256.000000 201.551549 95.202984 187.218098 64.000000 18.956903 96.591295 184.153873 256.000000 212.350875
51.814336 212.914371 64.000000 29.515287 65.772175 168.512445 256.000000 202.846608 153.519611 113.826876 64.000000 18.457811 148.628027 116.345344 256.000000 222.909259 218.796349 121.447089 0.000000 10.054989 218.498262 119.435689 256.000000 196.956458 163.926362 126.947280 0.000000 14.572635 165.605542 123.469105 256.000000 211.133261
150.058915 72.990751 0.000000 9.332166 152.679696 73.230245 256.000000 208.087077 115.087240 225.746111 0.000000 9.263326 125.835213 229.163969 256.000000 209.494001 22.599145 146.912235 0.000000 35.414042 38.432295 153.355687 256.000000 215.995109 133.949785 90.563653 0.000000 13.544333 130.034409 92.319891 256.000000 205.978842
154.329593 87.219409 64.000000 22.721608 175.664711 83.114864 256.000000 98.544918 108.348242 222.563287 64.000000 12.115896 110.101244 225.615376 256.000000 203.862003 79.329495 115.573365 0.000000 10.915493 67.162133 117.182275 256.000000 193.656425 167.019135 74.960751 64.000000 185.374074 166.692524 78.081905 256.000000 55.554138
75.594691 180.414907 64.000000 9.814048 72.618413 177.636618 256.000000 217.815075 175.343216 125.839540 64.000000 12.933375 173.961598 123.890864 256.000000 205.101128 90.076398 69.719547 0.000000 18.681542 92.048875 67.507884 256.000000 215.336823 129.028920 53.567425 64.000000 11.418888 128.202825 52.355060 256.000000 203.887818
59.524173 85.556513 0.000000 9.323561 60.073115 82.510020 256.000000 230.881828 179.319969 199.258136 64.000000 8.785746 178.442620 198.390916 256.000000 201.233163 16.562760 86.476558 64.000000 31.275018 17.887056 88.466195 256.000000 182.973268 45.630942 20.914442 64.000000 32.613102 53.509705 16.997885 256.000000 192.232291
132.958689 17.975967 64.000000 10.265813 112.042307 5.536913 256.000000 196.767147 174.463238 219.307540 0.000000 26.520733 165.470245 202.568433 256.000000 174.105774 43.318513 140.129598 0.000000 31.739690 53.845184 149.291367 256.000000 188.669805 28.982042 123.833116 64.000000 117.673922 29.033456 129.439144 256.000000 106.224916
103.894953 208.641244 0.000000 19.692634 108.153658 203.489467 256.000000 212.742404 229.314809 212.918518 64.000000 15.084635 229.764998 209.956544 256.000000 181.385638 0.721127 77.206644 0.000000 15.261038 1.945687 76.416100 256.000000 234.663743 151.230278 155.670649 64.000000 14.878114 152.709655 158.826825 256.000000 187.348931
167.448100 21.199691 64.000000 21.744936 165.768451 29.799615 256.000000 162.975155 110.709509 99.010093 0.000000 113.177789 111.387358 99.402262 256.000000 102.593589 32.689602 3.807953 64.000000 11.917980 30.714358 5.210540 256.000000 234.607811 35.338584 38.165156 64.000000 113.182091 33.539627 44.225753 256.000000 94.311238
120.102793 247.039362 64.000000 25.931288 102.958035 239.790376 256.000000 185.593503 228.997107 57.795387 64.000000 20.359525 223.761518 64.921942 256.000000 176.347387 168.434691 209.478882 64.000000 28.895724 157.336880 186.376936 256.000000 179.156933 136.447960 190.502227 0.000000 11.956703 137.211071 190.797685 256.000000 217.879613
112.971042 181.264580 0.000000 13.647593 108.215315 179.900100 256.000000 193.785501 46.123655 60.954713 0.000000 90.925155 44.328355 60.678515 256.000000 100.003472 20.888829 126.818607 64.000000 17.975929 23.051402 127.076467 256.000000 191.518073 242.173515 65.705044 0.000000 16.289341 245.692844 68.182911 320.000000 220.099713
0.997145 204.040171 0.000000 34.514815 3.380485 195.896076 256.000000 198.367685 29.920111 89.096558 64.000000 22.919524 40.747449 84.852695 256.000000 60.041667 162.217896 48.405307 64.000000 14.959862 161.194255 50.511722 256.000000 181.635184 31.772700 154.398233 64.000000 26.374448 29.838095 157.688922 256.000000 186.432494
112.543700 54.464878 0.000000 32.535656 115.302149 58.588038 256.000000 168.839490 229.234853 216.945431 0.000000 122.299131 224.020120 220.642038 256.000000 91.006903 123.738716 145.925173 0.000000 40.383453 120.578635 143.849209 256.000000 185.830141 199.244064 154.672525 0.000000 22.872196 169.951295 71.468271 256.000000 86.024585
140.597533 168.064253 64.000000 96.643204 146.601796 168.148818 256.000000 112.089251 212.799513 95.931467 64.000000 12.761274 216.959558 92.435009 256.000000 205.866977 90.725871 108.002889 64.000000 18.617004 91.366349 110.449578 256.000000 186.927284 243.522669 194.141260 64.000000 10.747695 242.692251 194.876067 256.000000 211.709799
100.884982 211.137762 0.000000 40.056461 103.539404 205.069689 256.000000 169.506380 232.094329 58.880265 0.000000 16.633542 234.700758 69.829504 256.000000 193.699450 151.153195 87.419549 64.000000 9.289141 146.475176 89.328355 256.000000 210.173799 203.778642 146.829187 0.000000 149.766419 210.125862 146.534382 256.000000 69.619076
61.751284 126.821953 64.000000 9.383796 35.891825 146.997511 256.000000 203.526406 124.536435 198.939324 0.000000 12.907560 121.580927 198.781507 256.000000 214.231076 10.696533 67.485127 64.000000 18.500836 12.492909 66.957104 256.000000 210.875110 133.296696 208.740669 0.000000 17.175660 130.680502 208.156153 256.000000 185.675251
212.829511 25.061644 64.000000 16.560399 188.181580 5.348965 256.000000 79.054502 82.368418 169.460762 64.000000 24.481339 86.075749 167.419709 256.000000 185.133133 46.679193 112.968153 64.000000 10.356166 48.743949 109.149195 256.000000 199.907987 245.613484 154.941987 64.000000 16.465744 244.361680 152.633927 320.000000 214.527950
249.737907 111.675245 64.000000 18.315828 248.823795 114.122089 256.000000 199.068995 151.722771 37.255149 64.000000 10.790720 144.003318 27.546675 256.000000 223.670805 98.423805 195.920949 64.000000 11.311325 97.021024 192.995047 256.000000 101.229691 174.213969 82.262793 64.000000 34.101774 172.218296 85.802495 256.000000 196.900525
56.636073 188.950747 64.000000 17.971626 59.446449 188.997509 256.000000 187.443586 191.097160 18.564333 64.000000 147.998083 187.374598 19.048056 256.000000 62.515616 120.265156 210.820553 0.000000 118.943165 119.880464 212.331124 256.000000 117.381351 238.964695 165.361322 64.000000 121.223501 232.041484 193.137100 256.000000 95.404078
182.874947 149.010456 64.000000 12.937678 180.870962 149.412949 256.000000 128.180676 158.811553 43.584655 64.000000 20.226147 170.739545 46.322311 256.000000 208.345228 132.013005 47.750387 64.000000 31.193270 131.484416 51.778645 256.000000 192.804526 16.015275 197.320631 64.000000 29.162481 16.225480 195.014431 256.000000 172.707455
96.559200 161.297522 64.000000 10.205577 94.402827 163.421025 256.000000 207.364254 174.420829 42.127433 64.000000 14.026215 177.083640 42.098080 256.000000 216.550134 150.045691 62.393678 64.000000 9.129947 152.833551 61.345295 256.000000 215.844521 38.924620 65.836484 0.000000 8.957847 37.826182 67.042816 256.000000 235.898567
106.856755 23.424840 0.000000 11.763090 114.803773 22.472247 256.000000 208.379649 19.376120 109.924595 0.000000 8.751326 20.646082 110.948429 256.000000 224.961561 228.691007 58.980704 64.000000 122.591702 234.560267 65.882656 256.000000 96.600179 67.877500 139.640724 64.000000 19.692634 56.066989 133.575822 256.000000 93.855171
61.946200 136.848462 0.000000 49.074543 65.389000 137.963238 256.000000 180.086277 164.582087 184.709476 64.000000 42.272259 152.607907 178.722313 256.000000 176.644261 93.490396 126.579429 0.000000 15.747223 78.798624 124.111465 256.000000 69.928858 40.723867 202.113756 64.000000 10.541174 41.248318 204.482405 256.000000 188.889233
102.842140 116.046818 0.000000 111.938663 101.834702 119.314651 256.000000 109.589487 39.462971 88.447269 64.000000 130.112507 41.683104 87.529707 256.000000 77.075343 254.364885 168.884382 64.000000 28.009405 240.690527 164.664769 256.000000 94.991037 84.369522 65.755911 0.000000 13.221644 79.113260 73.044844 256.000000 205.225901
54.015764 241.543860 0.000000 120.973955 56.489207 240.743107 256.000000 75.152117 140.611302 40.246585 0.000000 20.841407 137.933389 41.819331 256.000000 192.107518 93.640085 185.511042 0.000000 12.636501 97.475462 190.599285 256.000000 207.949397 163.381667 69.096149 64.000000 134.492473 159.799080 65.161193 256.000000 83.503308
234.792304 206.286209 64.000000 16.362484 234.071784 205.520329 256.000000 202.175415 104.377751 247.723760 64.000000 12.782787 99.885347 255.482896 256.000000 89.174030 226.971211 198.325484 0.000000 35.852899 214.620955 209.106387 256.000000 201.555852 121.076476 56.954578 64.000000 108.169655 125.443144 50.428727 256.000000 113.861889
149.360193 214.373645 64.000000 122.544375 153.206451 216.714420 256.000000 87.022770 17.238871 12.093982 64.000000 25.621507 16.845229 13.090104 256.000000 201.048155 90.184355 10.474920 0.000000 10.997241 92.236256 11.164729 256.000000 200.665230 145.945816 132.625745 64.000000 103.084077 150.203276 131.279669 256.000000 106.810059
26.362913 55.813715 0.000000 107.765218 19.586373 55.841784 256.000000 99.177389 117.374749 46.395898 0.000000 16.508769 115.653896 47.783151 256.000000 212.187379 8.132598 233.497645 0.000000 25.475221 14.360911 232.147755 256.000000 182.332193 159.005491 168.138369 64.000000 8.613645 161.900642 168.858342 256.000000 194.430879
46.261969 89.407735 0.000000 11.078989 54.579431 81.572987 256.000000 202.786373 174.903278 21.176567 64.000000 10.988636 173.675767 21.201384 256.000000 208.530237 138.977135 54.118824 0.000000 123.998626 140.677225 56.777278 256.000000 100.661758 40.295464 209.282155 0.000000 10.511056 41.520605 208.794047 256.000000 204.683784
24.707071 178.003513 0.000000 149.138251 18.862024 183.425998 256.000000 67.041867 97.474809 103.131996 64.000000 11.302720 97.822589 103.496960 256.000000 207.114708 140.046967 88.604231 0.000000 21.056533 142.423480 93.269304 256.000000 185.081503 37.654042 65.432002 64.000000 105.682799 35.771364 65.932524 256.000000 111.542831
135.098422 209.827336 0.000000 12.042753 136.088618 209.642636 256.000000 220.564385 180.608198 24.525033 0.000000 15.484769 182.622338 26.193747 256.000000 199.959617 75.874475 122.499064 0.000000 13.518518 70.382951 132.574898 256.000000 66.331951 199.715858 134.900362 64.000000 12.275090 197.197762 135.903925 256.000000 99.134363
