117.374749 46.395898 0.000000 16.508769 115.653896 47.783151 256.000000 212.187379 28.517918 83.244224 64.000000 10.145342 25.779680 84.431562 256.000000 227.327947 164.872585 137.206465 0.000000 14.422047 167.321022 140.714856 256.000000 188.291183 126.351545 176.474876 0.000000 9.211695 130.944236 184.380158 256.000000 223.081359
100.811604 90.118798 64.000000 16.878786 98.489842 94.847520 256.000000 198.681769 93.490396 126.579429 0.000000 15.747223 78.798624 124.111465 256.000000 69.928858 56.636073 188.950747 64.000000 17.971626 59.446449 188.997509 256.000000 187.443586 110.709509 99.010093 0.000000 113.177789 111.387358 99.402262 256.000000 102.593589
174.903278 21.176567 64.000000 10.988636 173.675767 21.201384 256.000000 208.530237 164.180885 135.101684 64.000000 13.608871 166.100440 174.166749 256.000000 207.600893 95.202984 187.218098 64.000000 18.956903 96.591295 184.153873 256.000000 212.350875 203.778642 146.829187 0.000000 149.766419 210.125862 146.534382 256.000000 69.619076
225.973924 187.214880 64.000000 14.710316 224.219822 199.326995 256.000000 213.534068 199.715858 134.900362 64.000000 12.275090 197.197762 135.903925 256.000000 99.134363 57.506864 252.770495 0.000000 32.578681 57.327225 246.029771 256.000000 175.908530 28.982042 123.833116 64.000000 117.673922 29.033456 129.439144 256.000000 106.224916
150.692440 212.948071 64.000000 15.837576 150.799382 211.085529 256.000000 67.803413 106.856755 23.424840 0.000000 11.763090 114.803773 22.472247 256.000000 208.379649 221.311538 129.320875 64.000000 19.004231 215.297127 126.862582 256.000000 176.915320 118.481664 236.166713 0.000000 15.738618 118.962604 230.541782 256.000000 205.768019
145.423909 4.227362 0.000000 40.138209 143.042813 13.441680 256.000000 179.815218 16.562760 86.476558 64.000000 31.275018 17.887056 88.466195 256.000000 182.973268 191.492724 168.850442 64.000000 18.203962 193.725105 172.055884 256.000000 192.116123 11.410298 147.782149 64.000000 102.774295 11.313044 150.230253 256.000000 89.505324
33.241165 30.773293 0.000000 28.551523 42.467995 30.677245 256.000000 164.524062 85.700045 203.733476 64.000000 102.795808 88.122255 207.139398 256.000000 104.753454 43.950893 231.917805 0.000000 14.942652 45.933418 226.444055 256.000000 167.213137 54.837242 89.007416 64.000000 22.820566 58.515047 90.821240 256.000000 180.396059
250.073475 157.929865 64.000000 15.157778 249.270349 157.689445 256.000000 201.551549 124.536435 198.939324 0.000000 12.907560 121.580927 198.781507 256.000000 214.231076 142.394124 227.506004 64.000000 47.405165 117.427167 205.017496 256.000000 26.344330 37.654042 65.432002 64.000000 105.682799 35.771364 65.932524 256.000000 111.542831
117.217575 116.044989 0.000000 14.163896 128.085389 122.372967 256.000000 198.492458 123.741136 212.559853 0.000000 11.935190 100.305649 194.765235 256.000000 212.983345 203.524895 208.211140 64.000000 17.808130 195.731982 204.912696 256.000000 217.737630 182.874947 149.010456 64.000000 12.937678 180.870962 149.412949 256.000000 128.180676
242.173515 65.705044 0.000000 16.289341 245.692844 68.182911 320.000000 220.099713 126.222840 104.948209 64.000000 12.929073 125.679071 106.394916 256.000000 216.274773 120.265156 210.820553 0.000000 118.943165 119.880464 212.331124 256.000000 117.381351 155.062613 237.964391 64.000000 9.099830 159.327824 240.761418 256.000000 206.477935
180.608198 24.525033 0.000000 15.484769 182.622338 26.193747 256.000000 199.959617 112.971042 181.264580 0.000000 13.647593 108.215315 179.900100 256.000000 193.785501 238.964695 165.361322 64.000000 121.223501 232.041484 193.137100 256.000000 95.404078 178.520700 152.972560 64.000000 13.673409 180.401916 152.892635 256.000000 191.143754
68.915278 228.596078 64.000000 10.132435 69.867936 229.532176 256.000000 203.539314 90.184355 10.474920 0.000000 10.997241 92.236256 11.164729 256.000000 200.665230 27.500864 115.864240 64.000000 19.021441 38.480665 100.775993 256.000000 192.653938 188.401369 15.971115 0.000000 15.760131 147.822136 3.875120 256.000000 186.432494
143.714991 224.201242 64.000000 134.505380 146.037744 225.031451 256.000000 95.012549 24.707071 178.003513 0.000000 149.138251 18.862024 183.425998 256.000000 67.041867 61.166775 168.671796 64.000000 14.361812 60.079662 173.526369 256.000000 211.860387 212.829511 25.061644 64.000000 16.560399 188.181580 5.348965 256.000000 79.054502
116.374936 177.389725 64.000000 9.396704 118.096844 180.038491 256.000000 193.338039 4.358920 111.845691 0.000000 30.078917 12.715944 117.574471 256.000000 169.854885 10.864962 15.740853 0.000000 9.740905 10.264322 18.107705 256.000000 185.395587 23.033076 203.947965 64.000000 25.531154 22.917853 200.737815 256.000000 223.976284
96.559200 161.297522 64.000000 10.205577 94.402827 163.421025 256.000000 207.364254 169.730718 34.572869 64.000000 101.380279 173.108202 46.070284 256.000000 109.447504 48.603956 213.608133 64.000000 18.139424 44.732885 212.970120 256.000000 203.612456 79.329495 115.573365 0.000000 10.915493 67.162133 117.182275 256.000000 193.656425
122.536118 187.284356 64.000000 10.244300 124.224704 190.671682 256.000000 115.466729 218.796349 121.447089 0.000000 10.054989 218.498262 119.435689 256.000000 196.956458 61.751284 126.821953 64.000000 9.383796 35.891825 146.997511 256.000000 203.526406 26.481251 7.239933 0.000000 13.445375 26.830344 6.762984 256.000000 205.591616
214.521509 206.474287 0.000000 10.493846 211.862895 209.354842 320.000000 240.390397 132.958689 17.975967 64.000000 10.265813 112.042307 5.536913 256.000000 196.767147 220.302995 65.487938 64.000000 80.177460 225.377853 76.163273 256.000000 160.006416 66.570064 254.300104 0.000000 15.407324 67.847267 252.243775 256.000000 178.403992
192.402327 48.638476 64.000000 23.414314 198.367078 64.295325 256.000000 151.810116 249.737907 111.675245 64.000000 18.315828 248.823795 114.122089 256.000000 199.068995 152.828687 102.044782 0.000000 11.870653 152.910689 107.181869 256.000000 163.039693 200.731213 129.982771 64.000000 11.018754 198.403380 126.720024 256.000000 210.031816
103.742980 162.793518 64.000000 16.926114 109.027527 155.401878 256.000000 200.716861 134.545671 72.425576 64.000000 15.045912 129.108356 55.219231 256.000000 206.929699 55.785367 170.227527 64.000000 89.767777 56.085985 173.701151 256.000000 130.284608 199.089291 47.131955 0.000000 22.338684 195.081022 71.689911 256.000000 205.441027
234.792304 206.286209 64.000000 16.362484 234.071784 205.520329 256.000000 202.175415 201.910105 81.610156 0.000000 14.327392 194.799747 78.740298 256.000000 204.877397 66.998925 183.885605 0.000000 28.573035 82.612707 183.061195 256.000000 60.459011 86.531189 178.424024 64.000000 13.858417 90.735898 178.578791 256.000000 209.545632
133.901224 133.476576 0.000000 108.668748 134.289331 133.894638 256.000000 106.913319 248.348636 96.702278 0.000000 15.777341 248.420476 102.160269 256.000000 176.833572 137.922189 110.205585 64.000000 117.179132 151.506405 100.844236 256.000000 98.390027 34.315384 210.574511 0.000000 28.538615 50.274385 210.641747 256.000000 216.128487
176.829651 164.527089 0.000000 15.359996 167.032555 173.105373 256.000000 80.233393 137.378596 211.961882 0.000000 15.910719 137.903596 204.043993 256.000000 92.039508 84.257335 204.940751 64.000000 25.655927 97.855998 192.751718 256.000000 216.421059 130.090449 230.499687 64.000000 10.085107 127.959273 227.845116 256.000000 202.515314
99.185404 54.081315 64.000000 37.087722 93.966793 48.190887 256.000000 162.643861 160.797245 166.462993 64.000000 80.706670 161.619367 168.350495 256.000000 114.752511 122.002982 98.951551 0.000000 15.278249 126.281518 101.030136 256.000000 182.431151 90.188367 90.780185 64.000000 116.649922 78.242493 94.671064 256.000000 90.167912
20.888829 126.818607 64.000000 17.975929 23.051402 127.076467 256.000000 191.518073 222.201916 245.148076 0.000000 40.357638 218.948791 234.551396 256.000000 207.071683 169.007775 234.028365 64.000000 29.498077 163.119722 229.361778 256.000000 193.591887 252.124867 173.881795 0.000000 113.767234 255.197322 183.973564 256.000000 96.952986
29.920111 89.096558 64.000000 22.919524 40.747449 84.852695 256.000000 60.041667 102.842140 116.046818 0.000000 111.938663 101.834702 119.314651 256.000000 109.589487 19.376120 109.924595 0.000000 8.751326 20.646082 110.948429 256.000000 224.961561 32.689602 3.807953 64.000000 11.917980 30.714358 5.210540 256.000000 234.607811
16.546933 3.620658 0.000000 23.526179 5.678111 19.521211 256.000000 60.803213 10.058162 183.537178 64.000000 9.818351 19.189902 181.222060 256.000000 210.896623 111.531318 95.241815 64.000000 10.610014 120.705144 100.887827 256.000000 91.351105 138.722545 96.636333 64.000000 19.946483 111.332093 115.763353 256.000000 199.000155
164.582087 184.709476 64.000000 42.272259 152.607907 178.722313 256.000000 176.644261 254.364885 168.884382 64.000000 28.009405 240.690527 164.664769 256.000000 94.991037 123.738716 145.925173 0.000000 40.383453 120.578635 143.849209 256.000000 185.830141 99.167975 235.644611 64.000000 12.167527 102.007833 234.687913 256.000000 199.047483
238.684918 66.272893 64.000000 106.792849 237.060689 67.095091 256.000000 114.180276 97.464493 230.807313 64.000000 11.126317 86.357551 238.376851 256.000000 230.942064 35.338584 38.165156 64.000000 113.182091 33.539627 44.225753 256.000000 94.311238 49.328478 186.648709 64.000000 20.514415 57.836405 195.583584 256.000000 194.017837
199.244064 154.672525 0.000000 22.872196 169.951295 71.468271 256.000000 86.024585 133.284456 102.098422 0.000000 130.082390 132.200309 106.919251 256.000000 102.344043 56.795735 124.736029 0.000000 10.029174 57.119498 126.598789 256.000000 203.788860 139.624756 33.022673 64.000000 11.014451 137.880753 33.801031 256.000000 179.767891
84.718225 71.467907 64.000000 105.613958 84.815244 78.540965 256.000000 114.322259 201.859475 134.972440 0.000000 35.926042 186.218162 146.048709 256.000000 177.487555 78.072396 111.849969 64.000000 13.746551 83.406095 108.961713 320.000000 209.373531 136.169015 144.135193 0.000000 17.240198 131.789578 145.444027 256.000000 203.479078
58.555191 136.778109 0.000000 31.713875 59.761176 139.521140 256.000000 185.511755 207.672511 42.004856 64.000000 116.245485 202.323335 48.540785 256.000000 111.207234 14.560655 31.202389 0.000000 29.394817 16.897185 29.934204 256.000000 189.801367 22.746489 114.748547 0.000000 29.751926 18.827991 118.963669 256.000000 57.068625
208.720402 132.757991 64.000000 9.444031 212.814105 128.834000 256.000000 81.537057 20.523984 110.308018 64.000000 24.752398 20.143944 114.559713 256.000000 197.304962 43.270698 76.784184 64.000000 26.301305 45.713540 76.828704 256.000000 183.777839 82.368418 169.460762 64.000000 24.481339 86.075749 167.419709 256.000000 185.133133
