67.955535 81.092058 0.000000 134.109548 65.227665 80.845602 256.000000 65.312254 11.410298 147.782149 64.000000 102.774295 11.313044 150.230253 256.000000 89.505324 35.338584 38.165156 64.000000 113.182091 33.539627 44.225753 256.000000 94.311238 60.324213 12.040791 0.000000 18.320130 61.962951 15.568644 256.000000 222.513427
111.465358 175.292307 64.000000 37.840663 111.538616 158.656700 256.000000 76.107276 90.230295 243.264296 0.000000 109.744378 88.857905 241.578782 256.000000 89.617189 17.238871 12.093982 64.000000 25.621507 16.845229 13.090104 256.000000 201.048155 58.990927 144.966595 0.000000 17.257408 58.639807 154.182576 256.000000 194.095282
47.025553 9.945731 64.000000 28.512800 46.104020 13.812593 256.000000 193.914576 66.570064 254.300104 0.000000 15.407324 67.847267 252.243775 256.000000 178.403992 222.201916 245.148076 0.000000 40.357638 218.948791 234.551396 256.000000 207.071683 86.531189 178.424024 64.000000 13.858417 90.735898 178.578791 256.000000 209.545632
137.378596 211.961882 0.000000 15.910719 137.903596 204.043993 256.000000 92.039508 143.714991 224.201242 64.000000 134.505380 146.037744 225.031451 256.000000 95.012549 111.437642 114.789576 0.000000 24.055389 115.026118 115.955567 256.000000 186.630410 199.089291 47.131955 0.000000 22.338684 195.081022 71.689911 256.000000 205.441027
188.230096 115.542429 64.000000 116.809115 186.916349 117.678238 256.000000 89.440786 142.394124 227.506004 64.000000 47.405165 117.427167 205.017496 256.000000 26.344330 24.125967 96.386705 64.000000 21.284566 24.495625 99.890305 256.000000 215.964991 75.594691 180.414907 64.000000 9.814048 72.618413 177.636618 256.000000 217.815075
56.869324 211.609889 64.000000 97.469288 54.761780 212.217647 256.000000 120.453350 48.603956 213.608133 64.000000 18.139424 44.732885 212.970120 256.000000 203.612456 31.369245 46.101327 64.000000 15.570820 33.160127 41.529711 256.000000 191.857972 78.072396 111.849969 64.000000 13.746551 83.406095 108.961713 320.000000 209.373531
68.713162 31.675031 64.000000 14.891022 82.627116 21.388567 256.000000 181.398546 43.285264 213.614160 64.000000 25.664532 45.226000 197.042011 256.000000 184.165066 58.555191 136.778109 0.000000 31.713875 59.761176 139.521140 256.000000 185.511755 59.720720 173.316624 0.000000 18.165239 66.412698 178.306733 256.000000 195.308593
27.500864 115.864240 64.000000 19.021441 38.480665 100.775993 256.000000 192.653938 90.107551 158.975647 0.000000 19.542046 96.577451 157.645836 256.000000 197.352290 84.369522 65.755911 0.000000 13.221644 79.113260 73.044844 256.000000 205.225901 38.924620 65.836484 0.000000 8.957847 37.826182 67.042816 256.000000 235.898567
97.464493 230.807313 64.000000 11.126317 86.357551 238.376851 256.000000 230.942064 148.215844 160.867935 64.000000 136.424304 156.303560 160.640829 256.000000 62.098271 229.234853 216.945431 0.000000 122.299131 224.020120 220.642038 256.000000 91.006903 29.920111 89.096558 64.000000 22.919524 40.747449 84.852695 256.000000 60.041667
140.611302 40.246585 0.000000 20.841407 137.933389 41.819331 256.000000 192.107518 103.092433 210.452635 64.000000 24.020969 90.626964 205.382091 256.000000 185.124528 98.110540 109.652627 0.000000 13.811089 98.956722 108.090813 256.000000 209.261665 85.700045 203.733476 64.000000 102.795808 88.122255 207.139398 256.000000 104.753454
225.659947 84.937735 0.000000 19.572163 220.020653 84.536736 256.000000 192.150543 19.376120 109.924595 0.000000 8.751326 20.646082 110.948429 256.000000 224.961561 113.664762 166.325938 0.000000 109.142025 101.648018 163.104776 256.000000 93.153861 63.506315 28.559304 64.000000 9.951729 58.742756 26.981600 256.000000 194.525534
174.213969 82.262793 64.000000 34.101774 172.218296 85.802495 256.000000 196.900525 114.614985 163.957065 0.000000 12.662316 117.234200 166.170249 256.000000 216.984689 254.364885 168.884382 64.000000 28.009405 240.690527 164.664769 256.000000 94.991037 122.536118 187.284356 64.000000 10.244300 124.224704 190.671682 256.000000 115.466729
132.013005 47.750387 64.000000 31.193270 131.484416 51.778645 256.000000 192.804526 14.560655 31.202389 0.000000 29.394817 16.897185 29.934204 256.000000 189.801367 178.520700 152.972560 64.000000 13.673409 180.401916 152.892635 256.000000 191.143754 132.958689 17.975967 64.000000 10.265813 112.042307 5.536913 256.000000 196.767147
38.818669 156.761129 64.000000 9.646250 36.711887 155.956625 256.000000 87.853156 151.153195 87.419549 64.000000 9.289141 146.475176 89.328355 256.000000 210.173799 82.368418 169.460762 64.000000 24.481339 86.075749 167.419709 256.000000 185.133133 164.582087 184.709476 64.000000 42.272259 152.607907 178.722313 256.000000 176.644261
174.903278 21.176567 64.000000 10.988636 173.675767 21.201384 256.000000 208.530237 201.910105 81.610156 0.000000 14.327392 194.799747 78.740298 256.000000 204.877397 16.015275 197.320631 64.000000 29.162481 16.225480 195.014431 256.000000 172.707455 23.033076 203.947965 64.000000 25.531154 22.917853 200.737815 256.000000 223.976284
225.973924 187.214880 64.000000 14.710316 224.219822 199.326995 256.000000 213.534068 117.217575 116.044989 0.000000 14.163896 128.085389 122.372967 256.000000 198.492458 158.811553 43.584655 64.000000 20.226147 170.739545 46.322311 256.000000 208.345228 56.636073 188.950747 64.000000 17.971626 59.446449 188.997509 256.000000 187.443586
122.166593 91.982329 0.000000 8.983662 126.091433 78.979573 256.000000 209.192825 100.884982 211.137762 0.000000 40.056461 103.539404 205.069689 256.000000 169.506380 234.792304 206.286209 64.000000 16.362484 234.071784 205.520329 256.000000 202.175415 187.383711 74.939375 64.000000 13.096871 190.615253 75.652349 256.000000 197.184492
150.058915 72.990751 0.000000 9.332166 152.679696 73.230245 256.000000 208.087077 133.296696 208.740669 0.000000 17.175660 130.680502 208.156153 256.000000 185.675251 136.169015 144.135193 0.000000 17.240198 131.789578 145.444027 256.000000 203.479078 122.002982 98.951551 0.000000 15.278249 126.281518 101.030136 256.000000 182.431151
221.742016 84.551431 64.000000 26.391658 196.342805 86.106509 256.000000 48.855115 140.046967 88.604231 0.000000 21.056533 142.423480 93.269304 256.000000 185.081503 221.311538 129.320875 64.000000 19.004231 215.297127 126.862582 256.000000 176.915320 228.997107 57.795387 64.000000 20.359525 223.761518 64.921942 256.000000 176.347387
118.125504 162.471529 64.000000 137.960304 130.996887 153.360295 256.000000 72.708285 10.058162 183.537178 64.000000 9.818351 19.189902 181.222060 256.000000 210.896623 180.608198 24.525033 0.000000 15.484769 182.622338 26.193747 256.000000 199.959617 111.531318 95.241815 64.000000 10.610014 120.705144 100.887827 256.000000 91.351105
73.329167 37.991260 0.000000 100.541287 75.379269 42.600831 256.000000 83.937863 116.773058 209.419082 0.000000 136.721178 117.373733 212.778900 256.000000 75.182234 164.872585 137.206465 0.000000 14.422047 167.321022 140.714856 256.000000 188.291183 157.772280 52.857691 64.000000 17.446719 155.548125 57.175644 256.000000 207.876254
199.244064 154.672525 0.000000 22.872196 169.951295 71.468271 256.000000 86.024585 21.983285 19.978031 64.000000 95.507339 21.011558 20.752742 256.000000 97.637086 242.173515 65.705044 0.000000 16.289341 245.692844 68.182911 320.000000 220.099713 96.559200 161.297522 64.000000 10.205577 94.402827 163.421025 256.000000 207.364254
145.945816 132.625745 64.000000 103.084077 150.203276 131.279669 256.000000 106.810059 168.434691 209.478882 64.000000 28.895724 157.336880 186.376936 256.000000 179.156933 133.683147 221.136355 0.000000 10.244300 118.276087 227.504035 256.000000 194.396459 126.222840 104.948209 64.000000 12.929073 125.679071 106.394916 256.000000 216.274773
155.062613 237.964391 64.000000 9.099830 159.327824 240.761418 256.000000 206.477935 8.132598 233.497645 0.000000 25.475221 14.360911 232.147755 256.000000 182.332193 104.377751 247.723760 64.000000 12.782787 99.885347 255.482896 256.000000 89.174030 145.423909 4.227362 0.000000 40.138209 143.042813 13.441680 256.000000 179.815218
164.180885 135.101684 64.000000 13.608871 166.100440 174.166749 256.000000 207.600893 97.474809 103.131996 64.000000 11.302720 97.822589 103.496960 256.000000 207.114708 61.166775 168.671796 64.000000 14.361812 60.079662 173.526369 256.000000 211.860387 207.921640 120.515856 64.000000 11.892165 205.624020 120.488860 256.000000 212.208891
238.964695 165.361322 64.000000 121.223501 232.041484 193.137100 256.000000 95.404078 138.722545 96.636333 64.000000 19.946483 111.332093 115.763353 256.000000 199.000155 28.982042 123.833116 64.000000 117.673922 29.033456 129.439144 256.000000 106.224916 212.829511 25.061644 64.000000 16.560399 188.181580 5.348965 256.000000 79.054502
31.772700 154.398233 64.000000 26.374448 29.838095 157.688922 256.000000 186.432494 227.326124 125.038980 64.000000 124.880643 226.431569 125.453084 256.000000 80.482939 152.492729 162.425600 0.000000 99.241926 153.302873 163.024515 256.000000 143.493345 50.124911 172.956811 64.000000 122.428207 52.012840 174.336064 256.000000 125.203332
43.950893 231.917805 0.000000 14.942652 45.933418 226.444055 256.000000 167.213137 16.586987 58.205625 0.000000 10.020569 16.377915 59.717731 256.000000 199.735886 0.721127 77.206644 0.000000 15.261038 1.945687 76.416100 256.000000 234.663743 192.402327 48.638476 64.000000 23.414314 198.367078 64.295325 256.000000 151.810116
151.722771 37.255149 64.000000 10.790720 144.003318 27.546675 256.000000 223.670805 78.490231 165.637838 64.000000 22.549507 82.896753 172.844867 256.000000 56.431852 55.785367 170.227527 64.000000 89.767777 56.085985 173.701151 256.000000 130.284608 32.689602 3.807953 64.000000 11.917980 30.714358 5.210540 256.000000 234.607811
152.828687 102.044782 0.000000 11.870653 152.910689 107.181869 256.000000 163.039693 207.672511 42.004856 64.000000 116.245485 202.323335 48.540785 256.000000 111.207234 118.481664 236.166713 0.000000 15.738618 118.962604 230.541782 256.000000 205.768019 134.375516 69.937613 0.000000 9.521477 139.500736 68.456369 256.000000 209.786573
153.519611 113.826876 64.000000 18.457811 148.628027 116.345344 256.000000 222.909259 153.887587 124.005211 0.000000 16.771223 156.387636 129.214004 256.000000 200.669533 121.076476 56.954578 64.000000 108.169655 125.443144 50.428727 256.000000 113.861889 54.015764 241.543860 0.000000 120.973955 56.489207 240.743107 256.000000 75.152117
252.124867 173.881795 0.000000 113.767234 255.197322 183.973564 256.000000 96.952986 59.524173 85.556513 0.000000 9.323561 60.073115 82.510020 256.000000 230.881828 124.536435 198.939324 0.000000 12.907560 121.580927 198.781507 256.000000 214.231076 151.230278 155.670649 64.000000 14.878114 152.709655 158.826825 256.000000 187.348931
