114.614985 163.957065 0.000000 12.662316 117.234200 166.170249 256.000000 216.984689 140.046967 88.604231 0.000000 21.056533 142.423480 93.269304 256.000000 185.081503 99.185404 54.081315 64.000000 37.087722 93.966793 48.190887 256.000000 162.643861 94.715278 254.489493 64.000000 13.075358 95.344722 254.236878 256.000000 184.926612
106.856755 23.424840 0.000000 11.763090 114.803773 22.472247 256.000000 208.379649 230.116220 226.933522 64.000000 18.965508 228.848409 236.472700 256.000000 181.230747 186.869664 46.697356 64.000000 115.754998 188.923760 47.444033 256.000000 94.233793 200.998693 166.824327 0.000000 25.466616 170.502462 173.689593 256.000000 173.761573
203.778642 146.829187 0.000000 149.766419 210.125862 146.534382 256.000000 69.619076 33.241165 30.773293 0.000000 28.551523 42.467995 30.677245 256.000000 164.524062 65.585358 185.060502 64.000000 21.181306 70.558538 185.451689 256.000000 217.010504 61.751284 126.821953 64.000000 9.383796 35.891825 146.997511 256.000000 203.526406
155.062613 237.964391 64.000000 9.099830 159.327824 240.761418 256.000000 206.477935 153.519611 113.826876 64.000000 18.457811 148.628027 116.345344 256.000000 222.909259 16.562760 86.476558 64.000000 31.275018 17.887056 88.466195 256.000000 182.973268 124.978236 155.722385 64.000000 19.821710 124.644605 153.091684 256.000000 193.316526
203.524895 208.211140 64.000000 17.808130 195.731982 204.912696 256.000000 217.737630 103.894953 208.641244 0.000000 19.692634 108.153658 203.489467 256.000000 212.742404 159.792336 169.067775 64.000000 92.129861 158.431816 171.289795 256.000000 117.992308 164.872585 137.206465 0.000000 14.422047 167.321022 140.714856 256.000000 188.291183
47.025553 9.945731 64.000000 28.512800 46.104020 13.812593 256.000000 193.914576 112.971042 181.264580 0.000000 13.647593 108.215315 179.900100 256.000000 193.785501 66.570064 254.300104 0.000000 15.407324 67.847267 252.243775 256.000000 178.403992 199.089291 47.131955 0.000000 22.338684 195.081022 71.689911 256.000000 205.441027
252.124867 173.881795 0.000000 113.767234 255.197322 183.973564 256.000000 96.952986 103.092433 210.452635 64.000000 24.020969 90.626964 205.382091 256.000000 185.124528 100.811604 90.118798 64.000000 16.878786 98.489842 94.847520 256.000000 198.681769 167.600025 210.861869 64.000000 12.610686 164.438440 215.268940 256.000000 226.605123
163.926362 126.947280 0.000000 14.572635 165.605542 123.469105 256.000000 211.133261 221.742016 84.551431 64.000000 26.391658 196.342805 86.106509 256.000000 48.855115 118.481664 236.166713 0.000000 15.738618 118.962604 230.541782 256.000000 205.768019 74.839811 157.575198 0.000000 112.399032 68.164775 159.731335 256.000000 101.823438
245.433222 250.335718 64.000000 11.720064 244.734716 250.350269 256.000000 207.493330 132.958689 17.975967 64.000000 10.265813 112.042307 5.536913 256.000000 196.767147 191.097160 18.564333 64.000000 147.998083 187.374598 19.048056 256.000000 62.515616 193.510149 201.801713 0.000000 11.001544 197.488358 201.902311 256.000000 192.684056
150.692440 212.948071 64.000000 15.837576 150.799382 211.085529 256.000000 67.803413 118.367900 198.456404 64.000000 14.379022 117.762829 196.293880 256.000000 212.109933 120.102793 247.039362 64.000000 25.931288 102.958035 239.790376 256.000000 185.593503 202.810320 161.768664 0.000000 18.251290 201.332902 163.788238 256.000000 214.347244
151.153195 87.419549 64.000000 9.289141 146.475176 89.328355 256.000000 210.173799 226.971211 198.325484 0.000000 35.852899 214.620955 209.106387 256.000000 201.555852 86.531189 178.424024 64.000000 13.858417 90.735898 178.578791 256.000000 209.545632 242.173515 65.705044 0.000000 16.289341 245.692844 68.182911 320.000000 220.099713
229.314809 212.918518 64.000000 15.084635 229.764998 209.956544 256.000000 181.385638 136.447960 190.502227 0.000000 11.956703 137.211071 190.797685 256.000000 217.879613 130.090449 230.499687 64.000000 10.085107 127.959273 227.845116 256.000000 202.515314 20.523984 110.308018 64.000000 24.752398 20.143944 114.559713 256.000000 197.304962
90.188367 90.780185 64.000000 116.649922 78.242493 94.671064 256.000000 90.167912 121.053355 178.674647 0.000000 120.126358 128.182709 205.796042 256.000000 94.797423 132.013005 47.750387 64.000000 31.193270 131.484416 51.778645 256.000000 192.804526 133.901224 133.476576 0.000000 108.668748 134.289331 133.894638 256.000000 106.913319
245.613484 154.941987 64.000000 16.465744 244.361680 152.633927 320.000000 214.527950 194.444216 103.788733 0.000000 58.273331 193.180762 103.299562 256.000000 189.125872 8.389238 142.159835 64.000000 138.678825 6.695124 144.514056 256.000000 70.337597 43.270698 76.784184 64.000000 26.301305 45.713540 76.828704 256.000000 183.777839
78.490231 165.637838 64.000000 22.549507 82.896753 172.844867 256.000000 56.431852 198.641985 104.451311 64.000000 13.466888 196.299047 105.582182 256.000000 194.288896 111.531318 95.241815 64.000000 10.610014 120.705144 100.887827 256.000000 91.351105 234.792304 206.286209 64.000000 16.362484 234.071784 205.520329 256.000000 202.175415
89.178204 89.275618 0.000000 13.574451 92.562565 84.510685 256.000000 198.333264 171.894567 87.154809 64.000000 18.586886 167.932545 83.770465 256.000000 118.293485 133.683147 221.136355 0.000000 10.244300 118.276087 227.504035 256.000000 194.396459 57.506864 252.770495 0.000000 32.578681 57.327225 246.029771 256.000000 175.908530
152.221976 89.980396 0.000000 58.509969 143.476416 92.024256 256.000000 164.958617 85.700045 203.733476 64.000000 102.795808 88.122255 207.139398 256.000000 104.753454 238.964695 165.361322 64.000000 121.223501 232.041484 193.137100 256.000000 95.404078 233.930647 131.811729 0.000000 10.136737 231.127560 137.133085 256.000000 210.453463
113.664762 166.325938 0.000000 109.142025 101.648018 163.104776 256.000000 93.153861 28.517918 83.244224 64.000000 10.145342 25.779680 84.431562 256.000000 227.327947 227.326124 125.038980 64.000000 124.880643 226.431569 125.453084 256.000000 80.482939 212.829511 25.061644 64.000000 16.560399 188.181580 5.348965 256.000000 79.054502
238.684918 66.272893 64.000000 106.792849 237.060689 67.095091 256.000000 114.180276 81.282945 215.306429 64.000000 14.185408 78.607102 206.375404 256.000000 187.314511 98.423805 195.920949 64.000000 11.311325 97.021024 192.995047 256.000000 101.229691 60.644460 3.997093 0.000000 105.209522 61.117287 1.181513 256.000000 113.061621
123.899278 162.812196 64.000000 18.483626 123.599409 161.549891 256.000000 214.183748 42.962713 136.743076 64.000000 28.719321 37.453320 138.886555 256.000000 175.508396 122.536118 187.284356 64.000000 10.244300 124.224704 190.671682 256.000000 115.466729 182.209089 89.567278 64.000000 13.514215 174.232224 82.493964 256.000000 193.338039
243.522669 194.141260 64.000000 10.747695 242.692251 194.876067 256.000000 211.709799 182.874947 149.010456 64.000000 12.937678 180.870962 149.412949 256.000000 128.180676 111.437642 114.789576 0.000000 24.055389 115.026118 115.955567 256.000000 186.630410 198.355295 68.140804 64.000000 12.774182 189.523576 55.485393 256.000000 228.364854
152.828687 102.044782 0.000000 11.870653 152.910689 107.181869 256.000000 163.039693 133.949785 90.563653 0.000000 13.544333 130.034409 92.319891 256.000000 205.978842 123.738716 145.925173 0.000000 40.383453 120.578635 143.849209 256.000000 185.830141 66.998925 183.885605 0.000000 28.573035 82.612707 183.061195 256.000000 60.459011
120.265156 210.820553 0.000000 118.943165 119.880464 212.331124 256.000000 117.381351 38.924620 65.836484 0.000000 8.957847 37.826182 67.042816 256.000000 235.898567 4.358920 111.845691 0.000000 30.078917 12.715944 117.574471 256.000000 169.854885 162.282722 85.164320 64.000000 35.775454 144.805676 92.440505 256.000000 174.368228
27.500864 115.864240 64.000000 19.021441 38.480665 100.775993 256.000000 192.653938 169.730718 34.572869 64.000000 101.380279 173.108202 46.070284 256.000000 109.447504 151.230278 155.670649 64.000000 14.878114 152.709655 158.826825 256.000000 187.348931 250.073475 157.929865 64.000000 15.157778 249.270349 157.689445 256.000000 201.551549
59.720720 173.316624 0.000000 18.165239 66.412698 178.306733 256.000000 195.308593 218.796349 121.447089 0.000000 10.054989 218.498262 119.435689 256.000000 196.956458 197.814980 167.775727 0.000000 11.319930 194.988962 171.731731 256.000000 102.675337 34.315384 210.574511 0.000000 28.538615 50.274385 210.641747 256.000000 216.128487
104.377751 247.723760 64.000000 12.782787 99.885347 255.482896 256.000000 89.174030 4.380935 46.854467 64.000000 9.418216 5.050282 45.840604 256.000000 224.522704 43.950893 231.917805 0.000000 14.942652 45.933418 226.444055 256.000000 167.213137 99.167975 235.644611 64.000000 12.167527 102.007833 234.687913 256.000000 199.047483
39.462971 88.447269 64.000000 130.112507 41.683104 87.529707 256.000000 77.075343 25.531905 131.789322 64.000000 162.962248 29.379838 123.812120 256.000000 62.868422 56.795735 124.736029 0.000000 10.029174 57.119498 126.598789 256.000000 203.788860 14.560655 31.202389 0.000000 29.394817 16.897185 29.934204 256.000000 189.801367
241.839145 106.485720 64.000000 128.985247 241.591080 106.474611 256.000000 80.164553 136.169015 144.135193 0.000000 17.240198 131.789578 145.444027 256.000000 203.479078 187.074360 45.883218 64.000000 14.280064 188.072409 48.614347 256.000000 199.043180 75.874475 122.499064 0.000000 13.518518 70.382951 132.574898 256.000000 66.331951
32.689602 3.807953 64.000000 11.917980 30.714358 5.210540 256.000000 234.607811 199.244064 154.672525 0.000000 22.872196 169.951295 71.468271 256.000000 86.024585 175.494171 220.475475 0.000000 19.365643 188.039020 208.732067 256.000000 186.466914 68.713162 31.675031 64.000000 14.891022 82.627116 21.388567 256.000000 181.398546
222.201916 245.148076 0.000000 40.357638 218.948791 234.551396 256.000000 207.071683 90.107551 158.975647 0.000000 19.542046 96.577451 157.645836 256.000000 197.352290 90.076398 69.719547 0.000000 18.681542 92.048875 67.507884 256.000000 215.336823 121.076476 56.954578 64.000000 108.169655 125.443144 50.428727 256.000000 113.861889
111.825142 204.118795 64.000000 10.751997 115.189913 212.167147 256.000000 35.306479 51.814336 212.914371 64.000000 29.515287 65.772175 168.512445 256.000000 202.846608 126.036871 80.599625 0.000000 148.880100 124.423707 81.257075 256.000000 95.416986 40.723867 202.113756 64.000000 10.541174 41.248318 204.482405 256.000000 188.889233
229.234853 216.945431 0.000000 122.299131 224.020120 220.642038 256.000000 91.006903 90.230295 243.264296 0.000000 109.744378 88.857905 241.578782 256.000000 89.617189 254.364885 168.884382 64.000000 28.009405 240.690527 164.664769 256.000000 94.991037 207.921640 120.515856 64.000000 11.892165 205.624020 120.488860 256.000000 212.208891
