90.191502 164.347109 0.000000 33.310110 85.721225 166.396642 256.000000 201.478407 46.679193 112.968153 64.000000 10.356166 48.743949 109.149195 256.000000 199.907987 241.839145 106.485720 64.000000 128.985247 241.591080 106.474611 256.000000 80.164553 207.672511 42.004856 64.000000 116.245485 202.323335 48.540785 256.000000 111.207234
169.730718 34.572869 64.000000 101.380279 173.108202 46.070284 256.000000 109.447504 232.094329 58.880265 0.000000 16.633542 234.700758 69.829504 256.000000 193.699450 249.737907 111.675245 64.000000 18.315828 248.823795 114.122089 256.000000 199.068995 47.025553 9.945731 64.000000 28.512800 46.104020 13.812593 256.000000 193.914576
136.169015 144.135193 0.000000 17.240198 131.789578 145.444027 256.000000 203.479078 110.709509 99.010093 0.000000 113.177789 111.387358 99.402262 256.000000 102.593589 66.998925 183.885605 0.000000 28.573035 82.612707 183.061195 256.000000 60.459011 138.818947 70.108675 64.000000 136.975027 134.615098 74.287298 256.000000 76.563343
123.899278 162.812196 64.000000 18.483626 123.599409 161.549891 256.000000 214.183748 178.520700 152.972560 64.000000 13.673409 180.401916 152.892635 256.000000 191.143754 38.924620 65.836484 0.000000 8.957847 37.826182 67.042816 256.000000 235.898567 187.383711 74.939375 64.000000 13.096871 190.615253 75.652349 256.000000 197.184492
151.722771 37.255149 64.000000 10.790720 144.003318 27.546675 256.000000 223.670805 174.903278 21.176567 64.000000 10.988636 173.675767 21.201384 256.000000 208.530237 163.926362 126.947280 0.000000 14.572635 165.605542 123.469105 256.000000 211.133261 24.125967 96.386705 64.000000 21.284566 24.495625 99.890305 256.000000 215.964991
182.209089 89.567278 64.000000 13.514215 174.232224 82.493964 256.000000 193.338039 140.597533 168.064253 64.000000 96.643204 146.601796 168.148818 256.000000 112.089251 73.329167 37.991260 0.000000 100.541287 75.379269 42.600831 256.000000 83.937863 65.585358 185.060502 64.000000 21.181306 70.558538 185.451689 256.000000 217.010504
228.691007 58.980704 64.000000 122.591702 234.560267 65.882656 256.000000 96.600179 37.405898 238.632067 0.000000 13.535728 41.554105 245.257385 256.000000 203.810372 238.964695 165.361322 64.000000 121.223501 232.041484 193.137100 256.000000 95.404078 179.319969 199.258136 64.000000 8.785746 178.442620 198.390916 256.000000 201.233163
108.348242 222.563287 64.000000 12.115896 110.101244 225.615376 256.000000 203.862003 228.997107 57.795387 64.000000 20.359525 223.761518 64.921942 256.000000 176.347387 133.284456 102.098422 0.000000 130.082390 132.200309 106.919251 256.000000 102.344043 78.072396 111.849969 64.000000 13.746551 83.406095 108.961713 320.000000 209.373531
191.492724 168.850442 64.000000 18.203962 193.725105 172.055884 256.000000 192.116123 68.713162 31.675031 64.000000 14.891022 82.627116 21.388567 256.000000 181.398546 164.180885 135.101684 64.000000 13.608871 166.100440 174.166749 256.000000 207.600893 46.261969 89.407735 0.000000 11.078989 54.579431 81.572987 256.000000 202.786373
48.603956 213.608133 64.000000 18.139424 44.732885 212.970120 256.000000 203.612456 207.921640 120.515856 64.000000 11.892165 205.624020 120.488860 256.000000 212.208891 8.132598 233.497645 0.000000 25.475221 14.360911 232.147755 256.000000 182.332193 118.481664 236.166713 0.000000 15.738618 118.962604 230.541782 256.000000 205.768019
22.599145 146.912235 0.000000 35.414042 38.432295 153.355687 256.000000 215.995109 193.510149 201.801713 0.000000 11.001544 197.488358 201.902311 256.000000 192.684056 233.930647 131.811729 0.000000 10.136737 231.127560 137.133085 256.000000 210.453463 220.302995 65.487938 64.000000 80.177460 225.377853 76.163273 256.000000 160.006416
28.826284 186.126398 64.000000 30.061707 29.460655 188.102296 256.000000 184.113436 99.972575 118.454182 0.000000 26.202347 99.641604 104.795904 256.000000 205.200086 138.977135 54.118824 0.000000 123.998626 140.677225 56.777278 256.000000 100.661758 199.089291 47.131955 0.000000 22.338684 195.081022 71.689911 256.000000 205.441027
90.230295 243.264296 0.000000 109.744378 88.857905 241.578782 256.000000 89.617189 133.099073 14.356096 0.000000 100.313254 134.782911 15.753462 256.000000 103.359438 99.167975 235.644611 64.000000 12.167527 102.007833 234.687913 256.000000 199.047483 93.490396 126.579429 0.000000 15.747223 78.798624 124.111465 256.000000 69.928858
109.458771 115.996800 0.000000 12.787089 109.392918 118.961160 256.000000 209.816690 250.073475 157.929865 64.000000 15.157778 249.270349 157.689445 256.000000 201.551549 187.074360 45.883218 64.000000 14.280064 188.072409 48.614347 256.000000 199.043180 145.423909 4.227362 0.000000 40.138209 143.042813 13.441680 256.000000 179.815218
16.015275 197.320631 64.000000 29.162481 16.225480 195.014431 256.000000 172.707455 78.111542 50.896520 0.000000 25.698952 75.361700 59.204384 256.000000 183.110949 146.332533 159.894175 0.000000 8.626553 156.186173 148.065953 256.000000 200.222071 221.742016 84.551431 64.000000 26.391658 196.342805 86.106509 256.000000 48.855115
153.887587 124.005211 0.000000 16.771223 156.387636 129.214004 256.000000 200.669533 249.540138 109.603767 0.000000 13.058148 249.329193 108.701193 256.000000 237.843306 220.499798 127.834685 64.000000 24.218885 183.548962 123.193540 256.000000 55.795079 140.611302 40.246585 0.000000 20.841407 137.933389 41.819331 256.000000 192.107518
93.640085 185.511042 0.000000 12.636501 97.475462 190.599285 256.000000 207.949397 226.612136 70.407938 0.000000 9.246115 230.269100 75.995922 256.000000 210.844993 208.720402 132.757991 64.000000 9.444031 212.814105 128.834000 256.000000 81.537057 112.971042 181.264580 0.000000 13.647593 108.215315 179.900100 256.000000 193.785501
90.107551 158.975647 0.000000 19.542046 96.577451 157.645836 256.000000 197.352290 0.997145 204.040171 0.000000 34.514815 3.380485 195.896076 256.000000 198.367685 133.296696 208.740669 0.000000 17.175660 130.680502 208.156153 256.000000 185.675251 43.950893 231.917805 0.000000 14.942652 45.933418 226.444055 256.000000 167.213137
79.329495 115.573365 0.000000 10.915493 67.162133 117.182275 256.000000 193.656425 111.465358 175.292307 64.000000 37.840663 111.538616 158.656700 256.000000 76.107276 254.364885 168.884382 64.000000 28.009405 240.690527 164.664769 256.000000 94.991037 121.076476 56.954578 64.000000 108.169655 125.443144 50.428727 256.000000 113.861889
159.005491 168.138369 64.000000 8.613645 161.900642 168.858342 256.000000 194.430879 190.932664 219.161276 0.000000 109.968109 190.521155 219.765087 256.000000 98.712716 148.215844 160.867935 64.000000 136.424304 156.303560 160.640829 256.000000 62.098271 75.709320 92.691658 0.000000 20.535928 53.311238 94.531411 256.000000 204.748322
121.053355 178.674647 0.000000 120.126358 128.182709 205.796042 256.000000 94.797423 60.644460 3.997093 0.000000 105.209522 61.117287 1.181513 256.000000 113.061621 123.741136 212.559853 0.000000 11.935190 100.305649 194.765235 256.000000 212.983345 154.329593 87.219409 64.000000 22.721608 175.664711 83.114864 256.000000 98.544918
61.946200 136.848462 0.000000 49.074543 65.389000 137.963238 256.000000 180.086277 157.772280 52.857691 64.000000 17.446719 155.548125 57.175644 256.000000 207.876254 66.570064 254.300104 0.000000 15.407324 67.847267 252.243775 256.000000 178.403992 68.459055 19.514415 0.000000 28.517103 70.338902 22.792487 256.000000 177.186379
17.238871 12.093982 64.000000 25.621507 16.845229 13.090104 256.000000 201.048155 234.792304 206.286209 64.000000 16.362484 234.071784 205.520329 256.000000 202.175415 119.437304 109.596413 0.000000 129.260608 128.009909 117.971413 256.000000 88.963206 26.481251 7.239933 0.000000 13.445375 26.830344 6.762984 256.000000 205.591616
37.654042 65.432002 64.000000 105.682799 35.771364 65.932524 256.000000 111.542831 4.358920 111.845691 0.000000 30.078917 12.715944 117.574471 256.000000 169.854885 243.064211 98.734024 64.000000 9.616132 253.447360 106.513522 256.000000 199.778911 218.796349 121.447089 0.000000 10.054989 218.498262 119.435689 256.000000 196.956458
130.090449 230.499687 64.000000 10.085107 127.959273 227.845116 256.000000 202.515314 123.738716 145.925173 0.000000 40.383453 120.578635 143.849209 256.000000 185.830141 40.295464 209.282155 0.000000 10.511056 41.520605 208.794047 256.000000 204.683784 122.002982 98.951551 0.000000 15.278249 126.281518 101.030136 256.000000 182.431151
49.328478 186.648709 64.000000 20.514415 57.836405 195.583584 256.000000 194.017837 86.531189 178.424024 64.000000 13.858417 90.735898 178.578791 256.000000 209.545632 39.462971 88.447269 64.000000 130.112507 41.683104 87.529707 256.000000 77.075343 65.906425 91.246647 0.000000 96.815305 66.389060 91.336033 256.000000 116.869351
243.522669 194.141260 64.000000 10.747695 242.692251 194.876067 256.000000 211.709799 150.058915 72.990751 0.000000 9.332166 152.679696 73.230245 256.000000 208.087077 43.270698 76.784184 64.000000 26.301305 45.713540 76.828704 256.000000 183.777839 81.282945 215.306429 64.000000 14.185408 78.607102 206.375404 256.000000 187.314511
132.958689 17.975967 64.000000 10.265813 112.042307 5.536913 256.000000 196.767147 103.092433 210.452635 64.000000 24.020969 90.626964 205.382091 256.000000 185.124528 225.659947 84.937735 0.000000 19.572163 220.020653 84.536736 256.000000 192.150543 160.797245 166.462993 64.000000 80.706670 161.619367 168.350495 256.000000 114.752511
40.723867 202.113756 64.000000 10.541174 41.248318 204.482405 256.000000 188.889233 33.359560 96.742876 64.000000 22.898011 34.309669 108.463696 256.000000 197.735214 126.036871 80.599625 0.000000 148.880100 124.423707 81.257075 256.000000 95.416986 134.375516 69.937613 0.000000 9.521477 139.500736 68.456369 256.000000 209.786573
118.367900 198.456404 64.000000 14.379022 117.762829 196.293880 256.000000 212.109933 90.076398 69.719547 0.000000 18.681542 92.048875 67.507884 256.000000 215.336823 95.202984 187.218098 64.000000 18.956903 96.591295 184.153873 256.000000 212.350875 46.123655 60.954713 0.000000 90.925155 44.328355 60.678515 256.000000 100.003472
111.437642 114.789576 0.000000 24.055389 115.026118 115.955567 256.000000 186.630410 117.374749 46.395898 0.000000 16.508769 115.653896 47.783151 256.000000 212.187379 77.098944 156.710387 64.000000 12.774182 76.843040 159.242464 256.000000 208.284993 53.106049 5.737482 64.000000 10.222788 51.796893 6.191944 256.000000 219.123041
167.046149 52.167396 64.000000 14.852299 165.222300 49.250020 256.000000 183.502478 133.949785 90.563653 0.000000 13.544333 130.034409 92.319891 256.000000 205.978842 150.692440 212.948071 64.000000 15.837576 150.799382 211.085529 256.000000 67.803413 222.919920 249.300729 64.000000 29.429237 217.902482 248.464422 256.000000 187.224158
