169.007775 234.028365 64.000000 29.498077 163.119722 229.361778 256.000000 193.591887 78.111542 50.896520 0.000000 25.698952 75.361700 59.204384 256.000000 183.110949 199.089291 47.131955 0.000000 22.338684 195.081022 71.689911 256.000000 205.441027 14.560655 31.202389 0.000000 29.394817 16.897185 29.934204 256.000000 189.801367
38.818669 156.761129 64.000000 9.646250 36.711887 155.956625 256.000000 87.853156 120.102793 247.039362 64.000000 25.931288 102.958035 239.790376 256.000000 185.593503 90.188367 90.780185 64.000000 116.649922 78.242493 94.671064 256.000000 90.167912 169.730718 34.572869 64.000000 101.380279 173.108202 46.070284 256.000000 109.447504
94.715278 254.489493 64.000000 13.075358 95.344722 254.236878 256.000000 184.926612 227.949007 221.423336 0.000000 18.935391 244.355645 207.258020 256.000000 89.036349 133.901224 133.476576 0.000000 108.668748 134.289331 133.894638 256.000000 106.913319 132.958689 17.975967 64.000000 10.265813 112.042307 5.536913 256.000000 196.767147
23.150007 181.666840 0.000000 145.085277 21.567922 176.472258 256.000000 58.953129 229.314809 212.918518 64.000000 15.084635 229.764998 209.956544 256.000000 181.385638 173.335173 135.428471 64.000000 9.095527 174.199975 133.823976 256.000000 197.816962 37.405898 238.632067 0.000000 13.535728 41.554105 245.257385 256.000000 203.810372
85.700045 203.733476 64.000000 102.795808 88.122255 207.139398 256.000000 104.753454 198.355295 68.140804 64.000000 12.774182 189.523576 55.485393 256.000000 228.364854 40.723867 202.113756 64.000000 10.541174 41.248318 204.482405 256.000000 188.889233 154.329593 87.219409 64.000000 22.721608 175.664711 83.114864 256.000000 98.544918
151.722771 37.255149 64.000000 10.790720 144.003318 27.546675 256.000000 223.670805 202.810320 161.768664 0.000000 18.251290 201.332902 163.788238 256.000000 214.347244 197.814980 167.775727 0.000000 11.319930 194.988962 171.731731 256.000000 102.675337 192.402327 48.638476 64.000000 23.414314 198.367078 64.295325 256.000000 151.810116
97.474809 103.131996 64.000000 11.302720 97.822589 103.496960 256.000000 207.114708 200.731213 129.982771 64.000000 11.018754 198.403380 126.720024 256.000000 210.031816 186.869664 46.697356 64.000000 115.754998 188.923760 47.444033 256.000000 94.233793 63.946240 26.561900 64.000000 25.027759 71.937233 17.569265 256.000000 219.794234
167.046149 52.167396 64.000000 14.852299 165.222300 49.250020 256.000000 183.502478 158.811553 43.584655 64.000000 20.226147 170.739545 46.322311 256.000000 208.345228 2.088578 53.219442 64.000000 8.725511 3.418049 48.241144 256.000000 201.005129 19.376120 109.924595 0.000000 8.751326 20.646082 110.948429 256.000000 224.961561
58.555191 136.778109 0.000000 31.713875 59.761176 139.521140 256.000000 185.511755 90.076398 69.719547 0.000000 18.681542 92.048875 67.507884 256.000000 215.336823 109.088009 162.310011 64.000000 12.072871 109.360593 161.535225 256.000000 210.647077 99.167975 235.644611 64.000000 12.167527 102.007833 234.687913 256.000000 199.047483
145.423909 4.227362 0.000000 40.138209 143.042813 13.441680 256.000000 179.815218 56.795735 124.736029 0.000000 10.029174 57.119498 126.598789 256.000000 203.788860 74.499440 166.311515 64.000000 19.292500 76.548418 170.647220 256.000000 115.152645 126.222840 104.948209 64.000000 12.929073 125.679071 106.394916 256.000000 216.274773
118.367900 198.456404 64.000000 14.379022 117.762829 196.293880 256.000000 212.109933 174.420829 42.127433 64.000000 14.026215 177.083640 42.098080 256.000000 216.550134 228.691007 58.980704 64.000000 122.591702 234.560267 65.882656 256.000000 96.600179 46.123655 60.954713 0.000000 90.925155 44.328355 60.678515 256.000000 100.003472
29.920111 89.096558 64.000000 22.919524 40.747449 84.852695 256.000000 60.041667 56.869324 211.609889 64.000000 97.469288 54.761780 212.217647 256.000000 120.453350 103.742980 162.793518 64.000000 16.926114 109.027527 155.401878 256.000000 200.716861 201.859475 134.972440 0.000000 35.926042 186.218162 146.048709 256.000000 177.487555
95.202984 187.218098 64.000000 18.956903 96.591295 184.153873 256.000000 212.350875 65.906425 91.246647 0.000000 96.815305 66.389060 91.336033 256.000000 116.869351 218.796349 121.447089 0.000000 10.054989 218.498262 119.435689 256.000000 196.956458 138.722545 96.636333 64.000000 19.946483 111.332093 115.763353 256.000000 199.000155
197.781418 86.381015 0.000000 109.206563 194.190255 99.310925 256.000000 107.274731 100.884982 211.137762 0.000000 40.056461 103.539404 205.069689 256.000000 169.506380 167.600025 210.861869 64.000000 12.610686 164.438440 215.268940 256.000000 226.605123 104.377751 247.723760 64.000000 12.782787 99.885347 255.482896 256.000000 89.174030
178.520700 152.972560 64.000000 13.673409 180.401916 152.892635 256.000000 191.143754 150.058915 72.990751 0.000000 9.332166 152.679696 73.230245 256.000000 208.087077 171.894567 87.154809 64.000000 18.586886 167.932545 83.770465 256.000000 118.293485 55.785367 170.227527 64.000000 89.767777 56.085985 173.701151 256.000000 130.284608
51.814336 212.914371 64.000000 29.515287 65.772175 168.512445 256.000000 202.846608 45.630942 20.914442 64.000000 32.613102 53.509705 16.997885 256.000000 192.232291 20.523984 110.308018 64.000000 24.752398 20.143944 114.559713 256.000000 197.304962 174.463238 219.307540 0.000000 26.520733 165.470245 202.568433 256.000000 174.105774
123.899278 162.812196 64.000000 18.483626 123.599409 161.549891 256.000000 214.183748 108.348242 222.563287 64.000000 12.115896 110.101244 225.615376 256.000000 203.862003 189.677475 197.861971 0.000000 18.345945 160.042378 224.665060 256.000000 203.306978 25.531905 131.789322 64.000000 162.962248 29.379838 123.812120 256.000000 62.868422
113.664762 166.325938 0.000000 109.142025 101.648018 163.104776 256.000000 93.153861 116.773058 209.419082 0.000000 136.721178 117.373733 212.778900 256.000000 75.182234 22.643727 102.305793 64.000000 152.266183 24.749087 104.316416 256.000000 69.588958 68.713162 31.675031 64.000000 14.891022 82.627116 21.388567 256.000000 181.398546
140.611302 40.246585 0.000000 20.841407 137.933389 41.819331 256.000000 192.107518 163.381667 69.096149 64.000000 134.492473 159.799080 65.161193 256.000000 83.503308 191.492724 168.850442 64.000000 18.203962 193.725105 172.055884 256.000000 192.116123 78.072396 111.849969 64.000000 13.746551 83.406095 108.961713 320.000000 209.373531
203.524895 208.211140 64.000000 17.808130 195.731982 204.912696 256.000000 217.737630 42.962713 136.743076 64.000000 28.719321 37.453320 138.886555 256.000000 175.508396 162.282722 85.164320 64.000000 35.775454 144.805676 92.440505 256.000000 174.368228 56.636073 188.950747 64.000000 17.971626 59.446449 188.997509 256.000000 187.443586
160.797245 166.462993 64.000000 80.706670 161.619367 168.350495 256.000000 114.752511 66.998925 183.885605 0.000000 28.573035 82.612707 183.061195 256.000000 60.459011 33.241165 30.773293 0.000000 28.551523 42.467995 30.677245 256.000000 164.524062 137.922189 110.205585 64.000000 117.179132 151.506405 100.844236 256.000000 98.390027
110.685155 176.696531 0.000000 18.105004 115.303731 176.064589 256.000000 192.344157 120.265156 210.820553 0.000000 118.943165 119.880464 212.331124 256.000000 117.381351 26.362913 55.813715 0.000000 107.765218 19.586373 55.841784 256.000000 99.177389 110.709509 99.010093 0.000000 113.177789 111.387358 99.402262 256.000000 102.593589
59.720720 173.316624 0.000000 18.165239 66.412698 178.306733 256.000000 195.308593 47.025553 9.945731 64.000000 28.512800 46.104020 13.812593 256.000000 193.914576 46.261969 89.407735 0.000000 11.078989 54.579431 81.572987 256.000000 202.786373 249.737907 111.675245 64.000000 18.315828 248.823795 114.122089 256.000000 199.068995
61.166775 168.671796 64.000000 14.361812 60.079662 173.526369 256.000000 211.860387 51.666355 16.537445 64.000000 22.648465 49.685887 18.125358 256.000000 206.710271 66.570064 254.300104 0.000000 15.407324 67.847267 252.243775 256.000000 178.403992 241.839145 106.485720 64.000000 128.985247 241.591080 106.474611 256.000000 80.164553
136.447960 190.502227 0.000000 11.956703 137.211071 190.797685 256.000000 217.879613 228.997107 57.795387 64.000000 20.359525 223.761518 64.921942 256.000000 176.347387 234.792304 206.286209 64.000000 16.362484 234.071784 205.520329 256.000000 202.175415 136.169015 144.135193 0.000000 17.240198 131.789578 145.444027 256.000000 203.479078
46.336951 123.470264 64.000000 9.495662 46.530940 122.776953 256.000000 210.948253 226.534033 48.554949 0.000000 11.328535 214.756820 39.236760 256.000000 189.254947 133.099073 14.356096 0.000000 100.313254 134.782911 15.753462 256.000000 103.359438 150.692440 212.948071 64.000000 15.837576 150.799382 211.085529 256.000000 67.803413
75.594691 180.414907 64.000000 9.814048 72.618413 177.636618 256.000000 217.815075 238.684918 66.272893 64.000000 106.792849 237.060689 67.095091 256.000000 114.180276 86.531189 178.424024 64.000000 13.858417 90.735898 178.578791 256.000000 209.545632 32.689602 3.807953 64.000000 11.917980 30.714358 5.210540 256.000000 234.607811
54.228964 148.420447 0.000000 31.593404 56.218571 143.934947 256.000000 206.181061 40.295464 209.282155 0.000000 10.511056 41.520605 208.794047 256.000000 204.683784 67.877500 139.640724 64.000000 19.692634 56.066989 133.575822 256.000000 93.855171 179.319969 199.258136 64.000000 8.785746 178.442620 198.390916 256.000000 201.233163
112.543700 54.464878 0.000000 32.535656 115.302149 58.588038 256.000000 168.839490 124.978236 155.722385 64.000000 19.821710 124.644605 153.091684 256.000000 193.316526 60.324213 12.040791 0.000000 18.320130 61.962951 15.568644 256.000000 222.513427 77.098944 156.710387 64.000000 12.774182 76.843040 159.242464 256.000000 208.284993
150.045691 62.393678 64.000000 9.129947 152.833551 61.345295 256.000000 215.844521 73.329167 37.991260 0.000000 100.541287 75.379269 42.600831 256.000000 83.937863 203.778642 146.829187 0.000000 149.766419 210.125862 146.534382 256.000000 69.619076 53.106049 5.737482 64.000000 10.222788 51.796893 6.191944 256.000000 219.123041
24.125967 96.386705 64.000000 21.284566 24.495625 99.890305 256.000000 215.964991 146.332533 159.894175 0.000000 8.626553 156.186173 148.065953 256.000000 200.222071 37.654042 65.432002 64.000000 105.682799 35.771364 65.932524 256.000000 111.542831 118.481664 236.166713 0.000000 15.738618 118.962604 230.541782 256.000000 205.768019
230.116220 226.933522 64.000000 18.965508 228.848409 236.472700 256.000000 181.230747 84.257335 204.940751 64.000000 25.655927 97.855998 192.751718 256.000000 216.421059 153.887587 124.005211 0.000000 16.771223 156.387636 129.214004 256.000000 200.669533 95.921805 154.133633 0.000000 121.769921 94.266749 157.160187 256.000000 90.525021
