151.446165 152.719489 0.000000 31.391186 142.381887 154.908320 256.000000 230.408551 30.359931 154.112727 64.000000 11.853443 28.870515 153.343060 256.000000 248.513555 119.879175 70.464253 0.000000 22.515087 117.308413 73.066993 256.000000 227.280619 56.234613 87.309071 0.000000 13.152804 51.210769 84.225020 256.000000 238.531709
96.108780 132.438538 64.000000 27.196229 95.087256 131.429767 256.000000 232.839475 53.398900 83.365705 0.000000 17.808130 45.555049 86.423829 256.000000 240.016078 6.321005 100.111393 0.000000 17.175660 9.165342 96.651213 256.000000 234.810029 63.585376 94.611433 64.000000 9.302048 61.028245 97.171473 256.000000 251.658697
52.117495 190.759996 64.000000 8.781443 50.349860 192.445073 256.000000 254.911402 2.895782 173.840875 0.000000 39.970411 2.415033 170.281002 256.000000 213.185563 131.086298 85.125702 64.000000 15.321274 136.713996 78.798156 256.000000 235.760886 128.092295 123.897553 64.000000 31.034077 127.313840 118.181515 256.000000 230.395643
56.987635 76.629335 64.000000 22.011692 50.135184 67.344780 256.000000 250.015135 150.091502 110.363545 64.000000 22.252633 150.409635 105.560676 256.000000 236.556852 79.087798 151.677976 64.000000 41.058948 66.296780 148.088411 256.000000 206.060590 98.865836 79.969220 0.000000 20.419760 102.049502 72.049715 256.000000 222.384351
91.165540 140.214647 0.000000 51.432324 90.236245 138.926111 256.000000 205.023683 79.469556 116.580662 0.000000 15.273946 80.211518 115.131736 256.000000 266.790660 65.103224 44.182833 64.000000 9.865678 64.819998 40.162247 256.000000 247.769219 31.164604 111.595116 64.000000 21.951457 23.532365 109.004453 256.000000 247.369085
115.171384 132.500165 0.000000 11.590989 114.915982 131.948744 256.000000 237.154902 83.095093 53.948709 64.000000 16.685173 84.520042 45.816391 256.000000 217.242840 154.141022 74.239222 64.000000 82.974098 163.877820 79.589105 256.000000 183.055016 147.221033 52.833153 64.000000 10.747695 153.982162 39.153536 256.000000 229.535139
25.400269 132.593807 64.000000 13.092568 24.035295 130.919633 256.000000 255.539570 68.408193 128.905455 0.000000 12.309510 78.928942 113.861480 256.000000 245.996581 140.427405 137.635998 64.000000 12.731157 139.585753 141.169060 256.000000 263.215266 13.621989 86.889236 0.000000 14.774854 13.987833 80.907378 256.000000 238.058432
120.329938 150.496065 64.000000 35.267756 110.424460 153.579725 256.000000 220.598805 49.425802 35.719075 64.000000 17.963021 46.692842 36.595858 256.000000 248.177959 87.212875 58.930071 64.000000 32.527051 84.424644 50.074751 256.000000 228.016350 158.082002 61.954004 0.000000 35.160193 155.160453 63.927415 256.000000 236.393356
155.426913 160.143784 64.000000 11.978216 155.783631 159.557398 256.000000 256.180646 138.203596 158.412851 64.000000 36.524092 135.302318 156.882522 256.000000 208.543144 109.098785 162.475649 0.000000 23.999457 113.098633 146.865098 256.000000 246.844177 12.512856 120.806447 0.000000 25.647322 13.590209 118.693925 256.000000 221.790603
88.652798 117.228875 0.000000 43.713603 77.585624 64.212338 256.000000 205.574406 120.163547 187.166982 0.000000 15.282551 129.337400 184.592896 256.000000 234.947710 88.100320 85.151018 64.000000 9.667762 87.544695 88.225415 256.000000 243.707640 108.617425 5.984315 64.000000 8.639460 109.288378 6.555949 256.000000 252.600949
10.347745 217.035631 64.000000 11.986821 12.258838 218.012185 256.000000 269.187164 13.093662 127.743164 0.000000 10.928401 16.370362 129.791913 256.000000 248.689959 127.753355 144.554524 0.000000 10.239998 132.674204 143.144071 256.000000 233.837659 58.044673 98.990267 64.000000 18.530954 61.916280 93.534705 256.000000 230.800080
25.697802 177.816249 0.000000 18.492231 23.762302 175.991015 256.000000 226.510468 48.995018 130.763958 64.000000 36.145471 40.533971 116.351689 256.000000 212.389597 82.396724 102.091376 0.000000 10.330351 80.729275 103.111909 256.000000 237.765860 44.901253 173.872824 0.000000 28.284766 28.675076 168.090245 256.000000 235.171441
97.272409 215.068975 64.000000 38.628025 102.957489 200.669338 256.000000 217.161092 121.953300 110.042387 64.000000 11.109107 124.862451 107.788007 256.000000 269.608811 41.928820 101.312849 64.000000 15.304064 46.245891 101.398636 256.000000 240.123641 19.205027 211.750049 64.000000 44.802141 15.435109 203.913884 256.000000 199.271214
90.028933 86.139129 0.000000 8.712603 90.394191 86.657938 256.000000 251.301588 151.841298 165.223275 0.000000 11.857745 151.699791 170.095996 256.000000 228.532652 168.227713 86.638702 64.000000 17.924298 166.219473 86.277838 256.000000 238.165995 51.449187 130.878785 64.000000 18.776197 47.017778 129.563264 256.000000 234.280819
34.105015 226.791178 0.000000 10.394888 24.707860 234.605787 256.000000 237.309793 55.942131 43.230262 64.000000 29.244228 61.755340 54.428833 256.000000 18.117912 48.141338 61.704404 0.000000 49.879114 49.092973 63.059100 256.000000 210.965463 121.905204 149.244460 64.000000 9.499964 123.538280 148.079947 256.000000 251.469386
13.023582 118.162276 0.000000 18.061979 17.233620 117.933827 256.000000 227.104216 35.204924 5.215715 64.000000 24.515759 36.051058 6.800535 256.000000 239.439541 13.555787 59.993227 64.000000 16.655055 17.883084 57.413640 256.000000 232.632954 106.430384 19.988685 0.000000 15.988164 103.174507 19.667445 256.000000 252.381521
157.201389 74.905749 0.000000 10.420703 158.467556 74.513027 256.000000 246.921623 49.892187 37.287415 64.000000 30.164968 47.864904 39.811807 256.000000 232.848080 120.317113 97.598700 0.000000 10.076502 132.758327 91.373336 256.000000 251.585554 9.163538 52.546031 0.000000 14.581240 9.106484 56.516145 256.000000 246.672077
18.530015 42.473191 0.000000 26.933775 15.473658 53.456009 256.000000 213.564185 43.428876 76.231756 64.000000 13.634686 42.648049 72.821784 256.000000 252.033017 72.828036 86.729785 0.000000 36.993067 74.143591 95.830815 256.000000 233.880685 130.133320 150.897453 0.000000 42.582040 128.896280 147.662304 256.000000 218.107646
59.264524 137.895904 64.000000 8.605040 59.049818 137.394698 320.000000 259.390326 106.227833 199.847202 0.000000 9.594620 111.299551 200.618505 256.000000 240.321557 24.227071 73.704742 0.000000 34.192126 21.174500 74.568956 256.000000 212.109933 169.631831 32.063429 64.000000 56.427550 169.293662 33.547340 256.000000 188.213737
191.315395 89.468302 64.000000 14.658686 196.609640 96.271384 256.000000 248.264009 188.464609 103.781004 64.000000 16.930416 187.818336 104.734460 256.000000 240.687271 29.656916 94.649611 64.000000 17.567189 39.809969 88.065207 256.000000 244.606867 2.808724 151.635740 0.000000 23.009877 3.930593 148.924642 256.000000 253.031201
33.015522 41.874109 64.000000 21.035020 32.117800 44.377793 256.000000 245.652379 100.282307 78.513936 0.000000 10.338956 102.562902 83.556682 256.000000 246.564514 57.363764 78.455084 0.000000 12.546148 59.067907 85.094033 256.000000 233.424618 66.590053 51.500922 0.000000 15.054517 61.922827 52.807095 256.000000 233.248214
148.576569 79.538273 64.000000 16.001072 145.584018 82.853556 256.000000 230.103072 187.323293 46.449589 0.000000 20.862919 187.892516 49.807495 256.000000 227.801224 3.837027 65.600167 64.000000 16.564702 6.565978 60.927544 256.000000 244.081960 63.772705 32.517511 64.000000 9.151460 63.739524 33.545211 256.000000 243.970094
152.052822 84.103220 64.000000 26.210952 149.486902 91.305484 256.000000 227.934602 35.928876 80.603860 64.000000 39.639117 39.274893 88.138258 256.000000 206.869464 163.169618 162.807631 0.000000 24.511456 154.146571 178.700358 256.000000 211.757127 110.637009 40.931269 0.000000 29.300161 102.668438 38.463215 256.000000 213.030673
47.926016 99.294693 64.000000 14.921139 47.673933 95.688778 256.000000 240.007473 6.400200 12.614965 0.000000 43.872796 11.777736 26.763136 256.000000 233.144954 58.824155 47.389135 0.000000 45.163552 48.995587 59.289236 256.000000 208.616287 23.248864 228.949076 64.000000 27.923355 25.105575 224.136253 256.000000 215.564857
163.437736 127.803005 0.000000 12.434283 162.399393 122.902498 256.000000 234.293727 152.263036 119.037633 0.000000 11.698552 158.868607 134.156949 256.000000 241.242296 109.178293 208.820035 0.000000 26.447590 116.202855 206.349249 256.000000 217.234235 159.477900 67.901533 0.000000 11.160737 159.894556 70.253567 256.000000 255.105016
73.429309 17.338060 0.000000 9.444031 72.857562 17.730107 256.000000 229.565257 9.267062 20.964173 0.000000 39.096999 148.260442 79.160940 256.000000 218.916520 28.361702 143.574813 0.000000 10.042082 32.654680 146.927524 256.000000 251.396244 43.455135 158.099945 64.000000 26.886447 47.875031 157.688055 256.000000 237.055944
17.874247 199.284860 0.000000 14.718921 30.161476 201.143727 256.000000 228.524047 9.109938 103.188656 64.000000 59.615717 13.151340 101.263549 256.000000 182.327890 118.789080 103.718982 0.000000 17.485441 117.735893 102.700645 256.000000 216.584554 106.500104 13.520082 64.000000 10.278720 115.499509 4.555662 256.000000 237.886331
59.478576 86.928327 0.000000 31.959119 48.646847 86.509744 256.000000 229.272686 41.088935 22.458271 64.000000 24.292028 38.248191 24.667556 256.000000 231.690702 18.232676 63.399031 0.000000 13.079661 20.128116 61.627993 256.000000 269.217281 121.971251 188.831256 0.000000 27.372632 118.645749 190.643704 256.000000 229.388854
162.018649 173.535336 64.000000 38.227890 159.539758 173.632935 256.000000 219.914705 118.427195 143.747207 64.000000 43.816864 111.607353 141.160785 256.000000 203.276860 1.413891 173.300456 64.000000 23.108835 39.278069 187.473482 256.000000 220.254604 44.517056 49.237293 64.000000 14.641476 40.114182 49.017720 256.000000 227.198871
41.942809 94.164776 0.000000 18.130819 12.363785 97.294225 256.000000 250.677723 98.219449 154.243025 64.000000 234.840147 96.511273 150.019949 256.000000 27.097271 15.427098 72.530636 64.000000 10.932703 15.612838 74.913947 256.000000 238.131574 123.734142 91.028853 0.000000 31.361068 117.004102 102.132605 256.000000 225.985560
111.637507 186.110545 0.000000 25.488128 114.299111 183.536233 256.000000 244.649892 46.519009 48.315947 0.000000 27.131691 42.953356 62.271975 256.000000 224.582939 124.957071 87.539965 64.000000 42.728326 120.507084 89.963536 256.000000 221.205461 16.590156 27.671845 64.000000 13.243157 9.357991 26.881149 256.000000 249.421387
16.933209 79.529665 0.000000 23.711188 20.921607 63.080289 256.000000 226.002771 38.642693 106.380775 64.000000 43.593133 34.592095 102.946591 256.000000 214.132118 39.304918 95.981740 0.000000 16.861576 30.724207 98.526136 256.000000 236.892449 132.621142 47.638173 64.000000 12.193342 132.793142 48.535264 256.000000 246.607539
