70.071464 81.608049 0.000000 8.970754 70.774315 79.532845 256.000000 223.933258 14.998062 35.212365 0.000000 20.432667 22.140667 36.819595 256.000000 226.880485 119.563222 77.530716 0.000000 15.889206 118.144687 77.751587 256.000000 225.589729 146.404731 78.182707 0.000000 10.222788 148.831656 82.190160 256.000000 228.511140
34.808618 77.658471 0.000000 21.938549 44.048896 77.742629 256.000000 220.689158 137.583022 74.966907 64.000000 15.252433 136.801649 75.411773 256.000000 43.575923 147.366365 28.307665 64.000000 9.323561 134.817844 23.390409 256.000000 241.440212 126.234200 84.480582 64.000000 20.656399 124.116793 88.775825 256.000000 223.326603
142.048145 19.378118 0.000000 51.118240 138.303405 22.924809 256.000000 197.571718 3.284702 105.068487 64.000000 13.548635 4.367922 103.477844 256.000000 231.221727 74.929262 29.318124 0.000000 11.268300 73.656978 28.601778 256.000000 236.238466 87.798120 159.362447 64.000000 12.214854 88.185938 158.725618 256.000000 256.107503
141.041827 75.185195 64.000000 15.097543 140.389524 76.721962 256.000000 253.741117 42.240029 49.924167 0.000000 16.728198 37.013631 51.955882 256.000000 225.116451 32.166531 100.538376 64.000000 16.517374 25.684493 89.061575 256.000000 249.847336 152.052822 84.103220 64.000000 26.210952 149.486902 91.305484 256.000000 227.934602
14.030765 16.218598 64.000000 10.997241 12.600456 16.723575 256.000000 261.201687 50.864775 91.942558 0.000000 18.307223 44.109647 97.514236 256.000000 245.041422 176.533204 109.459564 0.000000 12.042753 178.785904 115.100145 256.000000 267.763030 65.204805 100.295509 0.000000 9.913006 64.851556 106.718382 256.000000 247.511068
35.702207 48.098267 64.000000 24.644835 42.931751 60.875165 256.000000 208.766875 19.256665 20.994462 64.000000 14.047728 23.530936 19.781402 320.000000 243.367741 79.788011 128.326651 0.000000 19.752869 78.554109 127.227833 256.000000 232.211307 16.206864 203.503047 64.000000 12.950585 28.679293 233.255189 256.000000 269.686256
90.623665 76.589364 0.000000 11.453308 89.523520 75.939436 256.000000 253.530294 107.868685 160.927658 64.000000 40.904058 102.078180 158.922391 256.000000 225.030401 16.718587 59.277605 0.000000 20.905945 6.692265 65.552684 256.000000 228.700451 84.373558 175.106660 0.000000 32.006446 82.464393 173.531896 256.000000 232.353290
70.718375 21.785533 0.000000 36.407924 59.130627 27.580813 256.000000 211.533396 82.006600 64.011020 0.000000 23.160465 70.984858 56.617796 256.000000 233.058903 154.722829 30.315882 0.000000 24.033877 151.791002 25.546089 256.000000 236.354634 104.499053 145.678376 64.000000 25.509641 101.103455 146.167935 256.000000 255.698764
14.799233 206.361040 64.000000 35.525908 16.594611 202.269611 256.000000 245.187707 69.932511 41.632251 64.000000 18.298618 73.251469 45.407082 256.000000 240.300045 52.117495 190.759996 64.000000 8.781443 50.349860 192.445073 256.000000 254.911402 74.960144 42.872325 64.000000 18.354550 71.614485 35.894024 256.000000 234.242096
146.542284 144.357918 64.000000 18.354550 146.778833 143.178253 256.000000 246.074026 105.388869 114.415595 64.000000 12.744064 104.406769 118.127204 256.000000 247.003371 18.991613 68.448116 64.000000 16.809946 17.026829 62.690295 256.000000 232.310265 10.891485 114.408235 0.000000 8.807258 4.643218 118.886333 256.000000 244.925254
9.547089 137.484202 0.000000 12.223459 10.597198 137.359013 256.000000 251.456479 56.216573 55.302718 64.000000 31.012564 49.895987 54.377133 256.000000 210.965463 77.693225 143.632307 0.000000 8.901914 77.130242 142.372467 256.000000 256.335537 20.999393 119.279558 64.000000 17.102517 17.046145 117.726627 256.000000 227.280619
151.446165 152.719489 0.000000 31.391186 142.381887 154.908320 256.000000 230.408551 29.280545 128.312682 0.000000 28.861304 19.087105 106.726178 256.000000 235.025155 38.642693 106.380775 64.000000 43.593133 34.592095 102.946591 256.000000 214.132118 183.212531 99.909835 0.000000 17.438114 189.160625 89.402245 256.000000 220.491242
3.399960 49.322305 64.000000 9.934519 4.468853 46.371215 256.000000 244.744548 115.935044 106.047860 0.000000 10.119527 114.212253 112.037613 256.000000 241.513355 27.823949 63.949616 0.000000 8.841679 25.778944 65.926809 256.000000 242.649220 138.719820 131.456416 0.000000 19.950785 140.865015 127.971267 256.000000 227.168753
146.553898 83.978105 64.000000 36.889806 138.145969 89.678995 256.000000 219.437125 36.183893 111.894235 64.000000 25.367658 31.793655 109.080153 256.000000 226.867577 91.618011 96.077042 64.000000 41.368730 63.049875 83.136140 256.000000 195.975483 77.762618 145.790369 64.000000 35.654983 96.157613 103.171665 256.000000 198.604323
48.141338 61.704404 0.000000 49.879114 49.092973 63.059100 256.000000 210.965463 121.905204 149.244460 64.000000 9.499964 123.538280 148.079947 256.000000 251.469386 121.052676 94.079282 0.000000 10.631527 125.678235 100.523535 256.000000 244.611170 82.952795 20.976025 64.000000 19.924970 84.307851 23.789213 256.000000 236.982802
15.517616 153.336365 64.000000 17.412298 4.977609 154.664753 256.000000 243.690430 138.346880 106.933933 0.000000 9.934519 139.268758 107.970231 256.000000 250.484109 163.349582 68.993985 0.000000 23.616532 163.795302 72.958098 256.000000 230.787173 87.583602 49.363693 64.000000 15.622450 89.041685 53.979516 256.000000 236.952684
15.682024 21.540947 0.000000 13.716434 16.942878 23.395729 256.000000 213.293126 128.866589 82.499996 64.000000 35.917437 123.414240 75.571740 256.000000 233.239609 14.350007 117.136873 64.000000 11.195157 12.633284 115.492778 256.000000 235.507037 180.565675 49.925264 0.000000 35.599050 175.744987 52.588249 256.000000 218.103344
114.810940 161.103371 0.000000 51.070912 114.397065 164.275742 256.000000 187.452191 145.722400 107.301498 0.000000 26.490616 146.534785 98.552553 256.000000 249.305219 139.003009 131.048435 0.000000 23.285238 134.918113 121.755336 256.000000 240.407608 62.993362 60.839411 0.000000 9.736603 69.209945 61.415104 256.000000 246.211707
77.641980 124.732633 64.000000 16.078517 79.887307 126.562555 256.000000 207.441699 13.324131 58.957018 64.000000 32.888463 3.053933 54.555411 256.000000 225.206804 140.397078 39.189145 64.000000 93.984247 139.811302 37.024555 256.000000 169.278347 36.623047 220.726891 0.000000 10.373376 38.544073 219.966227 256.000000 229.380249
113.474164 117.114655 64.000000 35.564630 106.710496 117.216562 256.000000 228.468115 25.871275 116.916893 64.000000 14.060635 24.233776 114.469169 256.000000 245.802968 50.206533 105.883635 64.000000 17.812433 52.442360 102.092095 256.000000 231.738030 20.009416 189.991613 0.000000 49.018610 27.314880 187.306785 256.000000 213.899782
101.455913 38.546889 0.000000 8.768536 101.687258 39.058967 256.000000 246.921623 68.965715 173.786771 64.000000 12.739762 59.749856 182.907320 256.000000 223.442771 92.937716 60.582467 64.000000 22.824869 89.759685 56.411429 256.000000 218.017293 120.652931 161.395182 64.000000 46.217670 109.899380 139.272835 256.000000 203.547919
60.730109 78.543518 0.000000 11.143527 63.801280 77.804675 256.000000 231.716517 149.990075 73.149047 64.000000 23.311053 151.287745 78.148645 256.000000 247.627236 114.967793 122.156824 0.000000 9.091225 115.208696 120.222082 256.000000 235.825424 58.121231 92.188902 64.000000 54.577466 59.308316 96.001102 256.000000 202.248558
70.248993 139.091529 0.000000 9.357981 69.767495 139.003267 256.000000 270.103601 94.284065 63.992133 0.000000 15.704198 91.327338 60.708511 256.000000 235.851239 14.482218 67.183765 64.000000 47.650409 15.189240 61.694305 256.000000 224.036519 172.135624 27.147853 0.000000 11.212367 172.859731 21.144073 256.000000 235.575878
43.672933 52.850082 0.000000 17.997441 64.132855 53.001762 256.000000 228.739173 42.037045 109.095725 0.000000 12.877442 47.470951 108.203542 256.000000 227.508653 118.668445 202.129833 0.000000 23.371289 118.867307 198.428758 256.000000 223.231948 11.680253 70.392700 0.000000 19.486113 10.211235 63.082120 256.000000 231.389526
83.858400 77.567622 64.000000 44.707485 77.469244 83.440865 256.000000 203.590944 41.208278 19.752285 0.000000 30.479052 17.326915 21.184807 256.000000 217.122369 101.574380 144.647124 64.000000 31.098615 98.481935 142.391138 256.000000 236.436382 64.068427 31.294415 0.000000 27.893237 63.823462 34.800502 256.000000 213.908387
96.261216 102.240560 0.000000 9.689275 101.467100 117.393053 256.000000 244.374531 162.396082 157.166169 64.000000 35.186009 159.418980 153.910520 256.000000 238.755440 35.479602 214.118636 64.000000 15.902114 40.362047 214.904998 256.000000 239.671877 62.749395 68.768475 64.000000 16.870181 68.445724 69.464407 256.000000 229.268383
66.651055 88.766507 64.000000 16.814248 64.189540 87.712175 256.000000 245.415741 113.871618 58.505378 0.000000 9.603225 114.990095 61.005585 256.000000 233.252517 114.756555 17.650269 64.000000 13.286182 113.724267 21.688500 256.000000 244.925254 122.841618 56.583229 0.000000 26.606784 118.281218 45.986187 256.000000 242.795506
127.641767 161.080665 0.000000 29.704598 127.685655 158.390493 256.000000 245.157590 67.439509 115.580562 0.000000 12.649409 67.551038 111.647540 256.000000 220.258906 168.529113 91.601300 64.000000 13.053846 168.218013 90.800018 256.000000 251.903941 29.381960 81.991144 64.000000 18.961206 39.770824 76.293391 256.000000 217.599949
27.782458 117.830753 0.000000 25.677439 31.767049 114.080293 256.000000 236.070667 114.089773 108.639991 64.000000 16.414114 113.902411 106.606358 256.000000 231.303475 145.623549 57.938465 64.000000 9.039595 145.500780 57.546065 256.000000 251.675907 169.906911 35.875727 0.000000 17.756500 169.583738 36.592620 256.000000 236.660113
62.710680 117.146860 64.000000 11.741577 59.271480 124.146995 256.000000 238.622062 84.957700 22.063360 0.000000 50.386812 80.985255 24.727738 256.000000 197.898710 61.972640 51.469189 0.000000 32.225875 63.134298 68.245576 256.000000 228.838131 26.767735 100.509040 64.000000 24.158650 34.611675 97.846275 256.000000 237.735743
49.417305 79.917485 64.000000 36.653168 61.903573 58.233155 256.000000 212.768219 166.374793 140.078702 64.000000 13.152804 166.457475 140.013105 256.000000 253.599134 46.665349 99.270213 64.000000 58.441129 45.774451 97.515585 256.000000 191.741804 176.384225 55.683924 0.000000 13.656198 179.662362 48.764924 256.000000 238.174600
129.904482 76.413853 64.000000 24.249003 123.265073 55.015707 256.000000 235.907172 131.601713 41.720162 64.000000 15.648265 131.012522 41.305907 256.000000 245.914833 54.708089 65.076978 64.000000 19.666819 52.340356 62.341778 256.000000 230.318198 28.401340 125.611015 64.000000 12.748367 32.770231 128.076513 256.000000 252.192210
