142.983975 56.088962 0.000000 38.821638 141.218182 56.652962 256.000000 231.023811 63.031642 191.715509 64.000000 25.819423 46.462198 196.692745 256.000000 224.574334 92.125876 171.729896 64.000000 26.301305 86.615889 169.568402 256.000000 211.782942 126.851396 14.740515 64.000000 23.422919 125.088982 12.192540 256.000000 226.346972
125.640809 92.240009 64.000000 34.790177 115.589791 95.612336 256.000000 226.884787 80.531773 195.532182 64.000000 40.039251 76.005631 198.973893 256.000000 179.242983 106.548775 175.091702 0.000000 15.428837 107.809227 176.075142 256.000000 232.632954 49.363851 83.144456 0.000000 14.572635 57.778165 84.433376 256.000000 229.939576
183.212531 99.909835 0.000000 17.438114 189.160625 89.402245 256.000000 220.491242 77.889853 85.567953 64.000000 16.285038 80.469011 80.094949 256.000000 244.641287 3.050340 42.109927 0.000000 64.572220 9.617251 45.424149 256.000000 182.775352 5.286307 5.892498 0.000000 13.772367 1.775676 6.862902 256.000000 236.638600
23.582365 2.665527 0.000000 36.674680 31.145773 6.892045 256.000000 242.675036 27.596356 113.769022 0.000000 19.606584 24.688184 109.773665 256.000000 229.147913 163.979844 115.131871 0.000000 39.178747 158.267951 114.744727 256.000000 225.972653 44.599467 160.775507 0.000000 29.652968 46.367947 156.202273 256.000000 210.066236
100.520978 195.631129 64.000000 16.323761 98.756440 196.658058 256.000000 244.658497 39.196789 49.265453 0.000000 32.617404 47.321415 69.309607 256.000000 221.084990 45.119973 83.292022 0.000000 10.472334 45.390269 81.160973 256.000000 272.840003 52.522338 110.110553 64.000000 11.754485 61.592113 121.634275 256.000000 241.293927
123.088153 165.292620 64.000000 16.513072 121.605984 165.592045 256.000000 232.228517 96.000478 152.877460 0.000000 9.538687 109.635931 205.049907 256.000000 246.865690 57.986245 112.348387 0.000000 42.999385 68.109024 104.944884 256.000000 211.516186 79.286187 86.091378 0.000000 22.923827 76.262496 91.452329 256.000000 242.055473
70.796949 80.826553 64.000000 14.409139 85.489256 81.324020 256.000000 232.163979 80.983925 61.557275 64.000000 23.293843 75.659500 56.919067 256.000000 236.952684 73.258085 84.299040 64.000000 21.400734 72.378600 77.572285 256.000000 233.596718 146.701682 106.894422 64.000000 14.353207 147.582804 106.098587 256.000000 237.395844
186.859489 93.003187 0.000000 13.651896 185.430091 95.549695 256.000000 224.776552 4.479284 105.573858 64.000000 22.110650 6.219300 103.285645 256.000000 240.975540 94.266642 125.244471 0.000000 33.925370 66.352280 121.228765 256.000000 218.348587 66.836358 42.210073 0.000000 29.003287 70.883471 56.940798 256.000000 219.781327
23.079665 119.896364 64.000000 30.311253 22.858191 113.349829 256.000000 235.347844 119.400125 137.492704 64.000000 11.698552 120.175245 137.461687 256.000000 260.590729 74.153193 167.339555 0.000000 23.814448 57.889880 170.657751 256.000000 221.420587 39.195789 25.976678 0.000000 17.068097 47.395004 38.782520 256.000000 228.739173
165.136844 88.379500 64.000000 47.383653 142.320258 84.697042 256.000000 198.587113 72.869818 92.369965 0.000000 17.846853 72.768142 83.334385 256.000000 238.062734 62.656262 147.225169 64.000000 21.065138 59.139804 147.653849 256.000000 246.121354 183.280155 91.539553 0.000000 48.093569 177.879705 94.317160 256.000000 208.272086
125.398836 164.350667 0.000000 16.693778 121.587555 167.779255 256.000000 227.745291 54.215078 92.453676 0.000000 19.154819 74.975095 86.169638 256.000000 219.746906 15.319420 101.852258 64.000000 42.926242 31.404909 73.934305 256.000000 217.204117 61.004900 88.603551 64.000000 18.806315 62.210115 83.504678 256.000000 232.607139
27.198942 179.437367 64.000000 47.375048 29.440520 175.246562 256.000000 219.234907 157.195813 84.070553 0.000000 9.022384 157.625667 85.818222 256.000000 246.852782 45.121409 180.409398 64.000000 9.844166 62.696398 194.160133 256.000000 239.280347 12.574342 115.355069 64.000000 14.120871 2.905271 112.718682 256.000000 232.843777
81.972538 36.510020 0.000000 22.958247 73.752098 23.289231 256.000000 247.786429 124.382680 104.121811 64.000000 34.846109 120.939525 98.889824 256.000000 207.312624 86.209215 166.836916 0.000000 26.417473 83.775091 165.548505 256.000000 218.120554 121.971251 188.831256 0.000000 27.372632 118.645749 190.643704 256.000000 229.388854
118.695635 114.105515 64.000000 29.128060 116.722551 111.776100 256.000000 229.414669 44.252789 159.678071 64.000000 34.303992 43.113545 157.416382 256.000000 224.221527 22.851545 50.075529 0.000000 43.735116 13.478780 44.748844 256.000000 185.296629 70.799038 75.032696 64.000000 9.930216 69.181987 74.833878 256.000000 245.002699
99.229991 206.418760 0.000000 54.616189 84.117907 202.048698 256.000000 180.649907 9.584278 79.470791 0.000000 18.909575 9.525158 85.441798 256.000000 237.107575 96.503227 137.544729 64.000000 32.212967 89.495333 134.836644 256.000000 223.317998 114.089773 108.639991 64.000000 16.414114 113.902411 106.606358 256.000000 231.303475
75.785991 39.740342 0.000000 47.542846 71.951884 41.619989 256.000000 202.308793 16.270458 34.220911 0.000000 14.379022 17.385667 24.841049 256.000000 237.907843 29.239680 149.739835 64.000000 12.821510 33.341464 150.186856 256.000000 257.191738 84.997438 7.137920 0.000000 37.363084 88.223882 13.056756 256.000000 220.159948
29.262478 204.425760 0.000000 17.631727 32.984402 205.756916 256.000000 253.883100 105.158660 101.630282 0.000000 9.517174 103.047302 104.545667 256.000000 247.949925 104.147424 158.642073 64.000000 17.894181 105.577182 158.112356 256.000000 244.133590 132.621142 47.638173 64.000000 12.193342 132.793142 48.535264 256.000000 246.607539
83.881080 179.399960 0.000000 35.874412 84.544349 174.426575 256.000000 213.749194 96.491229 200.211304 0.000000 20.346617 100.589638 197.788845 256.000000 240.300045 65.855938 48.731964 64.000000 8.936334 67.952740 44.267062 256.000000 260.728409 66.413038 165.696158 64.000000 18.135122 68.452264 164.440611 256.000000 237.839003
60.524124 186.992545 64.000000 21.607255 61.289087 185.507338 256.000000 249.417084 21.416464 102.447558 64.000000 18.410483 13.344551 104.592464 256.000000 236.019037 4.240124 193.735335 0.000000 9.018082 8.809062 196.803295 256.000000 221.825024 111.716733 20.589653 0.000000 40.589974 103.463605 23.205078 256.000000 206.602708
87.798120 159.362447 64.000000 12.214854 88.185938 158.725618 256.000000 256.107503 167.603709 72.528680 64.000000 37.311453 151.483080 66.417885 256.000000 220.327747 15.313413 51.961855 64.000000 78.650066 18.620264 55.702796 256.000000 198.066508 93.243122 127.429802 64.000000 14.968467 93.942469 125.669111 256.000000 248.930900
68.890420 18.264289 0.000000 20.527323 65.687898 18.653804 256.000000 228.136820 126.987675 119.396747 64.000000 17.463929 126.028576 118.636569 256.000000 248.100513 41.088935 22.458271 64.000000 24.292028 38.248191 24.667556 256.000000 231.690702 49.466924 6.033058 0.000000 10.007662 45.242300 4.444564 256.000000 240.282834
14.299993 195.929140 0.000000 9.310653 9.643233 198.879960 256.000000 241.814532 70.222724 60.143493 0.000000 15.562215 67.047804 62.929629 256.000000 222.530637 164.101411 93.101604 0.000000 31.718177 133.859329 96.997445 256.000000 222.238066 37.687069 223.087689 64.000000 12.313812 37.629627 223.976485 256.000000 243.793691
147.272424 172.545504 64.000000 22.020297 150.909822 171.355885 256.000000 255.900982 49.892187 37.287415 64.000000 30.164968 47.864904 39.811807 256.000000 232.848080 55.908742 11.989938 64.000000 19.877642 52.715431 11.706631 256.000000 239.065221 25.288271 88.044671 64.000000 43.300561 32.465227 79.979704 256.000000 206.684456
29.087244 16.646427 64.000000 22.975457 32.816845 16.406905 256.000000 252.002899 22.338982 52.499553 0.000000 16.736803 30.623811 55.126027 256.000000 224.501191 88.618120 25.502664 64.000000 24.119927 85.280796 23.907898 256.000000 221.825024 96.612778 173.789153 0.000000 19.202147 96.363655 172.467482 256.000000 254.562898
35.509413 25.335669 0.000000 21.301777 18.160662 21.108951 256.000000 239.314767 36.127033 232.691675 64.000000 23.685373 44.791056 230.726385 256.000000 258.456679 50.661320 13.343282 0.000000 94.427406 50.759442 17.372767 256.000000 154.550821 75.065669 73.987202 64.000000 13.148501 76.383904 71.513509 256.000000 254.618831
114.181805 87.695629 64.000000 9.792536 114.121525 88.979365 256.000000 246.259035 70.071464 81.608049 0.000000 8.970754 70.774315 79.532845 256.000000 223.933258 43.310329 174.969855 0.000000 34.114681 41.746644 169.990013 256.000000 215.169025 129.168147 107.378253 0.000000 19.705542 126.218671 90.826649 256.000000 243.772178
24.752631 164.304925 0.000000 35.672193 26.991518 159.301218 256.000000 225.675779 26.881496 170.209958 64.000000 18.668634 27.413098 167.638395 256.000000 233.734399 22.899944 162.850936 64.000000 10.717577 22.832182 162.371427 256.000000 233.786029 6.321005 100.111393 0.000000 17.175660 9.165342 96.651213 256.000000 234.810029
80.988215 110.907913 64.000000 37.449134 75.722393 122.708896 256.000000 210.638472 120.329938 150.496065 64.000000 35.267756 110.424460 153.579725 256.000000 220.598805 63.611240 48.527891 0.000000 12.326720 58.643733 49.366709 256.000000 233.347172 8.320491 47.894367 64.000000 12.666619 4.747907 49.654144 256.000000 254.696276
26.688709 206.425647 0.000000 36.446647 21.504569 196.305678 256.000000 224.238737 107.868685 160.927658 64.000000 40.904058 102.078180 158.922391 256.000000 225.030401 79.022662 131.582060 0.000000 22.226818 78.345040 128.328071 256.000000 216.063949 81.804113 37.236589 0.000000 32.083892 72.668318 25.988891 256.000000 230.757055
24.642498 12.323085 0.000000 22.635558 31.728138 13.537602 256.000000 240.678666 144.597144 107.601131 64.000000 19.520533 144.016987 107.317347 256.000000 239.676179 99.089029 73.494718 64.000000 39.114209 53.255862 54.557236 256.000000 229.517929 126.685978 52.513716 64.000000 13.049543 127.249775 47.647140 256.000000 225.125056
9.280864 66.225465 0.000000 17.029374 6.905862 63.754227 256.000000 237.628180 48.141338 61.704404 0.000000 49.879114 49.092973 63.059100 256.000000 210.965463 68.037273 80.097335 0.000000 8.635158 71.657493 76.931622 256.000000 256.378562 152.052822 84.103220 64.000000 26.210952 149.486902 91.305484 256.000000 227.934602
26.825164 115.401944 0.000000 10.992939 23.260849 115.711682 256.000000 243.978699 65.251740 120.387402 0.000000 10.635829 60.711985 124.179115 256.000000 239.331978 56.141729 198.529125 0.000000 21.202819 48.311473 201.478609 256.000000 255.475033 134.575671 128.971527 64.000000 26.770279 193.060105 57.957691 256.000000 249.348244
