64.687129 6.903504 0.000000 27.996498 101.731467 39.558956 256.000000 225.103544 68.965715 173.786771 64.000000 12.739762 59.749856 182.907320 256.000000 223.442771 30.594424 117.150195 64.000000 42.267956 30.510105 123.355755 256.000000 208.069867 133.065567 43.853702 64.000000 36.102445 128.945265 44.125162 256.000000 207.544960
182.806058 27.704853 0.000000 17.894181 182.008235 30.105338 256.000000 244.963976 54.609775 137.292407 64.000000 8.936334 49.852000 143.404751 256.000000 246.512883 43.564235 88.838036 0.000000 50.623450 44.300958 79.105024 256.000000 217.075042 103.906342 0.936804 64.000000 52.159450 89.145633 39.366002 256.000000 212.669261
82.786665 81.488080 64.000000 57.227819 83.202158 82.519247 256.000000 195.923853 59.684571 142.837867 64.000000 20.819894 68.654338 146.831145 256.000000 232.318870 105.860751 90.166991 64.000000 20.574651 103.199769 85.817289 256.000000 230.012719 115.195935 46.579553 0.000000 20.368130 115.966793 58.107180 256.000000 229.582467
88.675313 120.144640 64.000000 11.784602 87.759976 127.605458 256.000000 245.467371 53.640662 157.637787 64.000000 10.683157 57.684220 162.682249 256.000000 253.934730 97.913656 31.982647 64.000000 16.758315 101.231558 36.370458 256.000000 253.513083 53.143509 122.333893 0.000000 13.333509 47.979213 130.723204 256.000000 235.033760
23.367335 23.716629 64.000000 48.777669 36.381840 43.230727 256.000000 217.389126 27.221782 46.299796 0.000000 10.485241 25.805585 46.842780 256.000000 238.325188 96.430342 108.813653 64.000000 9.375191 95.302742 110.362271 256.000000 239.276045 65.855938 48.731964 64.000000 8.936334 67.952740 44.267062 256.000000 260.728409
6.321005 100.111393 0.000000 17.175660 9.165342 96.651213 256.000000 234.810029 25.392820 133.274922 0.000000 9.482754 26.938238 133.834724 256.000000 253.883100 1.583180 74.269195 64.000000 21.275961 20.620696 82.690951 256.000000 226.248014 8.502069 90.911564 0.000000 15.230921 10.781718 92.459229 256.000000 259.609754
7.084416 120.624135 0.000000 20.621978 11.450804 120.421480 256.000000 254.188579 66.836358 42.210073 0.000000 29.003287 70.883471 56.940798 256.000000 219.781327 10.918882 72.038024 0.000000 24.928801 19.156651 43.661551 256.000000 225.340182 114.967793 122.156824 0.000000 9.091225 115.208696 120.222082 256.000000 235.825424
58.135338 124.021133 0.000000 21.331894 58.102900 122.507627 256.000000 230.434366 111.122611 36.102244 64.000000 19.064466 111.699647 38.990669 256.000000 217.634369 10.891416 96.755140 0.000000 9.491359 11.330620 95.539007 256.000000 232.701794 58.552840 68.627649 0.000000 14.168198 54.684716 66.679809 256.000000 243.862531
82.854584 159.863300 0.000000 37.604025 78.893164 153.371364 256.000000 224.570031 53.470845 194.254196 0.000000 52.460626 54.168636 194.971727 256.000000 214.953899 10.322749 26.049905 64.000000 63.780556 8.297311 27.259727 256.000000 204.348187 114.045678 69.214302 64.000000 9.913006 113.976055 69.028915 256.000000 259.975468
89.450833 99.594858 64.000000 37.367386 75.292851 100.659282 256.000000 224.062334 15.452033 95.977913 64.000000 9.504267 14.754636 101.175480 256.000000 232.878198 129.389435 79.868800 0.000000 18.259895 129.046084 86.194867 256.000000 230.481694 100.227675 25.756709 64.000000 19.154819 97.630991 24.695044 256.000000 250.342126
174.894760 75.232791 64.000000 8.919124 181.177320 66.248387 256.000000 242.132918 65.223040 58.899631 0.000000 35.039723 57.230173 57.425175 256.000000 217.359008 29.986216 175.370064 64.000000 58.195886 30.426882 144.158616 256.000000 206.047683 132.611718 39.715607 0.000000 26.886447 123.742133 25.307864 256.000000 246.814060
73.062711 138.290604 0.000000 31.214783 73.222695 132.999991 256.000000 244.417556 71.908678 133.023389 0.000000 8.932032 70.130027 134.287373 256.000000 243.281691 79.870527 175.644660 64.000000 33.043354 88.389307 173.444984 256.000000 226.316855 135.564816 60.733785 64.000000 50.485770 126.600527 61.435467 256.000000 220.349259
29.710844 229.773376 64.000000 39.720865 29.313622 224.282460 256.000000 217.126672 28.759756 220.549487 0.000000 36.894109 35.434116 216.386576 256.000000 223.077057 65.280440 73.275129 0.000000 16.117240 54.983560 67.066862 256.000000 231.286265 74.284711 169.308493 0.000000 23.431524 71.546975 167.965365 256.000000 234.668046
42.990380 15.533375 64.000000 31.107220 39.289367 17.975336 256.000000 224.458166 72.942876 174.510153 64.000000 8.678183 72.935331 175.652227 256.000000 243.307506 75.990789 20.417165 64.000000 18.092097 74.838164 21.240980 256.000000 220.349259 65.995273 17.603931 64.000000 34.626681 53.849513 26.514911 256.000000 201.310608
108.617425 5.984315 64.000000 8.639460 109.288378 6.555949 256.000000 252.600949 14.850287 95.366520 0.000000 9.319258 15.986207 98.273255 256.000000 249.791404 13.093662 127.743164 0.000000 10.928401 16.370362 129.791913 256.000000 248.689959 60.996771 102.697642 64.000000 10.308838 64.664429 105.205053 256.000000 248.616816
131.601713 41.720162 64.000000 15.648265 131.012522 41.305907 256.000000 245.914833 19.063405 82.194638 0.000000 12.098686 18.735064 80.002362 256.000000 253.977756 144.845696 61.023578 0.000000 45.120527 143.464936 55.287875 256.000000 213.598605 103.983336 202.966805 0.000000 13.079661 100.440244 205.259064 256.000000 245.493186
29.694536 47.710027 64.000000 25.182650 17.141520 41.389595 256.000000 259.609754 16.463016 76.294175 64.000000 24.425406 29.132931 75.010307 256.000000 218.834772 103.634538 165.620035 64.000000 19.103189 98.331653 169.306302 256.000000 209.136892 104.775002 99.918696 64.000000 28.973170 100.961689 96.864324 256.000000 231.432551
58.444822 107.412560 0.000000 27.290884 72.155915 92.379602 256.000000 231.583139 71.717305 132.805616 0.000000 18.191055 71.641555 133.757524 256.000000 256.309721 107.926615 194.824993 64.000000 19.881945 110.190704 192.663433 256.000000 235.235978 39.195789 25.976678 0.000000 17.068097 47.395004 38.782520 256.000000 228.739173
59.453129 229.706502 64.000000 19.120399 62.289287 218.725742 256.000000 233.394500 99.530796 66.998975 64.000000 20.905945 97.359785 66.493645 256.000000 223.903141 7.889013 47.134002 64.000000 10.046384 7.561920 48.560191 256.000000 249.464412 54.142391 72.779409 0.000000 29.024800 47.639385 67.197124 256.000000 219.940520
12.512856 120.806447 0.000000 25.647322 13.590209 118.693925 256.000000 221.790603 172.451571 40.298064 0.000000 11.664132 173.004613 39.114371 256.000000 233.958130 27.089453 195.296627 64.000000 25.273002 32.722991 193.365733 256.000000 220.779511 11.907249 75.571945 0.000000 12.434283 4.979411 76.533891 256.000000 237.283978
9.711218 130.777976 0.000000 27.979288 7.369576 130.193920 256.000000 234.319542 18.645460 36.934367 0.000000 9.869981 18.154593 37.575458 256.000000 246.422530 32.105822 101.001431 0.000000 43.524292 36.515749 70.466213 256.000000 223.563242 72.449498 129.064207 64.000000 74.566974 68.949367 130.917298 256.000000 198.230004
125.762238 30.841602 64.000000 9.753813 130.985618 35.231709 256.000000 245.639472 81.332311 23.054516 0.000000 9.147158 81.020665 24.700953 320.000000 233.854870 156.198555 143.840356 0.000000 16.513072 159.704675 138.990362 256.000000 244.671405 84.373558 175.106660 0.000000 32.006446 82.464393 173.531896 256.000000 232.353290
131.577022 102.675576 0.000000 15.359996 138.563091 95.877391 256.000000 256.933587 46.062258 11.126525 64.000000 24.494246 47.256376 13.029269 256.000000 244.430464 8.914515 57.462842 0.000000 9.078317 10.021540 59.149860 256.000000 243.169825 91.039027 30.508669 64.000000 29.584128 91.129353 31.471673 256.000000 219.505965
71.392373 29.217498 0.000000 17.059492 77.115378 37.002013 256.000000 239.340583 118.433591 133.047058 0.000000 10.024872 120.791416 130.985516 256.000000 232.951340 120.309173 6.165727 0.000000 11.586686 119.093307 3.733213 256.000000 257.398259 47.507925 102.150264 64.000000 17.330551 48.798951 96.072462 256.000000 232.013391
55.828980 34.006345 0.000000 11.986821 59.985369 35.944773 256.000000 238.927541 107.606258 91.857258 64.000000 21.951457 109.809005 86.129151 256.000000 237.860516 133.091482 21.088344 64.000000 9.327863 146.022616 22.219964 256.000000 249.305219 105.815225 52.562211 64.000000 21.796566 103.997995 53.940725 256.000000 250.105488
48.039015 153.966207 0.000000 8.622250 47.479100 153.263924 256.000000 252.428848 30.633320 147.416102 0.000000 10.227090 36.986136 150.178504 256.000000 231.402433 82.006600 64.011020 0.000000 23.160465 70.984858 56.617796 256.000000 233.058903 24.243549 140.261405 64.000000 14.082148 28.745489 142.299055 256.000000 253.943335
158.883605 148.252447 64.000000 24.829843 158.129485 147.413400 256.000000 229.406064 92.490693 191.286667 0.000000 13.058148 114.015182 190.539340 256.000000 230.335408 23.612231 94.760198 64.000000 24.421104 32.886558 107.965547 256.000000 231.286265 16.407253 92.508484 64.000000 10.696065 17.107229 99.356711 256.000000 243.483909
45.588224 93.926962 0.000000 18.401878 43.714458 90.305822 256.000000 242.885859 114.004929 196.884325 0.000000 16.762618 114.747185 195.806584 256.000000 237.400146 14.319947 211.071262 0.000000 11.651224 21.839251 215.318816 256.000000 252.562227 129.047360 119.633291 64.000000 26.619691 124.054211 118.494016 256.000000 231.957458
45.448820 219.410891 64.000000 39.712260 52.658175 217.205107 256.000000 208.573262 139.068671 170.719782 64.000000 14.611358 147.766949 167.312345 256.000000 253.547504 13.299925 106.700336 0.000000 14.792064 18.575325 98.003398 256.000000 242.885859 69.284942 6.394956 0.000000 12.929073 73.371398 7.673642 256.000000 232.998668
77.558213 67.133800 64.000000 16.039795 75.250956 67.667193 256.000000 241.956515 99.613667 19.819673 64.000000 25.010549 102.315535 34.196420 256.000000 228.506837 84.533445 101.803485 64.000000 13.290484 102.088102 101.833925 256.000000 238.252045 52.606580 130.216540 0.000000 12.645106 54.430220 128.848576 256.000000 255.092108
120.472304 78.864029 64.000000 16.698080 137.644362 59.180933 256.000000 259.923838 94.266642 125.244471 0.000000 33.925370 66.352280 121.228765 256.000000 218.348587 2.679135 106.029835 64.000000 17.734987 4.327113 104.193325 256.000000 234.969222 70.059447 40.627078 0.000000 10.416401 67.387935 37.223835 256.000000 243.471002
157.981211 93.558135 64.000000 37.147958 142.118635 87.302365 256.000000 206.159548 18.793880 116.342107 64.000000 13.062451 20.429240 123.836580 256.000000 250.871336 104.499053 145.678376 64.000000 25.509641 101.103455 146.167935 256.000000 255.698764 104.708433 0.756931 64.000000 13.733644 104.629253 0.596242 256.000000 246.986161
