0.440200 153.838464 0.000000 30.629640 3.893111 148.620925 256.000000 212.118539 78.666462 203.862282 0.000000 18.294315 73.664729 207.155945 256.000000 217.664487 93.243122 127.429802 64.000000 14.968467 93.942469 125.669111 256.000000 248.930900 98.556075 118.918944 0.000000 32.656127 91.653058 116.681853 256.000000 208.784086
13.024358 80.982916 64.000000 24.498549 12.151293 77.039136 256.000000 222.053057 145.046724 65.422791 0.000000 17.287525 144.160035 67.327484 256.000000 227.177359 117.845560 128.212204 64.000000 18.092097 110.823287 146.537649 256.000000 223.984889 101.694889 61.367400 64.000000 29.287254 96.478349 57.961256 256.000000 231.643374
82.470347 151.365082 64.000000 23.147558 79.163060 152.174376 256.000000 256.942192 98.038500 73.187562 0.000000 10.463729 97.768451 72.748764 256.000000 238.303675 47.192353 84.051324 64.000000 22.743121 42.675522 79.665087 256.000000 240.050498 94.357235 14.574693 64.000000 10.932703 92.307151 11.642522 256.000000 260.138964
75.900980 129.781500 0.000000 20.979088 69.855029 132.813835 256.000000 251.172513 114.967793 122.156824 0.000000 9.091225 115.208696 120.222082 256.000000 235.825424 68.027591 77.811578 64.000000 16.323761 65.143104 76.330189 256.000000 247.889690 20.501624 207.123064 0.000000 13.350720 23.276420 197.984784 256.000000 241.225086
110.728531 118.487585 64.000000 65.062707 108.628373 114.099815 256.000000 201.727953 114.024345 37.282996 64.000000 15.067425 113.117727 36.661784 256.000000 239.194297 85.201038 94.137667 64.000000 52.159450 88.005147 90.100456 256.000000 200.790003 84.136582 220.560169 64.000000 31.507354 88.539269 218.636056 256.000000 234.078601
121.954842 151.493387 64.000000 40.357638 119.416884 144.441493 256.000000 224.139779 70.071464 81.608049 0.000000 8.970754 70.774315 79.532845 256.000000 223.933258 66.747329 138.622520 64.000000 40.125302 73.366047 150.043260 256.000000 212.991950 16.284620 71.552735 64.000000 30.289741 19.257740 70.593173 256.000000 225.400418
171.728115 68.792098 0.000000 28.650481 169.037522 70.539840 256.000000 214.717261 31.262835 31.744555 64.000000 19.817407 32.138045 35.180987 256.000000 222.001427 119.400125 137.492704 64.000000 11.698552 120.175245 137.461687 256.000000 260.590729 53.973185 170.981429 64.000000 23.556297 69.816095 171.340127 256.000000 238.277860
129.813982 89.579080 0.000000 10.257208 130.975567 85.667891 256.000000 225.959745 121.867304 35.997375 0.000000 20.957575 122.641545 37.634295 256.000000 251.645790 44.840044 62.719467 0.000000 14.860904 36.394969 51.736760 256.000000 229.444787 75.405413 96.421722 64.000000 17.610214 74.174098 96.916300 256.000000 241.655338
73.651193 77.663751 64.000000 11.965308 72.752651 74.122364 256.000000 251.052042 46.521562 71.949578 0.000000 11.586686 52.977847 64.880971 256.000000 245.970766 81.361473 204.010049 0.000000 20.277777 76.136909 205.684436 256.000000 239.340583 21.542098 106.465084 64.000000 9.215998 23.122022 107.514435 256.000000 259.463469
8.429744 189.357575 0.000000 15.600938 4.623798 188.966193 256.000000 218.344285 100.509338 178.095718 0.000000 33.288597 100.295702 168.861435 256.000000 226.910602 75.990789 20.417165 64.000000 18.092097 74.838164 21.240980 256.000000 220.349259 17.837431 16.989916 0.000000 10.691762 14.855482 18.272404 256.000000 255.117923
95.499567 190.495865 0.000000 23.913406 93.673945 193.031696 256.000000 240.867977 59.327098 68.003565 64.000000 12.189039 62.064053 63.624916 256.000000 251.129487 12.074464 143.144422 0.000000 16.013979 7.312744 141.304293 256.000000 224.307578 17.559000 9.267256 0.000000 29.807859 22.767720 22.227191 256.000000 217.453663
77.604131 78.768571 64.000000 22.738818 73.498882 85.034535 256.000000 244.357321 163.437736 127.803005 0.000000 12.434283 162.399393 122.902498 256.000000 234.293727 79.770724 217.950949 0.000000 20.763962 85.337900 215.953082 256.000000 241.276717 131.133447 30.647740 64.000000 12.240669 133.877187 34.384493 256.000000 242.455607
141.484129 59.406167 0.000000 8.669578 149.081049 63.577829 256.000000 252.239538 65.391489 178.651325 64.000000 13.892837 77.305909 187.586278 256.000000 281.918320 29.013856 114.445456 64.000000 15.751526 31.069520 111.506675 256.000000 227.831342 72.207015 61.908698 0.000000 9.172973 72.561862 58.157789 256.000000 248.251101
155.712265 158.191467 0.000000 16.379694 154.900664 157.715829 320.000000 246.401018 136.611689 161.142276 0.000000 10.162552 136.830715 161.401247 256.000000 243.212851 151.245767 158.374260 64.000000 23.039995 151.359020 157.521287 256.000000 239.529893 140.734818 86.341296 0.000000 17.201475 139.336578 90.106462 256.000000 251.495202
91.340982 46.994002 64.000000 37.264126 87.788562 45.146371 256.000000 245.729825 107.357842 164.456444 0.000000 16.409811 111.253740 163.561815 256.000000 224.841090 178.741449 95.182478 0.000000 17.050887 182.950575 86.786691 256.000000 239.224415 3.012747 228.442109 0.000000 18.203962 1.309424 227.968338 256.000000 239.370700
97.741644 158.649615 64.000000 19.778684 108.306293 157.300122 256.000000 248.698564 62.775556 61.175355 0.000000 14.056333 84.230760 59.227985 256.000000 237.740045 112.365862 35.180280 0.000000 26.748767 114.968247 39.595618 256.000000 224.643174 125.519156 40.587600 64.000000 67.252690 126.723318 55.885340 256.000000 193.897366
8.732173 177.810320 0.000000 72.914806 13.220344 185.585609 256.000000 183.179789 6.400200 12.614965 0.000000 43.872796 11.777736 26.763136 256.000000 233.144954 154.141022 74.239222 64.000000 82.974098 163.877820 79.589105 256.000000 183.055016 163.990195 16.540198 64.000000 20.286382 167.306560 26.790215 256.000000 236.608482
136.441284 23.169393 0.000000 91.080046 130.696847 27.582215 256.000000 168.232835 25.672889 38.700316 64.000000 14.482282 30.230127 31.554785 256.000000 245.833085 14.969855 76.519402 64.000000 20.148701 23.040969 70.603035 256.000000 221.816419 80.368753 80.796496 0.000000 9.052502 86.351784 80.322413 256.000000 247.795034
13.893111 20.264813 0.000000 25.354750 5.259384 26.044336 256.000000 236.298701 106.164738 20.007655 0.000000 9.624737 202.340300 30.829687 256.000000 241.225086 62.898238 61.292500 64.000000 34.622378 59.497456 64.661307 256.000000 220.413797 74.341785 116.062598 64.000000 15.140568 72.295789 115.678984 256.000000 256.847536
21.995098 196.324682 0.000000 36.308966 15.900965 192.580162 256.000000 207.575077 167.958551 102.734515 64.000000 35.074143 169.665905 86.873975 256.000000 11.096199 101.273224 27.371656 64.000000 35.603353 96.889745 32.880524 256.000000 207.235178 124.808764 110.281867 0.000000 38.950714 115.917667 110.748651 256.000000 235.623205
97.825793 170.093336 0.000000 10.459426 224.307900 225.397573 256.000000 251.589857 75.149773 150.736220 64.000000 45.933704 74.603380 143.938525 256.000000 220.332049 82.643898 29.463705 64.000000 9.981846 82.203918 14.767780 256.000000 248.823337 94.723938 119.518218 0.000000 43.653368 82.232989 132.856856 256.000000 208.478607
39.196789 49.265453 0.000000 32.617404 47.321415 69.309607 256.000000 221.084990 83.130796 132.505002 64.000000 47.379350 184.208982 80.882924 256.000000 228.339039 47.404124 56.782093 0.000000 27.867422 47.423016 61.003991 256.000000 215.668118 29.966969 21.006307 64.000000 11.109107 29.601756 21.458960 256.000000 241.160549
37.452625 69.032404 64.000000 11.905073 44.365120 68.353469 256.000000 248.879269 104.970118 135.263640 64.000000 21.069440 149.060313 131.708565 256.000000 222.861931 63.743193 73.737345 64.000000 12.034148 61.895215 74.265200 256.000000 239.344885 99.186547 201.844549 0.000000 24.352263 99.869831 199.700635 256.000000 243.234363
96.207005 214.100720 0.000000 17.537072 95.215042 214.853131 256.000000 237.245255 79.494387 115.163153 64.000000 18.789105 75.601215 116.406633 256.000000 220.706368 114.089773 108.639991 64.000000 16.414114 113.902411 106.606358 256.000000 231.303475 28.706753 121.950285 64.000000 31.429909 54.737324 132.565645 256.000000 244.176615
197.784171 80.955765 64.000000 23.689675 196.749293 77.894807 256.000000 244.275573 69.700184 68.507944 0.000000 11.522149 72.931682 64.103827 256.000000 263.787501 36.623047 220.726891 0.000000 10.373376 38.544073 219.966227 256.000000 229.380249 104.147424 158.642073 64.000000 17.894181 105.577182 158.112356 256.000000 244.133590
77.918525 134.758082 0.000000 18.780500 111.121629 132.958445 256.000000 221.278604 15.313413 51.961855 64.000000 78.650066 18.620264 55.702796 256.000000 198.066508 106.414075 104.362025 0.000000 24.705070 103.753538 109.786471 256.000000 246.900110 97.505313 206.358736 0.000000 44.750511 89.411362 196.387076 256.000000 217.995781
139.988422 153.281815 0.000000 10.786418 144.404969 151.643400 256.000000 244.817691 96.176180 211.030749 64.000000 22.037507 95.305153 209.990640 256.000000 241.100313 5.356402 55.670316 64.000000 41.661301 12.051458 56.211045 256.000000 225.279947 56.192825 170.607891 64.000000 24.855658 55.774116 169.459795 256.000000 231.772450
69.932511 41.632251 64.000000 18.298618 73.251469 45.407082 256.000000 240.300045 129.892945 68.038500 64.000000 16.698080 128.010493 64.532669 256.000000 232.348988 88.439415 91.243116 0.000000 17.136937 91.540305 85.807149 256.000000 240.308650 20.659878 95.350716 64.000000 12.326720 21.410673 101.232367 256.000000 266.708912
126.685978 52.513716 64.000000 13.049543 127.249775 47.647140 256.000000 225.125056 81.946353 49.389855 0.000000 14.925442 81.150960 33.450696 256.000000 230.688215 41.657442 37.392520 64.000000 21.947155 42.290584 41.641018 256.000000 236.888146 28.759756 220.549487 0.000000 36.894109 35.434116 216.386576 256.000000 223.077057
153.462440 31.788015 64.000000 18.789105 152.840687 31.011302 256.000000 228.209963 69.914229 223.583371 64.000000 29.282951 73.785609 221.487202 256.000000 239.689087 102.064362 148.479653 0.000000 10.523964 101.688049 158.656493 256.000000 248.758799 4.654775 52.965800 0.000000 12.778484 6.345891 55.615051 256.000000 254.575806
29.381960 81.991144 64.000000 18.961206 39.770824 76.293391 256.000000 217.599949 15.799413 62.172425 64.000000 14.865207 6.166602 61.106196 256.000000 253.465756 34.218727 67.049482 64.000000 22.411827 32.220713 52.927222 256.000000 233.394500 77.474265 26.134558 0.000000 10.769208 74.655696 33.081100 256.000000 224.195712
59.400756 66.257655 0.000000 17.455324 53.912031 65.897824 256.000000 230.739845 5.205269 66.485267 64.000000 10.042082 3.189556 63.327524 256.000000 243.914161 148.656927 72.465880 64.000000 13.858417 150.339022 66.545442 256.000000 252.415941 109.098785 162.475649 0.000000 23.999457 113.098633 146.865098 256.000000 246.844177
