62.555984 214.410405 64.000000 19.735659 60.756411 214.733724 256.000000 251.232748 88.433700 77.243691 64.000000 14.843694 87.421540 77.315740 256.000000 210.595446 152.872691 123.111327 0.000000 15.403022 153.275125 128.540925 256.000000 252.725722 16.333580 59.693760 64.000000 11.066081 18.148891 62.566540 256.000000 234.405592
26.627535 18.861747 0.000000 14.370417 31.750582 16.379738 256.000000 259.738830 24.969347 99.398673 0.000000 8.772838 25.026853 98.024476 256.000000 249.709656 111.300944 53.693395 64.000000 12.692434 114.141347 59.735355 256.000000 240.304347 132.164051 73.277193 64.000000 30.156363 127.060567 81.047305 256.000000 221.102200
106.164738 20.007655 0.000000 9.624737 202.340300 30.829687 256.000000 241.225086 140.836731 74.120040 64.000000 32.677639 138.662240 74.737816 256.000000 219.075713 49.780922 40.245220 64.000000 54.990508 62.544525 52.060309 256.000000 213.495345 84.697391 224.212200 64.000000 16.706685 88.005298 224.987984 256.000000 230.864618
89.934624 78.981365 64.000000 32.333438 66.696462 86.533065 256.000000 229.083375 166.374793 140.078702 64.000000 13.152804 166.457475 140.013105 256.000000 253.599134 118.668445 202.129833 0.000000 23.371289 118.867307 198.428758 256.000000 223.231948 68.408193 128.905455 0.000000 12.309510 78.928942 113.861480 256.000000 245.996581
87.388289 135.514242 64.000000 22.046112 84.256416 133.996405 256.000000 220.736486 49.892187 37.287415 64.000000 30.164968 47.864904 39.811807 256.000000 232.848080 100.707513 154.660242 0.000000 37.556697 99.041516 149.591811 256.000000 237.000012 41.971773 31.529531 0.000000 10.523964 51.826876 20.715309 256.000000 225.030401
21.325813 112.887322 0.000000 14.069240 5.971511 120.541265 256.000000 230.485996 121.158158 70.727585 0.000000 24.003759 119.187722 80.728087 256.000000 230.584954 6.752664 144.168171 64.000000 43.928729 8.539953 131.567016 256.000000 208.168825 172.250418 71.563167 0.000000 19.129004 171.455998 69.903000 256.000000 242.683641
119.767975 187.331020 64.000000 22.833474 113.900707 193.559456 256.000000 236.591272 5.676447 16.418711 0.000000 20.944667 16.208029 15.957409 256.000000 230.757055 78.430249 16.906520 64.000000 22.790448 77.421595 19.867620 256.000000 256.933587 78.265722 62.911685 0.000000 27.269372 72.669253 66.207731 256.000000 227.211779
142.077316 20.506860 0.000000 13.793879 144.545789 24.138209 256.000000 247.627236 148.740002 103.166345 64.000000 12.150316 150.509429 100.763251 256.000000 240.579708 113.917131 164.009985 64.000000 15.540702 115.621775 161.483602 256.000000 229.690030 126.234200 84.480582 64.000000 20.656399 124.116793 88.775825 256.000000 223.326603
160.196462 118.540664 64.000000 17.373576 158.485171 124.654355 256.000000 232.805055 139.003009 131.048435 0.000000 23.285238 134.918113 121.755336 256.000000 240.407608 16.933209 79.529665 0.000000 23.711188 20.921607 63.080289 256.000000 226.002771 92.617525 64.051267 0.000000 20.996298 89.065522 54.712675 256.000000 231.359408
65.391489 178.651325 64.000000 13.892837 77.305909 187.586278 256.000000 281.918320 163.979844 115.131871 0.000000 39.178747 158.267951 114.744727 256.000000 225.972653 151.245767 158.374260 64.000000 23.039995 151.359020 157.521287 256.000000 239.529893 142.379885 118.598629 0.000000 22.028902 139.141715 119.957005 320.000000 223.206133
162.396082 157.166169 64.000000 35.186009 159.418980 153.910520 256.000000 238.755440 65.103224 44.182833 64.000000 9.865678 64.819998 40.162247 256.000000 247.769219 77.850887 108.959182 64.000000 24.115625 75.704853 106.097731 256.000000 244.090565 31.174500 203.683615 64.000000 29.510985 26.053256 202.856484 256.000000 234.594903
31.076109 68.769667 0.000000 13.492703 27.947725 70.860773 256.000000 248.857757 37.620591 145.142318 64.000000 9.852771 39.259738 151.701467 256.000000 244.284178 120.154224 79.102171 0.000000 37.517974 98.228556 81.297158 256.000000 207.041565 8.852495 220.880264 0.000000 27.140296 7.600442 216.164395 256.000000 216.455479
101.655829 174.287745 64.000000 12.804300 99.576653 186.577687 256.000000 251.176815 22.716860 50.697636 0.000000 11.504938 25.135127 49.011104 256.000000 234.272214 32.334751 126.288065 64.000000 35.168798 29.365489 121.935582 256.000000 223.399746 14.998062 35.212365 0.000000 20.432667 22.140667 36.819595 256.000000 226.880485
74.875122 45.029127 64.000000 27.781372 79.580338 56.677500 256.000000 244.439069 65.204805 100.295509 0.000000 9.913006 64.851556 106.718382 256.000000 247.511068 62.113027 119.317091 0.000000 13.570148 68.498178 117.974380 256.000000 252.631067 105.897573 56.397411 64.000000 11.165039 108.012365 53.540315 256.000000 240.945423
167.958551 102.734515 64.000000 35.074143 169.665905 86.873975 256.000000 11.096199 77.334853 72.742089 64.000000 14.723223 80.683835 61.928562 256.000000 238.630667 45.804642 150.757478 0.000000 47.822510 27.596793 121.606171 256.000000 205.789532 153.877229 162.902711 64.000000 62.291885 153.651149 164.894435 256.000000 181.011319
103.906342 0.936804 64.000000 52.159450 89.145633 39.366002 256.000000 212.669261 150.953773 78.095478 64.000000 24.421104 150.340029 79.422125 256.000000 250.561555 114.910947 89.062380 64.000000 11.436098 117.663478 85.707142 256.000000 257.630595 62.919975 95.139313 0.000000 11.629712 66.446815 94.249202 256.000000 234.272214
80.180335 55.398258 0.000000 9.177275 78.581524 55.731649 256.000000 251.030529 113.254827 8.670596 0.000000 24.799725 111.758084 9.849851 256.000000 236.229861 97.505313 206.358736 0.000000 44.750511 89.411362 196.387076 256.000000 217.995781 96.590756 108.846300 0.000000 17.033677 99.727211 102.094949 256.000000 227.637728
15.163807 110.402044 64.000000 15.566517 13.531762 110.427789 256.000000 241.956515 45.910551 70.757933 64.000000 32.965908 50.223469 38.376344 256.000000 226.760014 164.493722 110.717818 0.000000 10.283023 165.688162 113.750984 256.000000 225.615544 119.615129 0.871302 64.000000 19.993810 116.690051 -0.000004 256.000000 220.306234
6.523698 77.110531 0.000000 23.655255 10.385933 75.120715 256.000000 239.964448 5.356402 55.670316 64.000000 41.661301 12.051458 56.211045 256.000000 225.279947 83.881080 179.399960 0.000000 35.874412 84.544349 174.426575 256.000000 213.749194 113.475704 67.711318 0.000000 38.017067 107.703027 58.502596 256.000000 215.220655
10.372089 99.610429 0.000000 14.619963 10.666113 93.862015 256.000000 213.667446 162.430935 5.023344 0.000000 52.378878 160.999302 7.583491 256.000000 201.086877 161.316671 27.727533 64.000000 11.384468 173.847695 24.261209 256.000000 255.126528 165.545651 67.371949 64.000000 28.852699 161.488829 63.384355 256.000000 227.525863
30.973882 5.381245 0.000000 15.781643 35.100095 4.878649 256.000000 237.043037 101.081582 100.192813 64.000000 29.054918 97.308027 97.135184 256.000000 237.098970 102.085140 169.934447 64.000000 28.142783 98.116220 169.883702 256.000000 240.201087 111.657409 68.406251 64.000000 20.927457 112.543155 50.986387 256.000000 212.652051
124.736273 99.645225 0.000000 8.785746 145.680918 101.369289 256.000000 256.021453 156.309765 105.320293 0.000000 10.016267 157.380147 103.466429 256.000000 223.640687 92.439795 65.796035 64.000000 15.902114 90.910322 62.362502 256.000000 241.281019 55.891318 89.126193 0.000000 19.597979 48.841965 92.939464 256.000000 239.899910
95.560338 131.982384 64.000000 36.795151 96.245467 129.986865 256.000000 220.344957 66.530349 104.166664 0.000000 11.479123 63.793651 105.098335 256.000000 230.997996 15.441565 60.737100 64.000000 17.197172 19.290629 56.520529 256.000000 232.452248 86.855347 117.892760 64.000000 14.172501 85.076131 118.514053 256.000000 234.332449
45.453065 152.157955 0.000000 22.717306 45.933856 151.730485 256.000000 231.238937 56.140467 37.750471 0.000000 18.358853 44.333902 31.624933 256.000000 236.453592 38.785744 0.852631 0.000000 23.263726 43.076189 3.907884 256.000000 229.926669 14.319947 211.071262 0.000000 11.651224 21.839251 215.318816 256.000000 252.562227
68.965715 173.786771 64.000000 12.739762 59.749856 182.907320 256.000000 223.442771 177.832591 120.504453 0.000000 13.092568 176.914733 128.518749 256.000000 235.322029 148.656927 72.465880 64.000000 13.858417 150.339022 66.545442 256.000000 252.415941 170.317200 45.992345 0.000000 25.501036 168.730695 44.934558 256.000000 235.593088
6.651124 103.185187 0.000000 18.070584 3.407520 93.443140 256.000000 240.528078 57.363764 78.455084 0.000000 12.546148 59.067907 85.094033 256.000000 233.424618 26.160082 12.604222 0.000000 17.489744 26.953836 12.920315 256.000000 225.374603 124.143615 23.482011 0.000000 26.688532 120.660775 24.310958 256.000000 222.629595
78.439509 195.180655 64.000000 19.860432 84.059453 194.415425 256.000000 250.083975 14.090802 56.578991 0.000000 11.535056 15.037084 57.992176 256.000000 259.429048 99.186547 201.844549 0.000000 24.352263 99.869831 199.700635 256.000000 243.234363 156.198555 143.840356 0.000000 16.513072 159.704675 138.990362 256.000000 244.671405
21.555256 48.313929 64.000000 10.308838 15.088200 46.085904 256.000000 242.447002 150.043907 177.554867 0.000000 13.329207 149.310547 178.797511 256.000000 261.412510 58.535091 204.942804 64.000000 22.192398 56.708960 204.681511 256.000000 241.500448 51.945402 152.580724 0.000000 8.854586 57.146653 154.970947 256.000000 276.738086
143.966589 124.482551 64.000000 32.552866 140.858622 129.037945 256.000000 232.697492 129.428209 87.131980 64.000000 13.311997 130.015309 85.546900 256.000000 239.060919 57.887167 74.034560 64.000000 30.969539 46.006238 74.499169 256.000000 219.174671 96.973056 41.684207 64.000000 14.379022 95.741269 37.503840 256.000000 246.495673
23.837776 111.246518 64.000000 17.747895 27.467038 115.159189 256.000000 241.065893 69.241518 79.585076 0.000000 17.997441 72.583980 90.443456 256.000000 229.040350 25.546158 87.999747 64.000000 17.360668 28.325422 90.837595 256.000000 261.782527 96.336289 155.169251 0.000000 16.065610 97.191987 153.944267 256.000000 248.186564
0.729242 123.579647 64.000000 15.635358 3.636278 125.899165 256.000000 237.972381 13.476255 76.350595 64.000000 24.502851 19.089242 77.472098 256.000000 232.030601 26.070609 150.403436 0.000000 17.644635 22.786273 150.544596 256.000000 234.125928 69.380018 139.367293 0.000000 18.354550 72.203704 137.328740 256.000000 248.896479
59.947264 78.735467 64.000000 23.577810 57.188405 63.809562 256.000000 242.373859 84.387898 16.284607 0.000000 28.340699 91.824376 27.616747 256.000000 231.996181 48.583065 153.667713 0.000000 14.262854 80.038453 169.902678 256.000000 232.934130 48.039015 153.966207 0.000000 8.622250 47.479100 153.263924 256.000000 252.428848
