174.820789 25.125349 64.000000 26.099086 172.631455 24.796078 256.000000 208.001027 99.530796 66.998975 64.000000 20.905945 97.359785 66.493645 256.000000 223.903141 85.116804 153.250075 0.000000 63.049128 73.346547 178.325209 256.000000 200.992222 73.907073 85.199971 64.000000 9.676367 83.206198 82.148160 256.000000 250.832613
156.125245 116.726785 64.000000 34.015723 153.466513 115.334644 256.000000 231.531509 132.025476 43.446855 0.000000 23.014179 130.472587 43.472065 256.000000 247.175471 46.903309 71.728085 64.000000 11.909375 52.831480 67.899195 256.000000 245.587842 64.687129 6.903504 0.000000 27.996498 101.731467 39.558956 256.000000 225.103544
3.177293 18.759402 64.000000 23.465944 9.577495 21.976011 256.000000 224.268855 28.638122 53.041400 64.000000 27.015523 21.976753 55.859136 256.000000 251.434966 72.044024 126.393365 64.000000 16.797038 70.978047 123.051473 256.000000 238.209020 106.617827 35.059389 64.000000 24.511456 96.387822 12.585675 256.000000 229.040350
94.653415 35.642247 0.000000 9.082620 123.034724 23.979405 256.000000 244.073355 75.518304 171.905247 0.000000 21.590045 74.835389 170.914315 256.000000 235.184348 151.705800 11.905265 0.000000 23.194885 150.335380 15.406575 256.000000 245.222127 122.533220 122.046825 0.000000 11.371560 124.117011 117.390629 256.000000 233.695676
31.331076 199.680395 64.000000 20.953272 30.419884 197.903995 256.000000 222.513427 38.052011 117.575047 64.000000 9.388099 37.053775 120.109520 256.000000 260.995166 85.959205 190.306304 0.000000 9.968939 85.481605 191.337811 256.000000 238.858700 62.555984 214.410405 64.000000 19.735659 60.756411 214.733724 256.000000 251.232748
91.625231 59.369316 0.000000 9.710788 97.144800 63.579778 256.000000 248.083303 135.564816 60.733785 64.000000 50.485770 126.600527 61.435467 256.000000 220.349259 51.818644 50.501831 64.000000 11.707157 54.268296 42.928416 256.000000 228.851039 28.638664 120.601296 0.000000 74.708957 34.909796 98.867718 256.000000 192.542073
118.865211 28.761565 64.000000 27.299489 110.616838 27.917971 256.000000 240.562498 137.395960 34.404835 0.000000 21.138281 136.424262 38.703382 256.000000 233.153559 113.899640 112.931518 64.000000 25.436498 114.622802 109.898144 256.000000 234.470130 115.723735 117.316853 64.000000 26.094784 112.916596 118.088855 256.000000 238.819978
79.912536 79.472865 0.000000 9.568804 79.731082 81.174744 256.000000 239.852582 14.392018 201.673547 64.000000 9.951729 13.891536 202.058235 256.000000 262.664543 10.347745 217.035631 64.000000 11.986821 12.258838 218.012185 256.000000 269.187164 41.548993 31.532424 64.000000 20.763962 56.945818 26.203604 256.000000 233.549391
96.109967 79.163733 64.000000 45.421704 94.951395 78.679838 256.000000 197.782542 50.674956 121.829155 64.000000 24.253305 49.497775 118.063909 256.000000 218.210907 3.850358 56.808684 64.000000 13.544333 1.275049 50.796624 256.000000 238.828583 66.836358 42.210073 0.000000 29.003287 70.883471 56.940798 256.000000 219.781327
135.227167 25.662985 0.000000 39.522949 116.947284 35.087853 256.000000 216.309193 58.120975 109.854256 0.000000 12.412770 64.847978 109.772811 256.000000 249.503135 86.631647 30.014638 0.000000 31.851556 83.685418 31.022940 256.000000 237.232348 116.741838 106.678200 0.000000 24.085507 115.533627 104.107596 256.000000 236.660113
46.241369 178.547485 64.000000 15.136265 34.600342 192.275784 256.000000 263.624005 111.300944 53.693395 64.000000 12.692434 114.141347 59.735355 256.000000 240.304347 36.056585 76.513500 64.000000 17.842550 32.312773 74.734995 256.000000 254.885587 78.714431 81.779155 64.000000 9.379494 77.498058 85.266055 256.000000 249.735471
52.346904 132.246356 0.000000 20.948970 60.052349 128.208524 256.000000 247.321757 64.002536 193.795205 64.000000 23.706885 57.397611 194.005345 256.000000 231.613257 65.419469 153.279822 64.000000 21.822381 68.252616 152.761847 256.000000 219.940520 91.709065 69.476822 64.000000 10.863863 90.823562 68.257062 256.000000 248.672748
74.875122 45.029127 64.000000 27.781372 79.580338 56.677500 256.000000 244.439069 6.854051 201.030160 0.000000 9.835561 7.654138 200.552518 256.000000 243.694733 68.211758 90.391825 0.000000 20.763962 63.515220 114.711944 256.000000 246.568816 16.299518 166.911809 64.000000 12.417073 20.312733 173.376262 256.000000 231.066837
77.889853 85.567953 64.000000 16.285038 80.469011 80.094949 256.000000 244.641287 51.649022 124.440407 64.000000 11.999728 39.733211 135.014116 256.000000 238.669389 35.702207 48.098267 64.000000 24.644835 42.931751 60.875165 256.000000 208.766875 66.581571 87.358213 64.000000 10.833745 67.119818 95.958876 256.000000 235.816819
12.574342 115.355069 64.000000 14.120871 2.905271 112.718682 256.000000 232.843777 52.835247 51.781378 64.000000 16.052702 69.583842 68.863142 256.000000 230.692517 102.064362 148.479653 0.000000 10.523964 101.688049 158.656493 256.000000 248.758799 160.843309 36.555700 0.000000 18.358853 159.768865 34.572924 256.000000 247.730497
129.664558 14.607167 0.000000 10.773510 130.885924 7.580882 256.000000 242.356649 19.937707 88.025576 64.000000 31.064194 34.100991 77.072924 256.000000 232.353290 146.594469 184.003395 0.000000 25.776397 144.065484 184.331687 256.000000 233.403105 53.140173 12.335458 64.000000 32.402278 52.753300 18.934149 256.000000 230.572047
43.618418 62.736093 64.000000 25.376263 31.993635 57.415096 256.000000 232.680282 163.169622 144.090800 0.000000 10.369073 162.944902 146.250655 256.000000 253.431336 69.534375 51.584762 0.000000 70.819479 90.166595 51.595124 256.000000 171.403792 9.584278 79.470791 0.000000 18.909575 9.525158 85.441798 256.000000 237.107575
101.655829 174.287745 64.000000 12.804300 99.576653 186.577687 256.000000 251.176815 88.109875 36.412302 0.000000 52.877971 89.813898 26.285031 256.000000 204.799952 138.180147 146.572015 64.000000 31.270715 134.197495 147.151211 256.000000 216.253260 35.342480 21.728395 64.000000 17.984534 42.766215 21.570473 256.000000 234.263609
33.755796 37.319493 64.000000 12.877442 34.717216 37.006160 256.000000 255.311537 50.153591 84.448087 0.000000 13.759459 46.883793 84.825035 256.000000 257.282091 42.719627 182.608671 0.000000 44.845166 46.420798 184.730540 256.000000 202.493801 56.800791 182.492545 0.000000 11.083292 57.420520 182.318491 256.000000 231.540114
13.093662 127.743164 0.000000 10.928401 16.370362 129.791913 256.000000 248.689959 92.504467 61.062667 64.000000 69.455580 93.207616 63.989582 256.000000 189.719619 10.891485 114.408235 0.000000 8.807258 4.643218 118.886333 256.000000 244.925254 80.592340 84.442149 0.000000 14.718921 77.998862 87.980136 256.000000 229.978299
154.141022 74.239222 64.000000 82.974098 163.877820 79.589105 256.000000 183.055016 107.926615 194.824993 64.000000 19.881945 110.190704 192.663433 256.000000 235.235978 2.952198 191.266567 64.000000 9.878586 9.291698 206.502578 256.000000 242.313624 36.819338 206.405027 64.000000 41.540831 32.576715 201.103616 256.000000 216.713630
15.313413 51.961855 64.000000 78.650066 18.620264 55.702796 256.000000 198.066508 188.159351 57.394378 64.000000 27.824397 182.440475 56.088122 256.000000 238.953356 158.191911 1.183898 64.000000 22.209608 159.918331 4.186024 256.000000 232.719004 108.452836 49.837415 64.000000 17.184265 109.023736 51.765467 256.000000 267.887803
11.421742 95.545187 0.000000 12.907560 6.978993 95.032204 256.000000 245.381321 83.776496 77.010225 64.000000 26.791792 82.747036 64.602956 256.000000 256.795906 78.044680 161.285582 0.000000 16.900299 69.572356 165.528936 256.000000 243.027842 104.968340 48.248435 64.000000 28.594548 98.099460 49.973287 256.000000 230.197728
25.672889 38.700316 64.000000 14.482282 30.230127 31.554785 256.000000 245.833085 139.068671 170.719782 64.000000 14.611358 147.766949 167.312345 256.000000 253.547504 27.809251 37.434085 0.000000 22.170886 32.371575 38.034895 256.000000 224.053729 31.110691 148.347162 0.000000 22.213911 28.545585 146.514947 256.000000 216.137092
99.852451 83.127598 0.000000 14.292971 118.388578 63.542069 256.000000 250.342126 24.682531 141.253156 64.000000 42.100158 26.303105 137.965091 256.000000 209.136892 160.296611 75.350218 0.000000 14.052030 159.650173 75.749093 256.000000 243.724850 29.262478 204.425760 0.000000 17.631727 32.984402 205.756916 256.000000 253.883100
30.162336 15.381273 64.000000 62.618876 31.658516 16.504993 256.000000 211.322572 29.616918 21.785802 64.000000 24.773910 25.552400 22.861838 256.000000 243.612985 36.676265 179.422151 64.000000 29.519590 44.708624 174.545935 256.000000 254.395100 160.059382 14.989656 0.000000 9.164368 159.984398 13.662815 256.000000 246.177287
66.095044 137.107722 0.000000 20.114281 71.653827 134.339315 256.000000 238.669389 62.113027 119.317091 0.000000 13.570148 68.498178 117.974380 256.000000 252.631067 104.449642 160.840587 64.000000 11.935190 106.281931 159.681196 320.000000 246.818362 17.267704 103.464891 0.000000 34.996698 32.604165 90.571778 256.000000 220.943007
81.645942 35.124031 64.000000 11.819022 87.654585 37.427033 256.000000 239.805255 20.948491 153.372344 0.000000 21.779356 26.143158 150.250769 256.000000 226.286737 62.775556 61.175355 0.000000 14.056333 84.230760 59.227985 256.000000 237.740045 15.328124 91.622364 0.000000 11.780300 18.447360 91.602898 256.000000 241.311137
84.373558 175.106660 0.000000 32.006446 82.464393 173.531896 256.000000 232.353290 15.785791 225.167324 64.000000 29.325976 15.739805 223.739704 256.000000 230.800080 16.678658 44.736020 0.000000 16.513072 15.393980 48.678627 256.000000 223.941863 32.139251 144.616222 0.000000 19.877642 39.568909 145.952455 256.000000 253.775537
49.139158 156.175842 0.000000 25.797910 53.660927 151.327691 256.000000 237.834701 134.451662 190.570024 0.000000 28.788161 134.307729 186.378338 256.000000 230.847408 59.264524 137.895904 64.000000 8.605040 59.049818 137.394698 320.000000 259.390326 78.419305 105.344575 0.000000 30.405909 77.906555 103.693584 256.000000 231.307778
119.058278 32.172189 0.000000 23.668163 117.019845 34.182271 256.000000 229.530837 27.247493 124.377405 64.000000 13.798182 35.322589 133.638278 256.000000 225.615544 64.286815 50.635289 64.000000 16.052702 62.493636 52.732860 256.000000 243.436582 13.524527 207.070151 0.000000 19.993810 13.422815 206.461456 256.000000 240.545288
97.214907 118.392118 0.000000 28.108363 98.051027 114.005069 256.000000 212.247614 143.202071 16.856749 0.000000 28.990380 139.576935 15.368255 256.000000 222.083175 70.351082 23.945053 64.000000 60.329935 66.278331 28.147976 256.000000 208.254876 145.046724 65.422791 0.000000 17.287525 144.160035 67.327484 256.000000 227.177359
