110.648220 15.079884 64.000000 20.178819 108.106245 14.347255 256.000000 228.339039 149.632862 2.573600 64.000000 10.227090 168.498476 11.383124 256.000000 242.472817 13.024358 80.982916 64.000000 24.498549 12.151293 77.039136 256.000000 222.053057 10.276265 48.949949 0.000000 24.649137 8.105729 56.923951 256.000000 242.989120
52.253673 218.870271 0.000000 36.240126 39.232549 210.818764 256.000000 226.837459 174.820789 25.125349 64.000000 26.099086 172.631455 24.796078 256.000000 208.001027 50.924882 101.907676 64.000000 42.749839 55.708311 110.575976 256.000000 207.415884 21.004871 196.292951 64.000000 20.656399 18.750184 195.534818 256.000000 232.650164
101.452973 44.527807 64.000000 28.882817 96.066711 55.293458 256.000000 216.472689 27.782458 117.830753 0.000000 25.677439 31.767049 114.080293 256.000000 236.070667 72.270253 191.500533 64.000000 15.080333 71.314385 190.828155 256.000000 232.172584 51.077496 152.710075 0.000000 9.091225 59.288522 156.780133 256.000000 246.125657
104.989685 57.777318 0.000000 23.052902 109.966716 71.230445 256.000000 238.213322 5.524511 18.213415 64.000000 10.011964 7.779247 12.352327 256.000000 268.989248 24.392829 105.426544 64.000000 9.091225 19.277140 109.523236 256.000000 245.097354 50.790584 35.975444 0.000000 71.723008 38.066687 30.414613 256.000000 183.889705
60.736013 29.296227 0.000000 9.482754 64.182224 23.320040 256.000000 258.250158 72.458542 81.759647 0.000000 12.645106 69.238944 81.793969 256.000000 228.816619 131.511256 95.366715 64.000000 46.574779 135.294275 94.324384 256.000000 218.004386 102.486791 54.476955 0.000000 11.935190 102.379473 50.500020 256.000000 237.907843
129.252107 124.296596 64.000000 38.976529 112.604829 129.469191 256.000000 221.695948 28.424735 113.891418 0.000000 18.156634 24.725631 112.322067 256.000000 248.139236 14.217020 142.817329 0.000000 11.694249 19.934987 148.222665 256.000000 233.682769 18.536084 145.631444 0.000000 24.386683 21.125956 148.255602 256.000000 238.217625
84.653578 218.273285 0.000000 22.489272 86.015591 217.375867 256.000000 219.686671 75.578382 88.042127 64.000000 25.191255 72.764747 92.560487 256.000000 249.227774 95.044875 213.140416 64.000000 13.015123 87.753533 222.686820 256.000000 250.182933 22.700373 50.045440 0.000000 10.399191 20.100607 53.185304 256.000000 219.604923
84.101858 151.321804 0.000000 12.477308 84.344827 150.229436 256.000000 241.543473 46.631578 21.601269 64.000000 31.761203 45.127693 31.239198 256.000000 226.609426 65.419469 153.279822 64.000000 21.822381 68.252616 152.761847 256.000000 219.940520 16.407253 92.508484 64.000000 10.696065 17.107229 99.356711 256.000000 243.483909
121.052676 94.079282 0.000000 10.631527 125.678235 100.523535 256.000000 244.611170 57.835878 184.764602 64.000000 8.665275 55.818347 187.807615 256.000000 245.037119 63.651904 31.388651 64.000000 26.198044 64.316944 33.089840 256.000000 228.377762 93.061676 42.108484 64.000000 15.803156 123.553629 31.814822 256.000000 228.506837
118.695635 114.105515 64.000000 29.128060 116.722551 111.776100 256.000000 229.414669 64.002536 193.795205 64.000000 23.706885 57.397611 194.005345 256.000000 231.613257 106.227833 199.847202 0.000000 9.594620 111.299551 200.618505 256.000000 240.321557 63.031642 191.715509 64.000000 25.819423 46.462198 196.692745 256.000000 224.574334
147.246287 126.182320 64.000000 10.029174 147.451842 126.555060 256.000000 239.263137 15.443827 173.900460 0.000000 11.965308 12.701275 174.388029 256.000000 235.627508 89.312647 44.078720 64.000000 76.133091 87.619060 43.496507 256.000000 186.621805 100.328793 66.761618 64.000000 16.878786 106.856829 58.299467 256.000000 263.731568
61.638742 65.037853 64.000000 10.717577 60.493549 67.282913 256.000000 245.949253 31.112453 25.280509 64.000000 13.139896 30.316035 26.897095 256.000000 246.362295 91.212784 12.167238 0.000000 8.906216 97.531929 10.358689 256.000000 252.626764 132.946947 144.205098 0.000000 20.312197 130.994229 144.956507 256.000000 240.226902
21.104158 47.340460 64.000000 25.032061 75.702991 62.634087 256.000000 232.921223 42.796324 158.781738 0.000000 17.515559 44.187855 158.107242 256.000000 254.068109 167.235191 135.983467 64.000000 16.689475 165.646640 135.794740 256.000000 235.038063 64.906593 33.819460 0.000000 18.246987 59.952438 33.324735 256.000000 251.017622
164.055222 41.706422 64.000000 11.449006 164.696631 42.703036 256.000000 246.637656 1.084342 89.236000 0.000000 27.613573 21.978064 82.761682 256.000000 217.952756 101.137956 31.597565 64.000000 17.390786 100.454415 32.649235 256.000000 242.778296 27.857740 83.771762 64.000000 82.165224 33.385389 87.815365 256.000000 194.671820
101.574380 144.647124 64.000000 31.098615 98.481935 142.391138 256.000000 236.436382 9.396180 188.165758 0.000000 11.156434 14.872656 194.839600 256.000000 230.249358 196.550525 79.651982 0.000000 14.391929 197.291256 75.224929 256.000000 219.553293 103.450771 205.792969 0.000000 9.233208 103.033980 207.822158 256.000000 235.334936
30.803400 141.084089 64.000000 24.313541 40.990182 140.551540 256.000000 235.360752 31.466451 111.848115 64.000000 14.047728 33.644885 110.475518 256.000000 246.323573 148.576569 79.538273 64.000000 16.001072 145.584018 82.853556 256.000000 230.103072 28.491825 29.640015 0.000000 42.676696 24.693718 41.806180 256.000000 220.899982
94.309195 185.275762 64.000000 15.385812 94.662751 185.015647 256.000000 252.691302 148.548847 96.899904 64.000000 16.895996 150.210502 95.991184 256.000000 232.125257 36.183893 111.894235 64.000000 25.367658 31.793655 109.080153 256.000000 226.867577 160.843309 36.555700 0.000000 18.358853 159.768865 34.572924 256.000000 247.730497
165.172747 84.081820 64.000000 44.470847 154.515055 75.733013 256.000000 201.603180 151.802473 88.875567 64.000000 28.422447 150.382198 86.795460 256.000000 213.052185 21.185689 133.830636 64.000000 30.827556 29.023255 125.734742 256.000000 217.883915 144.845696 61.023578 0.000000 45.120527 143.464936 55.287875 256.000000 213.598605
25.672889 38.700316 64.000000 14.482282 30.230127 31.554785 256.000000 245.833085 91.625231 59.369316 0.000000 9.710788 97.144800 63.579778 256.000000 248.083303 92.960904 110.383084 0.000000 37.449134 83.805651 108.003365 256.000000 210.655682 48.649087 129.827682 64.000000 11.457611 50.764484 128.594678 256.000000 256.894864
141.146607 192.453520 0.000000 35.190311 141.858611 186.901264 256.000000 233.411710 8.298171 92.620958 0.000000 22.145070 14.791493 91.080698 256.000000 248.328547 75.862753 79.106033 64.000000 12.025543 92.114047 40.877536 256.000000 243.453792 59.372300 111.012384 64.000000 23.401406 60.199887 105.850555 256.000000 239.646061
13.893111 20.264813 0.000000 25.354750 5.259384 26.044336 256.000000 236.298701 5.028629 103.858620 0.000000 20.475693 9.703865 102.446484 256.000000 240.519473 21.980498 26.896685 64.000000 29.463657 20.862264 37.833138 256.000000 210.707312 77.918525 134.758082 0.000000 18.780500 111.121629 132.958445 256.000000 221.278604
59.327098 68.003565 64.000000 12.189039 62.064053 63.624916 256.000000 251.129487 67.758640 82.435720 64.000000 31.090010 56.862264 72.994607 256.000000 233.437525 45.453065 152.157955 0.000000 22.717306 45.933856 151.730485 256.000000 231.238937 59.841618 20.034662 64.000000 29.343186 53.887813 20.854253 256.000000 235.167138
8.852495 220.880264 0.000000 27.140296 7.600442 216.164395 256.000000 216.455479 19.150873 147.962645 64.000000 19.572163 20.289055 148.068905 256.000000 237.817490 19.268498 76.583405 0.000000 12.309510 20.192465 72.181071 256.000000 234.934802 122.023353 179.761607 0.000000 21.099558 122.151736 177.342455 256.000000 227.607611
141.612211 79.407922 0.000000 11.565174 148.297515 88.217416 256.000000 234.001155 44.140782 44.708616 64.000000 11.216670 46.614640 40.100553 256.000000 260.500376 110.276427 103.907011 0.000000 59.228490 110.634889 107.782682 256.000000 192.434510 10.742836 27.627824 0.000000 9.284838 7.385667 28.892633 256.000000 258.680410
160.687711 48.311495 0.000000 21.693306 160.940675 45.327355 256.000000 218.559411 153.533331 17.327927 0.000000 18.255592 152.310335 15.746818 256.000000 243.251573 180.565675 49.925264 0.000000 35.599050 175.744987 52.588249 256.000000 218.103344 91.967522 107.060462 0.000000 36.575723 61.676487 89.869098 256.000000 201.409566
7.790649 12.633595 64.000000 14.865207 14.198675 9.394529 256.000000 235.756583 108.862473 157.229380 0.000000 12.954888 106.402300 159.318560 256.000000 244.348716 132.025476 43.446855 0.000000 23.014179 130.472587 43.472065 256.000000 247.175471 69.180649 34.423909 64.000000 13.217341 75.598035 36.386091 256.000000 233.097626
126.722202 34.362833 64.000000 9.000872 126.344235 32.906193 256.000000 251.989991 102.213271 18.808924 0.000000 21.099558 99.679078 17.852733 256.000000 255.350259 146.292069 150.770733 0.000000 37.139353 135.884571 152.432076 256.000000 217.053529 139.988422 153.281815 0.000000 10.786418 144.404969 151.643400 256.000000 244.817691
71.829467 61.462331 64.000000 16.904601 69.284693 56.986518 256.000000 231.157190 42.990698 68.049175 64.000000 15.958047 39.475462 70.606084 256.000000 250.286193 45.281204 180.934733 0.000000 30.453237 90.591564 179.525515 256.000000 210.767547 62.491029 229.078062 64.000000 19.129004 60.651582 229.096087 256.000000 238.105759
93.146887 127.232491 0.000000 33.056261 85.909820 126.843378 256.000000 228.515442 72.828036 86.729785 0.000000 36.993067 74.143591 95.830815 256.000000 233.880685 19.252420 134.098738 64.000000 15.545005 8.807758 139.724531 256.000000 241.534868 128.743496 130.694305 0.000000 17.554282 122.366451 137.741678 256.000000 231.845593
1.413891 173.300456 64.000000 23.108835 39.278069 187.473482 256.000000 220.254604 3.896344 97.206602 64.000000 32.178547 6.227873 81.358724 256.000000 224.027914 62.818565 67.727082 64.000000 24.257608 60.489845 57.779898 256.000000 226.032888 156.488882 52.032149 64.000000 8.884704 157.298800 52.601982 256.000000 245.226430
135.696373 116.789975 0.000000 27.419960 128.959089 123.292525 256.000000 205.780927 168.265993 66.234905 0.000000 15.342786 168.765796 69.914485 256.000000 262.367670 94.548553 102.447311 0.000000 9.413914 98.741955 98.423227 256.000000 251.275773 33.234049 110.014884 64.000000 17.872668 33.733976 105.940980 256.000000 235.649020
60.730109 78.543518 0.000000 11.143527 63.801280 77.804675 256.000000 231.716517 164.988636 74.973093 0.000000 20.570348 165.097602 77.915595 256.000000 240.480750 54.609775 137.292407 64.000000 8.936334 49.852000 143.404751 256.000000 246.512883 39.859284 42.727444 64.000000 19.765777 54.200749 48.898438 256.000000 214.330034
