36.333775 108.164769 0.000000 13.015123 41.984209 110.498958 256.000000 221.708856 39.568313 77.333111 0.000000 11.070384 39.902313 74.306769 256.000000 250.957387 99.247616 86.645089 0.000000 36.390714 83.799253 91.418087 256.000000 210.866505 76.906100 223.473953 0.000000 17.033677 81.351725 223.329244 256.000000 240.162364
73.409611 37.843327 64.000000 9.448334 73.742413 31.072615 256.000000 240.041893 141.146607 192.453520 0.000000 35.190311 141.858611 186.901264 256.000000 233.411710 5.021276 203.031544 0.000000 29.321674 16.870344 197.765195 256.000000 244.503607 74.796209 19.592949 0.000000 18.061979 73.733905 26.293395 256.000000 235.438197
80.353758 53.508256 0.000000 17.326248 78.369678 45.292502 256.000000 234.440012 5.546067 68.419742 0.000000 17.476836 5.041155 76.078853 256.000000 229.720148 12.484849 59.108718 64.000000 20.918852 15.814996 57.915140 256.000000 239.284650 156.604135 42.756353 64.000000 12.602081 157.266504 42.951296 256.000000 243.647405
74.443505 151.239495 0.000000 28.327792 85.114005 129.550442 256.000000 242.735271 42.053733 42.138829 64.000000 27.910447 49.382280 46.503724 256.000000 225.301460 138.750482 121.662789 64.000000 8.828771 210.475856 116.605287 256.000000 249.232076 40.996749 33.131669 0.000000 36.635958 19.828495 57.781724 256.000000 217.685999
57.001665 80.077602 64.000000 39.385268 43.034880 82.926980 256.000000 208.895951 40.889696 50.948538 0.000000 11.388770 43.166911 53.849415 256.000000 245.183405 100.621965 80.913535 0.000000 45.998241 103.110373 80.420998 256.000000 207.544960 69.241518 79.585076 0.000000 17.997441 72.583980 90.443456 256.000000 229.040350
93.684138 38.207685 64.000000 15.385812 99.126371 42.825204 256.000000 252.235235 180.904105 87.902444 64.000000 37.406109 177.070344 86.695196 256.000000 218.593831 4.966942 141.416887 0.000000 14.077845 1.257238 139.361949 256.000000 238.273558 180.081069 10.016422 0.000000 10.807930 180.960084 5.652020 256.000000 255.036176
110.039216 123.293453 64.000000 27.518918 108.338700 120.161318 256.000000 225.021796 27.452424 133.138002 64.000000 23.190583 31.059193 129.880605 256.000000 224.036519 118.423085 100.320709 0.000000 15.372904 123.858064 95.498062 256.000000 226.144754 140.305331 57.665624 0.000000 17.975929 141.904100 62.363633 256.000000 250.836916
53.801198 162.290158 0.000000 27.364027 49.744245 153.071369 256.000000 207.144825 173.826325 86.343700 64.000000 40.293100 164.016867 75.063773 256.000000 206.641431 15.313413 51.961855 64.000000 78.650066 18.620264 55.702796 256.000000 198.066508 128.743496 130.694305 0.000000 17.554282 122.366451 137.741678 256.000000 231.845593
129.700002 87.811096 0.000000 17.993139 128.066664 88.977318 256.000000 227.771106 82.192055 221.843425 64.000000 15.609543 84.863675 220.734840 256.000000 238.587642 119.058278 32.172189 0.000000 23.668163 117.019845 34.182271 256.000000 229.530837 161.316227 38.948985 64.000000 34.523420 161.523695 43.058760 256.000000 217.810772
67.523829 61.390669 0.000000 9.512872 66.101738 61.937565 256.000000 243.587170 60.706916 138.540953 64.000000 11.922283 60.495215 137.696773 256.000000 238.221927 74.030536 197.001118 0.000000 30.526379 69.192676 199.010471 256.000000 238.286465 14.998062 35.212365 0.000000 20.432667 22.140667 36.819595 256.000000 226.880485
104.584565 154.030913 64.000000 24.838448 99.435751 157.263889 256.000000 236.006130 157.981211 93.558135 64.000000 37.147958 142.118635 87.302365 256.000000 206.159548 50.674956 121.829155 64.000000 24.253305 49.497775 118.063909 256.000000 218.210907 30.778744 83.552795 0.000000 13.415257 34.380373 80.334900 256.000000 250.105488
15.319420 101.852258 64.000000 42.926242 31.404909 73.934305 256.000000 217.204117 142.760336 74.112133 64.000000 34.665404 80.735189 211.378449 256.000000 251.241353 186.494567 66.827056 64.000000 13.987493 187.780115 63.350522 256.000000 246.233220 88.481100 11.678998 64.000000 10.653040 90.163145 12.399587 256.000000 234.095811
20.624644 194.460856 0.000000 17.132635 24.391878 196.706742 256.000000 244.641287 176.384225 55.683924 0.000000 13.656198 179.662362 48.764924 256.000000 238.174600 42.335064 13.234591 0.000000 71.727311 42.084591 9.950822 256.000000 192.778711 154.284380 91.101927 64.000000 9.035292 154.077087 92.738536 256.000000 248.414597
122.023353 179.761607 0.000000 21.099558 122.151736 177.342455 256.000000 227.607611 1.227775 55.553544 64.000000 21.594348 0.440296 61.168384 256.000000 247.924110 172.779940 31.047020 0.000000 38.847453 149.731725 12.036831 256.000000 225.262737 76.791427 74.122149 0.000000 37.074815 74.646985 80.433176 256.000000 233.760214
3.339758 91.587507 0.000000 30.362884 6.940165 88.311733 256.000000 244.908043 92.098718 7.506725 64.000000 9.439729 90.167178 5.304175 256.000000 238.884515 111.300944 53.693395 64.000000 12.692434 114.141347 59.735355 256.000000 240.304347 159.272715 149.674216 0.000000 40.034949 136.460920 146.499356 256.000000 211.559211
5.676447 16.418711 0.000000 20.944667 16.208029 15.957409 256.000000 230.757055 0.126284 78.851011 0.000000 17.653240 5.340129 78.475291 256.000000 252.820378 110.149944 84.583931 0.000000 16.254921 116.037622 75.123989 256.000000 254.571503 187.323293 46.449589 0.000000 20.862919 187.892516 49.807495 256.000000 227.801224
34.638475 92.951553 64.000000 16.285038 38.269567 95.297475 256.000000 250.273286 64.947909 193.769133 64.000000 9.185880 64.647456 193.718556 320.000000 254.102529 2.442458 46.940722 64.000000 11.100502 2.412425 48.579965 256.000000 243.625892 106.772913 145.713851 64.000000 18.290013 104.826844 145.252331 256.000000 237.172112
26.652920 118.370676 64.000000 9.775325 22.983507 116.779675 256.000000 233.884987 23.808085 126.217093 0.000000 9.839863 26.788376 127.805269 256.000000 230.344013 78.580771 29.415876 0.000000 30.414514 41.367289 62.637673 256.000000 231.161492 168.240135 11.302418 0.000000 41.906545 157.115229 6.542258 256.000000 206.370372
42.548493 75.733609 0.000000 9.650552 46.900813 48.657265 256.000000 240.011776 49.417665 14.894240 64.000000 13.079661 46.301440 8.690918 256.000000 234.233491 35.778347 169.806564 0.000000 24.851356 43.863322 170.468775 256.000000 226.833157 39.366278 134.066078 0.000000 37.913806 52.126691 122.604282 256.000000 214.700051
33.015522 41.874109 64.000000 21.035020 32.117800 44.377793 256.000000 245.652379 135.740096 67.877742 0.000000 19.963693 132.309369 68.482191 256.000000 235.145626 55.942131 43.230262 64.000000 29.244228 61.755340 54.428833 256.000000 18.117912 157.199038 90.543456 0.000000 9.396704 159.097991 95.104860 256.000000 244.150800
97.939984 163.197009 64.000000 9.947426 100.180824 162.525302 256.000000 228.106703 114.910576 61.105809 0.000000 30.608127 111.520813 63.836645 256.000000 216.365126 8.320491 47.894367 64.000000 12.666619 4.747907 49.654144 256.000000 254.696276 114.072673 36.623033 0.000000 36.025000 99.112085 39.936271 256.000000 232.632954
89.105031 155.075776 0.000000 17.459626 84.315796 157.322756 256.000000 225.331577 45.174371 94.850118 0.000000 41.213839 58.268271 91.865520 256.000000 205.793834 29.694536 47.710027 64.000000 25.182650 17.141520 41.389595 256.000000 259.609754 173.369822 30.360882 0.000000 20.230449 174.107036 30.669311 256.000000 201.663415
85.808625 134.040855 0.000000 9.000872 86.307085 133.054605 256.000000 259.880813 42.733471 98.508684 64.000000 20.436970 43.264304 93.270805 256.000000 242.270599 13.622524 208.336789 0.000000 44.466544 39.434007 191.496649 256.000000 224.204317 9.379298 173.432851 0.000000 13.527123 12.155849 177.451769 256.000000 257.023940
10.276265 48.949949 0.000000 24.649137 8.105729 56.923951 256.000000 242.989120 123.088153 165.292620 64.000000 16.513072 121.605984 165.592045 256.000000 232.228517 117.644735 80.892209 0.000000 48.824997 107.854322 60.464051 256.000000 208.108590 57.986169 70.435680 0.000000 20.583256 68.104260 59.362458 256.000000 239.013591
147.246287 126.182320 64.000000 10.029174 147.451842 126.555060 256.000000 239.263137 45.458933 138.201802 64.000000 60.080389 45.562527 137.298789 256.000000 200.247886 18.397005 116.335545 0.000000 40.387755 15.984515 116.203725 256.000000 215.216353 113.475704 67.711318 0.000000 38.017067 107.703027 58.502596 256.000000 215.220655
81.747576 123.584000 64.000000 17.098214 75.401644 133.158278 256.000000 226.880485 34.931145 9.648905 64.000000 31.085707 38.173145 16.221518 256.000000 247.407808 147.366365 28.307665 64.000000 9.323561 134.817844 23.390409 256.000000 241.440212 58.444822 107.412560 0.000000 27.290884 72.155915 92.379602 256.000000 231.583139
70.511225 63.814355 0.000000 24.481339 67.401758 68.055002 256.000000 231.105559 70.059447 40.627078 0.000000 10.416401 67.387935 37.223835 256.000000 243.471002 146.292069 150.770733 0.000000 37.139353 135.884571 152.432076 256.000000 217.053529 25.922793 23.339127 64.000000 22.295659 0.955447 22.627789 256.000000 223.649292
84.981818 25.383867 64.000000 41.489200 93.577064 51.111898 256.000000 222.324116 156.488882 52.032149 64.000000 8.884704 157.298800 52.601982 256.000000 245.226430 98.865836 79.969220 0.000000 20.419760 102.049502 72.049715 256.000000 222.384351 131.540971 86.441609 0.000000 44.178275 109.987515 85.328582 256.000000 214.145025
160.157011 5.276680 64.000000 20.970482 159.556962 3.579529 256.000000 238.923238 60.770935 166.243429 0.000000 15.523492 51.212524 175.573658 256.000000 259.484981 53.661955 28.600135 0.000000 15.110450 62.388900 31.115484 256.000000 254.851167 67.383767 73.368402 0.000000 19.593676 67.861735 78.403900 256.000000 243.337624
148.006478 0.278442 0.000000 54.482811 143.214396 9.506500 256.000000 203.289767 148.548847 96.899904 64.000000 16.895996 150.210502 95.991184 256.000000 232.125257 81.544158 118.756469 0.000000 12.429980 94.701584 138.016618 256.000000 235.042365 149.345276 98.645715 0.000000 23.323961 149.706871 94.562565 256.000000 247.726194
21.021851 196.182185 0.000000 55.549836 28.367453 161.529993 256.000000 191.625636 30.423956 11.874464 0.000000 22.876499 30.590880 15.805967 256.000000 260.655267 72.869818 92.369965 0.000000 17.846853 72.768142 83.334385 256.000000 238.062734 177.650442 4.594627 0.000000 35.078446 174.132042 4.972740 256.000000 228.063678
23.352513 102.057207 64.000000 17.941508 26.549416 100.385138 256.000000 242.838531 115.195935 46.579553 0.000000 20.368130 115.966793 58.107180 256.000000 229.582467 7.938798 104.321625 0.000000 22.622650 13.311209 97.605391 256.000000 218.150672 18.536084 145.631444 0.000000 24.386683 21.125956 148.255602 256.000000 238.217625
