127.029964 41.753204 0.000000 23.379894 118.135356 34.721144 256.000000 217.746235 50.040536 152.985855 0.000000 11.307023 58.641909 209.272485 256.000000 251.757655 152.579013 60.908165 64.000000 35.164496 146.175858 63.428571 256.000000 220.474032 11.105455 222.572656 0.000000 16.805643 12.502147 222.603687 256.000000 247.141051
24.282778 121.690191 0.000000 28.379422 19.602264 117.243742 256.000000 218.507781 14.290525 96.595356 64.000000 14.301576 5.753976 98.987444 256.000000 242.812716 152.263036 119.037633 0.000000 11.698552 158.868607 134.156949 256.000000 241.242296 128.638389 69.605995 64.000000 80.607712 136.709815 77.394011 256.000000 173.830413
61.972640 51.469189 0.000000 32.225875 63.134298 68.245576 256.000000 228.838131 34.344556 177.771985 64.000000 42.216326 28.940898 177.457331 256.000000 214.588185 168.265993 66.234905 0.000000 15.342786 168.765796 69.914485 256.000000 262.367670 151.705800 11.905265 0.000000 23.194885 150.335380 15.406575 256.000000 245.222127
156.884247 27.547645 0.000000 13.965980 158.255411 18.071980 256.000000 241.861859 68.808522 99.461944 64.000000 21.207121 101.942725 212.950325 256.000000 237.481894 28.130504 153.594549 0.000000 19.765777 25.213433 152.043469 256.000000 228.562770 106.875553 18.551487 0.000000 22.502180 108.435431 23.815624 256.000000 221.080688
140.836731 74.120040 64.000000 32.677639 138.662240 74.737816 256.000000 219.075713 170.316742 44.902938 0.000000 33.895253 166.304284 56.071504 256.000000 231.690702 9.547089 137.484202 0.000000 12.223459 10.597198 137.359013 256.000000 251.456479 6.841082 177.779858 0.000000 17.799525 14.722051 187.105925 256.000000 243.488212
21.279987 50.342884 64.000000 10.007662 17.944264 50.554445 256.000000 252.045924 110.987427 86.211798 0.000000 27.979288 107.569058 73.634915 256.000000 231.953156 34.341385 79.661265 0.000000 12.976400 37.365235 83.138824 256.000000 245.983673 85.808625 134.040855 0.000000 9.000872 86.307085 133.054605 256.000000 259.880813
68.051858 78.787509 0.000000 10.442216 70.307469 82.726427 256.000000 262.965720 173.369822 30.360882 0.000000 20.230449 174.107036 30.669311 256.000000 201.663415 106.293267 73.439235 64.000000 16.969139 104.143700 71.778035 256.000000 235.941592 59.264524 137.895904 64.000000 8.605040 59.049818 137.394698 320.000000 259.390326
86.054456 21.124729 64.000000 39.690747 54.594147 39.677087 256.000000 218.361495 78.666462 203.862282 0.000000 18.294315 73.664729 207.155945 256.000000 217.664487 79.870527 175.644660 64.000000 33.043354 88.389307 173.444984 256.000000 226.316855 0.921738 79.650640 64.000000 9.276233 0.921295 77.923387 256.000000 245.260850
13.324131 58.957018 64.000000 32.888463 3.053933 54.555411 256.000000 225.206804 41.631918 93.208747 0.000000 29.265741 31.009296 90.580989 256.000000 225.989863 77.493964 121.814936 0.000000 12.997913 77.062753 120.699315 256.000000 246.882900 29.960755 154.808945 64.000000 43.911519 30.030216 151.290580 256.000000 221.837931
62.491029 229.078062 64.000000 19.129004 60.651582 229.096087 256.000000 238.105759 69.447351 89.849331 64.000000 16.766920 67.641724 91.082913 256.000000 246.693589 56.149380 29.693233 64.000000 57.167583 53.212555 49.145013 256.000000 196.857500 60.049407 67.957269 64.000000 19.739962 61.863324 76.049518 256.000000 222.917864
37.694705 131.867860 64.000000 37.651353 42.489371 128.005567 256.000000 211.434438 45.946125 33.033680 0.000000 27.635086 39.998651 32.524633 256.000000 229.341526 73.651193 77.663751 64.000000 11.965308 72.752651 74.122364 256.000000 251.052042 63.034380 44.855225 0.000000 40.379150 63.511016 45.605549 256.000000 214.678538
150.953773 78.095478 64.000000 24.421104 150.340029 79.422125 256.000000 250.561555 65.280440 73.275129 0.000000 16.117240 54.983560 67.066862 256.000000 231.286265 1.033642 157.646918 0.000000 28.917237 7.657093 156.184027 256.000000 221.536755 77.850887 108.959182 64.000000 24.115625 75.704853 106.097731 256.000000 244.090565
57.964849 104.716009 0.000000 26.839120 42.853911 147.904305 256.000000 215.349731 28.491825 29.640015 0.000000 42.676696 24.693718 41.806180 256.000000 220.899982 7.629267 101.391305 0.000000 21.486785 9.283584 97.280656 256.000000 238.669389 93.490675 78.416520 0.000000 14.456467 104.487905 67.863205 256.000000 253.590529
25.400269 132.593807 64.000000 13.092568 24.035295 130.919633 256.000000 255.539570 46.894709 99.521938 0.000000 10.205577 44.141733 101.486815 256.000000 253.607739 115.685365 86.907631 0.000000 17.532769 114.181987 85.446993 256.000000 226.824552 76.739367 192.612287 0.000000 29.054918 74.088898 196.664945 256.000000 231.359408
90.906040 34.121867 64.000000 46.213367 88.631035 36.648584 256.000000 201.474104 141.420489 23.251624 64.000000 9.646250 142.977849 24.372416 256.000000 266.941248 14.045885 184.637504 64.000000 39.183050 12.424127 178.620307 256.000000 222.238066 114.024345 37.282996 64.000000 15.067425 113.117727 36.661784 256.000000 239.194297
44.464851 172.984720 0.000000 30.414514 48.782596 175.995935 256.000000 261.507166 57.596967 26.205858 64.000000 10.493846 55.812840 22.991004 256.000000 248.956715 99.964427 65.037027 64.000000 8.794351 102.680489 66.606560 256.000000 256.864747 73.115662 177.791065 64.000000 35.478580 113.752104 141.925847 256.000000 213.516858
41.971773 31.529531 0.000000 10.523964 51.826876 20.715309 256.000000 225.030401 119.400125 137.492704 64.000000 11.698552 120.175245 137.461687 256.000000 260.590729 153.462440 31.788015 64.000000 18.789105 152.840687 31.011302 256.000000 228.209963 79.494387 115.163153 64.000000 18.789105 75.601215 116.406633 256.000000 220.706368
63.649609 45.218336 0.000000 23.427221 61.558869 44.521273 256.000000 241.840347 170.450138 52.688422 0.000000 13.574451 170.942491 52.354720 256.000000 247.261522 11.388811 32.335258 0.000000 17.846853 19.680096 25.890320 256.000000 221.773393 137.216629 17.402938 64.000000 18.634214 135.695451 15.337847 256.000000 233.897895
19.641027 59.730298 0.000000 10.984334 22.349185 60.807027 256.000000 242.588985 187.493262 113.331791 64.000000 13.230249 189.867745 111.154818 256.000000 230.860316 197.757524 60.892205 0.000000 42.065738 194.354502 59.938664 256.000000 206.869464 165.641675 15.897291 64.000000 10.412098 166.636422 10.206518 256.000000 224.613057
117.771189 84.190098 0.000000 17.214383 122.831749 87.467305 256.000000 235.932987 104.160093 115.248535 64.000000 35.121471 122.232162 106.482204 256.000000 227.482837 182.368996 133.143409 64.000000 17.593004 181.107029 138.294527 256.000000 243.363439 29.860005 138.089495 0.000000 16.775525 20.709164 146.977416 256.000000 247.924110
83.720505 137.598227 0.000000 32.230177 72.188998 146.475255 256.000000 223.778368 185.639733 90.588958 0.000000 34.596563 166.404760 81.104022 256.000000 230.705425 92.174264 98.764740 0.000000 29.971354 92.206942 133.457560 256.000000 221.850839 72.956655 12.436527 64.000000 23.900499 66.317969 16.953136 256.000000 241.573590
100.328793 66.761618 64.000000 16.878786 106.856829 58.299467 256.000000 263.731568 130.875251 17.905333 64.000000 22.596835 130.069482 18.780515 256.000000 229.862131 40.996749 33.131669 0.000000 36.635958 19.828495 57.781724 256.000000 217.685999 133.091482 21.088344 64.000000 9.327863 146.022616 22.219964 256.000000 249.305219
130.329238 148.849509 0.000000 15.261038 130.940582 141.934791 256.000000 232.314567 18.837535 24.747693 64.000000 10.214182 14.520191 22.318515 256.000000 241.268112 37.005765 21.943620 64.000000 13.230249 36.310262 23.348309 256.000000 237.770163 173.199235 127.235856 64.000000 29.889606 165.315213 132.759365 256.000000 229.199543
25.672889 38.700316 64.000000 14.482282 30.230127 31.554785 256.000000 245.833085 36.747171 90.241693 64.000000 18.987021 39.445645 88.666615 256.000000 257.475704 30.803400 141.084089 64.000000 24.313541 40.990182 140.551540 256.000000 235.360752 126.722202 34.362833 64.000000 9.000872 126.344235 32.906193 256.000000 251.989991
104.547949 218.759707 64.000000 18.500836 109.318347 217.412349 256.000000 238.781255 31.521409 76.369736 64.000000 15.992467 33.104307 80.159671 256.000000 253.741117 61.327762 97.307067 64.000000 9.577410 62.191680 95.845491 256.000000 239.736414 40.268573 12.557689 0.000000 21.047928 35.430795 17.604707 256.000000 232.736214
137.268584 15.051349 64.000000 21.099558 134.575720 14.226598 256.000000 235.760886 46.312676 99.113305 0.000000 10.356166 49.729480 98.056218 256.000000 253.766932 147.221033 52.833153 64.000000 10.747695 153.982162 39.153536 256.000000 229.535139 25.086847 44.216236 0.000000 22.127860 22.591904 45.058098 256.000000 241.775809
13.461918 213.016715 0.000000 15.816064 7.276304 213.228458 256.000000 241.259506 166.705898 36.838571 64.000000 36.915622 166.252258 34.583029 256.000000 225.322972 21.484733 35.989364 64.000000 30.853371 26.704800 35.424836 256.000000 217.664487 51.077496 152.710075 0.000000 9.091225 59.288522 156.780133 256.000000 246.125657
187.348636 27.720556 64.000000 10.717577 188.270122 25.712145 256.000000 235.369357 22.338982 52.499553 0.000000 16.736803 30.623811 55.126027 256.000000 224.501191 100.520978 195.631129 64.000000 16.323761 98.756440 196.658058 256.000000 244.658497 8.502069 90.911564 0.000000 15.230921 10.781718 92.459229 256.000000 259.609754
7.181407 91.196636 64.000000 72.157563 5.112496 89.648982 256.000000 178.120025 58.330185 140.143935 0.000000 50.786946 59.965555 138.827118 256.000000 208.766875 13.651300 4.527822 64.000000 9.792536 14.959084 3.914278 256.000000 250.961689 172.135624 27.147853 0.000000 11.212367 172.859731 21.144073 256.000000 235.575878
23.367335 23.716629 64.000000 48.777669 36.381840 43.230727 256.000000 217.389126 72.654287 146.215085 0.000000 22.386012 56.808718 154.967075 256.000000 229.397459 59.823938 43.006298 0.000000 23.788633 66.575558 77.741669 256.000000 231.841290 111.434924 88.846395 64.000000 26.090481 108.329645 88.081482 256.000000 230.985089
71.916251 75.374965 64.000000 25.049271 66.209195 78.252682 256.000000 232.254332 38.052011 117.575047 64.000000 9.388099 37.053775 120.109520 256.000000 260.995166 146.621844 103.780524 0.000000 38.240798 149.053042 103.225982 256.000000 207.428792 78.430249 16.906520 64.000000 22.790448 77.421595 19.867620 256.000000 256.933587
85.351931 103.371545 64.000000 32.178547 82.915269 98.333304 256.000000 227.194569 141.277691 73.545915 0.000000 17.020769 143.946927 69.409100 256.000000 229.337224 27.188191 22.442229 64.000000 23.263726 63.717607 37.750664 256.000000 237.968079 82.350756 61.347507 64.000000 14.387627 88.450467 51.017342 256.000000 241.939305
