3.284702 105.068487 64.000000 13.548635 4.367922 103.477844 256.000000 231.221727 19.256665 20.994462 64.000000 14.047728 23.530936 19.781402 320.000000 243.367741 24.094909 156.069013 0.000000 18.595491 13.543698 147.584393 256.000000 234.637928 99.186547 201.844549 0.000000 24.352263 99.869831 199.700635 256.000000 243.234363
37.620591 145.142318 64.000000 9.852771 39.259738 151.701467 256.000000 244.284178 83.080105 52.841676 64.000000 10.588502 85.822713 56.711007 256.000000 254.524176 150.369575 122.179767 64.000000 10.377678 152.552218 121.064765 256.000000 249.658026 167.626524 73.014195 0.000000 33.357438 164.684542 67.915265 256.000000 226.377090
114.004929 196.884325 0.000000 16.762618 114.747185 195.806584 256.000000 237.400146 73.115662 177.791065 64.000000 35.478580 113.752104 141.925847 256.000000 213.516858 30.363607 19.849955 0.000000 12.339627 31.059984 21.458738 256.000000 236.371844 12.881842 105.930407 64.000000 11.608199 8.669916 114.052153 256.000000 220.951612
36.803989 68.999505 64.000000 13.707829 32.946824 71.777545 256.000000 247.472345 34.799767 138.618947 0.000000 22.639860 52.441535 132.254211 256.000000 232.994366 86.182885 73.409018 0.000000 27.174716 82.317402 46.179342 256.000000 235.007945 104.147424 158.642073 64.000000 17.894181 105.577182 158.112356 256.000000 244.133590
111.966315 66.729235 64.000000 15.841879 112.118400 69.714047 256.000000 251.525319 72.942876 174.510153 64.000000 8.678183 72.935331 175.652227 256.000000 243.307506 124.569900 103.935353 64.000000 27.424262 123.782749 97.970835 256.000000 54.930273 179.207438 18.132211 0.000000 34.669706 163.233793 19.172838 256.000000 228.644518
14.290525 96.595356 64.000000 14.301576 5.753976 98.987444 256.000000 242.812716 71.908678 133.023389 0.000000 8.932032 70.130027 134.287373 256.000000 243.281691 93.654445 193.146858 64.000000 28.998985 95.606309 190.996396 256.000000 234.883172 67.029325 42.250669 0.000000 9.327863 65.479020 42.162305 256.000000 256.912074
42.265247 82.965505 64.000000 39.376663 56.664509 79.224098 256.000000 224.656082 65.597255 150.177065 64.000000 13.759459 89.075273 162.729645 256.000000 253.177487 109.952689 33.821436 0.000000 10.674552 108.853456 31.638195 256.000000 238.574734 104.599913 202.186678 0.000000 9.517174 102.669380 204.977955 256.000000 241.861859
139.302869 66.163355 64.000000 20.510113 138.646609 69.850055 256.000000 238.660784 10.676987 88.213555 64.000000 44.604225 17.375604 80.148707 256.000000 227.142938 49.459344 201.804356 64.000000 11.173644 45.796444 203.579418 256.000000 241.246599 15.452033 95.977913 64.000000 9.504267 14.754636 101.175480 256.000000 232.878198
46.155164 184.400431 64.000000 9.035292 48.500418 187.267662 256.000000 249.103000 136.441284 23.169393 0.000000 91.080046 130.696847 27.582215 256.000000 168.232835 22.728935 7.438796 64.000000 14.490887 17.331062 7.132329 256.000000 238.256348 92.757333 191.152113 0.000000 15.033005 95.058691 191.437778 256.000000 236.776281
147.384633 183.011729 64.000000 41.003016 101.998853 117.513596 256.000000 189.155989 56.192825 170.607891 64.000000 24.855658 55.774116 169.459795 256.000000 231.772450 24.132382 176.895027 64.000000 33.404765 21.194095 174.309673 256.000000 219.376890 54.503698 94.686460 64.000000 18.522349 61.579213 97.908649 256.000000 236.139508
162.411309 109.305433 64.000000 15.992467 162.289307 110.974229 256.000000 243.810901 65.204805 100.295509 0.000000 9.913006 64.851556 106.718382 256.000000 247.511068 89.934624 78.981365 64.000000 32.333438 66.696462 86.533065 256.000000 229.083375 0.440200 153.838464 0.000000 30.629640 3.893111 148.620925 256.000000 212.118539
73.258085 84.299040 64.000000 21.400734 72.378600 77.572285 256.000000 233.596718 47.192353 84.051324 64.000000 22.743121 42.675522 79.665087 256.000000 240.050498 156.828725 23.579238 64.000000 55.003416 155.217329 24.364844 256.000000 193.630610 13.553318 51.330640 64.000000 12.034148 10.946902 50.512678 256.000000 240.631339
52.253673 218.870271 0.000000 36.240126 39.232549 210.818764 256.000000 226.837459 26.872300 89.450760 64.000000 15.174988 29.073358 92.878696 256.000000 235.786701 75.342238 149.479293 64.000000 11.165039 76.686276 148.235775 256.000000 234.491643 70.351082 23.945053 64.000000 60.329935 66.278331 28.147976 256.000000 208.254876
22.899944 162.850936 64.000000 10.717577 22.832182 162.371427 256.000000 233.786029 140.397078 39.189145 64.000000 93.984247 139.811302 37.024555 256.000000 169.278347 106.496340 54.105207 0.000000 31.584799 103.714418 54.746687 256.000000 241.375675 114.810162 205.461840 64.000000 22.261238 114.999440 204.624811 256.000000 235.528550
120.131300 95.922253 64.000000 22.756028 119.344667 94.481144 256.000000 228.369157 83.247120 133.500016 0.000000 23.668163 80.855547 133.305169 256.000000 217.673092 82.519460 9.956218 64.000000 12.184737 80.994987 11.113695 256.000000 236.427777 99.795938 93.185245 64.000000 10.485241 97.333413 94.111665 256.000000 235.704953
173.369822 30.360882 0.000000 20.230449 174.107036 30.669311 256.000000 201.663415 11.139053 140.219680 64.000000 18.023256 14.246484 139.982996 256.000000 248.492043 94.888725 140.321900 64.000000 43.838376 88.362362 140.031658 256.000000 221.304419 58.093862 120.111551 64.000000 16.616332 57.811069 118.066047 256.000000 243.062262
63.531215 46.181540 64.000000 25.875355 51.510355 44.914173 256.000000 237.000012 19.806475 122.627095 64.000000 22.218213 27.312800 122.324742 256.000000 248.027370 32.522851 108.533384 64.000000 20.333710 34.882400 105.742916 256.000000 243.471002 17.764127 158.310864 64.000000 76.886032 22.311607 161.081811 256.000000 177.220799
147.500175 161.464844 0.000000 25.277305 147.454253 158.061136 256.000000 228.016350 156.125245 116.726785 64.000000 34.015723 153.466513 115.334644 256.000000 231.531509 116.927267 50.514565 64.000000 15.949442 116.425447 50.378444 256.000000 233.884987 58.202858 46.666562 64.000000 11.023056 56.071733 45.895847 256.000000 250.122698
55.942131 43.230262 64.000000 29.244228 61.755340 54.428833 256.000000 18.117912 115.065707 123.381444 0.000000 31.034077 113.618075 123.153858 256.000000 225.972653 131.343136 101.392327 64.000000 17.554282 130.179824 103.665585 256.000000 250.363639 3.012747 228.442109 0.000000 18.203962 1.309424 227.968338 256.000000 239.370700
176.284393 112.187231 0.000000 9.383796 177.389271 111.464811 256.000000 240.949725 36.882024 141.057731 64.000000 10.541174 32.254927 151.515064 256.000000 249.326731 45.783578 62.109553 0.000000 11.801812 42.982778 64.253960 256.000000 253.809957 183.212531 99.909835 0.000000 17.438114 189.160625 89.402245 256.000000 220.491242
17.220373 120.998302 64.000000 26.210952 15.379213 121.959649 256.000000 211.744219 54.922053 118.752878 0.000000 27.084363 51.834118 111.124515 256.000000 214.338639 119.400125 137.492704 64.000000 11.698552 120.175245 137.461687 256.000000 260.590729 116.734149 86.541982 0.000000 18.888063 115.059240 90.344104 256.000000 237.697020
39.196789 49.265453 0.000000 32.617404 47.321415 69.309607 256.000000 221.084990 93.769435 43.266522 0.000000 46.028359 65.008236 48.115425 256.000000 232.955643 114.810940 161.103371 0.000000 51.070912 114.397065 164.275742 256.000000 187.452191 28.233175 185.454556 0.000000 20.703726 35.988427 184.451696 256.000000 250.518530
141.018589 73.088109 64.000000 8.850284 133.899555 72.077964 256.000000 236.939776 4.463235 19.380567 0.000000 13.613173 7.779067 14.165244 256.000000 225.073426 94.309195 185.275762 64.000000 15.385812 94.662751 185.015647 256.000000 252.691302 131.869556 115.976300 0.000000 20.445575 134.939680 112.544822 256.000000 236.815003
3.238300 36.329876 0.000000 12.421375 0.621724 38.460351 256.000000 236.367541 80.557082 100.517693 0.000000 21.874012 76.359676 99.274653 256.000000 248.573790 133.756925 68.398456 64.000000 17.339156 133.293251 69.241476 256.000000 240.799137 134.561378 92.812820 64.000000 8.613645 139.149138 97.960269 256.000000 275.778624
121.971251 188.831256 0.000000 27.372632 118.645749 190.643704 256.000000 229.388854 75.008098 139.277693 0.000000 35.822782 61.855535 131.404798 256.000000 229.156518 75.998571 58.705878 64.000000 17.674752 73.947280 56.214180 256.000000 241.749994 82.192055 221.843425 64.000000 15.609543 84.863675 220.734840 256.000000 238.587642
142.379885 118.598629 0.000000 22.028902 139.141715 119.957005 320.000000 223.206133 43.874738 162.946385 0.000000 42.891822 37.417649 128.111991 256.000000 247.110934 46.062258 11.126525 64.000000 24.494246 47.256376 13.029269 256.000000 244.430464 15.403065 129.376216 0.000000 42.564830 19.625831 131.507342 256.000000 205.406607
32.866305 33.283258 64.000000 18.909575 31.789291 34.250825 256.000000 233.187979 160.843309 36.555700 0.000000 18.358853 159.768865 34.572924 256.000000 247.730497 77.497938 88.985891 0.000000 30.715690 72.875505 99.521111 256.000000 225.099241 77.082156 138.597982 64.000000 37.582512 81.091775 127.100889 256.000000 211.137564
165.945882 78.191609 64.000000 20.811289 165.316131 79.457242 256.000000 219.604923 39.859284 42.727444 64.000000 19.765777 54.200749 48.898438 256.000000 214.330034 125.398836 164.350667 0.000000 16.693778 121.587555 167.779255 256.000000 227.745291 51.945402 152.580724 0.000000 8.854586 57.146653 154.970947 256.000000 276.738086
60.896091 222.667844 0.000000 10.859560 67.294905 225.239976 256.000000 233.394500 104.584565 154.030913 64.000000 24.838448 99.435751 157.263889 256.000000 236.006130 49.227076 7.000147 64.000000 20.097071 49.274504 7.262571 256.000000 255.599806 32.287727 37.178633 64.000000 10.618619 31.692405 30.165527 256.000000 241.823137
162.396082 157.166169 64.000000 35.186009 159.418980 153.910520 256.000000 238.755440 16.333580 59.693760 64.000000 11.066081 18.148891 62.566540 256.000000 234.405592 75.065669 73.987202 64.000000 13.148501 76.383904 71.513509 256.000000 254.618831 59.327098 68.003565 64.000000 12.189039 62.064053 63.624916 256.000000 251.129487
177.630536 35.698198 64.000000 14.998585 181.986591 40.442238 256.000000 239.942935 41.282485 96.886015 64.000000 10.855258 42.372475 95.191016 256.000000 241.379977 163.580989 120.388940 0.000000 49.539215 161.892516 121.031529 256.000000 203.427448 23.263935 83.591424 64.000000 9.013779 20.996007 81.061876 256.000000 253.814260
57.835878 184.764602 64.000000 8.665275 55.818347 187.807615 256.000000 245.037119 188.475942 75.457798 0.000000 16.676568 195.724895 67.573100 256.000000 249.021253 59.490242 153.203640 64.000000 17.803828 76.521733 156.625462 256.000000 233.867777 10.918882 72.038024 0.000000 24.928801 19.156651 43.661551 256.000000 225.340182
