59.327098 68.003565 64.000000 12.189039 62.064053 63.624916 256.000000 251.129487 61.478242 61.721951 64.000000 15.166383 58.795891 61.684858 256.000000 245.407136 94.653415 35.642247 0.000000 9.082620 123.034724 23.979405 256.000000 244.073355 46.062258 11.126525 64.000000 24.494246 47.256376 13.029269 256.000000 244.430464
31.521409 76.369736 64.000000 15.992467 33.104307 80.159671 256.000000 253.741117 87.242880 76.875638 64.000000 19.632399 89.007936 69.747860 256.000000 215.676723 77.493964 121.814936 0.000000 12.997913 77.062753 120.699315 256.000000 246.882900 31.110691 148.347162 0.000000 22.213911 28.545585 146.514947 256.000000 216.137092
127.641767 161.080665 0.000000 29.704598 127.685655 158.390493 256.000000 245.157590 154.539476 126.376269 0.000000 39.402478 149.851107 131.688956 256.000000 225.692989 45.652651 95.032395 64.000000 13.823997 46.313815 91.802269 256.000000 238.333793 167.626524 73.014195 0.000000 33.357438 164.684542 67.915265 256.000000 226.377090
53.140173 12.335458 64.000000 32.402278 52.753300 18.934149 256.000000 230.572047 129.892945 68.038500 64.000000 16.698080 128.010493 64.532669 256.000000 232.348988 75.785991 39.740342 0.000000 47.542846 71.951884 41.619989 256.000000 202.308793 127.376418 97.344549 0.000000 15.484769 127.829604 94.594200 256.000000 220.267511
79.903707 99.402847 64.000000 10.119527 77.978391 101.918524 256.000000 252.136277 115.935044 106.047860 0.000000 10.119527 114.212253 112.037613 256.000000 241.513355 4.654775 52.965800 0.000000 12.778484 6.345891 55.615051 256.000000 254.575806 3.970445 113.541895 0.000000 12.713947 3.927513 112.179229 256.000000 244.576749
100.553756 172.119669 0.000000 11.134922 141.902824 184.039627 256.000000 239.693389 9.711218 130.777976 0.000000 27.979288 7.369576 130.193920 256.000000 234.319542 41.088935 22.458271 64.000000 24.292028 38.248191 24.667556 256.000000 231.690702 140.194304 180.407896 64.000000 8.643763 140.747471 180.718395 256.000000 261.722292
107.455458 168.466191 64.000000 10.850955 107.225638 168.654633 256.000000 241.220784 69.407207 148.833780 0.000000 19.425878 60.431453 153.939020 256.000000 238.733927 100.805047 73.027649 0.000000 29.205506 85.628064 64.617882 256.000000 236.926869 124.770665 151.260411 64.000000 13.677711 126.822055 150.330655 256.000000 240.424818
108.269135 30.678375 64.000000 27.131691 115.198393 39.756293 256.000000 224.823880 115.685365 86.907631 0.000000 17.532769 114.181987 85.446993 256.000000 226.824552 47.737896 179.992589 64.000000 26.288397 52.527415 178.588125 256.000000 236.926869 160.687711 48.311495 0.000000 21.693306 160.940675 45.327355 256.000000 218.559411
88.109875 36.412302 0.000000 52.877971 89.813898 26.285031 256.000000 204.799952 34.931145 9.648905 64.000000 31.085707 38.173145 16.221518 256.000000 247.407808 124.456796 20.712153 64.000000 13.944467 126.527349 10.190551 256.000000 243.402161 130.691471 114.655087 0.000000 18.281407 130.434216 113.352582 256.000000 240.553893
72.748458 213.993187 64.000000 43.765233 68.714138 216.091451 256.000000 212.424017 23.447707 29.184693 64.000000 12.554753 23.139860 31.034224 256.000000 260.293855 45.863222 182.546398 0.000000 11.294115 60.562124 195.353315 256.000000 249.408479 187.323293 46.449589 0.000000 20.862919 187.892516 49.807495 256.000000 227.801224
23.230136 222.937356 0.000000 9.314956 26.485918 226.674858 256.000000 260.698292 137.515229 186.284080 0.000000 47.968795 127.094740 183.355207 256.000000 201.293398 161.316227 38.948985 64.000000 34.523420 161.523695 43.058760 256.000000 217.810772 150.187825 63.431075 0.000000 16.242013 149.985287 65.688002 256.000000 241.272414
45.653664 45.724671 64.000000 29.097943 48.362493 47.529960 256.000000 223.034032 117.012438 150.770460 64.000000 13.578753 118.677687 152.242700 256.000000 226.906300 32.166531 100.538376 64.000000 16.517374 25.684493 89.061575 256.000000 249.847336 102.435165 101.846835 0.000000 29.476565 106.996255 110.999675 256.000000 220.508453
24.282778 121.690191 0.000000 28.379422 19.602264 117.243742 256.000000 218.507781 29.694536 47.710027 64.000000 25.182650 17.141520 41.389595 256.000000 259.609754 96.207005 214.100720 0.000000 17.537072 95.215042 214.853131 256.000000 237.245255 17.220373 120.998302 64.000000 26.210952 15.379213 121.959649 256.000000 211.744219
65.204805 100.295509 0.000000 9.913006 64.851556 106.718382 256.000000 247.511068 104.708433 0.756931 64.000000 13.733644 104.629253 0.596242 256.000000 246.986161 150.424771 41.788862 64.000000 8.833074 150.526064 40.276320 256.000000 237.322701 51.496393 200.818249 0.000000 55.502508 54.810955 191.838584 256.000000 209.472489
0.126284 78.851011 0.000000 17.653240 5.340129 78.475291 256.000000 252.820378 28.227093 67.502085 0.000000 26.890750 35.349875 59.047953 256.000000 230.632282 1.227538 160.930384 64.000000 27.759859 3.992445 160.228025 256.000000 240.622734 134.575671 128.971527 64.000000 26.770279 193.060105 57.957691 256.000000 249.348244
104.147424 158.642073 64.000000 17.894181 105.577182 158.112356 256.000000 244.133590 77.259071 36.252785 0.000000 24.756700 79.858482 43.144155 256.000000 236.823608 104.852309 154.741280 64.000000 15.114753 116.107822 155.384298 256.000000 236.221256 164.055222 41.706422 64.000000 11.449006 164.696631 42.703036 256.000000 246.637656
53.509220 93.366769 64.000000 12.658014 52.992551 92.115531 256.000000 235.743676 84.387898 16.284607 0.000000 28.340699 91.824376 27.616747 256.000000 231.996181 105.010367 68.173749 64.000000 14.908232 121.629629 84.296958 256.000000 224.587241 30.162336 15.381273 64.000000 62.618876 31.658516 16.504993 256.000000 211.322572
139.359196 156.429058 0.000000 27.333910 142.953096 150.496762 256.000000 218.185092 50.707769 80.554858 64.000000 19.550651 45.507407 81.994980 256.000000 227.827039 131.240740 83.606082 0.000000 21.086651 129.436236 84.686356 256.000000 240.695876 27.782458 117.830753 0.000000 25.677439 31.767049 114.080293 256.000000 236.070667
138.877693 121.401920 64.000000 40.886848 130.541631 101.905971 256.000000 208.078472 4.976124 184.436691 64.000000 24.644835 27.458049 186.315555 256.000000 233.114836 60.061962 136.356849 64.000000 14.370417 49.133547 148.239076 256.000000 238.449961 49.470816 13.199765 64.000000 14.391929 42.371545 5.497920 256.000000 246.512883
178.058829 77.974862 64.000000 18.135122 168.864556 77.221022 256.000000 246.986161 73.523582 162.914169 64.000000 17.584399 57.941073 177.223365 256.000000 222.500519 94.667820 102.690209 64.000000 33.671522 95.388856 90.139018 256.000000 227.938905 39.566238 99.110196 64.000000 28.848397 50.694376 89.868204 256.000000 227.934602
98.038500 73.187562 0.000000 10.463729 97.768451 72.748764 256.000000 238.303675 14.784453 182.812158 0.000000 66.559984 19.165618 175.499438 256.000000 178.270614 100.441116 150.600907 64.000000 13.983190 99.909655 151.824033 256.000000 242.842834 26.881496 170.209958 64.000000 18.668634 27.413098 167.638395 256.000000 233.734399
79.387222 110.213298 64.000000 10.072199 89.735778 115.339491 256.000000 243.759271 93.725875 97.012562 0.000000 35.121471 49.353600 102.354915 256.000000 225.873695 29.966969 21.006307 64.000000 11.109107 29.601756 21.458960 256.000000 241.160549 80.983925 61.557275 64.000000 23.293843 75.659500 56.919067 256.000000 236.952684
21.555256 48.313929 64.000000 10.308838 15.088200 46.085904 256.000000 242.447002 44.140782 44.708616 64.000000 11.216670 46.614640 40.100553 256.000000 260.500376 58.190895 106.960424 0.000000 13.372232 65.077900 105.858507 256.000000 263.615400 105.702391 107.369560 64.000000 26.671321 105.828729 106.878744 256.000000 227.203174
123.734142 91.028853 0.000000 31.361068 117.004102 102.132605 256.000000 225.985560 42.548493 75.733609 0.000000 9.650552 46.900813 48.657265 256.000000 240.011776 25.922793 23.339127 64.000000 22.295659 0.955447 22.627789 256.000000 223.649292 49.363851 83.144456 0.000000 14.572635 57.778165 84.433376 256.000000 229.939576
52.965127 133.767973 64.000000 38.348361 45.092216 125.377133 256.000000 223.236250 123.165989 128.758367 0.000000 19.942180 119.408358 132.889098 256.000000 222.035847 36.333775 108.164769 0.000000 13.015123 41.984209 110.498958 256.000000 221.708856 70.071464 81.608049 0.000000 8.970754 70.774315 79.532845 256.000000 223.933258
78.714431 81.779155 64.000000 9.379494 77.498058 85.266055 256.000000 249.735471 15.157573 170.446331 64.000000 24.507154 14.758825 168.579733 256.000000 229.031745 119.767975 187.331020 64.000000 22.833474 113.900707 193.559456 256.000000 236.591272 88.439415 91.243116 0.000000 17.136937 91.540305 85.807149 256.000000 240.308650
92.098718 7.506725 64.000000 9.439729 90.167178 5.304175 256.000000 238.884515 64.919264 32.561102 0.000000 10.773510 70.359025 32.777520 256.000000 251.714630 132.254745 95.617764 64.000000 18.586886 132.288778 102.900625 256.000000 218.765932 102.974115 17.591987 64.000000 14.964165 100.458969 9.297940 256.000000 243.234363
105.815225 52.562211 64.000000 21.796566 103.997995 53.940725 256.000000 250.105488 6.752664 144.168171 64.000000 43.928729 8.539953 131.567016 256.000000 208.168825 84.653578 218.273285 0.000000 22.489272 86.015591 217.375867 256.000000 219.686671 54.142391 72.779409 0.000000 29.024800 47.639385 67.197124 256.000000 219.940520
147.272424 172.545504 64.000000 22.020297 150.909822 171.355885 256.000000 255.900982 136.611689 161.142276 0.000000 10.162552 136.830715 161.401247 256.000000 243.212851 0.461173 172.032280 64.000000 50.003887 22.254338 169.295204 256.000000 209.687615 131.086298 85.125702 64.000000 15.321274 136.713996 78.798156 256.000000 235.760886
180.808287 125.784229 64.000000 9.732300 182.452813 125.332305 256.000000 253.624949 100.746238 142.186009 0.000000 32.389371 97.216833 131.447536 256.000000 213.581395 69.470871 80.403971 0.000000 30.087522 52.945062 85.563296 256.000000 222.883444 168.783373 140.140029 0.000000 50.541702 161.636398 134.392633 256.000000 204.580523
72.458542 81.759647 0.000000 12.645106 69.238944 81.793969 256.000000 228.816619 36.652802 95.104833 64.000000 9.792536 41.236985 95.820011 256.000000 240.442028 41.631918 93.208747 0.000000 29.265741 31.009296 90.580989 256.000000 225.989863 10.322749 26.049905 64.000000 63.780556 8.297311 27.259727 256.000000 204.348187
54.435540 127.818967 64.000000 13.484098 57.695185 126.590025 256.000000 239.159877 133.393718 165.741291 0.000000 42.930545 129.989842 160.935971 256.000000 232.026299 117.432560 152.088035 0.000000 9.530082 114.005309 155.856393 256.000000 244.748850 129.047360 119.633291 64.000000 26.619691 124.054211 118.494016 256.000000 231.957458
