40.938371 146.721080 0.000000 16.964836 40.622140 145.364995 256.000000 253.551806 0.947956 2.850824 0.000000 30.311253 4.612867 8.332322 256.000000 224.621662 110.884967 134.383600 64.000000 25.957103 103.539127 142.088709 256.000000 229.896551 15.319420 101.852258 64.000000 42.926242 31.404909 73.934305 256.000000 217.204117
24.642498 12.323085 0.000000 22.635558 31.728138 13.537602 256.000000 240.678666 125.640809 92.240009 64.000000 34.790177 115.589791 95.612336 256.000000 226.884787 66.207973 26.328351 0.000000 25.445103 61.156398 26.081269 256.000000 222.935074 165.287056 55.697962 0.000000 13.114081 166.013711 56.938884 256.000000 259.764645
47.657336 37.843978 0.000000 11.612501 45.787087 38.885891 256.000000 247.149656 197.096056 85.961822 64.000000 19.339827 200.979480 76.254620 256.000000 216.012319 146.022342 65.184469 64.000000 32.273203 137.681942 61.783749 256.000000 214.988319 41.298895 70.664705 0.000000 12.683829 39.700147 65.054145 256.000000 259.076242
118.639684 183.737096 0.000000 19.154819 115.838645 185.498747 256.000000 252.028714 133.091482 21.088344 64.000000 9.327863 146.022616 22.219964 256.000000 249.305219 121.646745 71.362347 64.000000 14.318787 121.262891 71.133645 256.000000 240.433423 79.423431 114.561280 0.000000 64.120456 76.715956 112.393089 256.000000 207.179246
0.440200 153.838464 0.000000 30.629640 3.893111 148.620925 256.000000 212.118539 82.763475 121.662993 64.000000 43.971754 79.117640 119.301962 256.000000 208.229060 73.997307 120.758804 0.000000 10.330351 74.055360 117.998982 256.000000 224.070939 45.545256 14.155000 0.000000 33.705942 46.548500 20.307518 256.000000 222.160620
43.428876 76.231756 64.000000 13.634686 42.648049 72.821784 256.000000 252.033017 7.665985 166.410100 64.000000 18.991323 6.955175 165.139015 256.000000 243.918464 50.924882 101.907676 64.000000 42.749839 55.708311 110.575976 256.000000 207.415884 52.522338 110.110553 64.000000 11.754485 61.592113 121.634275 256.000000 241.293927
14.998062 35.212365 0.000000 20.432667 22.140667 36.819595 256.000000 226.880485 175.323685 111.663289 64.000000 13.578753 182.135367 105.025462 256.000000 242.877254 120.163547 187.166982 0.000000 15.282551 129.337400 184.592896 256.000000 234.947710 8.113747 53.216009 64.000000 11.909375 10.561229 53.852869 256.000000 250.544345
4.976124 184.436691 64.000000 24.644835 27.458049 186.315555 256.000000 233.114836 41.897587 199.609415 64.000000 29.881001 41.972384 197.465984 256.000000 250.897151 81.811805 129.247435 64.000000 12.675224 79.551275 133.135431 256.000000 244.658497 142.048145 19.378118 0.000000 51.118240 138.303405 22.924809 256.000000 197.571718
173.369822 30.360882 0.000000 20.230449 174.107036 30.669311 256.000000 201.663415 58.190895 106.960424 0.000000 13.372232 65.077900 105.858507 256.000000 263.615400 62.347278 42.618509 0.000000 20.148701 65.784175 47.965584 256.000000 225.658569 32.866305 33.283258 64.000000 18.909575 31.789291 34.250825 256.000000 233.187979
83.216415 152.896895 64.000000 27.566246 80.995709 148.958987 256.000000 235.451104 85.150622 13.599844 64.000000 22.063323 82.363233 10.367373 256.000000 254.266024 14.852133 105.945835 0.000000 20.914550 28.529904 97.159033 256.000000 231.824080 151.841298 165.223275 0.000000 11.857745 151.699791 170.095996 256.000000 228.532652
99.795938 93.185245 64.000000 10.485241 97.333413 94.111665 256.000000 235.704953 66.156738 46.784796 64.000000 20.062651 56.415729 34.631129 256.000000 225.094939 129.047360 119.633291 64.000000 26.619691 124.054211 118.494016 256.000000 231.957458 9.109938 103.188656 64.000000 59.615717 13.151340 101.263549 256.000000 182.327890
40.773527 187.026171 0.000000 29.416329 41.050565 183.031842 256.000000 238.118667 82.402404 136.001809 64.000000 37.685773 85.010120 159.570407 256.000000 225.903813 45.453065 152.157955 0.000000 22.717306 45.933856 151.730485 256.000000 231.238937 16.463016 76.294175 64.000000 24.425406 29.132931 75.010307 256.000000 218.834772
12.593742 25.548544 0.000000 10.054989 9.894156 19.598156 256.000000 241.995237 56.216573 55.302718 64.000000 31.012564 49.895987 54.377133 256.000000 210.965463 60.061962 136.356849 64.000000 14.370417 49.133547 148.239076 256.000000 238.449961 79.500758 214.649080 0.000000 34.540631 78.767962 213.942140 256.000000 211.223614
144.199602 176.502027 0.000000 40.848125 141.510327 175.496847 256.000000 212.871480 57.360456 121.384876 64.000000 12.386955 57.758487 120.599833 256.000000 236.677323 181.193525 85.773851 64.000000 9.521477 184.777184 82.159216 256.000000 238.058432 165.945882 78.191609 64.000000 20.811289 165.316131 79.457242 256.000000 219.604923
95.560338 131.982384 64.000000 36.795151 96.245467 129.986865 256.000000 220.344957 132.254745 95.617764 64.000000 18.586886 132.288778 102.900625 256.000000 218.765932 59.368589 211.359625 64.000000 15.269643 56.544825 212.494982 256.000000 248.797522 131.086298 85.125702 64.000000 15.321274 136.713996 78.798156 256.000000 235.760886
75.008098 139.277693 0.000000 35.822782 61.855535 131.404798 256.000000 229.156518 103.464347 23.560178 0.000000 12.335325 102.290080 21.920531 256.000000 258.465284 28.935753 130.093869 0.000000 38.929201 38.129936 108.293460 256.000000 223.997796 68.401271 95.283536 64.000000 10.885376 66.842531 96.287007 256.000000 231.548719
56.872687 141.665075 0.000000 39.652024 54.075995 129.489362 256.000000 221.033360 121.953300 110.042387 64.000000 11.109107 124.862451 107.788007 256.000000 269.608811 115.065707 123.381444 0.000000 31.034077 113.618075 123.153858 256.000000 225.972653 91.039027 30.508669 64.000000 29.584128 91.129353 31.471673 256.000000 219.505965
3.850358 56.808684 64.000000 13.544333 1.275049 50.796624 256.000000 238.828583 94.434027 171.674604 0.000000 36.210008 62.868331 154.969798 256.000000 215.960689 73.360764 53.173465 64.000000 15.902114 74.362509 53.423875 256.000000 225.069124 161.774140 76.356115 64.000000 14.525308 160.938340 79.269695 256.000000 245.101657
136.559795 65.212080 64.000000 60.691347 134.796847 62.119131 256.000000 190.425233 127.790513 95.847911 64.000000 10.011964 132.727460 91.498209 256.000000 248.677051 67.207098 114.751053 0.000000 18.543861 67.195098 111.633829 256.000000 248.694261 11.251509 98.851951 64.000000 22.747423 12.914169 100.737233 256.000000 248.948110
170.450138 52.688422 0.000000 13.574451 170.942491 52.354720 256.000000 247.261522 12.484849 59.108718 64.000000 20.918852 15.814996 57.915140 256.000000 239.284650 115.162349 88.949987 0.000000 33.766177 103.117051 112.694204 256.000000 242.391069 24.338945 104.556422 64.000000 15.007190 27.190507 103.239689 256.000000 258.017822
66.747329 138.622520 64.000000 40.125302 73.366047 150.043260 256.000000 212.991950 174.198398 35.695847 0.000000 9.469847 175.382056 32.866160 256.000000 245.019909 68.808522 99.461944 64.000000 21.207121 101.942725 212.950325 256.000000 237.481894 9.280864 66.225465 0.000000 17.029374 6.905862 63.754227 256.000000 237.628180
72.238771 101.133478 64.000000 14.404837 75.927527 98.108040 256.000000 52.477836 179.955591 65.637891 64.000000 36.442344 176.763462 68.254240 256.000000 205.742204 53.140138 90.721827 0.000000 11.449006 49.790127 94.767793 256.000000 248.909387 104.584565 154.030913 64.000000 24.838448 99.435751 157.263889 256.000000 236.006130
69.572307 135.447705 64.000000 16.160265 88.086982 124.405600 256.000000 229.272686 52.540149 188.787756 0.000000 23.711188 20.196544 194.739711 256.000000 239.951540 77.889853 85.567953 64.000000 16.285038 80.469011 80.094949 256.000000 244.641287 91.625231 59.369316 0.000000 9.710788 97.144800 63.579778 256.000000 248.083303
33.375735 146.919649 64.000000 21.181306 32.973700 145.102915 256.000000 225.335880 177.348696 51.803649 64.000000 33.374648 173.744682 54.154771 256.000000 210.337295 113.871618 58.505378 0.000000 9.603225 114.990095 61.005585 256.000000 233.252517 98.324007 109.864767 0.000000 9.310653 127.810304 128.243756 256.000000 260.969351
181.112800 115.454598 0.000000 31.318043 175.674740 125.469545 256.000000 220.943007 16.896853 117.744524 0.000000 11.401678 12.399158 117.862753 256.000000 250.884244 147.272880 38.159198 64.000000 51.518374 149.551562 21.901984 256.000000 214.192353 121.687253 144.548058 64.000000 45.778813 121.218380 138.053460 256.000000 213.168353
30.778744 83.552795 0.000000 13.415257 34.380373 80.334900 256.000000 250.105488 67.789505 37.951442 64.000000 21.387827 70.713189 44.353738 256.000000 242.941792 114.050225 138.351149 64.000000 23.483154 115.022115 135.786033 256.000000 254.993150 15.139136 9.200715 64.000000 9.099830 16.455402 9.461293 256.000000 236.608482
58.172944 40.653816 0.000000 9.181578 63.734391 37.319909 256.000000 233.824752 95.115367 96.375140 64.000000 16.134450 101.549136 90.896447 256.000000 239.073826 28.638122 53.041400 64.000000 27.015523 21.976753 55.859136 256.000000 251.434966 172.950211 64.139444 64.000000 10.218485 192.167251 49.560585 256.000000 249.339639
44.226613 81.267673 64.000000 10.614317 46.529649 79.916935 256.000000 260.345485 2.808724 151.635740 0.000000 23.009877 3.930593 148.924642 256.000000 253.031201 111.300944 53.693395 64.000000 12.692434 114.141347 59.735355 256.000000 240.304347 74.158989 95.495547 0.000000 27.510313 116.420849 77.183544 256.000000 214.373059
35.886185 179.490585 64.000000 12.034148 35.315335 178.429455 256.000000 231.505694 99.911958 132.491129 0.000000 28.396632 113.437431 116.568575 256.000000 226.665359 24.475782 165.971629 0.000000 12.236367 27.233280 166.993496 256.000000 232.310265 88.673895 31.046265 64.000000 31.124430 89.829105 38.183251 256.000000 226.101729
161.316227 38.948985 64.000000 34.523420 161.523695 43.058760 256.000000 217.810772 62.564709 172.780478 0.000000 28.986077 59.449529 170.570662 256.000000 237.826096 39.195789 25.976678 0.000000 17.068097 47.395004 38.782520 256.000000 228.739173 31.164604 111.595116 64.000000 21.951457 23.532365 109.004453 256.000000 247.369085
113.907176 201.062155 0.000000 33.314412 110.519889 200.504904 256.000000 229.629795 69.241518 79.585076 0.000000 17.997441 72.583980 90.443456 256.000000 229.040350 65.597255 150.177065 64.000000 13.759459 89.075273 162.729645 256.000000 253.177487 45.119973 83.292022 0.000000 10.472334 45.390269 81.160973 256.000000 272.840003
98.829856 81.614907 64.000000 35.560328 97.698396 91.313265 256.000000 236.939776 18.793880 116.342107 64.000000 13.062451 20.429240 123.836580 256.000000 250.871336 24.438327 108.965918 0.000000 10.962821 18.804429 115.202533 256.000000 249.124513 66.581571 87.358213 64.000000 10.833745 67.119818 95.958876 256.000000 235.816819
