31.660936 36.500387 0.000000 19.739962 41.366436 20.282347 256.000000 241.466027 2.372933 169.499325 0.000000 31.980631 6.331631 167.897811 256.000000 217.729025 93.966353 162.751149 64.000000 8.708300 94.984880 184.638104 256.000000 236.328819 84.597991 144.566538 0.000000 20.798382 80.620395 146.643769 256.000000 255.999940
11.388811 32.335258 0.000000 17.846853 19.680096 25.890320 256.000000 221.773393 52.274480 107.104035 64.000000 22.773238 46.845367 106.007445 256.000000 231.583139 86.790564 11.581613 64.000000 17.554282 79.572135 6.318925 256.000000 219.333865 140.460662 34.401173 64.000000 13.088266 140.896133 34.964665 256.000000 254.283235
74.813996 90.356696 64.000000 13.376535 73.323875 88.126531 256.000000 248.801824 28.424735 113.891418 0.000000 18.156634 24.725631 112.322067 256.000000 248.139236 173.573109 77.450638 0.000000 11.281207 186.941595 88.078853 256.000000 282.305547 139.347180 137.527115 64.000000 28.663388 145.918738 119.289540 256.000000 240.269927
19.513436 125.517320 64.000000 18.302920 17.792036 122.378102 256.000000 222.276788 99.795938 93.185245 64.000000 10.485241 97.333413 94.111665 256.000000 235.704953 11.262676 102.087404 0.000000 12.675224 14.866496 105.854640 256.000000 251.998596 9.547089 137.484202 0.000000 12.223459 10.597198 137.359013 256.000000 251.456479
48.765582 93.008555 0.000000 19.886247 85.212809 75.825755 256.000000 242.008145 150.424771 41.788862 64.000000 8.833074 150.526064 40.276320 256.000000 237.322701 152.649289 119.533784 64.000000 13.682014 157.713905 114.887356 256.000000 239.770835 25.922793 23.339127 64.000000 22.295659 0.955447 22.627789 256.000000 223.649292
3.159260 120.385887 0.000000 10.270115 4.538987 123.523689 256.000000 244.895136 170.281976 118.606555 64.000000 40.168327 165.353196 116.893511 256.000000 208.470002 77.278762 39.951529 0.000000 8.979359 82.319436 41.315673 256.000000 245.966463 161.686467 80.874689 0.000000 30.698480 169.642727 76.135938 256.000000 223.180317
76.838942 181.165769 64.000000 18.483626 75.656056 180.336693 256.000000 235.347844 62.372371 9.236544 0.000000 13.398047 69.340824 10.412525 256.000000 239.443843 15.443827 173.900460 0.000000 11.965308 12.701275 174.388029 256.000000 235.627508 158.953651 47.576444 64.000000 78.921124 155.685420 47.329093 256.000000 183.141066
52.346904 132.246356 0.000000 20.948970 60.052349 128.208524 256.000000 247.321757 11.357169 158.736756 64.000000 37.943924 11.785013 142.982613 256.000000 223.262065 132.164051 73.277193 64.000000 30.156363 127.060567 81.047305 256.000000 221.102200 97.943598 18.903022 64.000000 19.034348 98.183809 21.661776 256.000000 242.184548
105.010367 68.173749 64.000000 14.908232 121.629629 84.296958 256.000000 224.587241 53.268951 4.058127 64.000000 65.665060 52.366829 3.870707 256.000000 178.382479 131.601713 41.720162 64.000000 15.648265 131.012522 41.305907 256.000000 245.914833 3.284702 105.068487 64.000000 13.548635 4.367922 103.477844 256.000000 231.221727
5.536011 138.802484 64.000000 32.234480 3.480125 137.725473 256.000000 222.345629 31.174500 203.683615 64.000000 29.510985 26.053256 202.856484 256.000000 234.594903 15.452033 95.977913 64.000000 9.504267 14.754636 101.175480 256.000000 232.878198 56.234613 87.309071 0.000000 13.152804 51.210769 84.225020 256.000000 238.531709
88.495811 159.436667 0.000000 12.115896 86.320729 164.451902 256.000000 255.079201 48.829115 50.525087 0.000000 20.531625 48.732893 55.363551 256.000000 240.183876 85.885245 103.005378 64.000000 15.540702 88.346680 99.598531 256.000000 245.704010 117.386418 167.907178 64.000000 21.572835 117.691358 170.376167 256.000000 243.178430
73.429309 17.338060 0.000000 9.444031 72.857562 17.730107 256.000000 229.565257 3.012747 228.442109 0.000000 18.203962 1.309424 227.968338 256.000000 239.370700 2.701676 129.711416 0.000000 33.671522 9.942500 118.365160 256.000000 229.354434 88.433700 77.243691 64.000000 14.843694 87.421540 77.315740 256.000000 210.595446
33.922991 27.599942 64.000000 25.225675 24.517049 36.471291 256.000000 233.579508 21.980498 26.896685 64.000000 29.463657 20.862264 37.833138 256.000000 210.707312 178.116747 60.423824 64.000000 8.768536 178.867496 59.178478 256.000000 253.405520 102.434607 152.838191 64.000000 16.547492 103.400076 151.368124 256.000000 232.964248
57.596967 26.205858 64.000000 10.493846 55.812840 22.991004 256.000000 248.956715 12.311309 72.558504 0.000000 11.621107 13.992785 72.649478 256.000000 226.562098 72.768691 183.442273 0.000000 22.540902 85.008535 179.415085 256.000000 236.380449 110.210865 13.316127 0.000000 50.481467 116.592729 15.847740 256.000000 184.023083
21.434338 106.635644 64.000000 23.504667 22.198865 103.332280 256.000000 232.525391 120.329938 150.496065 64.000000 35.267756 110.424460 153.579725 256.000000 220.598805 17.457973 139.377976 64.000000 32.643219 32.364325 142.490380 256.000000 228.541257 86.209215 166.836916 0.000000 26.417473 83.775091 165.548505 256.000000 218.120554
4.482585 60.947360 0.000000 28.073943 9.253745 64.017365 256.000000 234.835844 14.370065 126.734165 64.000000 26.864935 23.108011 83.295036 256.000000 240.954028 69.874396 15.963285 0.000000 18.139424 63.353415 14.466315 256.000000 231.935946 84.758864 108.953011 0.000000 11.565174 91.747073 106.610056 256.000000 251.017622
137.946167 109.218802 0.000000 61.259280 126.656758 98.545716 256.000000 199.877869 136.093627 72.736671 64.000000 38.541974 128.262949 73.783840 256.000000 223.980586 98.122733 89.400258 64.000000 21.293171 115.457353 90.282011 256.000000 239.585826 29.529542 16.034480 64.000000 9.413914 27.816971 16.065698 256.000000 243.019237
29.101067 98.785411 64.000000 62.967380 28.446645 97.625213 256.000000 201.646205 181.193525 85.773851 64.000000 9.521477 184.777184 82.159216 256.000000 238.058432 121.158158 70.727585 0.000000 24.003759 119.187722 80.728087 256.000000 230.584954 70.511225 63.814355 0.000000 24.481339 67.401758 68.055002 256.000000 231.105559
109.575876 19.426349 64.000000 11.522149 108.179529 16.076033 256.000000 253.508781 163.580989 120.388940 0.000000 49.539215 161.892516 121.031529 256.000000 203.427448 13.024358 80.982916 64.000000 24.498549 12.151293 77.039136 256.000000 222.053057 9.267062 20.964173 0.000000 39.096999 148.260442 79.160940 256.000000 218.916520
49.624867 137.102402 64.000000 17.670450 67.491335 147.298295 256.000000 236.879541 37.273273 105.354007 0.000000 40.637301 32.429335 98.061404 256.000000 220.065293 8.238425 154.979611 0.000000 8.622250 3.976993 155.641309 256.000000 247.928412 185.639733 90.588958 0.000000 34.596563 166.404760 81.104022 256.000000 230.705425
25.400269 132.593807 64.000000 13.092568 24.035295 130.919633 256.000000 255.539570 90.562525 96.541593 0.000000 33.150917 97.201045 96.559796 256.000000 229.887946 81.361473 204.010049 0.000000 20.277777 76.136909 205.684436 256.000000 239.340583 98.448636 172.576718 64.000000 27.953472 95.851087 171.420160 256.000000 210.810572
80.180335 55.398258 0.000000 9.177275 78.581524 55.731649 256.000000 251.030529 10.155067 131.231324 64.000000 28.573035 14.609642 128.645198 256.000000 217.849495 98.665180 24.831395 0.000000 11.836233 103.069560 27.066578 256.000000 251.430664 93.725875 97.012562 0.000000 35.121471 49.353600 102.354915 256.000000 225.873695
34.438675 212.674455 64.000000 10.029174 35.939467 213.739004 256.000000 239.331978 4.285720 177.997860 0.000000 14.404837 4.489453 181.195715 256.000000 240.657154 24.344376 34.909791 0.000000 10.437914 0.733487 29.365676 256.000000 234.921895 31.460062 39.047487 64.000000 32.337740 31.038407 48.263547 256.000000 226.433023
164.493722 110.717818 0.000000 10.283023 165.688162 113.750984 256.000000 225.615544 32.095465 123.909549 0.000000 19.795895 24.595778 126.808669 256.000000 239.745019 180.565675 49.925264 0.000000 35.599050 175.744987 52.588249 256.000000 218.103344 96.264164 112.989044 64.000000 27.123086 94.972973 113.882147 256.000000 229.500719
54.150784 60.002016 64.000000 10.799325 57.001325 65.166235 256.000000 223.653595 127.790513 95.847911 64.000000 10.011964 132.727460 91.498209 256.000000 248.677051 29.669936 126.116858 64.000000 18.044769 33.509651 126.609618 256.000000 231.316383 160.470915 29.340304 64.000000 49.349904 146.298467 31.481889 256.000000 196.965063
24.438327 108.965918 0.000000 10.962821 18.804429 115.202533 256.000000 249.124513 128.003165 19.445631 64.000000 51.092425 108.348384 21.324869 256.000000 211.791547 161.946647 42.646807 64.000000 26.572364 161.525224 43.618820 256.000000 237.370028 0.921738 79.650640 64.000000 9.276233 0.921295 77.923387 256.000000 245.260850
139.988422 153.281815 0.000000 10.786418 144.404969 151.643400 256.000000 244.817691 52.007027 47.781640 64.000000 18.410483 56.414258 28.284340 256.000000 245.385623 39.669145 36.135285 0.000000 10.743392 38.885196 37.179896 256.000000 231.264753 84.697391 224.212200 64.000000 16.706685 88.005298 224.987984 256.000000 230.864618
147.421227 130.641256 64.000000 23.896196 146.411138 129.105055 256.000000 220.624621 22.964184 132.653222 64.000000 11.078989 18.934851 133.467976 256.000000 251.654395 46.902838 93.312545 0.000000 23.586415 46.065838 85.776809 256.000000 243.591472 151.245767 158.374260 64.000000 23.039995 151.359020 157.521287 256.000000 239.529893
31.118965 34.032187 64.000000 21.882617 33.962080 35.908582 256.000000 234.603508 77.772633 95.398865 64.000000 9.715090 82.387287 93.358367 256.000000 242.881557 43.383162 163.400987 64.000000 13.114081 41.871965 161.594111 256.000000 246.702194 65.391489 178.651325 64.000000 13.892837 77.305909 187.586278 256.000000 281.918320
4.966942 141.416887 0.000000 14.077845 1.257238 139.361949 256.000000 238.273558 58.901455 58.625909 0.000000 17.175660 63.461391 62.997573 256.000000 239.598734 45.458933 138.201802 64.000000 60.080389 45.562527 137.298789 256.000000 200.247886 41.657442 37.392520 64.000000 21.947155 42.290584 41.641018 256.000000 236.888146
118.195075 20.684700 0.000000 22.059020 117.845020 20.696298 256.000000 225.856485 63.516565 130.275618 64.000000 13.673409 64.216416 128.633415 256.000000 238.764045 82.519460 9.956218 64.000000 12.184737 80.994987 11.113695 256.000000 236.427777 105.214025 71.984958 64.000000 36.162681 103.275215 75.369576 256.000000 203.405936
152.263036 119.037633 0.000000 11.698552 158.868607 134.156949 256.000000 241.242296 30.671849 106.610867 0.000000 13.501308 37.389607 114.350785 256.000000 243.957187 26.825164 115.401944 0.000000 10.992939 23.260849 115.711682 256.000000 243.978699 131.568742 81.351798 64.000000 14.891022 131.614380 87.796035 256.000000 234.672348
