65.204805 100.295509 0.000000 9.913006 64.851556 106.718382 256.000000 247.511068 64.751418 137.416467 0.000000 12.666619 71.910505 137.682371 256.000000 244.383136 44.914367 155.007224 64.000000 12.055661 45.701784 154.986567 256.000000 241.694061 41.346738 188.365358 0.000000 12.442888 41.895271 190.523922 256.000000 252.166395
21.980498 26.896685 64.000000 29.463657 20.862264 37.833138 256.000000 210.707312 9.484584 97.905080 64.000000 29.300161 13.292531 95.409595 256.000000 246.246127 90.699891 157.629104 0.000000 37.109235 86.250660 144.016720 256.000000 207.174943 72.458542 81.759647 0.000000 12.645106 69.238944 81.793969 256.000000 228.816619
63.378140 126.080025 64.000000 27.424262 25.438229 150.300133 256.000000 232.955643 119.290305 87.546973 0.000000 14.288669 118.817613 89.562053 256.000000 257.923166 97.134275 46.614773 0.000000 32.957303 87.556209 55.701964 256.000000 208.409766 59.453129 229.706502 64.000000 19.120399 62.289287 218.725742 256.000000 233.394500
56.456469 88.981484 64.000000 12.283695 55.094705 94.549540 256.000000 255.139436 94.448531 17.315880 64.000000 12.890350 116.428391 12.718378 256.000000 248.539370 86.631647 30.014638 0.000000 31.851556 83.685418 31.022940 256.000000 237.232348 29.068447 54.366605 64.000000 10.906888 30.122345 56.865356 256.000000 238.256348
67.546869 5.642018 0.000000 19.955088 64.991044 7.361489 256.000000 229.741660 82.402404 136.001809 64.000000 37.685773 85.010120 159.570407 256.000000 225.903813 41.208278 19.752285 0.000000 30.479052 17.326915 21.184807 256.000000 217.122369 12.270589 114.880549 64.000000 20.402550 10.415369 113.551918 256.000000 239.689087
104.785604 18.724473 64.000000 21.663188 118.663820 26.782029 256.000000 239.740717 35.479602 214.118636 64.000000 15.902114 40.362047 214.904998 256.000000 239.671877 191.845936 82.146535 0.000000 19.972298 193.118609 109.752218 256.000000 236.819306 102.303084 95.584387 0.000000 10.145342 106.427153 90.700775 256.000000 232.198399
40.827058 48.406571 64.000000 14.125173 42.325915 43.132398 256.000000 239.904213 57.986169 70.435680 0.000000 20.583256 68.104260 59.362458 256.000000 239.013591 78.187447 83.806511 64.000000 10.575594 76.698942 83.350284 256.000000 264.815803 95.294035 206.005509 64.000000 21.994482 96.741102 204.844753 256.000000 241.474632
79.022662 131.582060 0.000000 22.226818 78.345040 128.328071 256.000000 216.063949 117.012438 150.770460 64.000000 13.578753 118.677687 152.242700 256.000000 226.906300 104.153620 173.283182 64.000000 11.302720 112.065464 171.966009 256.000000 246.327875 104.724100 156.169440 64.000000 16.650752 100.969515 159.118905 256.000000 224.780855
85.967036 190.469607 0.000000 23.397104 115.944211 178.732200 256.000000 229.122098 103.983336 202.966805 0.000000 13.079661 100.440244 205.259064 256.000000 245.493186 49.071382 121.038020 64.000000 22.807659 50.663762 119.031224 256.000000 238.161692 68.771984 151.948189 64.000000 27.234952 65.926095 148.043449 256.000000 234.758399
21.542098 106.465084 64.000000 9.215998 23.122022 107.514435 256.000000 259.463469 151.148724 58.828400 0.000000 74.829428 148.539413 62.815736 256.000000 182.108462 31.574698 59.954742 64.000000 27.764162 48.820542 64.235796 256.000000 224.802367 121.834673 90.374844 0.000000 14.684501 120.632485 88.024182 256.000000 233.058903
45.448820 219.410891 64.000000 39.712260 52.658175 217.205107 256.000000 208.573262 72.748458 213.993187 64.000000 43.765233 68.714138 216.091451 256.000000 212.424017 37.273273 105.354007 0.000000 40.637301 32.429335 98.061404 256.000000 220.065293 47.923200 147.186665 0.000000 20.178819 78.240236 157.326622 256.000000 249.498832
25.971676 219.507631 0.000000 21.275961 27.021558 218.214795 256.000000 245.574934 101.694889 61.367400 64.000000 29.287254 96.478349 57.961256 256.000000 231.643374 37.687069 223.087689 64.000000 12.313812 37.629627 223.976485 256.000000 243.793691 63.586318 161.313425 64.000000 19.322617 57.325229 161.803693 256.000000 241.930700
54.503698 94.686460 64.000000 18.522349 61.579213 97.908649 256.000000 236.139508 83.093869 91.705909 64.000000 18.660029 82.185573 91.448764 256.000000 227.039678 56.003727 88.560378 0.000000 17.519861 60.262858 95.827624 256.000000 248.393085 49.892187 37.287415 64.000000 30.164968 47.864904 39.811807 256.000000 232.848080
41.657442 37.392520 64.000000 21.947155 42.290584 41.641018 256.000000 236.888146 178.441715 38.285291 64.000000 11.681342 193.660116 47.709729 256.000000 243.105288 111.808555 161.640847 0.000000 32.927186 104.192224 161.358289 256.000000 223.541729 14.782733 167.770560 64.000000 11.629712 7.310220 172.142651 256.000000 242.382464
58.072520 28.000818 64.000000 29.601338 62.689567 31.190162 256.000000 254.102529 86.190631 213.149231 0.000000 10.988636 101.308224 219.073276 256.000000 261.537283 42.557536 19.329831 64.000000 9.740905 41.343715 19.383675 256.000000 239.241625 29.239680 149.739835 64.000000 12.821510 33.341464 150.186856 256.000000 257.191738
171.253438 51.658509 64.000000 17.519861 174.438636 57.400975 256.000000 238.819978 45.748011 14.723320 64.000000 20.277777 47.710165 14.722842 256.000000 228.975812 69.572307 135.447705 64.000000 16.160265 88.086982 124.405600 256.000000 229.272686 7.938798 104.321625 0.000000 22.622650 13.311209 97.605391 256.000000 218.150672
77.889853 85.567953 64.000000 16.285038 80.469011 80.094949 256.000000 244.641287 116.760175 30.452893 0.000000 32.380766 116.362685 36.902824 256.000000 246.646262 124.808764 110.281867 0.000000 38.950714 115.917667 110.748651 256.000000 235.623205 16.412989 82.842938 0.000000 15.037307 11.401558 91.574504 256.000000 224.397931
66.807429 25.380427 0.000000 16.108635 68.281553 26.040465 256.000000 256.731368 125.398836 164.350667 0.000000 16.693778 121.587555 167.779255 256.000000 227.745291 9.558311 51.145711 64.000000 10.403493 8.112055 52.238038 256.000000 257.720948 163.169618 162.807631 0.000000 24.511456 154.146571 178.700358 256.000000 211.757127
60.288956 46.268758 64.000000 27.579153 96.437015 52.291064 256.000000 227.358064 75.577900 192.186353 64.000000 36.197101 78.581713 184.134404 256.000000 210.384623 7.084416 120.624135 0.000000 20.621978 11.450804 120.421480 256.000000 254.188579 96.194053 38.862358 64.000000 17.231593 97.670802 41.942775 256.000000 242.132918
55.942131 43.230262 64.000000 29.244228 61.755340 54.428833 256.000000 18.117912 92.490693 191.286667 0.000000 13.058148 114.015182 190.539340 256.000000 230.335408 40.938371 146.721080 0.000000 16.964836 40.622140 145.364995 256.000000 253.551806 33.666075 71.164695 64.000000 13.673409 40.102433 74.413885 256.000000 260.586426
76.191195 98.129945 0.000000 13.316299 82.417433 92.809682 256.000000 230.189123 4.875125 86.550467 0.000000 30.423119 12.482235 87.513915 256.000000 220.710671 90.280398 200.981644 64.000000 18.668634 91.120215 200.948415 256.000000 224.505494 165.172747 84.081820 64.000000 44.470847 154.515055 75.733013 256.000000 201.603180
108.507429 216.244851 0.000000 10.291628 106.661011 218.322564 256.000000 239.942935 53.833235 131.236007 0.000000 11.763090 57.473884 132.427791 256.000000 250.488412 131.869556 115.976300 0.000000 20.445575 134.939680 112.544822 256.000000 236.815003 182.806058 27.704853 0.000000 17.894181 182.008235 30.105338 256.000000 244.963976
82.006600 64.011020 0.000000 23.160465 70.984858 56.617796 256.000000 233.058903 50.080778 83.394193 64.000000 11.715762 52.459424 81.479516 256.000000 255.242696 135.755700 36.229218 64.000000 20.966180 130.973596 35.132444 256.000000 225.520888 90.170676 58.843735 0.000000 35.078446 84.162544 61.515293 256.000000 207.209363
98.870684 134.597911 0.000000 12.292300 97.568776 136.159311 256.000000 254.752209 137.946167 109.218802 0.000000 61.259280 126.656758 98.545716 256.000000 199.877869 143.202071 16.856749 0.000000 28.990380 139.576935 15.368255 256.000000 222.083175 27.596356 113.769022 0.000000 19.606584 24.688184 109.773665 256.000000 229.147913
136.559795 65.212080 64.000000 60.691347 134.796847 62.119131 256.000000 190.425233 61.800022 143.056020 0.000000 15.020097 57.059671 146.235351 256.000000 228.975812 25.439902 85.267993 64.000000 9.254721 26.206829 87.478611 256.000000 242.261994 53.398900 83.365705 0.000000 17.808130 45.555049 86.423829 256.000000 240.016078
78.789209 38.798069 64.000000 40.899755 69.968349 42.150224 256.000000 224.286065 21.185689 133.830636 64.000000 30.827556 29.023255 125.734742 256.000000 217.883915 29.280545 128.312682 0.000000 28.861304 19.087105 106.726178 256.000000 235.025155 83.095093 53.948709 64.000000 16.685173 84.520042 45.816391 256.000000 217.242840
111.538225 49.414282 64.000000 11.315628 116.882809 42.972840 256.000000 248.354362 65.642622 131.641896 64.000000 10.205577 67.518142 130.515493 256.000000 234.999340 9.109938 103.188656 64.000000 59.615717 13.151340 101.263549 256.000000 182.327890 97.943598 18.903022 64.000000 19.034348 98.183809 21.661776 256.000000 242.184548
124.957071 87.539965 64.000000 42.728326 120.507084 89.963536 256.000000 221.205461 59.841618 20.034662 64.000000 29.343186 53.887813 20.854253 256.000000 235.167138 85.596158 69.689751 64.000000 66.250203 83.733004 56.808225 256.000000 184.276932 151.442293 107.671864 64.000000 25.552666 150.375382 108.788444 256.000000 232.340383
34.621905 144.374791 64.000000 12.318115 64.273525 194.261818 256.000000 267.900710 27.089453 195.296627 64.000000 25.273002 32.722991 193.365733 256.000000 220.779511 151.437395 175.897024 0.000000 24.107020 151.524140 171.948742 256.000000 207.032960 3.210391 109.571593 64.000000 34.123286 9.343884 110.192595 256.000000 232.417828
9.584278 79.470791 0.000000 18.909575 9.525158 85.441798 256.000000 237.107575 135.388784 85.391753 0.000000 11.350048 142.696445 94.082167 256.000000 246.280547 74.327664 71.262573 0.000000 46.320930 71.395198 72.102933 256.000000 214.377362 17.120158 117.234462 64.000000 22.730213 10.013231 114.091522 256.000000 247.059303
16.463016 76.294175 64.000000 24.425406 29.132931 75.010307 256.000000 218.834772 20.224455 122.869455 0.000000 19.658214 21.056564 121.324204 256.000000 234.082903 52.253673 218.870271 0.000000 36.240126 39.232549 210.818764 256.000000 226.837459 46.903309 71.728085 64.000000 11.909375 52.831480 67.899195 256.000000 245.587842
3.583967 33.021016 64.000000 29.829371 26.459756 29.832671 256.000000 216.855613 51.496393 200.818249 0.000000 55.502508 54.810955 191.838584 256.000000 209.472489 79.870527 175.644660 64.000000 33.043354 88.389307 173.444984 256.000000 226.316855 73.662196 49.694669 64.000000 22.910919 75.720978 53.985982 256.000000 233.101929
