16.316124 59.340291 64.000000 12.477308 19.086815 56.692578 256.000000 226.893392 86.190631 213.149231 0.000000 10.988636 101.308224 219.073276 256.000000 261.537283 52.008969 48.048593 64.000000 22.992667 48.742478 41.668767 256.000000 258.435166 34.144845 123.532260 0.000000 19.081676 37.672464 127.908742 256.000000 235.640415
111.434924 88.846395 64.000000 26.090481 108.329645 88.081482 256.000000 230.985089 46.695131 22.464902 0.000000 23.990852 32.772991 29.688725 256.000000 252.093252 5.286307 5.892498 0.000000 13.772367 1.775676 6.862902 256.000000 236.638600 49.969625 179.041080 0.000000 15.626753 49.405216 177.409455 256.000000 236.225558
123.226035 80.912871 64.000000 20.191726 112.594496 97.330516 256.000000 253.285050 35.702207 48.098267 64.000000 24.644835 42.931751 60.875165 256.000000 208.766875 31.538922 7.244607 64.000000 31.640732 29.229636 12.810291 256.000000 225.641359 128.952976 147.381224 64.000000 20.114281 131.898395 143.924013 256.000000 234.921895
24.845113 30.073053 0.000000 9.061107 16.153091 15.217713 256.000000 257.161620 6.523698 77.110531 0.000000 23.655255 10.385933 75.120715 256.000000 239.964448 13.476255 76.350595 64.000000 24.502851 19.089242 77.472098 256.000000 232.030601 121.158158 70.727585 0.000000 24.003759 119.187722 80.728087 256.000000 230.584954
36.688633 231.815058 64.000000 20.600466 32.564958 232.072155 256.000000 246.271942 125.762238 30.841602 64.000000 9.753813 130.985618 35.231709 256.000000 245.639472 64.134102 44.910782 0.000000 9.164368 70.862358 39.742631 256.000000 241.887674 162.517513 130.771364 0.000000 13.867022 161.404485 133.102918 256.000000 219.312352
53.661955 28.600135 0.000000 15.110450 62.388900 31.115484 256.000000 254.851167 51.649022 124.440407 64.000000 11.999728 39.733211 135.014116 256.000000 238.669389 100.545325 54.909860 0.000000 53.768592 98.397525 57.010196 256.000000 199.697163 21.434338 106.635644 64.000000 23.504667 22.198865 103.332280 256.000000 232.525391
19.475255 101.299287 64.000000 18.061979 23.248405 103.874829 256.000000 233.192281 131.229369 99.171653 0.000000 31.692362 124.735569 97.548769 256.000000 225.611241 82.114258 189.108198 64.000000 14.611358 82.421942 188.768529 320.000000 237.456079 120.329938 150.496065 64.000000 35.267756 110.424460 153.579725 256.000000 220.598805
136.011031 194.102156 0.000000 12.374048 140.654218 192.332324 256.000000 252.420243 36.747171 90.241693 64.000000 18.987021 39.445645 88.666615 256.000000 257.475704 119.058278 32.172189 0.000000 23.668163 117.019845 34.182271 256.000000 229.530837 38.894698 8.981445 0.000000 10.416401 20.254798 0.551256 256.000000 237.283978
92.294133 17.688755 0.000000 67.188152 92.158975 11.076227 256.000000 172.552565 131.086298 85.125702 64.000000 15.321274 136.713996 78.798156 256.000000 235.760886 131.234224 15.926940 64.000000 12.886047 128.869653 11.524420 256.000000 246.246127 38.120913 44.102691 64.000000 23.431524 29.927740 42.458340 256.000000 223.623477
47.962040 33.564035 0.000000 20.759659 39.736256 42.857185 256.000000 230.985089 81.946353 49.389855 0.000000 14.925442 81.150960 33.450696 256.000000 230.688215 77.889853 85.567953 64.000000 16.285038 80.469011 80.094949 256.000000 244.641287 41.700735 51.203125 0.000000 11.087594 35.239185 47.821978 256.000000 232.942735
41.393347 160.618440 0.000000 29.984262 44.174309 155.624511 256.000000 227.018165 73.523582 162.914169 64.000000 17.584399 57.941073 177.223365 256.000000 222.500519 27.117231 199.187736 0.000000 23.504667 33.596487 198.629398 256.000000 243.471002 30.936525 60.526709 64.000000 35.177404 33.033687 48.277960 256.000000 222.668318
26.825164 115.401944 0.000000 10.992939 23.260849 115.711682 256.000000 243.978699 62.096035 95.335895 0.000000 11.956703 57.406738 94.117065 256.000000 256.378562 94.653415 35.642247 0.000000 9.082620 123.034724 23.979405 256.000000 244.073355 108.173004 161.623525 64.000000 10.067897 112.719587 161.493844 256.000000 225.064821
19.706342 165.206973 64.000000 26.533641 15.966849 161.911420 256.000000 232.508181 60.770935 166.243429 0.000000 15.523492 51.212524 175.573658 256.000000 259.484981 97.913656 31.982647 64.000000 16.758315 101.231558 36.370458 256.000000 253.513083 59.823938 43.006298 0.000000 23.788633 66.575558 77.741669 256.000000 231.841290
93.966353 162.751149 64.000000 8.708300 94.984880 184.638104 256.000000 236.328819 130.539300 70.144553 0.000000 8.802956 131.964300 74.734276 256.000000 250.608882 78.439509 195.180655 64.000000 19.860432 84.059453 194.415425 256.000000 250.083975 98.865836 79.969220 0.000000 20.419760 102.049502 72.049715 256.000000 222.384351
34.453484 82.291742 0.000000 15.226618 29.613811 84.743878 256.000000 236.311608 40.889696 50.948538 0.000000 11.388770 43.166911 53.849415 256.000000 245.183405 2.544538 105.740947 0.000000 38.993739 23.165204 100.272358 256.000000 223.292183 31.998435 92.826351 64.000000 16.388299 18.975876 89.892718 256.000000 242.533052
101.901313 115.930475 64.000000 16.629240 101.016635 114.754202 256.000000 245.549119 29.616918 21.785802 64.000000 24.773910 25.552400 22.861838 256.000000 243.612985 38.128180 68.294196 0.000000 35.525908 36.802040 68.853938 256.000000 214.519345 33.375735 146.919649 64.000000 21.181306 32.973700 145.102915 256.000000 225.335880
153.679927 103.589647 0.000000 26.968195 139.760867 104.106675 256.000000 219.338167 97.223549 93.996600 0.000000 24.214583 91.989965 97.758793 256.000000 235.330634 2.701676 129.711416 0.000000 33.671522 9.942500 118.365160 256.000000 229.354434 94.148907 87.847555 64.000000 20.097071 93.539762 83.335596 256.000000 251.934059
52.212576 60.657311 64.000000 14.323089 58.825680 59.606633 256.000000 239.960145 119.879175 70.464253 0.000000 22.515087 117.308413 73.066993 256.000000 227.280619 187.323293 46.449589 0.000000 20.862919 187.892516 49.807495 256.000000 227.801224 54.015744 9.430651 64.000000 37.909504 49.837976 14.793824 256.000000 220.005058
65.995273 17.603931 64.000000 34.626681 53.849513 26.514911 256.000000 201.310608 102.185115 137.966235 0.000000 20.419760 103.455755 133.771395 256.000000 234.233491 44.214676 38.340507 0.000000 12.008333 39.051442 34.188320 256.000000 259.364511 103.123578 77.453435 64.000000 14.383324 101.734740 79.157969 256.000000 245.777152
46.190585 138.151553 64.000000 13.518518 37.886489 92.406464 256.000000 244.834901 37.273273 105.354007 0.000000 40.637301 32.429335 98.061404 256.000000 220.065293 11.897767 45.138449 0.000000 16.414114 6.494055 48.661905 256.000000 237.271070 34.786049 72.602835 0.000000 20.036836 39.927136 63.342615 256.000000 236.255676
142.665589 81.746907 64.000000 14.921139 140.675096 82.010513 256.000000 233.992550 60.594265 28.603562 64.000000 12.812905 65.239616 30.453502 256.000000 230.485996 77.082156 138.597982 64.000000 37.582512 81.091775 127.100889 256.000000 211.137564 106.496340 54.105207 0.000000 31.584799 103.714418 54.746687 256.000000 241.375675
42.990698 68.049175 64.000000 15.958047 39.475462 70.606084 256.000000 250.286193 135.825845 92.773973 64.000000 20.931760 133.175720 98.332656 256.000000 236.014735 63.585376 94.611433 64.000000 9.302048 61.028245 97.171473 256.000000 251.658697 2.442458 46.940722 64.000000 11.100502 2.412425 48.579965 256.000000 243.625892
19.063405 82.194638 0.000000 12.098686 18.735064 80.002362 256.000000 253.977756 62.985836 151.033058 0.000000 22.725911 69.647449 147.308520 256.000000 231.854198 27.699311 223.360496 64.000000 12.804300 28.403422 223.432184 256.000000 236.031945 142.379885 118.598629 0.000000 22.028902 139.141715 119.957005 320.000000 223.206133
45.930360 179.535455 0.000000 9.508569 43.202429 180.051138 256.000000 264.170425 43.020565 34.320745 0.000000 19.645306 43.288682 37.976273 256.000000 229.023140 20.009416 189.991613 0.000000 49.018610 27.314880 187.306785 256.000000 213.899782 91.476133 161.349276 0.000000 35.844294 85.764629 158.032751 256.000000 218.658369
160.157011 5.276680 64.000000 20.970482 159.556962 3.579529 256.000000 238.923238 50.967238 62.188538 64.000000 8.699695 49.592733 59.912065 256.000000 255.251302 96.968420 41.387229 64.000000 14.938349 96.176529 41.394533 256.000000 236.617087 141.277691 73.545915 0.000000 17.020769 143.946927 69.409100 256.000000 229.337224
33.884593 99.436165 0.000000 9.667762 35.840022 97.529395 256.000000 248.874967 53.470845 194.254196 0.000000 52.460626 54.168636 194.971727 256.000000 214.953899 174.820789 25.125349 64.000000 26.099086 172.631455 24.796078 256.000000 208.001027 120.317113 97.598700 0.000000 10.076502 132.758327 91.373336 256.000000 251.585554
28.310162 230.440775 0.000000 45.744393 29.945107 225.035724 256.000000 218.559411 185.595218 68.547236 0.000000 25.526851 182.730076 67.714244 256.000000 194.689030 16.333580 59.693760 64.000000 11.066081 18.148891 62.566540 256.000000 234.405592 64.947909 193.769133 64.000000 9.185880 64.647456 193.718556 320.000000 254.102529
8.502069 90.911564 0.000000 15.230921 10.781718 92.459229 256.000000 259.609754 25.675795 61.913976 64.000000 9.456939 29.558096 61.259249 256.000000 244.968279 13.622524 208.336789 0.000000 44.466544 39.434007 191.496649 256.000000 224.204317 17.764127 158.310864 64.000000 76.886032 22.311607 161.081811 256.000000 177.220799
3.896344 97.206602 64.000000 32.178547 6.227873 81.358724 256.000000 224.027914 48.607022 190.166471 64.000000 15.084635 44.677344 189.900267 256.000000 222.160620 49.780922 40.245220 64.000000 54.990508 62.544525 52.060309 256.000000 213.495345 99.964427 65.037027 64.000000 8.794351 102.680489 66.606560 256.000000 256.864747
59.490242 153.203640 64.000000 17.803828 76.521733 156.625462 256.000000 233.867777 72.709500 94.936333 0.000000 23.569205 69.644238 83.672320 256.000000 236.939776 163.580989 120.388940 0.000000 49.539215 161.892516 121.031529 256.000000 203.427448 104.989685 57.777318 0.000000 23.052902 109.966716 71.230445 256.000000 238.213322
111.122611 36.102244 64.000000 19.064466 111.699647 38.990669 256.000000 217.634369 51.449187 130.878785 64.000000 18.776197 47.017778 129.563264 256.000000 234.280819 21.056204 38.755151 0.000000 25.066482 12.741302 42.481658 256.000000 229.221056 74.284711 169.308493 0.000000 23.431524 71.546975 167.965365 256.000000 234.668046
42.081087 111.896287 64.000000 13.135594 39.210564 114.513091 256.000000 233.248214 86.345122 194.990869 64.000000 24.016667 45.345547 218.577109 256.000000 220.676251 136.441284 23.169393 0.000000 91.080046 130.696847 27.582215 256.000000 168.232835 26.818151 53.496820 0.000000 13.832602 23.386589 57.437762 256.000000 261.107031
