15.441565 60.737100 64.000000 17.197172 19.290629 56.520529 256.000000 232.452248 69.959264 71.879987 0.000000 29.652968 64.929100 94.237744 256.000000 220.607410 25.058431 61.405380 64.000000 34.088866 24.791035 63.617433 256.000000 210.113564 9.379298 173.432851 0.000000 13.527123 12.155849 177.451769 256.000000 257.023940
70.248993 139.091529 0.000000 9.357981 69.767495 139.003267 256.000000 270.103601 104.160093 115.248535 64.000000 35.121471 122.232162 106.482204 256.000000 227.482837 145.296136 157.815900 64.000000 21.628768 147.863720 160.246347 256.000000 248.651236 12.039702 77.171676 64.000000 10.825140 8.762440 76.430444 256.000000 229.264081
137.395960 34.404835 0.000000 21.138281 136.424262 38.703382 256.000000 233.153559 16.270458 34.220911 0.000000 14.379022 17.385667 24.841049 256.000000 237.907843 115.065707 123.381444 0.000000 31.034077 113.618075 123.153858 256.000000 225.972653 35.479602 214.118636 64.000000 15.902114 40.362047 214.904998 256.000000 239.671877
84.919511 59.400660 0.000000 10.747695 93.667787 60.232098 256.000000 225.344485 77.964065 95.354667 64.000000 31.640732 54.589147 88.954742 256.000000 211.047211 0.527938 131.834005 64.000000 13.423862 15.571369 178.060720 256.000000 233.170769 103.818156 211.669955 0.000000 14.774854 107.793322 210.984502 256.000000 234.995037
146.701682 106.894422 64.000000 14.353207 147.582804 106.098587 256.000000 237.395844 107.826658 49.240525 0.000000 21.086651 103.235115 53.739053 256.000000 234.005458 124.552331 18.643693 0.000000 15.699895 125.816549 21.362898 256.000000 242.773994 10.891485 114.408235 0.000000 8.807258 4.643218 118.886333 256.000000 244.925254
7.938798 104.321625 0.000000 22.622650 13.311209 97.605391 256.000000 218.150672 15.313413 51.961855 64.000000 78.650066 18.620264 55.702796 256.000000 198.066508 16.777522 164.832005 64.000000 67.846438 17.061224 166.623873 256.000000 193.712358 19.538933 112.978591 0.000000 8.927729 16.000482 122.827129 256.000000 246.185892
93.769435 43.266522 0.000000 46.028359 65.008236 48.115425 256.000000 232.955643 94.448531 17.315880 64.000000 12.890350 116.428391 12.718378 256.000000 248.539370 50.924882 101.907676 64.000000 42.749839 55.708311 110.575976 256.000000 207.415884 35.345242 30.536282 64.000000 28.723624 35.489909 35.892005 256.000000 211.369900
104.449642 160.840587 64.000000 11.935190 106.281931 159.681196 320.000000 246.818362 77.131278 58.960256 0.000000 12.688131 76.795344 61.449791 256.000000 239.387910 166.992813 62.228682 64.000000 21.542718 170.942407 87.973335 256.000000 234.874567 1.227538 160.930384 64.000000 27.759859 3.992445 160.228025 256.000000 240.622734
14.700300 100.951720 64.000000 14.994282 19.043924 109.312164 256.000000 243.892649 72.942876 174.510153 64.000000 8.678183 72.935331 175.652227 256.000000 243.307506 110.549725 96.654342 0.000000 23.633742 109.261975 96.022325 256.000000 239.280347 81.390229 137.047847 64.000000 12.055661 79.605222 138.995145 256.000000 236.543945
119.879175 70.464253 0.000000 22.515087 117.308413 73.066993 256.000000 227.280619 107.868685 160.927658 64.000000 40.904058 102.078180 158.922391 256.000000 225.030401 139.238309 175.074536 64.000000 33.189639 134.848182 175.626096 256.000000 228.016350 40.526467 31.338609 0.000000 15.893509 38.588982 34.124676 256.000000 220.129831
59.400756 66.257655 0.000000 17.455324 53.912031 65.897824 256.000000 230.739845 57.596967 26.205858 64.000000 10.493846 55.812840 22.991004 256.000000 248.956715 136.441284 23.169393 0.000000 91.080046 130.696847 27.582215 256.000000 168.232835 78.331831 218.536478 0.000000 22.644163 75.434613 220.440415 256.000000 228.072283
27.331929 65.996562 64.000000 13.742249 23.773544 67.504200 256.000000 258.551334 149.650309 1.519524 64.000000 13.436770 149.853516 1.891102 256.000000 241.861859 49.640147 113.028795 64.000000 11.074686 51.048415 120.879238 256.000000 235.743676 63.378140 126.080025 64.000000 27.424262 25.438229 150.300133 256.000000 232.955643
17.550233 91.741271 64.000000 14.516702 16.074480 97.997413 256.000000 251.835101 88.673895 31.046265 64.000000 31.124430 89.829105 38.183251 256.000000 226.101729 22.016113 95.993664 64.000000 18.049071 26.542911 95.793658 256.000000 238.170297 67.758640 82.435720 64.000000 31.090010 56.862264 72.994607 256.000000 233.437525
129.664558 14.607167 0.000000 10.773510 130.885924 7.580882 256.000000 242.356649 6.051564 142.714784 64.000000 17.971626 10.664324 144.332764 256.000000 234.934802 79.087798 151.677976 64.000000 41.058948 66.296780 148.088411 256.000000 206.060590 82.786665 81.488080 64.000000 57.227819 83.202158 82.519247 256.000000 195.923853
22.093891 106.327902 0.000000 23.582112 29.680762 106.491115 256.000000 244.353018 121.954842 151.493387 64.000000 40.357638 119.416884 144.441493 256.000000 224.139779 88.705989 182.485582 64.000000 9.826956 88.678933 181.881818 320.000000 263.619703 103.123578 77.453435 64.000000 14.383324 101.734740 79.157969 256.000000 245.777152
97.505313 206.358736 0.000000 44.750511 89.411362 196.387076 256.000000 217.995781 74.284711 169.308493 0.000000 23.431524 71.546975 167.965365 256.000000 234.668046 98.719675 17.192345 0.000000 9.207393 104.946087 19.220536 256.000000 243.354834 54.503698 94.686460 64.000000 18.522349 61.579213 97.908649 256.000000 236.139508
115.195935 46.579553 0.000000 20.368130 115.966793 58.107180 256.000000 229.582467 45.458933 138.201802 64.000000 60.080389 45.562527 137.298789 256.000000 200.247886 25.922793 23.339127 64.000000 22.295659 0.955447 22.627789 256.000000 223.649292 26.098249 156.443296 64.000000 21.727726 27.913878 157.807282 256.000000 230.899038
50.114744 29.301131 0.000000 22.588230 45.057295 26.449707 256.000000 244.150800 15.325745 54.599267 0.000000 16.607727 16.104395 57.975176 256.000000 229.410366 20.659878 95.350716 64.000000 12.326720 21.410673 101.232367 256.000000 266.708912 97.272409 215.068975 64.000000 38.628025 102.957489 200.669338 256.000000 217.161092
117.644735 80.892209 0.000000 48.824997 107.854322 60.464051 256.000000 208.108590 15.427098 72.530636 64.000000 10.932703 15.612838 74.913947 256.000000 238.131574 47.069705 153.587285 64.000000 12.903257 42.083744 158.445293 256.000000 237.391541 46.984007 231.106142 64.000000 25.488128 50.700480 227.337616 256.000000 238.243440
96.176180 211.030749 64.000000 22.037507 95.305153 209.990640 256.000000 241.100313 59.823938 43.006298 0.000000 23.788633 66.575558 77.741669 256.000000 231.841290 37.996775 99.937085 0.000000 18.487928 29.872171 97.319225 256.000000 247.205589 13.893111 20.264813 0.000000 25.354750 5.259384 26.044336 256.000000 236.298701
50.661320 13.343282 0.000000 94.427406 50.759442 17.372767 256.000000 154.550821 98.665180 24.831395 0.000000 11.836233 103.069560 27.066578 256.000000 251.430664 11.421742 95.545187 0.000000 12.907560 6.978993 95.032204 256.000000 245.381321 26.872300 89.450760 64.000000 15.174988 29.073358 92.878696 256.000000 235.786701
8.500004 194.436164 0.000000 8.940637 3.697340 198.214171 256.000000 247.635841 136.355593 110.076091 0.000000 9.409611 136.204238 114.196835 256.000000 240.859372 150.990085 103.558278 0.000000 30.500564 148.470456 100.893235 256.000000 237.043037 39.090456 122.459375 0.000000 22.274146 44.244333 116.993493 256.000000 251.516714
22.483109 64.867433 64.000000 11.543661 23.275484 62.874809 256.000000 260.909115 8.702293 178.268000 0.000000 35.762546 14.497282 171.700444 256.000000 201.616087 76.002253 53.184062 64.000000 27.364027 75.529227 72.915515 256.000000 228.631610 125.640809 92.240009 64.000000 34.790177 115.589791 95.612336 256.000000 226.884787
20.139365 137.626516 0.000000 18.548164 15.051198 135.749776 256.000000 234.732584 97.134275 46.614773 0.000000 32.957303 87.556209 55.701964 256.000000 208.409766 65.995273 17.603931 64.000000 34.626681 53.849513 26.514911 256.000000 201.310608 25.288271 88.044671 64.000000 43.300561 32.465227 79.979704 256.000000 206.684456
0.947956 2.850824 0.000000 30.311253 4.612867 8.332322 256.000000 224.621662 104.970118 135.263640 64.000000 21.069440 149.060313 131.708565 256.000000 222.861931 27.104142 141.954716 64.000000 12.658014 32.343491 146.555096 256.000000 258.994494 62.175969 122.179042 0.000000 8.751326 66.542633 136.104905 256.000000 234.026970
126.487669 34.262180 0.000000 14.903929 124.454476 33.293100 256.000000 248.552278 58.072520 28.000818 64.000000 29.601338 62.689567 31.190162 256.000000 254.102529 36.195558 138.182978 64.000000 52.873668 30.180204 108.928005 256.000000 213.189866 13.995740 66.305984 64.000000 40.013436 51.781107 24.213858 256.000000 230.382736
9.884460 14.019413 0.000000 18.642819 15.113724 13.098302 256.000000 222.814603 71.408536 20.798018 0.000000 23.659557 65.144698 20.323435 256.000000 215.990807 64.906593 33.819460 0.000000 18.246987 59.952438 33.324735 256.000000 251.017622 131.568742 81.351798 64.000000 14.891022 131.614380 87.796035 256.000000 234.672348
118.441589 48.513993 0.000000 11.388770 118.479262 43.487067 256.000000 239.392213 56.242111 42.000722 64.000000 12.817207 62.357973 41.430800 256.000000 249.386967 52.274480 107.104035 64.000000 22.773238 46.845367 106.007445 256.000000 231.583139 3.850358 56.808684 64.000000 13.544333 1.275049 50.796624 256.000000 238.828583
85.572673 23.943569 64.000000 14.594148 84.446675 24.315627 256.000000 205.415212 194.709915 55.586649 0.000000 28.839792 195.113953 59.811620 256.000000 231.041021 94.650325 193.325262 64.000000 12.649409 86.701016 214.280115 256.000000 241.121826 70.796949 80.826553 64.000000 14.409139 85.489256 81.324020 256.000000 232.163979
19.199209 174.966216 64.000000 14.581240 22.110704 177.375264 256.000000 227.973325 24.769756 43.084249 64.000000 9.435426 28.619367 42.210684 256.000000 239.000683 123.191898 58.099889 64.000000 9.568804 164.380047 16.179065 256.000000 235.334936 123.088153 165.292620 64.000000 16.513072 121.605984 165.592045 256.000000 232.228517
167.699796 156.043395 0.000000 38.778613 165.708720 156.841102 256.000000 209.864018 97.939984 163.197009 64.000000 9.947426 100.180824 162.525302 256.000000 228.106703 117.845560 128.212204 64.000000 18.092097 110.823287 146.537649 256.000000 223.984889 150.187825 63.431075 0.000000 16.242013 149.985287 65.688002 256.000000 241.272414
162.430935 5.023344 0.000000 52.378878 160.999302 7.583491 256.000000 201.086877 148.576569 79.538273 64.000000 16.001072 145.584018 82.853556 256.000000 230.103072 90.386780 130.897556 64.000000 50.034005 92.475251 139.258216 256.000000 230.365526 62.096035 95.335895 0.000000 11.956703 57.406738 94.117065 256.000000 256.378562
