34.808618 77.658471 0.000000 21.938549 44.048896 77.742629 256.000000 220.689158 103.450771 205.792969 0.000000 9.233208 103.033980 207.822158 256.000000 235.334936 19.356131 147.362667 64.000000 17.128332 6.568060 152.601082 256.000000 246.147169 43.672933 52.850082 0.000000 17.997441 64.132855 53.001762 256.000000 228.739173
54.965055 58.268042 0.000000 22.484970 93.410031 32.730662 256.000000 237.451776 88.705989 182.485582 64.000000 9.826956 88.678933 181.881818 320.000000 263.619703 162.517513 130.771364 0.000000 13.867022 161.404485 133.102918 256.000000 219.312352 47.737896 179.992589 64.000000 26.288397 52.527415 178.588125 256.000000 236.926869
50.040536 152.985855 0.000000 11.307023 58.641909 209.272485 256.000000 251.757655 11.048927 40.141433 0.000000 14.792064 11.507427 43.371684 256.000000 241.474632 9.163538 52.546031 0.000000 14.581240 9.106484 56.516145 256.000000 246.672077 65.030362 102.853178 0.000000 16.680870 65.243916 99.707951 256.000000 234.091508
139.671945 185.229656 64.000000 15.936534 144.578418 191.684131 256.000000 231.256147 102.155133 31.163438 64.000000 10.390586 102.148633 26.658016 256.000000 247.188379 21.047604 93.199838 0.000000 16.530282 20.598718 86.734373 256.000000 250.367941 45.588224 93.926962 0.000000 18.401878 43.714458 90.305822 256.000000 242.885859
22.667435 74.932415 0.000000 18.888063 27.659396 76.015916 256.000000 210.212522 79.022662 131.582060 0.000000 22.226818 78.345040 128.328071 256.000000 216.063949 85.885245 103.005378 64.000000 15.540702 88.346680 99.598531 256.000000 245.704010 124.827124 135.111280 0.000000 15.988164 119.556015 154.168536 256.000000 258.344813
90.623665 76.589364 0.000000 11.453308 89.523520 75.939436 256.000000 253.530294 94.357235 14.574693 64.000000 10.932703 92.307151 11.642522 256.000000 260.138964 36.803989 68.999505 64.000000 13.707829 32.946824 71.777545 256.000000 247.472345 5.021276 203.031544 0.000000 29.321674 16.870344 197.765195 256.000000 244.503607
85.808625 134.040855 0.000000 9.000872 86.307085 133.054605 256.000000 259.880813 154.722829 30.315882 0.000000 24.033877 151.791002 25.546089 256.000000 236.354634 95.135831 195.090295 64.000000 9.818351 100.592029 196.401156 256.000000 237.021524 75.342238 149.479293 64.000000 11.165039 76.686276 148.235775 256.000000 234.491643
170.873224 72.239276 0.000000 30.973841 170.252569 63.873482 256.000000 216.360823 43.383265 120.411653 0.000000 11.410283 47.831362 132.017058 256.000000 261.425418 116.549295 113.902927 64.000000 31.322346 96.423324 114.643404 256.000000 231.574534 114.644173 195.086160 0.000000 9.999056 118.646240 195.334407 256.000000 236.173928
152.761169 36.093205 64.000000 40.241470 145.420842 35.643447 256.000000 212.647748 133.685800 147.539351 0.000000 22.011692 131.633365 148.516713 256.000000 251.323101 94.888725 140.321900 64.000000 43.838376 88.362362 140.031658 256.000000 221.304419 26.688709 206.425647 0.000000 36.446647 21.504569 196.305678 256.000000 224.238737
24.243549 140.261405 64.000000 14.082148 28.745489 142.299055 256.000000 253.943335 88.437036 23.932658 0.000000 13.832602 89.975596 25.366416 256.000000 241.861859 16.284620 71.552735 64.000000 30.289741 19.257740 70.593173 256.000000 225.400418 60.996771 102.697642 64.000000 10.308838 64.664429 105.205053 256.000000 248.616816
34.786049 72.602835 0.000000 20.036836 39.927136 63.342615 256.000000 236.255676 112.257698 202.126671 0.000000 70.931345 112.812018 201.719435 256.000000 195.127887 164.101411 93.101604 0.000000 31.718177 133.859329 96.997445 256.000000 222.238066 62.236318 165.995322 0.000000 28.839792 53.503720 161.958231 256.000000 212.165866
29.013856 114.445456 64.000000 15.751526 31.069520 111.506675 256.000000 227.831342 143.637673 176.206000 64.000000 16.470047 143.462527 179.996942 256.000000 238.579037 69.380018 139.367293 0.000000 18.354550 72.203704 137.328740 256.000000 248.896479 7.084416 120.624135 0.000000 20.621978 11.450804 120.421480 256.000000 254.188579
101.137956 31.597565 64.000000 17.390786 100.454415 32.649235 256.000000 242.778296 42.335064 13.234591 0.000000 71.727311 42.084591 9.950822 256.000000 192.778711 86.790564 11.581613 64.000000 17.554282 79.572135 6.318925 256.000000 219.333865 65.204805 100.295509 0.000000 9.913006 64.851556 106.718382 256.000000 247.511068
139.347180 137.527115 64.000000 28.663388 145.918738 119.289540 256.000000 240.269927 43.455135 158.099945 64.000000 26.886447 47.875031 157.688055 256.000000 237.055944 85.896895 32.699375 0.000000 14.335997 94.612844 46.565147 256.000000 234.732584 99.795938 93.185245 64.000000 10.485241 97.333413 94.111665 256.000000 235.704953
132.299351 112.659469 64.000000 10.394888 132.538487 111.445355 256.000000 223.550334 173.369822 30.360882 0.000000 20.230449 174.107036 30.669311 256.000000 201.663415 80.531773 195.532182 64.000000 40.039251 76.005631 198.973893 256.000000 179.242983 1.541593 120.054835 0.000000 8.897611 1.001002 119.057424 256.000000 249.059975
38.531262 139.901615 0.000000 9.009477 32.591716 147.580916 256.000000 261.507166 166.791573 139.291882 0.000000 17.162752 166.364198 137.962089 256.000000 227.319342 155.662235 67.794187 64.000000 13.019426 155.675089 67.320353 256.000000 246.676379 58.552840 68.627649 0.000000 14.168198 54.684716 66.679809 256.000000 243.862531
2.808724 151.635740 0.000000 23.009877 3.930593 148.924642 256.000000 253.031201 45.384304 146.176827 0.000000 27.850212 42.212729 144.778989 256.000000 225.262737 6.841082 177.779858 0.000000 17.799525 14.722051 187.105925 256.000000 243.488212 77.263780 164.090958 64.000000 12.524636 70.943175 169.606653 256.000000 236.259978
68.401271 95.283536 64.000000 10.885376 66.842531 96.287007 256.000000 231.548719 47.507925 102.150264 64.000000 17.330551 48.798951 96.072462 256.000000 232.013391 39.362096 172.338411 64.000000 14.155291 34.278104 172.827585 256.000000 226.510468 95.686764 40.861300 64.000000 28.667691 97.710589 45.241753 256.000000 207.725666
42.799125 150.224695 0.000000 16.887391 46.191645 148.552109 256.000000 234.255004 37.687069 223.087689 64.000000 12.313812 37.629627 223.976485 256.000000 243.793691 67.789969 163.448227 64.000000 24.584599 59.137147 163.196227 256.000000 235.851239 131.240740 83.606082 0.000000 21.086651 129.436236 84.686356 256.000000 240.695876
23.808085 126.217093 0.000000 9.839863 26.788376 127.805269 256.000000 230.344013 48.310635 71.409182 0.000000 13.922955 39.374124 71.066660 256.000000 246.826967 13.324131 58.957018 64.000000 32.888463 3.053933 54.555411 256.000000 225.206804 107.981827 157.480871 0.000000 23.237911 107.476584 152.200029 256.000000 234.689558
105.860751 90.166991 64.000000 20.574651 103.199769 85.817289 256.000000 230.012719 128.003165 19.445631 64.000000 51.092425 108.348384 21.324869 256.000000 211.791547 71.916251 75.374965 64.000000 25.049271 66.209195 78.252682 256.000000 232.254332 73.062711 138.290604 0.000000 31.214783 73.222695 132.999991 256.000000 244.417556
8.113747 53.216009 64.000000 11.909375 10.561229 53.852869 256.000000 250.544345 63.086496 102.322907 0.000000 91.630768 64.676442 101.286049 256.000000 159.937576 158.317913 63.045402 64.000000 15.114753 158.071907 62.875995 256.000000 254.584411 149.650309 1.519524 64.000000 13.436770 149.853516 1.891102 256.000000 241.861859
15.251038 88.282773 0.000000 11.225275 7.638380 99.938511 256.000000 244.159405 130.833116 153.031973 0.000000 14.598450 130.255984 152.440907 256.000000 235.498432 11.907249 75.571945 0.000000 12.434283 4.979411 76.533891 256.000000 237.283978 59.368589 211.359625 64.000000 15.269643 56.544825 212.494982 256.000000 248.797522
89.700211 94.653529 64.000000 23.973641 92.076336 95.113953 256.000000 215.212050 95.294035 206.005509 64.000000 21.994482 96.741102 204.844753 256.000000 241.474632 75.502220 112.963455 64.000000 25.720465 74.815976 108.018075 256.000000 243.333321 43.299495 198.557840 0.000000 79.945124 49.760851 197.568384 256.000000 183.549806
42.336000 130.452362 64.000000 33.998513 39.173491 128.995505 256.000000 216.498504 39.366278 134.066078 0.000000 37.913806 52.126691 122.604282 256.000000 214.700051 5.028629 103.858620 0.000000 20.475693 9.703865 102.446484 256.000000 240.519473 58.616905 144.653511 0.000000 31.412699 33.791391 110.735169 256.000000 211.593631
44.917489 81.508751 0.000000 11.208065 42.461733 80.206185 256.000000 248.952412 0.716813 139.336753 64.000000 11.427493 0.494867 138.421009 320.000000 245.734127 26.872300 89.450760 64.000000 15.174988 29.073358 92.878696 256.000000 235.786701 54.435540 127.818967 64.000000 13.484098 57.695185 126.590025 256.000000 239.159877
43.971589 9.083276 64.000000 43.283351 52.534462 21.499160 256.000000 219.290839 104.022325 99.088260 0.000000 24.902986 104.811847 94.821456 256.000000 244.340111 135.388784 85.391753 0.000000 11.350048 142.696445 94.082167 256.000000 246.280547 102.486791 54.476955 0.000000 11.935190 102.379473 50.500020 256.000000 237.907843
103.973642 50.783127 0.000000 12.993610 94.235671 34.254273 256.000000 236.681625 164.055222 41.706422 64.000000 11.449006 164.696631 42.703036 256.000000 246.637656 100.805047 73.027649 0.000000 29.205506 85.628064 64.617882 256.000000 236.926869 9.004029 65.018544 0.000000 21.641676 11.981649 54.025704 256.000000 231.664887
59.277985 172.028795 0.000000 12.868837 78.513427 183.170325 256.000000 255.823537 10.891485 114.408235 0.000000 8.807258 4.643218 118.886333 256.000000 244.925254 41.346738 188.365358 0.000000 12.442888 41.895271 190.523922 256.000000 252.166395 15.225238 88.469391 0.000000 16.939021 5.100496 85.295575 256.000000 247.390597
72.044024 126.393365 64.000000 16.797038 70.978047 123.051473 256.000000 238.209020 120.888104 38.837805 64.000000 37.591117 125.576500 46.390669 256.000000 219.445730 62.175969 122.179042 0.000000 8.751326 66.542633 136.104905 256.000000 234.026970 123.191898 58.099889 64.000000 9.568804 164.380047 16.179065 256.000000 235.334936
146.444667 37.685045 64.000000 38.851756 106.277769 39.989149 256.000000 195.583954 97.741644 158.649615 64.000000 19.778684 108.306293 157.300122 256.000000 248.698564 18.316640 171.098609 0.000000 27.187624 19.114044 169.402533 256.000000 233.730096 79.680093 111.185675 64.000000 29.119455 81.814385 103.563220 256.000000 218.830470
105.743756 7.283765 64.000000 30.582312 100.690031 6.537680 256.000000 221.893864 151.391944 36.772813 0.000000 16.048400 151.930191 41.185549 256.000000 243.514027 106.500104 13.520082 64.000000 10.278720 115.499509 4.555662 256.000000 237.886331 111.657409 68.406251 64.000000 20.927457 112.543155 50.986387 256.000000 212.652051
