135.399129 23.478411 64.000000 44.797838 119.473100 32.817096 256.000000 221.906772 73.115662 177.791065 64.000000 35.478580 113.752104 141.925847 256.000000 213.516858 56.800791 182.492545 0.000000 11.083292 57.420520 182.318491 256.000000 231.540114 182.806058 27.704853 0.000000 17.894181 182.008235 30.105338 256.000000 244.963976
86.190631 213.149231 0.000000 10.988636 101.308224 219.073276 256.000000 261.537283 149.080335 89.049538 0.000000 21.189911 151.826773 73.488038 256.000000 232.628651 89.623795 139.454258 64.000000 10.648737 90.329713 138.307607 256.000000 234.745491 21.484733 35.989364 64.000000 30.853371 26.704800 35.424836 256.000000 217.664487
96.207005 214.100720 0.000000 17.537072 95.215042 214.853131 256.000000 237.245255 136.530042 62.118431 64.000000 15.458954 140.978960 54.573778 256.000000 253.491571 81.962985 53.185318 0.000000 18.371760 81.113389 50.663324 256.000000 258.555637 133.756925 68.398456 64.000000 17.339156 133.293251 69.241476 256.000000 240.799137
63.651904 31.388651 64.000000 26.198044 64.316944 33.089840 256.000000 228.377762 0.729242 123.579647 64.000000 15.635358 3.636278 125.899165 256.000000 237.972381 41.000551 62.106598 0.000000 40.245772 8.264296 70.235424 256.000000 202.467986 48.127987 124.251355 64.000000 29.080733 63.843180 127.881425 256.000000 212.720891
82.811735 48.119747 0.000000 36.678983 62.570049 64.930675 256.000000 214.291311 51.628005 115.314165 64.000000 23.973641 56.216255 113.246545 256.000000 257.333721 76.739367 192.612287 0.000000 29.054918 74.088898 196.664945 256.000000 231.359408 12.593742 25.548544 0.000000 10.054989 9.894156 19.598156 256.000000 241.995237
8.502069 90.911564 0.000000 15.230921 10.781718 92.459229 256.000000 259.609754 30.936525 60.526709 64.000000 35.177404 33.033687 48.277960 256.000000 222.668318 88.265982 131.198687 0.000000 13.040938 83.687658 135.297049 256.000000 238.888818 131.240740 83.606082 0.000000 21.086651 129.436236 84.686356 256.000000 240.695876
12.881842 105.930407 64.000000 11.608199 8.669916 114.052153 256.000000 220.951612 29.258447 27.519633 64.000000 20.609071 31.479393 29.339431 256.000000 249.679538 85.885245 103.005378 64.000000 15.540702 88.346680 99.598531 256.000000 245.704010 135.740096 67.877742 0.000000 19.963693 132.309369 68.482191 256.000000 235.145626
80.411007 29.077860 0.000000 22.046112 77.330587 28.273902 256.000000 215.607882 31.174500 203.683615 64.000000 29.510985 26.053256 202.856484 256.000000 234.594903 27.104142 141.954716 64.000000 12.658014 32.343491 146.555096 256.000000 258.994494 86.054456 21.124729 64.000000 39.690747 54.594147 39.677087 256.000000 218.361495
104.785604 18.724473 64.000000 21.663188 118.663820 26.782029 256.000000 239.740717 92.764442 30.652949 64.000000 24.610414 90.143807 31.276956 256.000000 227.504350 85.596158 69.689751 64.000000 66.250203 83.733004 56.808225 256.000000 184.276932 108.938509 133.369435 0.000000 25.879658 97.929782 137.753709 256.000000 215.203445
52.958107 148.508600 64.000000 35.069841 57.502473 147.311713 256.000000 214.695748 1.639402 42.378987 0.000000 30.844766 17.879560 26.650825 256.000000 230.481694 80.250662 16.389656 64.000000 25.759187 84.776158 25.431627 256.000000 207.549262 90.386780 130.897556 64.000000 50.034005 92.475251 139.258216 256.000000 230.365526
28.998175 10.119724 0.000000 9.233208 25.867293 10.235164 256.000000 241.259506 178.058829 77.974862 64.000000 18.135122 168.864556 77.221022 256.000000 246.986161 37.318147 52.695351 0.000000 15.510585 32.938264 54.333778 256.000000 231.105559 32.214858 144.679020 0.000000 9.577410 26.408335 148.205773 256.000000 240.386095
63.531215 46.181540 64.000000 25.875355 51.510355 44.914173 256.000000 237.000012 106.775605 171.766160 0.000000 48.941165 106.698498 118.872313 256.000000 206.073498 64.471196 29.882858 64.000000 20.075558 62.858795 33.901947 256.000000 233.471945 152.635251 39.261951 64.000000 15.011492 152.336173 39.033353 256.000000 266.300173
108.269135 30.678375 64.000000 27.131691 115.198393 39.756293 256.000000 224.823880 118.695635 114.105515 64.000000 29.128060 116.722551 111.776100 256.000000 229.414669 88.202884 102.429004 64.000000 9.353678 94.212578 103.139895 256.000000 274.522289 73.237218 38.405280 0.000000 21.284566 63.287504 29.840224 256.000000 240.480750
117.000398 2.317711 64.000000 16.143055 116.678162 2.524773 256.000000 229.857828 101.452973 44.527807 64.000000 28.882817 96.066711 55.293458 256.000000 216.472689 114.181805 87.695629 64.000000 9.792536 114.121525 88.979365 256.000000 246.259035 162.018649 173.535336 64.000000 38.227890 159.539758 173.632935 256.000000 219.914705
24.752631 164.304925 0.000000 35.672193 26.991518 159.301218 256.000000 225.675779 53.268951 4.058127 64.000000 65.665060 52.366829 3.870707 256.000000 178.382479 83.095093 53.948709 64.000000 16.685173 84.520042 45.816391 256.000000 217.242840 11.234502 162.589795 64.000000 41.747352 14.092980 159.458022 256.000000 204.855885
77.391462 12.222647 0.000000 22.885104 75.507789 17.225609 256.000000 225.615544 119.767975 187.331020 64.000000 22.833474 113.900707 193.559456 256.000000 236.591272 41.346738 188.365358 0.000000 12.442888 41.895271 190.523922 256.000000 252.166395 42.632949 164.737391 64.000000 46.437098 39.801280 154.872471 256.000000 220.116923
187.516047 113.130964 0.000000 16.706685 188.188105 119.355173 256.000000 248.664143 16.786573 58.129567 0.000000 19.085979 5.849565 58.308158 256.000000 236.315911 13.524527 207.070151 0.000000 19.993810 13.422815 206.461456 256.000000 240.545288 3.670638 119.854302 0.000000 18.165239 12.205184 130.190871 256.000000 239.271742
149.456396 4.524131 64.000000 37.746008 141.562658 24.179962 256.000000 228.450904 93.061676 42.108484 64.000000 15.803156 123.553629 31.814822 256.000000 228.506837 66.747329 138.622520 64.000000 40.125302 73.366047 150.043260 256.000000 212.991950 33.234049 110.014884 64.000000 17.872668 33.733976 105.940980 256.000000 235.649020
43.219804 154.735115 64.000000 10.059292 44.747007 154.264742 256.000000 246.874295 39.181495 122.603773 64.000000 15.403022 43.709013 123.401373 256.000000 252.742932 105.897573 56.397411 64.000000 11.165039 108.012365 53.540315 256.000000 240.945423 10.347745 217.035631 64.000000 11.986821 12.258838 218.012185 256.000000 269.187164
25.015069 101.253704 64.000000 11.134922 26.168918 103.840800 256.000000 235.231676 111.716733 20.589653 0.000000 40.589974 103.463605 23.205078 256.000000 206.602708 37.005765 21.943620 64.000000 13.230249 36.310262 23.348309 256.000000 237.770163 16.518871 58.171058 64.000000 23.203490 21.380204 59.078296 256.000000 230.159005
94.448531 17.315880 64.000000 12.890350 116.428391 12.718378 256.000000 248.539370 31.311664 3.335707 64.000000 13.342115 35.148936 1.302473 256.000000 263.679938 70.758284 173.444356 0.000000 13.316299 151.137287 224.848138 256.000000 259.213922 48.990553 11.651075 64.000000 16.267828 47.664445 12.576215 256.000000 244.495002
63.530215 180.970587 64.000000 13.264669 79.526607 196.449776 256.000000 250.131303 139.347180 137.527115 64.000000 28.663388 145.918738 119.289540 256.000000 240.269927 74.577342 154.326542 0.000000 8.850284 75.917804 154.666678 256.000000 243.187035 154.141022 74.239222 64.000000 82.974098 163.877820 79.589105 256.000000 183.055016
19.939627 76.819885 0.000000 12.567661 7.207902 75.780896 256.000000 222.431679 46.049033 4.126431 64.000000 25.363355 42.629593 5.808533 256.000000 240.928212 53.973185 170.981429 64.000000 23.556297 69.816095 171.340127 256.000000 238.277860 104.500402 85.448445 64.000000 19.765777 103.286240 84.321731 256.000000 246.986161
14.700300 100.951720 64.000000 14.994282 19.043924 109.312164 256.000000 243.892649 54.832407 188.552382 0.000000 27.592061 58.797882 184.788067 256.000000 228.012047 25.916238 85.930833 64.000000 8.850284 26.179273 88.327044 256.000000 20.643491 34.799767 138.618947 0.000000 22.639860 52.441535 132.254211 256.000000 232.994366
24.845113 30.073053 0.000000 9.061107 16.153091 15.217713 256.000000 257.161620 70.718375 21.785533 0.000000 36.407924 59.130627 27.580813 256.000000 211.533396 145.722400 107.301498 0.000000 26.490616 146.534785 98.552553 256.000000 249.305219 166.631605 128.515858 64.000000 37.337269 162.924893 128.156316 256.000000 219.239209
108.173004 161.623525 64.000000 10.067897 112.719587 161.493844 256.000000 225.064821 90.170676 58.843735 0.000000 35.078446 84.162544 61.515293 256.000000 207.209363 15.427098 72.530636 64.000000 10.932703 15.612838 74.913947 256.000000 238.131574 134.747718 55.433624 0.000000 12.219157 137.303113 59.794524 256.000000 257.751066
93.082513 66.563940 64.000000 27.906145 95.025660 70.839235 256.000000 221.627108 180.565675 49.925264 0.000000 35.599050 175.744987 52.588249 256.000000 218.103344 75.502220 112.963455 64.000000 25.720465 74.815976 108.018075 256.000000 243.333321 8.300127 89.801678 64.000000 19.296802 6.376993 99.236922 256.000000 255.556780
43.838033 58.717905 64.000000 18.010349 44.789135 46.405373 256.000000 226.923510 18.536084 145.631444 0.000000 24.386683 21.125956 148.255602 256.000000 238.217625 16.206691 55.065833 64.000000 21.465272 8.386422 57.140327 256.000000 235.231676 129.389435 79.868800 0.000000 18.259895 129.046084 86.194867 256.000000 230.481694
130.691471 114.655087 0.000000 18.281407 130.434216 113.352582 256.000000 240.553893 17.120158 117.234462 64.000000 22.730213 10.013231 114.091522 256.000000 247.059303 163.979844 115.131871 0.000000 39.178747 158.267951 114.744727 256.000000 225.972653 72.675980 95.396744 0.000000 14.607055 72.508698 92.366136 256.000000 244.856413
2.507265 170.963735 0.000000 43.825469 4.644995 166.098387 256.000000 207.433094 66.095044 137.107722 0.000000 20.114281 71.653827 134.339315 256.000000 238.669389 104.989685 57.777318 0.000000 23.052902 109.966716 71.230445 256.000000 238.213322 134.043578 154.824127 64.000000 17.317643 138.955380 149.716720 256.000000 219.746906
79.896958 84.966682 64.000000 18.539559 76.528782 81.907047 256.000000 215.332521 28.774467 37.713642 64.000000 10.571292 27.133800 38.544455 256.000000 241.922095 83.252893 77.560065 64.000000 30.625337 81.332967 78.212635 256.000000 210.638472 95.929687 213.893804 64.000000 25.879658 80.842533 225.604453 256.000000 213.207076
129.428209 87.131980 64.000000 13.311997 130.015309 85.546900 256.000000 239.060919 48.583065 153.667713 0.000000 14.262854 80.038453 169.902678 256.000000 232.934130 33.310655 104.446411 0.000000 25.113809 48.469173 96.168082 256.000000 227.745291 151.705800 11.905265 0.000000 23.194885 150.335380 15.406575 256.000000 245.222127
