157.195813 84.070553 0.000000 9.022384 157.625667 85.818222 256.000000 246.852782 82.006600 64.011020 0.000000 23.160465 70.984858 56.617796 256.000000 233.058903 96.108780 132.438538 64.000000 27.196229 95.087256 131.429767 256.000000 232.839475 64.687129 6.903504 0.000000 27.996498 101.731467 39.558956 256.000000 225.103544
60.049407 67.957269 64.000000 19.739962 61.863324 76.049518 256.000000 222.917864 159.655249 45.624331 64.000000 17.941508 158.225095 45.414704 256.000000 238.643574 11.105455 222.572656 0.000000 16.805643 12.502147 222.603687 256.000000 247.141051 76.791427 74.122149 0.000000 37.074815 74.646985 80.433176 256.000000 233.760214
129.813982 89.579080 0.000000 10.257208 130.975567 85.667891 256.000000 225.959745 57.787293 57.263756 64.000000 12.253577 57.912429 59.420358 256.000000 265.469787 30.576245 129.767600 64.000000 13.725039 31.886511 128.416784 256.000000 235.976012 121.905204 149.244460 64.000000 9.499964 123.538280 148.079947 256.000000 251.469386
90.386780 130.897556 64.000000 50.034005 92.475251 139.258216 256.000000 230.365526 152.656667 158.998049 64.000000 24.795423 150.535884 162.211825 256.000000 244.744548 14.445035 170.771375 64.000000 18.457811 34.498649 176.156344 256.000000 251.538227 122.622000 195.077075 0.000000 31.425606 113.144467 197.893682 256.000000 231.824080
10.988336 68.355613 0.000000 9.228905 11.368115 70.763780 256.000000 242.236179 151.437395 175.897024 0.000000 24.107020 151.524140 171.948742 256.000000 207.032960 85.091258 65.101065 64.000000 28.452565 81.591024 65.294395 256.000000 249.442900 35.597676 70.812565 64.000000 16.328063 31.774456 69.988342 256.000000 242.989120
172.437149 31.840602 64.000000 26.464801 166.798153 26.700680 256.000000 224.363510 145.748951 134.024447 64.000000 29.248531 135.611013 147.474765 256.000000 215.250773 58.190895 106.960424 0.000000 13.372232 65.077900 105.858507 256.000000 263.615400 48.235713 18.860096 64.000000 21.689003 48.195111 21.396524 256.000000 250.195841
197.784171 80.955765 64.000000 23.689675 196.749293 77.894807 256.000000 244.275573 61.050662 131.050965 0.000000 12.429980 71.946013 130.583458 256.000000 221.467914 13.622524 208.336789 0.000000 44.466544 39.434007 191.496649 256.000000 224.204317 21.004871 196.292951 64.000000 20.656399 18.750184 195.534818 256.000000 232.650164
87.384409 35.407878 0.000000 12.128804 89.055658 36.643133 256.000000 234.827239 79.343991 159.104931 0.000000 30.560800 75.940213 154.874567 256.000000 237.882028 25.034080 52.760007 0.000000 15.506282 26.401822 56.031124 256.000000 233.325660 57.001665 80.077602 64.000000 39.385268 43.034880 82.926980 256.000000 208.895951
91.709065 69.476822 64.000000 10.863863 90.823562 68.257062 256.000000 248.672748 57.835878 184.764602 64.000000 8.665275 55.818347 187.807615 256.000000 245.037119 148.740002 103.166345 64.000000 12.150316 150.509429 100.763251 256.000000 240.579708 79.770724 217.950949 0.000000 20.763962 85.337900 215.953082 256.000000 241.276717
5.470371 185.947998 64.000000 20.449878 1.686704 180.753358 256.000000 242.180246 114.910576 61.105809 0.000000 30.608127 111.520813 63.836645 256.000000 216.365126 150.187825 63.431075 0.000000 16.242013 149.985287 65.688002 256.000000 241.272414 13.291520 77.492585 0.000000 15.773038 15.412796 75.082600 256.000000 230.929156
148.444205 145.289075 0.000000 39.832730 154.195676 140.770429 256.000000 210.281362 113.603618 169.582007 64.000000 22.183793 112.495885 167.659676 256.000000 247.356177 81.811805 129.247435 64.000000 12.675224 79.551275 133.135431 256.000000 244.658497 84.101858 151.321804 0.000000 12.477308 84.344827 150.229436 256.000000 241.543473
39.733024 143.936327 0.000000 16.758315 37.658924 140.843585 256.000000 244.989791 76.394438 87.966216 64.000000 16.117240 75.379951 95.895389 256.000000 249.296614 74.835955 67.031935 64.000000 9.194485 75.739980 67.593013 320.000000 256.580780 49.935911 89.968020 64.000000 18.857945 42.513369 88.536138 256.000000 251.064950
25.697802 177.816249 0.000000 18.492231 23.762302 175.991015 256.000000 226.510468 42.240029 49.924167 0.000000 16.728198 37.013631 51.955882 256.000000 225.116451 4.966942 141.416887 0.000000 14.077845 1.257238 139.361949 256.000000 238.273558 17.874247 199.284860 0.000000 14.718921 30.161476 201.143727 256.000000 228.524047
40.341053 154.911600 64.000000 8.768536 33.807640 164.238951 256.000000 243.118195 129.047360 119.633291 64.000000 26.619691 124.054211 118.494016 256.000000 231.957458 187.493262 113.331791 64.000000 13.230249 189.867745 111.154818 256.000000 230.860316 135.421536 60.449271 0.000000 15.575122 137.826645 65.887309 256.000000 234.375474
100.299384 151.551629 64.000000 17.016467 111.467009 149.942698 256.000000 245.420043 84.919511 59.400660 0.000000 10.747695 93.667787 60.232098 256.000000 225.344485 32.428169 119.435591 64.000000 26.882145 33.380325 115.003138 256.000000 233.893592 63.032120 138.717289 0.000000 18.935391 54.930244 147.083993 256.000000 244.809085
120.131300 95.922253 64.000000 22.756028 119.344667 94.481144 256.000000 228.369157 96.590756 108.846300 0.000000 17.033677 99.727211 102.094949 256.000000 227.637728 85.572673 23.943569 64.000000 14.594148 84.446675 24.315627 256.000000 205.415212 182.806058 27.704853 0.000000 17.894181 182.008235 30.105338 256.000000 244.963976
86.240676 107.697598 0.000000 17.567189 75.580435 136.538080 256.000000 241.651036 109.952689 33.821436 0.000000 10.674552 108.853456 31.638195 256.000000 238.574734 132.299351 112.659469 64.000000 10.394888 132.538487 111.445355 256.000000 223.550334 80.593551 159.330324 0.000000 10.218485 81.930224 158.629809 256.000000 224.075242
48.495924 154.585929 64.000000 37.001672 46.166982 153.873549 256.000000 216.601764 9.280864 66.225465 0.000000 17.029374 6.905862 63.754227 256.000000 237.628180 179.955591 65.637891 64.000000 36.442344 176.763462 68.254240 256.000000 205.742204 73.320389 15.663595 64.000000 10.016267 74.424591 16.025498 256.000000 241.096011
66.403798 222.730384 0.000000 38.167655 54.441831 219.630693 256.000000 222.070267 33.434273 104.462471 64.000000 14.546820 13.259400 112.166098 256.000000 233.394500 41.312635 159.526489 64.000000 9.465544 43.598678 160.349695 256.000000 243.699035 70.071464 81.608049 0.000000 8.970754 70.774315 79.532845 256.000000 223.933258
108.862473 157.229380 0.000000 12.954888 106.402300 159.318560 256.000000 244.348716 185.595218 68.547236 0.000000 25.526851 182.730076 67.714244 256.000000 194.689030 79.896958 84.966682 64.000000 18.539559 76.528782 81.907047 256.000000 215.332521 96.336289 155.169251 0.000000 16.065610 97.191987 153.944267 256.000000 248.186564
82.122811 103.064245 64.000000 16.633542 89.065105 96.489956 256.000000 223.769763 31.174500 203.683615 64.000000 29.510985 26.053256 202.856484 256.000000 234.594903 26.818151 53.496820 0.000000 13.832602 23.386589 57.437762 256.000000 261.107031 37.687069 223.087689 64.000000 12.313812 37.629627 223.976485 256.000000 243.793691
93.654445 193.146858 64.000000 28.998985 95.606309 190.996396 256.000000 234.883172 86.915593 157.158807 64.000000 15.071728 84.865016 159.174618 256.000000 236.044852 76.400231 74.012376 64.000000 11.169342 75.350967 73.451044 256.000000 247.330362 56.140467 37.750471 0.000000 18.358853 44.333902 31.624933 256.000000 236.453592
69.806155 115.182895 64.000000 27.351120 69.585222 121.251102 256.000000 243.152615 21.426833 71.801689 0.000000 13.178619 28.353511 73.046296 256.000000 238.682297 103.157171 43.395056 64.000000 43.231721 98.445544 42.642645 256.000000 211.800152 171.728115 68.792098 0.000000 28.650481 169.037522 70.539840 256.000000 214.717261
77.918525 134.758082 0.000000 18.780500 111.121629 132.958445 256.000000 221.278604 76.739367 192.612287 0.000000 29.054918 74.088898 196.664945 256.000000 231.359408 97.946382 33.755636 64.000000 69.825597 101.721093 34.006345 256.000000 181.402848 122.023353 179.761607 0.000000 21.099558 122.151736 177.342455 256.000000 227.607611
62.775556 61.175355 0.000000 14.056333 84.230760 59.227985 256.000000 237.740045 44.036709 154.400795 64.000000 14.095056 42.259165 154.117025 256.000000 232.860987 35.509058 54.475393 0.000000 10.450821 38.037085 58.809929 256.000000 231.755240 80.988215 110.907913 64.000000 37.449134 75.722393 122.708896 256.000000 210.638472
73.839067 175.622813 64.000000 22.433339 74.441098 174.214558 256.000000 230.124585 73.997307 120.758804 0.000000 10.330351 74.055360 117.998982 256.000000 224.070939 54.516300 54.771025 0.000000 13.643291 60.864553 56.003304 256.000000 260.973653 40.217449 80.783911 64.000000 14.039123 41.231451 96.204969 256.000000 223.812788
21.330265 88.056145 64.000000 25.556969 28.146900 85.063984 256.000000 219.548991 53.398900 83.365705 0.000000 17.808130 45.555049 86.423829 256.000000 240.016078 73.092509 83.654636 64.000000 25.303120 71.742478 85.635738 256.000000 240.936817 117.919722 159.897760 0.000000 27.359725 138.322982 138.570109 256.000000 226.592216
24.769756 43.084249 64.000000 9.435426 28.619367 42.210684 256.000000 239.000683 48.310635 71.409182 0.000000 13.922955 39.374124 71.066660 256.000000 246.826967 32.105822 101.001431 0.000000 43.524292 36.515749 70.466213 256.000000 223.563242 49.624867 137.102402 64.000000 17.670450 67.491335 147.298295 256.000000 236.879541
53.661955 28.600135 0.000000 15.110450 62.388900 31.115484 256.000000 254.851167 21.047604 93.199838 0.000000 16.530282 20.598718 86.734373 256.000000 250.367941 2.679135 106.029835 64.000000 17.734987 4.327113 104.193325 256.000000 234.969222 13.093662 127.743164 0.000000 10.928401 16.370362 129.791913 256.000000 248.689959
97.939984 163.197009 64.000000 9.947426 100.180824 162.525302 256.000000 228.106703 111.808555 161.640847 0.000000 32.927186 104.192224 161.358289 256.000000 223.541729 153.207136 13.822047 64.000000 18.875155 152.823493 13.408478 256.000000 236.126600 112.060669 36.213835 0.000000 30.646850 101.057571 42.127413 256.000000 219.622133
118.423085 100.320709 0.000000 15.372904 123.858064 95.498062 256.000000 226.144754 79.047073 40.867598 0.000000 35.814176 23.629425 63.112305 256.000000 206.271414 126.685978 52.513716 64.000000 13.049543 127.249775 47.647140 256.000000 225.125056 150.091502 110.363545 64.000000 22.252633 150.409635 105.560676 256.000000 236.556852
0.476515 82.515269 64.000000 10.816535 2.513855 87.710658 256.000000 263.976812 114.879025 144.677905 64.000000 16.061307 113.676151 145.417282 256.000000 252.764445 114.899218 39.595875 0.000000 17.864063 111.727769 34.528125 256.000000 237.925053 104.022325 99.088260 0.000000 24.902986 104.811847 94.821456 256.000000 244.340111
