56.470044 56.806998 64.000000 9.164368 56.512636 58.554900 256.000000 237.722835 135.751795 60.646900 64.000000 13.518518 135.577196 58.976056 256.000000 261.786829 155.426913 160.143784 64.000000 11.978216 155.783631 159.557398 256.000000 256.180646 171.840149 95.520485 0.000000 13.492703 175.012815 89.762778 256.000000 239.172784
165.545651 67.371949 64.000000 28.852699 161.488829 63.384355 256.000000 227.525863 149.650309 1.519524 64.000000 13.436770 149.853516 1.891102 256.000000 241.861859 1.583180 74.269195 64.000000 21.275961 20.620696 82.690951 256.000000 226.248014 1.233144 119.627404 0.000000 42.100158 7.022495 115.315484 256.000000 208.788388
18.316640 171.098609 0.000000 27.187624 19.114044 169.402533 256.000000 233.730096 51.077496 152.710075 0.000000 9.091225 59.288522 156.780133 256.000000 246.125657 119.029505 138.226840 64.000000 17.562887 118.002580 137.358964 256.000000 223.580452 66.598675 69.759415 0.000000 28.671993 57.290647 64.069295 256.000000 205.410910
6.400200 12.614965 0.000000 43.872796 11.777736 26.763136 256.000000 233.144954 54.609775 137.292407 64.000000 8.936334 49.852000 143.404751 256.000000 246.512883 188.475942 75.457798 0.000000 16.676568 195.724895 67.573100 256.000000 249.021253 70.904251 126.044671 0.000000 8.802956 69.204889 125.821742 256.000000 249.812916
102.155133 31.163438 64.000000 10.390586 102.148633 26.658016 256.000000 247.188379 77.889853 85.567953 64.000000 16.285038 80.469011 80.094949 256.000000 244.641287 21.325813 112.887322 0.000000 14.069240 5.971511 120.541265 256.000000 230.485996 72.590818 166.390344 0.000000 12.881745 71.052045 166.887513 256.000000 245.428648
10.305145 158.306155 64.000000 9.302048 13.138709 162.752987 256.000000 251.559739 101.694889 61.367400 64.000000 29.287254 96.478349 57.961256 256.000000 231.643374 82.192055 221.843425 64.000000 15.609543 84.863675 220.734840 256.000000 238.587642 139.233920 86.963915 0.000000 32.565774 136.470338 90.050258 256.000000 224.578636
10.303135 4.294389 64.000000 28.190111 19.182160 3.171773 256.000000 225.826367 25.823909 87.685482 0.000000 12.176132 29.892762 87.371789 256.000000 223.141595 111.895833 86.860556 64.000000 38.309638 102.186047 90.160902 256.000000 226.553493 34.786049 72.602835 0.000000 20.036836 39.927136 63.342615 256.000000 236.255676
152.052822 84.103220 64.000000 26.210952 149.486902 91.305484 256.000000 227.934602 162.411309 109.305433 64.000000 15.992467 162.289307 110.974229 256.000000 243.810901 111.966315 66.729235 64.000000 15.841879 112.118400 69.714047 256.000000 251.525319 102.200178 182.719387 64.000000 42.147486 96.730018 177.133100 256.000000 207.549262
72.768691 183.442273 0.000000 22.540902 85.008535 179.415085 256.000000 236.380449 46.178275 29.422133 0.000000 11.031661 54.897660 25.254749 256.000000 247.812244 45.119973 83.292022 0.000000 10.472334 45.390269 81.160973 256.000000 272.840003 82.519460 9.956218 64.000000 12.184737 80.994987 11.113695 256.000000 236.427777
114.181805 87.695629 64.000000 9.792536 114.121525 88.979365 256.000000 246.259035 69.111173 115.141782 64.000000 23.332566 65.434929 111.732473 256.000000 237.172112 108.617425 5.984315 64.000000 8.639460 109.288378 6.555949 256.000000 252.600949 76.838942 181.165769 64.000000 18.483626 75.656056 180.336693 256.000000 235.347844
150.043907 177.554867 0.000000 13.329207 149.310547 178.797511 256.000000 261.412510 21.228198 11.986282 64.000000 36.980159 20.187813 11.556365 256.000000 216.958874 95.044875 213.140416 64.000000 13.015123 87.753533 222.686820 256.000000 250.182933 84.981818 25.383867 64.000000 41.489200 93.577064 51.111898 256.000000 222.324116
93.060740 84.295367 64.000000 10.011964 93.294835 89.459287 256.000000 250.682025 13.291520 77.492585 0.000000 15.773038 15.412796 75.082600 256.000000 230.929156 8.113747 53.216009 64.000000 11.909375 10.561229 53.852869 256.000000 250.544345 63.378140 126.080025 64.000000 27.424262 25.438229 150.300133 256.000000 232.955643
118.865211 28.761565 64.000000 27.299489 110.616838 27.917971 256.000000 240.562498 36.938931 70.160118 64.000000 14.555425 36.359825 73.323798 256.000000 242.890162 149.990075 73.149047 64.000000 23.311053 151.287745 78.148645 256.000000 247.627236 96.109967 79.163733 64.000000 45.421704 94.951395 78.679838 256.000000 197.782542
105.743756 7.283765 64.000000 30.582312 100.690031 6.537680 256.000000 221.893864 24.344376 34.909791 0.000000 10.437914 0.733487 29.365676 256.000000 234.921895 164.233749 155.660415 0.000000 23.422919 159.875860 163.635224 256.000000 221.003242 87.798120 159.362447 64.000000 12.214854 88.185938 158.725618 256.000000 256.107503
21.991518 89.476091 0.000000 20.208936 28.650509 87.545947 256.000000 234.211979 173.985500 141.017144 0.000000 10.657342 180.057058 136.199664 256.000000 241.861859 31.174500 203.683615 64.000000 29.510985 26.053256 202.856484 256.000000 234.594903 162.193702 7.106515 0.000000 212.884387 162.422607 6.212891 256.000000 35.495790
70.351082 23.945053 64.000000 60.329935 66.278331 28.147976 256.000000 208.254876 36.127033 232.691675 64.000000 23.685373 44.791056 230.726385 256.000000 258.456679 100.920725 116.924640 64.000000 12.279392 110.426282 128.914495 256.000000 251.052042 65.720940 79.588853 64.000000 11.849140 72.781016 83.275278 256.000000 65.432724
47.772602 33.720875 64.000000 8.901914 44.946196 33.599220 256.000000 258.026427 90.170676 58.843735 0.000000 35.078446 84.162544 61.515293 256.000000 207.209363 75.342238 149.479293 64.000000 11.165039 76.686276 148.235775 256.000000 234.491643 16.173502 114.324422 64.000000 34.471790 14.021638 107.167040 256.000000 225.989863
72.956655 12.436527 64.000000 23.900499 66.317969 16.953136 256.000000 241.573590 94.251376 167.531333 64.000000 37.294243 83.970120 166.409493 256.000000 216.390941 65.333235 27.066009 0.000000 11.066081 74.567629 25.605458 256.000000 240.657154 106.548775 175.091702 0.000000 15.428837 107.809227 176.075142 256.000000 232.632954
100.621965 80.913535 0.000000 45.998241 103.110373 80.420998 256.000000 207.544960 70.718375 21.785533 0.000000 36.407924 59.130627 27.580813 256.000000 211.533396 8.732173 177.810320 0.000000 72.914806 13.220344 185.585609 256.000000 183.179789 93.146887 127.232491 0.000000 33.056261 85.909820 126.843378 256.000000 228.515442
82.847173 178.615924 64.000000 19.787289 79.850164 178.240405 256.000000 217.488083 129.700002 87.811096 0.000000 17.993139 128.066664 88.977318 256.000000 227.771106 86.240676 107.697598 0.000000 17.567189 75.580435 136.538080 256.000000 241.651036 10.918882 72.038024 0.000000 24.928801 19.156651 43.661551 256.000000 225.340182
110.549725 96.654342 0.000000 23.633742 109.261975 96.022325 256.000000 239.280347 151.391944 36.772813 0.000000 16.048400 151.930191 41.185549 256.000000 243.514027 126.234200 84.480582 64.000000 20.656399 124.116793 88.775825 256.000000 223.326603 106.772913 145.713851 64.000000 18.290013 104.826844 145.252331 256.000000 237.172112
81.804113 37.236589 0.000000 32.083892 72.668318 25.988891 256.000000 230.757055 4.158878 4.415322 0.000000 21.267356 5.439978 7.520665 256.000000 218.215209 26.253964 21.813622 0.000000 25.961406 27.902885 25.961371 256.000000 224.032216 79.469556 116.580662 0.000000 15.273946 80.211518 115.131736 256.000000 266.790660
120.329938 150.496065 64.000000 35.267756 110.424460 153.579725 256.000000 220.598805 86.855347 117.892760 64.000000 14.172501 85.076131 118.514053 256.000000 234.332449 3.781776 49.709664 0.000000 10.334653 1.319605 52.413598 256.000000 245.368413 43.383265 120.411653 0.000000 11.410283 47.831362 132.017058 256.000000 261.425418
20.740631 54.454364 64.000000 14.895324 23.587220 53.190880 256.000000 253.620646 77.530216 20.045024 64.000000 11.986821 90.125947 16.597115 256.000000 233.054601 38.785744 0.852631 0.000000 23.263726 43.076189 3.907884 256.000000 229.926669 33.716545 44.753367 0.000000 8.815863 33.372135 46.024209 256.000000 247.752009
46.312676 99.113305 0.000000 10.356166 49.729480 98.056218 256.000000 253.766932 118.433591 133.047058 0.000000 10.024872 120.791416 130.985516 256.000000 232.951340 117.835844 146.331633 64.000000 10.657342 135.091704 160.822471 256.000000 243.088077 27.198942 179.437367 64.000000 47.375048 29.440520 175.246562 256.000000 219.234907
79.395465 119.694622 0.000000 11.539359 79.161347 119.904685 256.000000 255.900982 16.411013 69.167498 0.000000 32.187152 39.747429 69.893911 256.000000 229.363039 152.579013 60.908165 64.000000 35.164496 146.175858 63.428571 256.000000 220.474032 139.068671 170.719782 64.000000 14.611358 147.766949 167.312345 256.000000 253.547504
159.815622 107.648411 64.000000 18.427693 159.003949 112.403364 256.000000 227.203174 55.908742 11.989938 64.000000 19.877642 52.715431 11.706631 256.000000 239.065221 12.145396 150.095718 64.000000 33.142312 14.587684 148.143509 256.000000 221.816419 77.693225 143.632307 0.000000 8.901914 77.130242 142.372467 256.000000 256.335537
139.658076 88.439284 64.000000 58.677768 137.926760 90.201202 256.000000 201.366541 96.264164 112.989044 64.000000 27.123086 94.972973 113.882147 256.000000 229.500719 16.333580 59.693760 64.000000 11.066081 18.148891 62.566540 256.000000 234.405592 42.265247 82.965505 64.000000 39.376663 56.664509 79.224098 256.000000 224.656082
91.340982 46.994002 64.000000 37.264126 87.788562 45.146371 256.000000 245.729825 49.544925 30.558664 0.000000 12.331022 49.022853 31.148525 256.000000 240.364582 46.902838 93.312545 0.000000 23.586415 46.065838 85.776809 256.000000 243.591472 197.784171 80.955765 64.000000 23.689675 196.749293 77.894807 256.000000 244.275573
154.976873 53.046124 0.000000 43.631855 152.827073 49.478507 256.000000 233.644046 28.667565 216.175722 0.000000 30.603825 23.655191 218.328396 256.000000 214.996924 125.519156 40.587600 64.000000 67.252690 126.723318 55.885340 256.000000 193.897366 24.195180 91.397847 0.000000 17.068097 27.868476 107.730669 256.000000 214.618303
68.045887 55.349971 64.000000 12.442888 71.854453 56.422498 256.000000 253.840075 73.115662 177.791065 64.000000 35.478580 113.752104 141.925847 256.000000 213.516858 27.782458 117.830753 0.000000 25.677439 31.767049 114.080293 256.000000 236.070667 49.783260 208.878400 64.000000 30.685573 50.685013 206.853967 256.000000 224.440956
160.687711 48.311495 0.000000 21.693306 160.940675 45.327355 256.000000 218.559411 32.825522 90.663962 64.000000 11.565174 30.812882 88.473876 256.000000 256.073083 29.262478 204.425760 0.000000 17.631727 32.984402 205.756916 256.000000 253.883100 133.393718 165.741291 0.000000 42.930545 129.989842 160.935971 256.000000 232.026299
