7.629267 101.391305 0.000000 21.486785 9.283584 97.280656 256.000000 238.669389 34.491671 142.342140 0.000000 28.512800 22.526360 136.291269 256.000000 225.761829 52.253673 218.870271 0.000000 36.240126 39.232549 210.818764 256.000000 226.837459 96.109967 79.163733 64.000000 45.421704 94.951395 78.679838 256.000000 197.782542
164.055222 41.706422 64.000000 11.449006 164.696631 42.703036 256.000000 246.637656 135.564816 60.733785 64.000000 50.485770 126.600527 61.435467 256.000000 220.349259 43.971589 9.083276 64.000000 43.283351 52.534462 21.499160 256.000000 219.290839 84.697391 224.212200 64.000000 16.706685 88.005298 224.987984 256.000000 230.864618
46.471756 148.689376 64.000000 16.590517 47.204900 147.818342 256.000000 225.594031 23.079665 119.896364 64.000000 30.311253 22.858191 113.349829 256.000000 235.347844 63.289105 16.359409 64.000000 26.675624 74.311955 20.541496 256.000000 222.707040 64.687129 6.903504 0.000000 27.996498 101.731467 39.558956 256.000000 225.103544
114.181805 87.695629 64.000000 9.792536 114.121525 88.979365 256.000000 246.259035 152.094071 105.263680 64.000000 18.100702 151.206073 105.905960 256.000000 231.096954 157.415973 160.637811 0.000000 8.751326 158.073685 162.645442 256.000000 262.139636 117.919722 159.897760 0.000000 27.359725 138.322982 138.570109 256.000000 226.592216
54.605349 30.149304 64.000000 16.577610 53.006735 30.230107 256.000000 243.057960 85.808625 134.040855 0.000000 9.000872 86.307085 133.054605 256.000000 259.880813 27.188191 22.442229 64.000000 23.263726 63.717607 37.750664 256.000000 237.968079 82.811735 48.119747 0.000000 36.678983 62.570049 64.930675 256.000000 214.291311
127.790513 95.847911 64.000000 10.011964 132.727460 91.498209 256.000000 248.677051 21.228198 11.986282 64.000000 36.980159 20.187813 11.556365 256.000000 216.958874 39.339520 190.269891 64.000000 16.762618 39.082633 189.195998 256.000000 244.796178 52.965127 133.767973 64.000000 38.348361 45.092216 125.377133 256.000000 223.236250
39.827191 111.444409 64.000000 12.524636 38.515060 110.268564 256.000000 233.304147 128.638389 69.605995 64.000000 80.607712 136.709815 77.394011 256.000000 173.830413 68.676755 97.329518 0.000000 10.893981 80.071449 97.603189 256.000000 262.789317 28.601515 115.262644 64.000000 30.255321 34.710469 104.515171 256.000000 210.285665
42.815916 84.332536 64.000000 16.022584 43.966887 82.223796 256.000000 224.135477 21.434338 106.635644 64.000000 23.504667 22.198865 103.332280 256.000000 232.525391 26.462947 72.630391 0.000000 19.813105 25.329373 66.076705 256.000000 216.623277 49.783260 208.878400 64.000000 30.685573 50.685013 206.853967 256.000000 224.440956
24.836069 121.766304 64.000000 31.696665 22.029535 114.847582 256.000000 211.886202 111.966315 66.729235 64.000000 15.841879 112.118400 69.714047 256.000000 251.525319 62.372371 9.236544 0.000000 13.398047 69.340824 10.412525 256.000000 239.443843 92.490693 191.286667 0.000000 13.058148 114.015182 190.539340 256.000000 230.335408
71.302495 108.580689 64.000000 23.952129 70.795615 101.881067 256.000000 215.280891 76.400231 74.012376 64.000000 11.169342 75.350967 73.451044 256.000000 247.330362 159.475629 62.099385 0.000000 12.391258 189.379187 45.749211 256.000000 231.548719 164.969500 56.547204 64.000000 28.327792 161.786822 57.578282 256.000000 226.983745
18.388684 126.678331 0.000000 16.693778 21.662318 125.724860 256.000000 231.892920 62.749395 68.768475 64.000000 16.870181 68.445724 69.464407 256.000000 229.268383 62.175969 122.179042 0.000000 8.751326 66.542633 136.104905 256.000000 234.026970 0.440200 153.838464 0.000000 30.629640 3.893111 148.620925 256.000000 212.118539
20.740631 54.454364 64.000000 14.895324 23.587220 53.190880 256.000000 253.620646 107.323982 203.313895 0.000000 37.130748 102.943307 196.974353 256.000000 215.401361 150.953773 78.095478 64.000000 24.421104 150.340029 79.422125 256.000000 250.561555 33.375735 146.919649 64.000000 21.181306 32.973700 145.102915 256.000000 225.335880
65.730865 56.223460 64.000000 18.423391 77.502529 53.352165 256.000000 243.492514 2.183447 106.188162 64.000000 36.334781 14.056255 102.728391 256.000000 211.653866 112.191342 2.475749 64.000000 30.612430 108.917809 4.734758 256.000000 214.304219 0.716813 139.336753 64.000000 11.427493 0.494867 138.421009 320.000000 245.734127
26.067302 148.799291 0.000000 28.603153 30.220965 146.584818 256.000000 232.959945 165.753133 84.286129 64.000000 20.755356 164.058055 80.330836 256.000000 241.866162 110.917571 84.519185 64.000000 38.395688 112.323393 80.582662 256.000000 230.103072 27.555158 168.445885 0.000000 12.498821 12.534344 202.058020 256.000000 255.703066
33.310655 104.446411 0.000000 25.113809 48.469173 96.168082 256.000000 227.745291 195.208287 94.690565 64.000000 17.248803 194.819473 95.400975 256.000000 242.477120 86.240676 107.697598 0.000000 17.567189 75.580435 136.538080 256.000000 241.651036 27.924545 199.728842 64.000000 12.507426 37.471269 208.744664 256.000000 243.754968
7.889013 47.134002 64.000000 10.046384 7.561920 48.560191 256.000000 249.464412 73.251589 125.913316 0.000000 11.294115 73.610251 122.204698 256.000000 249.705353 64.141738 204.197344 0.000000 10.003359 56.645269 210.446476 256.000000 245.742732 21.056204 38.755151 0.000000 25.066482 12.741302 42.481658 256.000000 229.221056
46.902838 93.312545 0.000000 23.586415 46.065838 85.776809 256.000000 243.591472 24.392829 105.426544 64.000000 9.091225 19.277140 109.523236 256.000000 245.097354 54.093687 131.981395 64.000000 11.324233 64.100242 148.052280 256.000000 224.836788 123.770253 159.395282 64.000000 35.977672 107.932607 168.820549 256.000000 213.641631
82.402404 136.001809 64.000000 37.685773 85.010120 159.570407 256.000000 225.903813 26.098249 156.443296 64.000000 21.727726 27.913878 157.807282 256.000000 230.899038 100.553756 172.119669 0.000000 11.134922 141.902824 184.039627 256.000000 239.693389 21.322275 195.699245 0.000000 27.802884 2.009745 180.187549 256.000000 223.494401
45.831289 226.182782 0.000000 49.263854 43.465255 196.948031 256.000000 205.174271 70.071464 81.608049 0.000000 8.970754 70.774315 79.532845 256.000000 223.933258 20.955538 71.859676 64.000000 15.841879 26.423864 72.204293 256.000000 228.803711 105.158660 101.630282 0.000000 9.517174 103.047302 104.545667 256.000000 247.949925
91.071400 93.339320 64.000000 14.968467 91.139722 91.120409 256.000000 240.140851 50.140871 30.609815 0.000000 17.360668 53.412189 31.141480 256.000000 240.119339 82.396724 102.091376 0.000000 10.330351 80.729275 103.111909 256.000000 237.765860 65.966607 108.024138 0.000000 92.740819 66.438907 108.865060 256.000000 162.355592
120.309173 6.165727 0.000000 11.586686 119.093307 3.733213 256.000000 257.398259 10.918882 72.038024 0.000000 24.928801 19.156651 43.661551 256.000000 225.340182 13.291520 77.492585 0.000000 15.773038 15.412796 75.082600 256.000000 230.929156 31.455138 206.806145 0.000000 24.799725 34.976915 205.374885 256.000000 235.429592
79.022662 131.582060 0.000000 22.226818 78.345040 128.328071 256.000000 216.063949 128.804040 148.781818 0.000000 26.245372 135.315860 134.567553 256.000000 218.744419 39.733024 143.936327 0.000000 16.758315 37.658924 140.843585 256.000000 244.989791 15.853013 107.877484 64.000000 18.595491 15.802325 105.840076 256.000000 239.254532
20.501624 207.123064 0.000000 13.350720 23.276420 197.984784 256.000000 241.225086 168.059118 53.524882 64.000000 36.278849 165.008598 54.261125 256.000000 197.378105 171.756169 97.278235 64.000000 50.890207 173.679142 92.712084 256.000000 225.082031 66.263842 52.552549 64.000000 27.394145 25.908942 33.592498 256.000000 224.217225
121.052676 94.079282 0.000000 10.631527 125.678235 100.523535 256.000000 244.611170 90.839356 130.963618 64.000000 41.403150 92.251387 128.158002 256.000000 193.174543 131.027647 169.788111 64.000000 54.297802 127.859631 168.259569 256.000000 202.661600 79.912536 79.472865 0.000000 9.568804 79.731082 81.174744 256.000000 239.852582
67.748985 111.604560 0.000000 11.195157 60.514551 109.137133 256.000000 226.097426 39.362096 172.338411 64.000000 14.155291 34.278104 172.827585 256.000000 226.510468 106.164738 20.007655 0.000000 9.624737 202.340300 30.829687 256.000000 241.225086 127.679980 168.588975 0.000000 32.419488 127.414318 166.252578 256.000000 240.394700
32.428169 119.435591 64.000000 26.882145 33.380325 115.003138 256.000000 233.893592 17.267704 103.464891 0.000000 34.996698 32.604165 90.571778 256.000000 220.943007 155.348516 72.619209 0.000000 68.302505 155.328738 72.865965 256.000000 184.169369 88.202884 102.429004 64.000000 9.353678 94.212578 103.139895 256.000000 274.522289
93.884996 109.783707 64.000000 25.991523 88.511631 110.600605 256.000000 233.893592 29.280545 128.312682 0.000000 28.861304 19.087105 106.726178 256.000000 235.025155 75.577900 192.186353 64.000000 36.197101 78.581713 184.134404 256.000000 210.384623 95.879473 38.480520 64.000000 18.234080 93.231335 39.147356 256.000000 226.011376
147.272424 172.545504 64.000000 22.020297 150.909822 171.355885 256.000000 255.900982 94.357235 14.574693 64.000000 10.932703 92.307151 11.642522 256.000000 260.138964 14.319947 211.071262 0.000000 11.651224 21.839251 215.318816 256.000000 252.562227 144.597144 107.601131 64.000000 19.520533 144.016987 107.317347 256.000000 239.676179
74.153193 167.339555 0.000000 23.814448 57.889880 170.657751 256.000000 221.420587 64.670518 69.867222 0.000000 14.060635 62.682458 69.769160 256.000000 247.123841 25.675795 61.913976 64.000000 9.456939 29.558096 61.259249 256.000000 244.968279 28.112242 6.829707 64.000000 22.011692 30.253731 9.195540 256.000000 232.456551
41.282485 96.886015 64.000000 10.855258 42.372475 95.191016 256.000000 241.379977 79.788011 128.326651 0.000000 19.752869 78.554109 127.227833 256.000000 232.211307 28.424735 113.891418 0.000000 18.156634 24.725631 112.322067 256.000000 248.139236 18.793880 116.342107 64.000000 13.062451 20.429240 123.836580 256.000000 250.871336
138.877693 121.401920 64.000000 40.886848 130.541631 101.905971 256.000000 208.078472 100.805047 73.027649 0.000000 29.205506 85.628064 64.617882 256.000000 236.926869 65.391489 178.651325 64.000000 13.892837 77.305909 187.586278 256.000000 281.918320 3.159260 120.385887 0.000000 10.270115 4.538987 123.523689 256.000000 244.895136
42.564785 119.297616 0.000000 13.634686 40.854129 121.134820 256.000000 243.561355 11.372622 198.468335 0.000000 15.622450 8.677087 197.582853 256.000000 236.453592 22.434842 105.241729 64.000000 21.848197 16.313800 122.831256 256.000000 240.622734 124.552331 18.643693 0.000000 15.699895 125.816549 21.362898 256.000000 242.773994
