62.710680 117.146860 64.000000 11.741577 59.271480 124.146995 256.000000 238.622062 49.139158 156.175842 0.000000 25.797910 53.660927 151.327691 256.000000 237.834701 3.339758 91.587507 0.000000 30.362884 6.940165 88.311733 256.000000 244.908043 18.316640 171.098609 0.000000 27.187624 19.114044 169.402533 256.000000 233.730096
45.652651 95.032395 64.000000 13.823997 46.313815 91.802269 256.000000 238.333793 67.439509 115.580562 0.000000 12.649409 67.551038 111.647540 256.000000 220.258906 9.711218 130.777976 0.000000 27.979288 7.369576 130.193920 256.000000 234.319542 31.466451 111.848115 64.000000 14.047728 33.644885 110.475518 256.000000 246.323573
77.641980 124.732633 64.000000 16.078517 79.887307 126.562555 256.000000 207.441699 48.990553 11.651075 64.000000 16.267828 47.664445 12.576215 256.000000 244.495002 190.050496 49.995829 0.000000 33.219757 184.142211 57.174513 256.000000 226.992350 70.304011 111.025769 64.000000 33.013236 42.623371 115.488373 256.000000 240.932515
53.672684 91.742720 0.000000 45.580897 48.315011 93.181129 256.000000 215.031345 22.998995 59.695896 0.000000 17.416601 27.872796 59.257025 256.000000 247.317455 79.720033 67.062958 64.000000 42.207721 57.651545 81.118605 256.000000 220.951612 150.157320 171.957704 64.000000 30.616732 150.713065 160.331165 256.000000 224.389326
41.383609 15.572596 64.000000 27.561943 121.777551 83.076318 256.000000 219.678066 159.272715 149.674216 0.000000 40.034949 136.460920 146.499356 256.000000 211.559211 47.679822 226.791865 64.000000 21.138281 54.550549 227.757656 256.000000 226.321157 124.564520 70.362989 64.000000 19.464600 123.012136 70.618020 256.000000 239.951540
65.552865 121.856040 0.000000 35.302177 60.589653 114.774555 256.000000 216.786773 67.382816 48.964689 64.000000 26.671321 65.172365 53.092329 256.000000 231.454063 48.157249 144.147985 64.000000 12.146014 47.918496 142.553751 256.000000 249.920479 62.827416 69.142785 0.000000 15.936534 69.344147 63.137593 256.000000 241.754296
62.809771 192.068735 64.000000 27.708229 62.983555 190.124918 256.000000 224.927141 11.949418 12.573405 0.000000 38.352663 10.449798 17.283447 256.000000 233.592416 10.372089 99.610429 0.000000 14.619963 10.666113 93.862015 256.000000 213.667446 17.695435 158.722247 0.000000 12.619291 20.932733 161.241327 256.000000 228.941392
48.495924 154.585929 64.000000 37.001672 46.166982 153.873549 256.000000 216.601764 3.837027 65.600167 64.000000 16.564702 6.565978 60.927544 256.000000 244.081960 68.187982 30.004047 0.000000 31.391186 64.635811 30.338049 256.000000 225.615544 27.221782 46.299796 0.000000 10.485241 25.805585 46.842780 256.000000 238.325188
153.116820 29.783218 64.000000 12.081476 153.689389 30.702705 256.000000 244.211035 54.832407 188.552382 0.000000 27.592061 58.797882 184.788067 256.000000 228.012047 102.435165 101.846835 0.000000 29.476565 106.996255 110.999675 256.000000 220.508453 95.686764 40.861300 64.000000 28.667691 97.710589 45.241753 256.000000 207.725666
66.950535 217.729205 64.000000 19.864735 63.386671 219.008933 256.000000 239.039406 49.892187 37.287415 64.000000 30.164968 47.864904 39.811807 256.000000 232.848080 90.209698 154.280555 64.000000 32.866950 88.473269 151.284313 256.000000 216.008017 21.056204 38.755151 0.000000 25.066482 12.741302 42.481658 256.000000 229.221056
148.597149 59.613845 64.000000 11.750182 148.617985 56.966515 256.000000 256.305419 124.827124 135.111280 0.000000 15.988164 119.556015 154.168536 256.000000 258.344813 191.315395 89.468302 64.000000 14.658686 196.609640 96.271384 256.000000 248.264009 48.939193 121.161293 64.000000 18.784802 66.084849 120.823855 256.000000 232.417828
187.516047 113.130964 0.000000 16.706685 188.188105 119.355173 256.000000 248.664143 27.088107 73.284698 64.000000 19.404365 24.444744 69.556618 256.000000 240.911002 120.888104 38.837805 64.000000 37.591117 125.576500 46.390669 256.000000 219.445730 157.725207 52.121871 64.000000 24.339356 156.144424 53.131524 256.000000 222.960889
94.116909 22.092282 0.000000 85.968652 94.412160 24.000096 256.000000 167.798280 34.786049 72.602835 0.000000 20.036836 39.927136 63.342615 256.000000 236.255676 2.317280 151.081180 64.000000 22.248331 1.006342 149.302020 256.000000 210.388925 4.992951 181.424720 0.000000 19.202147 20.148673 187.752198 256.000000 249.240681
5.676447 16.418711 0.000000 20.944667 16.208029 15.957409 256.000000 230.757055 28.112242 6.829707 64.000000 22.011692 30.253731 9.195540 256.000000 232.456551 13.093662 127.743164 0.000000 10.928401 16.370362 129.791913 256.000000 248.689959 165.035585 14.450569 64.000000 33.241270 163.927831 4.735687 256.000000 248.672748
145.046724 65.422791 0.000000 17.287525 144.160035 67.327484 256.000000 227.177359 107.357842 164.456444 0.000000 16.409811 111.253740 163.561815 256.000000 224.841090 54.215078 92.453676 0.000000 19.154819 74.975095 86.169638 256.000000 219.746906 92.168947 143.467780 0.000000 9.121342 92.208745 144.087784 256.000000 235.180046
44.036709 154.400795 64.000000 14.095056 42.259165 154.117025 256.000000 232.860987 37.318147 52.695351 0.000000 15.510585 32.938264 54.333778 256.000000 231.105559 36.422422 150.738224 0.000000 9.771023 31.242305 153.318320 256.000000 253.831470 8.852495 220.880264 0.000000 27.140296 7.600442 216.164395 256.000000 216.455479
65.204805 100.295509 0.000000 9.913006 64.851556 106.718382 256.000000 247.511068 83.216415 152.896895 64.000000 27.566246 80.995709 148.958987 256.000000 235.451104 65.995273 17.603931 64.000000 34.626681 53.849513 26.514911 256.000000 201.310608 29.860005 138.089495 0.000000 16.775525 20.709164 146.977416 256.000000 247.924110
73.226153 125.661675 64.000000 17.373576 97.698358 126.813696 256.000000 252.041622 83.247120 133.500016 0.000000 23.668163 80.855547 133.305169 256.000000 217.673092 30.162336 15.381273 64.000000 62.618876 31.658516 16.504993 256.000000 211.322572 60.996771 102.697642 64.000000 10.308838 64.664429 105.205053 256.000000 248.616816
33.884593 99.436165 0.000000 9.667762 35.840022 97.529395 256.000000 248.874967 85.959205 190.306304 0.000000 9.968939 85.481605 191.337811 256.000000 238.858700 113.468633 84.096015 64.000000 12.688131 115.961493 88.334045 256.000000 222.272486 144.199602 176.502027 0.000000 40.848125 141.510327 175.496847 256.000000 212.871480
52.271455 39.228616 64.000000 13.845509 54.465058 41.480085 256.000000 249.146026 39.733024 143.936327 0.000000 16.758315 37.658924 140.843585 256.000000 244.989791 75.048467 92.262544 0.000000 12.016938 76.483789 90.420353 256.000000 250.634698 5.988435 179.693427 0.000000 15.962349 11.974409 188.253905 256.000000 246.667774
109.291585 121.746875 64.000000 21.753541 105.462065 125.780195 256.000000 23.422919 88.439415 91.243116 0.000000 17.136937 91.540305 85.807149 256.000000 240.308650 11.421742 95.545187 0.000000 12.907560 6.978993 95.032204 256.000000 245.381321 73.997307 120.758804 0.000000 10.330351 74.055360 117.998982 256.000000 224.070939
34.012198 13.216204 64.000000 24.773910 71.474385 5.651200 256.000000 235.636113 10.891485 114.408235 0.000000 8.807258 4.643218 118.886333 256.000000 244.925254 19.256665 20.994462 64.000000 14.047728 23.530936 19.781402 320.000000 243.367741 29.068447 54.366605 64.000000 10.906888 30.122345 56.865356 256.000000 238.256348
77.604131 78.768571 64.000000 22.738818 73.498882 85.034535 256.000000 244.357321 69.700184 68.507944 0.000000 11.522149 72.931682 64.103827 256.000000 263.787501 114.045678 69.214302 64.000000 9.913006 113.976055 69.028915 256.000000 259.975468 9.163538 52.546031 0.000000 14.581240 9.106484 56.516145 256.000000 246.672077
109.057264 50.377209 64.000000 9.796838 109.973702 50.032700 256.000000 244.787573 62.098900 194.153253 0.000000 13.182921 61.542473 196.333678 256.000000 241.960817 105.122256 95.676531 0.000000 9.474149 129.927760 111.348411 256.000000 250.036647 2.895782 173.840875 0.000000 39.970411 2.415033 170.281002 256.000000 213.185563
61.327762 97.307067 64.000000 9.577410 62.191680 95.845491 256.000000 239.736414 33.922991 27.599942 64.000000 25.225675 24.517049 36.471291 256.000000 233.579508 24.475782 165.971629 0.000000 12.236367 27.233280 166.993496 256.000000 232.310265 59.372300 111.012384 64.000000 23.401406 60.199887 105.850555 256.000000 239.646061
131.240740 83.606082 0.000000 21.086651 129.436236 84.686356 256.000000 240.695876 46.894709 99.521938 0.000000 10.205577 44.141733 101.486815 256.000000 253.607739 27.924545 199.728842 64.000000 12.507426 37.471269 208.744664 256.000000 243.754968 57.415845 152.323236 0.000000 29.967052 57.303964 145.593122 256.000000 213.594303
10.303135 4.294389 64.000000 28.190111 19.182160 3.171773 256.000000 225.826367 51.496393 200.818249 0.000000 55.502508 54.810955 191.838584 256.000000 209.472489 62.175969 122.179042 0.000000 8.751326 66.542633 136.104905 256.000000 234.026970 114.899218 39.595875 0.000000 17.864063 111.727769 34.528125 256.000000 237.925053
161.946647 42.646807 64.000000 26.572364 161.525224 43.618820 256.000000 237.370028 119.290305 87.546973 0.000000 14.288669 118.817613 89.562053 256.000000 257.923166 116.927267 50.514565 64.000000 15.949442 116.425447 50.378444 256.000000 233.884987 137.380255 155.574627 0.000000 15.626753 141.056645 150.474584 256.000000 235.218768
73.409611 37.843327 64.000000 9.448334 73.742413 31.072615 256.000000 240.041893 92.098718 7.506725 64.000000 9.439729 90.167178 5.304175 256.000000 238.884515 63.772705 32.517511 64.000000 9.151460 63.739524 33.545211 256.000000 243.970094 67.546869 5.642018 0.000000 19.955088 64.991044 7.361489 256.000000 229.741660
42.990380 15.533375 64.000000 31.107220 39.289367 17.975336 256.000000 224.458166 70.222724 60.143493 0.000000 15.562215 67.047804 62.929629 256.000000 222.530637 15.954905 124.190318 64.000000 17.063794 19.191171 123.168720 256.000000 243.135405 177.832591 120.504453 0.000000 13.092568 176.914733 128.518749 256.000000 235.322029
2.952198 191.266567 64.000000 9.878586 9.291698 206.502578 256.000000 242.313624 93.146887 127.232491 0.000000 33.056261 85.909820 126.843378 256.000000 228.515442 86.121393 14.505578 0.000000 15.192198 83.573505 7.712885 256.000000 236.117995 103.516240 165.912778 0.000000 9.091225 124.590447 171.270542 256.000000 247.442228
109.356896 214.496005 64.000000 16.822853 117.116356 210.535393 256.000000 250.187235 73.907073 85.199971 64.000000 9.676367 83.206198 82.148160 256.000000 250.832613 43.310329 174.969855 0.000000 34.114681 41.746644 169.990013 256.000000 215.169025 13.651300 4.527822 64.000000 9.792536 14.959084 3.914278 256.000000 250.961689
