97.929387 131.742087 0.000000 23.762818 109.110260 119.680545 256.000000 242.907372 92.098718 7.506725 64.000000 9.439729 90.167178 5.304175 256.000000 238.884515 97.943598 18.903022 64.000000 19.034348 98.183809 21.661776 256.000000 242.184548 22.716860 50.697636 0.000000 11.504938 25.135127 49.011104 256.000000 234.272214
180.400020 37.103678 64.000000 42.267956 177.416622 37.804056 256.000000 209.928556 66.836358 42.210073 0.000000 29.003287 70.883471 56.940798 256.000000 219.781327 35.702207 48.098267 64.000000 24.644835 42.931751 60.875165 256.000000 208.766875 132.948542 81.915120 0.000000 31.756900 129.881844 81.158320 256.000000 223.657897
140.427405 137.635998 64.000000 12.731157 139.585753 141.169060 256.000000 263.215266 78.789209 38.798069 64.000000 40.899755 69.968349 42.150224 256.000000 224.286065 67.029325 42.250669 0.000000 9.327863 65.479020 42.162305 256.000000 256.912074 84.155249 37.458182 0.000000 30.569405 85.198633 42.290051 256.000000 243.526935
141.710329 23.462576 64.000000 29.652968 141.023771 31.559071 256.000000 228.937089 35.597676 70.812565 64.000000 16.328063 31.774456 69.988342 256.000000 242.989120 32.475382 6.541356 64.000000 9.302048 29.503955 3.167431 256.000000 244.688615 10.347745 217.035631 64.000000 11.986821 12.258838 218.012185 256.000000 269.187164
38.052011 117.575047 64.000000 9.388099 37.053775 120.109520 256.000000 260.995166 16.113522 170.543471 64.000000 30.100430 18.432255 166.783500 256.000000 236.178230 40.207080 146.475033 64.000000 21.482482 33.258915 148.172856 256.000000 236.539642 71.321093 45.964907 0.000000 11.935190 67.544124 38.777178 256.000000 255.023268
45.930360 179.535455 0.000000 9.508569 43.202429 180.051138 256.000000 264.170425 48.067818 140.240185 0.000000 21.000600 47.820120 137.225095 256.000000 219.647949 50.114744 29.301131 0.000000 22.588230 45.057295 26.449707 256.000000 244.150800 28.706753 121.950285 64.000000 31.429909 54.737324 132.565645 256.000000 244.176615
29.280545 128.312682 0.000000 28.861304 19.087105 106.726178 256.000000 235.025155 18.172682 155.785416 64.000000 15.953744 18.715269 154.982080 256.000000 240.355977 102.200178 182.719387 64.000000 42.147486 96.730018 177.133100 256.000000 207.549262 25.086847 44.216236 0.000000 22.127860 22.591904 45.058098 256.000000 241.775809
42.548493 75.733609 0.000000 9.650552 46.900813 48.657265 256.000000 240.011776 11.200864 93.048440 0.000000 14.736131 9.096205 102.741642 256.000000 257.806998 142.202940 85.072442 0.000000 10.214182 141.535887 85.068822 256.000000 251.103672 137.580589 85.048947 64.000000 51.341971 136.812022 86.169258 256.000000 195.429063
52.965127 133.767973 64.000000 38.348361 45.092216 125.377133 256.000000 223.236250 101.452973 44.527807 64.000000 28.882817 96.066711 55.293458 256.000000 216.472689 168.220205 67.506122 64.000000 57.847381 155.965465 65.607033 256.000000 194.719148 30.363607 19.849955 0.000000 12.339627 31.059984 21.458738 256.000000 236.371844
50.040536 152.985855 0.000000 11.307023 58.641909 209.272485 256.000000 251.757655 11.897767 45.138449 0.000000 16.414114 6.494055 48.661905 256.000000 237.271070 79.770724 217.950949 0.000000 20.763962 85.337900 215.953082 256.000000 241.276717 58.901455 58.625909 0.000000 17.175660 63.461391 62.997573 256.000000 239.598734
49.892187 37.287415 64.000000 30.164968 47.864904 39.811807 256.000000 232.848080 36.056585 76.513500 64.000000 17.842550 32.312773 74.734995 256.000000 254.885587 125.042436 23.217098 64.000000 15.897811 133.630949 29.161769 256.000000 239.297557 31.110691 148.347162 0.000000 22.213911 28.545585 146.514947 256.000000 216.137092
44.917489 81.508751 0.000000 11.208065 42.461733 80.206185 256.000000 248.952412 89.700211 94.653529 64.000000 23.973641 92.076336 95.113953 256.000000 215.212050 50.864775 91.942558 0.000000 18.307223 44.109647 97.514236 256.000000 245.041422 96.590756 108.846300 0.000000 17.033677 99.727211 102.094949 256.000000 227.637728
23.352513 102.057207 64.000000 17.941508 26.549416 100.385138 256.000000 242.838531 37.620591 145.142318 64.000000 9.852771 39.259738 151.701467 256.000000 244.284178 105.071569 14.634342 64.000000 30.431724 108.495265 20.784867 256.000000 206.826439 64.225620 141.162820 64.000000 22.446247 61.346093 138.701193 256.000000 221.704553
53.140138 90.721827 0.000000 11.449006 49.790127 94.767793 256.000000 248.909387 154.141022 74.239222 64.000000 82.974098 163.877820 79.589105 256.000000 183.055016 26.872300 89.450760 64.000000 15.174988 29.073358 92.878696 256.000000 235.786701 58.567322 87.668222 0.000000 21.770751 52.500033 89.371300 256.000000 237.598062
146.542284 144.357918 64.000000 18.354550 146.778833 143.178253 256.000000 246.074026 28.628238 77.577960 64.000000 10.764905 28.183820 84.903264 256.000000 245.592144 151.841298 165.223275 0.000000 11.857745 151.699791 170.095996 256.000000 228.532652 13.324131 58.957018 64.000000 32.888463 3.053933 54.555411 256.000000 225.206804
107.173578 85.154125 0.000000 20.613373 104.785133 85.571400 256.000000 232.271542 49.719665 43.831056 64.000000 27.308094 52.056500 51.723853 256.000000 239.086734 52.606580 130.216540 0.000000 12.645106 54.430220 128.848576 256.000000 255.092108 78.886762 117.724633 64.000000 12.227762 74.266924 122.461447 256.000000 244.077657
68.211758 90.391825 0.000000 20.763962 63.515220 114.711944 256.000000 246.568816 105.214025 71.984958 64.000000 36.162681 103.275215 75.369576 256.000000 203.405936 69.407207 148.833780 0.000000 19.425878 60.431453 153.939020 256.000000 238.733927 62.656262 147.225169 64.000000 21.065138 59.139804 147.653849 256.000000 246.121354
55.559758 225.370135 0.000000 8.970754 57.007693 227.077245 256.000000 259.545216 75.577900 192.186353 64.000000 36.197101 78.581713 184.134404 256.000000 210.384623 127.753355 144.554524 0.000000 10.239998 132.674204 143.144071 256.000000 233.837659 74.729205 121.672260 0.000000 9.977544 84.987644 139.594825 256.000000 247.136749
73.062711 138.290604 0.000000 31.214783 73.222695 132.999991 256.000000 244.417556 11.376520 82.770564 0.000000 21.448062 18.509400 87.987765 256.000000 246.577421 33.234049 110.014884 64.000000 17.872668 33.733976 105.940980 256.000000 235.649020 24.094909 156.069013 0.000000 18.595491 13.543698 147.584393 256.000000 234.637928
34.925542 6.227609 64.000000 33.039051 37.302764 7.656760 256.000000 222.276788 21.185689 133.830636 64.000000 30.827556 29.023255 125.734742 256.000000 217.883915 106.164738 20.007655 0.000000 9.624737 202.340300 30.829687 256.000000 241.225086 163.169622 144.090800 0.000000 10.369073 162.944902 146.250655 256.000000 253.431336
9.152967 130.897638 64.000000 21.861104 14.392218 131.789358 256.000000 227.736686 98.219449 154.243025 64.000000 234.840147 96.511273 150.019949 256.000000 27.097271 151.446165 152.719489 0.000000 31.391186 142.381887 154.908320 256.000000 230.408551 159.622700 40.634956 64.000000 19.623794 159.394805 40.847284 256.000000 248.999740
180.196642 60.515404 64.000000 18.264197 179.836416 59.963793 256.000000 265.151400 19.256665 20.994462 64.000000 14.047728 23.530936 19.781402 320.000000 243.367741 114.548991 102.580769 64.000000 33.727454 143.441762 109.170031 256.000000 192.460325 117.432560 152.088035 0.000000 9.530082 114.005309 155.856393 256.000000 244.748850
120.888104 38.837805 64.000000 37.591117 125.576500 46.390669 256.000000 219.445730 121.210825 78.310902 64.000000 38.434411 89.520587 103.407829 256.000000 205.832557 35.204924 5.215715 64.000000 24.515759 36.051058 6.800535 256.000000 239.439541 45.545256 14.155000 0.000000 33.705942 46.548500 20.307518 256.000000 222.160620
119.845491 67.785267 0.000000 19.821710 140.649409 2.973449 256.000000 225.430535 171.756169 97.278235 64.000000 50.890207 173.679142 92.712084 256.000000 225.082031 110.884967 134.383600 64.000000 25.957103 103.539127 142.088709 256.000000 229.896551 49.363851 83.144456 0.000000 14.572635 57.778165 84.433376 256.000000 229.939576
124.808764 110.281867 0.000000 38.950714 115.917667 110.748651 256.000000 235.623205 58.760845 98.979018 64.000000 32.255992 45.742220 90.178942 256.000000 231.157190 68.808522 99.461944 64.000000 21.207121 101.942725 212.950325 256.000000 237.481894 132.131129 44.134942 64.000000 19.834617 130.912258 41.784644 256.000000 216.606067
117.644735 80.892209 0.000000 48.824997 107.854322 60.464051 256.000000 208.108590 92.678140 121.839024 0.000000 26.314212 92.213302 116.312642 256.000000 233.351475 118.433591 133.047058 0.000000 10.024872 120.791416 130.985516 256.000000 232.951340 60.684555 58.460573 64.000000 11.642619 61.158209 51.818402 256.000000 226.772922
128.804040 148.781818 0.000000 26.245372 135.315860 134.567553 256.000000 218.744419 149.856107 180.420089 0.000000 20.479995 147.349976 180.802047 256.000000 229.793291 29.084955 189.013593 0.000000 21.456667 26.828367 188.390431 256.000000 243.402161 57.360456 121.384876 64.000000 12.386955 57.758487 120.599833 256.000000 236.677323
19.822600 176.154644 0.000000 19.180634 21.522284 174.915238 256.000000 237.976684 117.919722 159.897760 0.000000 27.359725 138.322982 138.570109 256.000000 226.592216 129.561271 81.551875 0.000000 12.989308 130.515015 85.484807 256.000000 236.552550 69.700184 68.507944 0.000000 11.522149 72.931682 64.103827 256.000000 263.787501
4.482585 60.947360 0.000000 28.073943 9.253745 64.017365 256.000000 234.835844 39.835785 75.258318 64.000000 8.884704 41.575896 75.208858 256.000000 253.229117 62.372371 9.236544 0.000000 13.398047 69.340824 10.412525 256.000000 239.443843 27.247493 124.377405 64.000000 13.798182 35.322589 133.638278 256.000000 225.615544
80.593551 159.330324 0.000000 10.218485 81.930224 158.629809 256.000000 224.075242 14.784453 182.812158 0.000000 66.559984 19.165618 175.499438 256.000000 178.270614 133.784285 119.429318 64.000000 24.989036 131.650522 120.041176 256.000000 257.613385 146.404731 78.182707 0.000000 10.222788 148.831656 82.190160 256.000000 228.511140
21.555256 48.313929 64.000000 10.308838 15.088200 46.085904 256.000000 242.447002 167.699796 156.043395 0.000000 38.778613 165.708720 156.841102 256.000000 209.864018 77.641980 124.732633 64.000000 16.078517 79.887307 126.562555 256.000000 207.441699 142.348431 126.465167 64.000000 24.094112 141.456529 124.016318 256.000000 242.214666
5.071325 68.272918 64.000000 19.714147 8.970362 70.132353 256.000000 234.345357 9.280864 66.225465 0.000000 17.029374 6.905862 63.754227 256.000000 237.628180 100.805047 73.027649 0.000000 29.205506 85.628064 64.617882 256.000000 236.926869 93.769435 43.266522 0.000000 46.028359 65.008236 48.115425 256.000000 232.955643
