3.670638 119.854302 0.000000 18.165239 12.205184 130.190871 256.000000 239.271742 68.387075 108.106693 0.000000 19.757172 65.763811 106.050015 256.000000 235.326331 59.823938 43.006298 0.000000 23.788633 66.575558 77.741669 256.000000 231.841290 14.350007 117.136873 64.000000 11.195157 12.633284 115.492778 256.000000 235.507037
21.791989 75.227451 0.000000 15.566517 26.627236 78.584315 256.000000 245.712615 126.722202 34.362833 64.000000 9.000872 126.344235 32.906193 256.000000 251.989991 34.621905 144.374791 64.000000 12.318115 64.273525 194.261818 256.000000 267.900710 136.530042 62.118431 64.000000 15.458954 140.978960 54.573778 256.000000 253.491571
77.334853 72.742089 64.000000 14.723223 80.683835 61.928562 256.000000 238.630667 47.962040 33.564035 0.000000 20.759659 39.736256 42.857185 256.000000 230.985089 48.292851 12.385653 0.000000 27.161809 77.825796 82.409104 256.000000 229.375946 78.886762 117.724633 64.000000 12.227762 74.266924 122.461447 256.000000 244.077657
118.763305 108.955202 64.000000 38.443016 104.512107 107.952105 256.000000 203.608154 52.522338 110.110553 64.000000 11.754485 61.592113 121.634275 256.000000 241.293927 73.343100 11.098700 64.000000 9.990451 72.430671 11.060415 256.000000 234.332449 111.966315 66.729235 64.000000 15.841879 112.118400 69.714047 256.000000 251.525319
49.459344 201.804356 64.000000 11.173644 45.796444 203.579418 256.000000 241.246599 15.325745 54.599267 0.000000 16.607727 16.104395 57.975176 256.000000 229.410366 27.203595 217.591258 64.000000 21.611558 8.829842 224.207747 256.000000 239.314767 54.435540 127.818967 64.000000 13.484098 57.695185 126.590025 256.000000 239.159877
58.120975 109.854256 0.000000 12.412770 64.847978 109.772811 256.000000 249.503135 45.910551 70.757933 64.000000 32.965908 50.223469 38.376344 256.000000 226.760014 151.300249 153.870095 0.000000 12.756972 146.854976 152.464176 256.000000 228.687543 119.058278 32.172189 0.000000 23.668163 117.019845 34.182271 256.000000 229.530837
105.743756 7.283765 64.000000 30.582312 100.690031 6.537680 256.000000 221.893864 23.352513 102.057207 64.000000 17.941508 26.549416 100.385138 256.000000 242.838531 29.960755 154.808945 64.000000 43.911519 30.030216 151.290580 256.000000 221.837931 62.818565 67.727082 64.000000 24.257608 60.489845 57.779898 256.000000 226.032888
7.938798 104.321625 0.000000 22.622650 13.311209 97.605391 256.000000 218.150672 83.216415 152.896895 64.000000 27.566246 80.995709 148.958987 256.000000 235.451104 111.492527 199.537553 0.000000 80.999242 112.847309 197.111404 256.000000 170.711086 89.461985 209.755156 0.000000 28.499892 86.891244 203.354164 256.000000 247.911202
2.768664 166.534965 0.000000 13.010820 2.371824 165.215427 256.000000 248.332849 92.960904 110.383084 0.000000 37.449134 83.805651 108.003365 256.000000 210.655682 29.529542 16.034480 64.000000 9.413914 27.816971 16.065698 256.000000 243.019237 176.533204 109.459564 0.000000 12.042753 178.785904 115.100145 256.000000 267.763030
74.982891 190.637149 64.000000 64.025800 76.842840 192.736682 256.000000 186.415284 15.225238 88.469391 0.000000 16.939021 5.100496 85.295575 256.000000 247.390597 36.882024 141.057731 64.000000 10.541174 32.254927 151.515064 256.000000 249.326731 111.350638 94.720345 64.000000 36.962949 104.243275 98.867615 256.000000 226.691174
27.089453 195.296627 64.000000 25.273002 32.722991 193.365733 256.000000 220.779511 58.172944 40.653816 0.000000 9.181578 63.734391 37.319909 256.000000 233.824752 104.785604 18.724473 64.000000 21.663188 118.663820 26.782029 256.000000 239.740717 26.512969 107.131907 64.000000 16.715290 29.340222 104.404925 256.000000 245.850295
22.435744 139.690320 64.000000 21.043625 21.471347 138.413524 256.000000 230.447274 24.227071 73.704742 0.000000 34.192126 21.174500 74.568956 256.000000 212.109933 139.658076 88.439284 64.000000 58.677768 137.926760 90.201202 256.000000 201.366541 90.196784 40.513240 64.000000 12.765577 88.165184 39.900018 256.000000 246.388110
124.564520 70.362989 64.000000 19.464600 123.012136 70.618020 256.000000 239.951540 169.901353 25.026153 0.000000 79.476149 185.689247 27.197111 256.000000 155.781342 56.547967 91.962195 0.000000 15.592332 68.678662 90.769460 256.000000 224.428048 117.135942 110.717293 0.000000 44.935519 103.205544 100.836855 256.000000 217.225630
42.057367 86.834884 0.000000 11.539359 45.510091 90.364731 256.000000 232.684584 63.482067 111.594022 0.000000 15.648265 67.518925 109.929460 256.000000 237.912146 60.653371 57.813364 0.000000 11.100502 67.828415 55.356360 256.000000 237.856213 18.666580 114.842220 64.000000 42.857402 26.320069 109.683573 256.000000 207.153430
94.251376 167.531333 64.000000 37.294243 83.970120 166.409493 256.000000 216.390941 40.773527 187.026171 0.000000 29.416329 41.050565 183.031842 256.000000 238.118667 65.597255 150.177065 64.000000 13.759459 89.075273 162.729645 256.000000 253.177487 85.808625 134.040855 0.000000 9.000872 86.307085 133.054605 256.000000 259.880813
8.030698 88.901573 0.000000 16.319458 12.486653 88.756542 256.000000 238.923238 75.342238 149.479293 64.000000 11.165039 76.686276 148.235775 256.000000 234.491643 110.549725 96.654342 0.000000 23.633742 109.261975 96.022325 256.000000 239.280347 86.544967 118.230467 0.000000 21.942852 84.877275 117.538678 256.000000 246.194497
50.033649 161.175104 0.000000 14.163896 46.902880 161.201298 256.000000 260.306763 60.896091 222.667844 0.000000 10.859560 67.294905 225.239976 256.000000 233.394500 21.555256 48.313929 64.000000 10.308838 15.088200 46.085904 256.000000 242.447002 177.462898 77.332622 0.000000 20.338012 176.707171 77.291805 256.000000 236.324516
52.958107 148.508600 64.000000 35.069841 57.502473 147.311713 256.000000 214.695748 42.037045 109.095725 0.000000 12.877442 47.470951 108.203542 256.000000 227.508653 180.904105 87.902444 64.000000 37.406109 177.070344 86.695196 256.000000 218.593831 93.082513 66.563940 64.000000 27.906145 95.025660 70.839235 256.000000 221.627108
9.267062 20.964173 0.000000 39.096999 148.260442 79.160940 256.000000 218.916520 14.392018 201.673547 64.000000 9.951729 13.891536 202.058235 256.000000 262.664543 56.141729 198.529125 0.000000 21.202819 48.311473 201.478609 256.000000 255.475033 18.760407 124.633198 64.000000 16.452836 20.437058 125.197842 256.000000 236.311608
83.252893 77.560065 64.000000 30.625337 81.332967 78.212635 256.000000 210.638472 62.236318 165.995322 0.000000 28.839792 53.503720 161.958231 256.000000 212.165866 85.116804 153.250075 0.000000 63.049128 73.346547 178.325209 256.000000 200.992222 105.815225 52.562211 64.000000 21.796566 103.997995 53.940725 256.000000 250.105488
26.662476 56.202618 0.000000 10.377678 30.467562 51.099275 256.000000 247.046396 75.149773 150.736220 64.000000 45.933704 74.603380 143.938525 256.000000 220.332049 6.400200 12.614965 0.000000 43.872796 11.777736 26.763136 256.000000 233.144954 134.575671 128.971527 64.000000 26.770279 193.060105 57.957691 256.000000 249.348244
84.533445 101.803485 64.000000 13.290484 102.088102 101.833925 256.000000 238.252045 93.836705 125.603573 64.000000 17.786618 103.904971 123.566700 256.000000 241.478935 157.199038 90.543456 0.000000 9.396704 159.097991 95.104860 256.000000 244.150800 112.257698 202.126671 0.000000 70.931345 112.812018 201.719435 256.000000 195.127887
94.650325 193.325262 64.000000 12.649409 86.701016 214.280115 256.000000 241.121826 41.867091 90.432611 0.000000 18.900970 53.292344 97.276129 256.000000 233.820449 156.828725 23.579238 64.000000 55.003416 155.217329 24.364844 256.000000 193.630610 63.611240 48.527891 0.000000 12.326720 58.643733 49.366709 256.000000 233.347172
72.449498 129.064207 64.000000 74.566974 68.949367 130.917298 256.000000 198.230004 170.450138 52.688422 0.000000 13.574451 170.942491 52.354720 256.000000 247.261522 69.932511 41.632251 64.000000 18.298618 73.251469 45.407082 256.000000 240.300045 62.113027 119.317091 0.000000 13.570148 68.498178 117.974380 256.000000 252.631067
29.101067 98.785411 64.000000 62.967380 28.446645 97.625213 256.000000 201.646205 187.493262 113.331791 64.000000 13.230249 189.867745 111.154818 256.000000 230.860316 59.372300 111.012384 64.000000 23.401406 60.199887 105.850555 256.000000 239.646061 32.049758 4.973905 64.000000 9.891493 33.376600 4.871907 256.000000 236.944079
86.121393 14.505578 0.000000 15.192198 83.573505 7.712885 256.000000 236.117995 82.847173 178.615924 64.000000 19.787289 79.850164 178.240405 256.000000 217.488083 16.316124 59.340291 64.000000 12.477308 19.086815 56.692578 256.000000 226.893392 79.489549 124.826296 64.000000 17.623122 78.620104 123.338245 256.000000 233.123441
113.468633 84.096015 64.000000 12.688131 115.961493 88.334045 256.000000 222.272486 26.160082 12.604222 0.000000 17.489744 26.953836 12.920315 256.000000 225.374603 130.875251 17.905333 64.000000 22.596835 130.069482 18.780515 256.000000 229.862131 28.667565 216.175722 0.000000 30.603825 23.655191 218.328396 256.000000 214.996924
104.989685 57.777318 0.000000 23.052902 109.966716 71.230445 256.000000 238.213322 94.653415 35.642247 0.000000 9.082620 123.034724 23.979405 256.000000 244.073355 147.297891 124.143489 64.000000 20.720936 147.060984 122.271573 256.000000 251.370428 82.556413 223.352818 0.000000 19.838920 80.291540 223.642069 256.000000 230.993694
100.520978 195.631129 64.000000 16.323761 98.756440 196.658058 256.000000 244.658497 21.094405 74.985827 0.000000 14.379022 14.072387 77.396633 256.000000 233.545088 106.500104 13.520082 64.000000 10.278720 115.499509 4.555662 256.000000 237.886331 39.971284 178.184240 0.000000 34.342715 114.526695 104.304522 256.000000 200.648020
153.700075 142.762785 64.000000 23.706885 151.518924 146.614142 256.000000 234.655138 27.117231 199.187736 0.000000 23.504667 33.596487 198.629398 256.000000 243.471002 14.933191 12.650040 0.000000 12.752669 7.379285 13.048869 256.000000 241.199271 68.890420 18.264289 0.000000 20.527323 65.687898 18.653804 256.000000 228.136820
44.966851 99.179104 64.000000 13.195829 41.515000 101.531329 256.000000 233.622533 124.053538 53.369256 0.000000 48.472190 125.107080 52.732958 256.000000 220.525663 141.656595 22.043058 64.000000 76.421360 146.198676 23.311813 256.000000 173.757270 32.105822 101.001431 0.000000 43.524292 36.515749 70.466213 256.000000 223.563242
114.004929 196.884325 0.000000 16.762618 114.747185 195.806584 256.000000 237.400146 59.725165 220.897838 0.000000 35.306479 61.405193 215.350700 256.000000 222.414469 37.660340 87.401349 64.000000 13.497005 34.537213 87.956800 256.000000 269.647533 68.051858 78.787509 0.000000 10.442216 70.307469 82.726427 256.000000 262.965720
