63.849415 16.428629 64.000000 11.771695 65.285344 17.258493 256.000000 249.451505 45.848940 97.579100 64.000000 30.930816 52.911318 88.678998 256.000000 250.023740 140.516238 76.090400 0.000000 12.193342 142.077456 72.650993 256.000000 257.428377 128.003165 19.445631 64.000000 51.092425 108.348384 21.324869 256.000000 211.791547
52.212576 60.657311 64.000000 14.323089 58.825680 59.606633 256.000000 239.960145 133.065567 43.853702 64.000000 36.102445 128.945265 44.125162 256.000000 207.544960 32.095465 123.909549 0.000000 19.795895 24.595778 126.808669 256.000000 239.745019 119.400125 137.492704 64.000000 11.698552 120.175245 137.461687 256.000000 260.590729
86.121393 14.505578 0.000000 15.192198 83.573505 7.712885 256.000000 236.117995 128.743496 130.694305 0.000000 17.554282 122.366451 137.741678 256.000000 231.845593 80.593551 159.330324 0.000000 10.218485 81.930224 158.629809 256.000000 224.075242 180.657716 95.593322 0.000000 60.820423 186.636842 97.896493 256.000000 178.124328
44.966851 99.179104 64.000000 13.195829 41.515000 101.531329 256.000000 233.622533 45.384304 146.176827 0.000000 27.850212 42.212729 144.778989 256.000000 225.262737 95.033109 55.801145 0.000000 25.703254 93.563573 54.023420 256.000000 235.786701 18.338807 183.024289 0.000000 26.413170 21.886427 181.749320 256.000000 230.696820
69.620907 59.896633 0.000000 20.023928 85.792611 70.657616 256.000000 239.779440 100.625847 18.063720 64.000000 35.048328 96.218631 13.133847 256.000000 224.660384 134.575671 128.971527 64.000000 26.770279 193.060105 57.957691 256.000000 249.348244 18.164351 151.501191 64.000000 9.667762 20.520647 153.281125 256.000000 243.711943
76.820944 73.232638 64.000000 20.208936 74.242773 75.298740 256.000000 234.194769 79.469556 116.580662 0.000000 15.273946 80.211518 115.131736 256.000000 266.790660 67.180845 88.996735 0.000000 8.738418 69.785591 85.458329 256.000000 247.928412 25.086847 44.216236 0.000000 22.127860 22.591904 45.058098 256.000000 241.775809
47.497091 64.022865 64.000000 15.966652 49.005596 59.416231 256.000000 238.665087 159.475629 62.099385 0.000000 12.391258 189.379187 45.749211 256.000000 231.548719 72.207015 61.908698 0.000000 9.172973 72.561862 58.157789 256.000000 248.251101 98.719675 17.192345 0.000000 9.207393 104.946087 19.220536 256.000000 243.354834
172.451571 40.298064 0.000000 11.664132 173.004613 39.114371 256.000000 233.958130 93.769435 43.266522 0.000000 46.028359 65.008236 48.115425 256.000000 232.955643 54.015744 9.430651 64.000000 37.909504 49.837976 14.793824 256.000000 220.005058 93.060740 84.295367 64.000000 10.011964 93.294835 89.459287 256.000000 250.682025
97.304304 12.048496 64.000000 16.065610 91.853062 15.975922 256.000000 237.916448 18.172682 155.785416 64.000000 15.953744 18.715269 154.982080 256.000000 240.355977 15.785791 225.167324 64.000000 29.325976 15.739805 223.739704 256.000000 230.800080 54.516300 54.771025 0.000000 13.643291 60.864553 56.003304 256.000000 260.973653
60.594265 28.603562 64.000000 12.812905 65.239616 30.453502 256.000000 230.485996 106.430384 19.988685 0.000000 15.988164 103.174507 19.667445 256.000000 252.381521 21.279987 50.342884 64.000000 10.007662 17.944264 50.554445 256.000000 252.045924 96.194053 38.862358 64.000000 17.231593 97.670802 41.942775 256.000000 242.132918
119.290305 87.546973 0.000000 14.288669 118.817613 89.562053 256.000000 257.923166 62.421984 47.819898 0.000000 40.641604 62.913573 45.673271 256.000000 215.754168 97.134275 46.614773 0.000000 32.957303 87.556209 55.701964 256.000000 208.409766 38.894698 8.981445 0.000000 10.416401 20.254798 0.551256 256.000000 237.283978
24.195180 91.397847 0.000000 17.068097 27.868476 107.730669 256.000000 214.618303 25.561853 129.749089 64.000000 17.377878 31.072649 127.752660 256.000000 225.082031 110.796727 82.435969 0.000000 27.518918 106.904756 78.346173 256.000000 233.265424 75.267622 42.625889 64.000000 11.952401 73.296162 39.557118 256.000000 233.024483
48.611135 84.537205 0.000000 15.213711 47.496384 82.312307 256.000000 242.911674 142.665589 81.746907 64.000000 14.921139 140.675096 82.010513 256.000000 233.992550 111.716733 20.589653 0.000000 40.589974 103.463605 23.205078 256.000000 206.602708 171.840149 95.520485 0.000000 13.492703 175.012815 89.762778 256.000000 239.172784
88.652798 117.228875 0.000000 43.713603 77.585624 64.212338 256.000000 205.574406 73.343100 11.098700 64.000000 9.990451 72.430671 11.060415 256.000000 234.332449 77.497938 88.985891 0.000000 30.715690 72.875505 99.521111 256.000000 225.099241 131.383833 1.460915 0.000000 67.760387 82.822922 43.402340 256.000000 192.309736
35.778347 169.806564 0.000000 24.851356 43.863322 170.468775 256.000000 226.833157 88.495811 159.436667 0.000000 12.115896 86.320729 164.451902 256.000000 255.079201 41.298895 70.664705 0.000000 12.683829 39.700147 65.054145 256.000000 259.076242 125.398836 164.350667 0.000000 16.693778 121.587555 167.779255 256.000000 227.745291
136.248000 144.723802 0.000000 13.746551 134.835607 145.342985 256.000000 217.152487 27.924545 199.728842 64.000000 12.507426 37.471269 208.744664 256.000000 243.754968 109.178293 208.820035 0.000000 26.447590 116.202855 206.349249 256.000000 217.234235 121.513598 169.304644 64.000000 25.686044 118.851773 170.636102 256.000000 242.218968
78.277104 69.011047 64.000000 24.494246 75.784653 68.152935 256.000000 244.770363 24.752631 164.304925 0.000000 35.672193 26.991518 159.301218 256.000000 225.675779 26.662476 56.202618 0.000000 10.377678 30.467562 51.099275 256.000000 247.046396 97.554780 137.052558 0.000000 61.986406 98.580233 137.763589 256.000000 199.124928
166.265589 153.914276 64.000000 24.244700 161.746900 150.841364 256.000000 219.493058 78.331831 218.536478 0.000000 22.644163 75.434613 220.440415 256.000000 228.072283 2.895782 173.840875 0.000000 39.970411 2.415033 170.281002 256.000000 213.185563 146.562520 152.422600 64.000000 37.212495 144.198062 149.418115 256.000000 210.074842
23.966789 52.730016 64.000000 45.348561 25.986380 52.428940 256.000000 209.468186 46.521562 71.949578 0.000000 11.586686 52.977847 64.880971 256.000000 245.970766 183.926145 28.614742 64.000000 30.517774 182.609365 32.762067 256.000000 224.479678 47.886696 57.237067 0.000000 22.218213 48.257762 64.277667 256.000000 216.180117
59.327098 68.003565 64.000000 12.189039 62.064053 63.624916 256.000000 251.129487 20.659878 95.350716 64.000000 12.326720 21.410673 101.232367 256.000000 266.708912 170.600222 104.232847 64.000000 17.524164 172.744616 99.252076 256.000000 243.152615 68.890420 18.264289 0.000000 20.527323 65.687898 18.653804 256.000000 228.136820
20.708456 100.869973 0.000000 12.253577 17.106507 98.555240 256.000000 250.996109 113.189873 176.416522 64.000000 20.763962 105.355531 184.973375 256.000000 243.230061 39.366278 134.066078 0.000000 37.913806 52.126691 122.604282 256.000000 214.700051 48.036545 135.838311 64.000000 46.536056 50.327805 129.741871 256.000000 213.159748
53.470845 194.254196 0.000000 52.460626 54.168636 194.971727 256.000000 214.953899 49.624867 137.102402 64.000000 17.670450 67.491335 147.298295 256.000000 236.879541 124.382680 104.121811 64.000000 34.846109 120.939525 98.889824 256.000000 207.312624 114.967793 122.156824 0.000000 9.091225 115.208696 120.222082 256.000000 235.825424
121.494436 120.092693 64.000000 16.504467 120.495371 121.384464 256.000000 264.699635 137.357720 82.995456 64.000000 28.826884 134.777480 82.831547 256.000000 230.627980 29.616918 21.785802 64.000000 24.773910 25.552400 22.861838 256.000000 243.612985 34.786049 72.602835 0.000000 20.036836 39.927136 63.342615 256.000000 236.255676
156.140636 97.274996 0.000000 24.709372 154.839058 99.725629 256.000000 228.446602 92.617525 64.051267 0.000000 20.996298 89.065522 54.712675 256.000000 231.359408 123.734142 91.028853 0.000000 31.361068 117.004102 102.132605 256.000000 225.985560 46.471756 148.689376 64.000000 16.590517 47.204900 147.818342 256.000000 225.594031
65.223040 58.899631 0.000000 35.039723 57.230173 57.425175 256.000000 217.359008 66.530349 104.166664 0.000000 11.479123 63.793651 105.098335 256.000000 230.997996 82.643898 29.463705 64.000000 9.981846 82.203918 14.767780 256.000000 248.823337 85.091258 65.101065 64.000000 28.452565 81.591024 65.294395 256.000000 249.442900
65.251740 120.387402 0.000000 10.635829 60.711985 124.179115 256.000000 239.331978 137.735602 108.646315 0.000000 16.745408 140.418202 104.396458 256.000000 235.472617 170.450138 52.688422 0.000000 13.574451 170.942491 52.354720 256.000000 247.261522 37.740489 158.670735 64.000000 13.759459 35.730838 159.321831 256.000000 236.281491
126.685978 52.513716 64.000000 13.049543 127.249775 47.647140 256.000000 225.125056 84.281791 49.582184 64.000000 47.723552 73.992580 63.011451 256.000000 206.908187 145.722400 107.301498 0.000000 26.490616 146.534785 98.552553 256.000000 249.305219 12.074464 143.144422 0.000000 16.013979 7.312744 141.304293 256.000000 224.307578
82.402404 136.001809 64.000000 37.685773 85.010120 159.570407 256.000000 225.903813 114.024345 37.282996 64.000000 15.067425 113.117727 36.661784 256.000000 239.194297 60.969207 61.452349 64.000000 38.090210 65.407462 99.406040 256.000000 223.799880 91.967522 107.060462 0.000000 36.575723 61.676487 89.869098 256.000000 201.409566
51.337493 55.841242 64.000000 25.113809 70.824207 57.257882 256.000000 249.610698 136.431315 73.021331 64.000000 17.300433 135.691749 71.026082 256.000000 245.355506 97.989898 143.792695 64.000000 43.089738 96.881940 135.548073 256.000000 226.755712 118.323649 0.285393 64.000000 27.333910 117.966153 3.391458 256.000000 222.603780
49.783260 208.878400 64.000000 30.685573 50.685013 206.853967 256.000000 224.440956 121.954842 151.493387 64.000000 40.357638 119.416884 144.441493 256.000000 224.139779 162.018649 173.535336 64.000000 38.227890 159.539758 173.632935 256.000000 219.914705 92.125876 171.729896 64.000000 26.301305 86.615889 169.568402 256.000000 211.782942
68.731215 108.770493 0.000000 13.359325 65.598336 113.315849 256.000000 246.289152 12.593742 25.548544 0.000000 10.054989 9.894156 19.598156 256.000000 241.995237 129.664558 14.607167 0.000000 10.773510 130.885924 7.580882 256.000000 242.356649 1.841678 148.296351 64.000000 19.722752 3.164545 147.599755 256.000000 216.674907
101.721022 62.361316 0.000000 36.369202 91.529267 65.450353 256.000000 229.707240 52.999216 60.084933 64.000000 14.568333 56.043005 49.738511 256.000000 272.728138 1.033642 157.646918 0.000000 28.917237 7.657093 156.184027 256.000000 221.536755 86.544967 118.230467 0.000000 21.942852 84.877275 117.538678 256.000000 246.194497
