63.179915 146.470889 0.000000 16.302248 69.227951 144.200251 256.000000 211.890505 148.597149 59.613845 64.000000 11.750182 148.617985 56.966515 256.000000 256.305419 163.990195 16.540198 64.000000 20.286382 167.306560 26.790215 256.000000 236.608482 59.478576 86.928327 0.000000 31.959119 48.646847 86.509744 256.000000 229.272686
52.346904 132.246356 0.000000 20.948970 60.052349 128.208524 256.000000 247.321757 32.825522 90.663962 64.000000 11.565174 30.812882 88.473876 256.000000 256.073083 79.500758 214.649080 0.000000 34.540631 78.767962 213.942140 256.000000 211.223614 100.328793 66.761618 64.000000 16.878786 106.856829 58.299467 256.000000 263.731568
92.168947 143.467780 0.000000 9.121342 92.208745 144.087784 256.000000 235.180046 42.057367 86.834884 0.000000 11.539359 45.510091 90.364731 256.000000 232.684584 159.808167 99.097080 64.000000 11.281207 159.384336 102.718131 256.000000 241.526263 167.626524 73.014195 0.000000 33.357438 164.684542 67.915265 256.000000 226.377090
25.675795 61.913976 64.000000 9.456939 29.558096 61.259249 256.000000 244.968279 135.696373 116.789975 0.000000 27.419960 128.959089 123.292525 256.000000 205.780927 170.317200 45.992345 0.000000 25.501036 168.730695 44.934558 256.000000 235.593088 150.424771 41.788862 64.000000 8.833074 150.526064 40.276320 256.000000 237.322701
73.662196 49.694669 64.000000 22.910919 75.720978 53.985982 256.000000 233.101929 54.435540 127.818967 64.000000 13.484098 57.695185 126.590025 256.000000 239.159877 96.968420 41.387229 64.000000 14.938349 96.176529 41.394533 256.000000 236.617087 15.732433 71.100818 0.000000 36.993067 34.618465 56.096369 256.000000 210.629867
64.109078 170.855984 64.000000 31.675152 61.882016 169.720016 256.000000 224.182805 73.409611 37.843327 64.000000 9.448334 73.742413 31.072615 256.000000 240.041893 191.845936 82.146535 0.000000 19.972298 193.118609 109.752218 256.000000 236.819306 128.638389 69.605995 64.000000 80.607712 136.709815 77.394011 256.000000 173.830413
20.958000 70.497027 64.000000 23.534784 14.896584 68.157991 256.000000 218.899310 29.068447 54.366605 64.000000 10.906888 30.122345 56.865356 256.000000 238.256348 58.220095 174.707680 64.000000 11.384468 221.087651 253.837624 256.000000 209.494001 98.360329 74.379551 0.000000 26.297002 94.694455 76.318693 256.000000 232.594231
70.551589 97.984116 0.000000 10.476636 68.978185 100.345242 256.000000 254.644646 93.966353 162.751149 64.000000 8.708300 94.984880 184.638104 256.000000 236.328819 3.589807 96.712311 0.000000 33.662916 34.720880 107.478675 256.000000 234.771306 34.786049 72.602835 0.000000 20.036836 39.927136 63.342615 256.000000 236.255676
157.415973 160.637811 0.000000 8.751326 158.073685 162.645442 256.000000 262.139636 69.412076 71.001931 0.000000 9.048200 68.706918 71.620505 256.000000 256.456007 44.914367 155.007224 64.000000 12.055661 45.701784 154.986567 256.000000 241.694061 39.346242 107.190235 64.000000 18.548164 38.393538 105.990764 256.000000 241.737086
18.338807 183.024289 0.000000 26.413170 21.886427 181.749320 256.000000 230.696820 69.284942 6.394956 0.000000 12.929073 73.371398 7.673642 256.000000 232.998668 52.606580 130.216540 0.000000 12.645106 54.430220 128.848576 256.000000 255.092108 77.641980 124.732633 64.000000 16.078517 79.887307 126.562555 256.000000 207.441699
66.413038 165.696158 64.000000 18.135122 68.452264 164.440611 256.000000 237.839003 74.630745 143.013249 0.000000 27.609271 90.058278 142.018391 256.000000 232.968550 184.279813 124.049638 0.000000 40.443688 180.430545 115.849658 256.000000 204.145969 8.502069 90.911564 0.000000 15.230921 10.781718 92.459229 256.000000 259.609754
0.126284 78.851011 0.000000 17.653240 5.340129 78.475291 256.000000 252.820378 78.432885 57.226304 64.000000 17.373576 76.665365 53.007984 256.000000 231.901525 106.775605 171.766160 0.000000 48.941165 106.698498 118.872313 256.000000 206.073498 43.403442 61.256489 64.000000 42.465872 39.350971 95.857562 256.000000 218.748722
71.153607 160.700920 64.000000 11.117712 70.956113 160.993973 256.000000 245.381321 65.597255 150.177065 64.000000 13.759459 89.075273 162.729645 256.000000 253.177487 3.781776 49.709664 0.000000 10.334653 1.319605 52.413598 256.000000 245.368413 36.056585 76.513500 64.000000 17.842550 32.312773 74.734995 256.000000 254.885587
42.548493 75.733609 0.000000 9.650552 46.900813 48.657265 256.000000 240.011776 38.894698 8.981445 0.000000 10.416401 20.254798 0.551256 256.000000 237.283978 16.451427 70.838936 0.000000 17.442416 17.785898 77.314669 256.000000 245.230732 77.263780 164.090958 64.000000 12.524636 70.943175 169.606653 256.000000 236.259978
114.879025 144.677905 64.000000 16.061307 113.676151 145.417282 256.000000 252.764445 97.354965 76.647569 64.000000 33.077774 102.223376 75.692107 256.000000 221.016150 109.010311 96.435138 64.000000 32.694849 116.407407 90.731064 256.000000 223.382536 16.937427 128.392409 0.000000 12.782787 21.097769 130.025502 256.000000 251.034832
150.953773 78.095478 64.000000 24.421104 150.340029 79.422125 256.000000 250.561555 156.604135 42.756353 64.000000 12.602081 157.266504 42.951296 256.000000 243.647405 103.450771 205.792969 0.000000 9.233208 103.033980 207.822158 256.000000 235.334936 77.772633 95.398865 64.000000 9.715090 82.387287 93.358367 256.000000 242.881557
75.063675 7.713065 64.000000 43.692091 55.462804 24.241136 256.000000 213.491042 106.352396 19.300249 0.000000 13.802484 105.529300 19.672107 256.000000 249.571975 137.216629 17.402938 64.000000 18.634214 135.695451 15.337847 256.000000 233.897895 121.687253 144.548058 64.000000 45.778813 121.218380 138.053460 256.000000 213.168353
68.693144 110.341615 64.000000 11.952401 75.819742 109.619422 256.000000 227.994837 50.080778 83.394193 64.000000 11.715762 52.459424 81.479516 256.000000 255.242696 3.699545 10.324275 0.000000 17.700567 3.589558 13.583329 256.000000 228.166938 96.194053 38.862358 64.000000 17.231593 97.670802 41.942775 256.000000 242.132918
183.212531 99.909835 0.000000 17.438114 189.160625 89.402245 256.000000 220.491242 54.142391 72.779409 0.000000 29.024800 47.639385 67.197124 256.000000 219.940520 99.530796 66.998975 64.000000 20.905945 97.359785 66.493645 256.000000 223.903141 6.771182 73.503311 0.000000 11.044569 3.621171 68.483876 256.000000 238.488684
139.238309 175.074536 64.000000 33.189639 134.848182 175.626096 256.000000 228.016350 1.583180 74.269195 64.000000 21.275961 20.620696 82.690951 256.000000 226.248014 10.676987 88.213555 64.000000 44.604225 17.375604 80.148707 256.000000 227.142938 93.725875 97.012562 0.000000 35.121471 49.353600 102.354915 256.000000 225.873695
48.127987 124.251355 64.000000 29.080733 63.843180 127.881425 256.000000 212.720891 154.379218 70.814216 64.000000 10.631527 155.689215 68.435035 256.000000 245.114564 94.723938 119.518218 0.000000 43.653368 82.232989 132.856856 256.000000 208.478607 132.916027 180.777280 0.000000 43.399519 122.606660 172.835555 256.000000 194.572862
70.222724 60.143493 0.000000 15.562215 67.047804 62.929629 256.000000 222.530637 3.583967 33.021016 64.000000 29.829371 26.459756 29.832671 256.000000 216.855613 76.820944 73.232638 64.000000 20.208936 74.242773 75.298740 256.000000 234.194769 111.450676 38.638220 0.000000 27.140296 103.887784 29.200589 256.000000 225.129359
6.051564 142.714784 64.000000 17.971626 10.664324 144.332764 256.000000 234.934802 2.442458 46.940722 64.000000 11.100502 2.412425 48.579965 256.000000 243.625892 63.585376 94.611433 64.000000 9.302048 61.028245 97.171473 256.000000 251.658697 168.227713 86.638702 64.000000 17.924298 166.219473 86.277838 256.000000 238.165995
119.615129 0.871302 64.000000 19.993810 116.690051 -0.000004 256.000000 220.306234 114.181805 87.695629 64.000000 9.792536 114.121525 88.979365 256.000000 246.259035 130.506791 127.606509 64.000000 26.064666 129.787873 126.545849 256.000000 245.949253 63.516565 130.275618 64.000000 13.673409 64.216416 128.633415 256.000000 238.764045
85.896895 32.699375 0.000000 14.335997 94.612844 46.565147 256.000000 234.732584 43.123520 194.401458 64.000000 42.220629 51.298576 181.461762 256.000000 218.421730 94.667820 102.690209 64.000000 33.671522 95.388856 90.139018 256.000000 227.938905 43.219804 154.735115 64.000000 10.059292 44.747007 154.264742 256.000000 246.874295
45.831289 226.182782 0.000000 49.263854 43.465255 196.948031 256.000000 205.174271 150.369575 122.179767 64.000000 10.377678 152.552218 121.064765 256.000000 249.658026 93.587807 185.023909 0.000000 10.326048 94.026664 184.636433 256.000000 236.651508 119.290305 87.546973 0.000000 14.288669 118.817613 89.562053 256.000000 257.923166
92.764442 30.652949 64.000000 24.610414 90.143807 31.276956 256.000000 227.504350 54.609775 137.292407 64.000000 8.936334 49.852000 143.404751 256.000000 246.512883 19.268498 76.583405 0.000000 12.309510 20.192465 72.181071 256.000000 234.934802 54.057385 129.659835 64.000000 11.027359 52.982258 129.559938 256.000000 249.451505
114.899218 39.595875 0.000000 17.864063 111.727769 34.528125 256.000000 237.925053 27.596356 113.769022 0.000000 19.606584 24.688184 109.773665 256.000000 229.147913 159.988660 71.023185 64.000000 21.366314 159.249764 71.982489 256.000000 250.974597 170.873224 72.239276 0.000000 30.973841 170.252569 63.873482 256.000000 216.360823
25.546158 87.999747 64.000000 17.360668 28.325422 90.837595 256.000000 261.782527 39.349835 123.611287 64.000000 27.488800 12.863336 106.727271 256.000000 232.620046 78.331831 218.536478 0.000000 22.644163 75.434613 220.440415 256.000000 228.072283 15.139136 9.200715 64.000000 9.099830 16.455402 9.461293 256.000000 236.608482
180.910936 79.109511 0.000000 16.904601 182.440811 73.376618 256.000000 242.941792 124.564520 70.362989 64.000000 19.464600 123.012136 70.618020 256.000000 239.951540 137.946167 109.218802 0.000000 61.259280 126.656758 98.545716 256.000000 199.877869 66.957269 196.973951 64.000000 16.977744 76.775687 197.127349 256.000000 243.535540
16.113522 170.543471 64.000000 30.100430 18.432255 166.783500 256.000000 236.178230 86.855347 117.892760 64.000000 14.172501 85.076131 118.514053 256.000000 234.332449 70.511225 63.814355 0.000000 24.481339 67.401758 68.055002 256.000000 231.105559 115.061696 9.655413 64.000000 40.680327 128.975260 26.716680 256.000000 234.229189
2.317280 151.081180 64.000000 22.248331 1.006342 149.302020 256.000000 210.388925 29.713513 92.919611 0.000000 25.113809 35.026853 91.475105 256.000000 235.438197 21.021851 196.182185 0.000000 55.549836 28.367453 161.529993 256.000000 191.625636 187.323293 46.449589 0.000000 20.862919 187.892516 49.807495 256.000000 227.801224
