26.253964 21.813622 0.000000 25.961406 27.902885 25.961371 256.000000 224.032216 38.824896 37.357022 64.000000 9.947426 42.073756 36.990547 256.000000 246.241825 152.649289 119.533784 64.000000 13.682014 157.713905 114.887356 256.000000 239.770835 164.054404 50.850473 64.000000 34.433068 164.760091 53.032709 256.000000 228.222871
69.963349 98.712593 0.000000 8.932032 68.749775 99.264402 256.000000 243.797993 124.053538 53.369256 0.000000 48.472190 125.107080 52.732958 256.000000 220.525663 165.512616 47.469487 64.000000 26.413170 163.631533 51.985555 256.000000 232.138164 136.431315 73.021331 64.000000 17.300433 135.691749 71.026082 256.000000 245.355506
165.945882 78.191609 64.000000 20.811289 165.316131 79.457242 256.000000 219.604923 44.662424 27.565818 0.000000 85.374904 43.917420 25.724880 256.000000 167.918751 37.694705 131.867860 64.000000 37.651353 42.489371 128.005567 256.000000 211.434438 45.652651 95.032395 64.000000 13.823997 46.313815 91.802269 256.000000 238.333793
55.828980 34.006345 0.000000 11.986821 59.985369 35.944773 256.000000 238.927541 114.855331 29.471231 0.000000 36.300361 104.284420 45.244284 256.000000 237.382936 88.437036 23.932658 0.000000 13.832602 89.975596 25.366416 256.000000 241.861859 39.181495 122.603773 64.000000 15.403022 43.709013 123.401373 256.000000 252.742932
49.687262 159.698338 64.000000 10.270115 51.537882 161.015209 256.000000 249.146026 153.565556 25.487793 64.000000 19.348432 152.803716 26.241675 256.000000 235.081088 17.336764 130.080367 0.000000 24.890078 25.744127 126.834776 256.000000 245.712615 36.652802 95.104833 64.000000 9.792536 41.236985 95.820011 256.000000 240.442028
19.058364 203.735855 0.000000 15.562215 23.494800 205.882587 256.000000 223.571847 19.268498 76.583405 0.000000 12.309510 20.192465 72.181071 256.000000 234.934802 62.898238 61.292500 64.000000 34.622378 59.497456 64.661307 256.000000 220.413797 82.786665 81.488080 64.000000 57.227819 83.202158 82.519247 256.000000 195.923853
106.775605 171.766160 0.000000 48.941165 106.698498 118.872313 256.000000 206.073498 27.857740 83.771762 64.000000 82.165224 33.385389 87.815365 256.000000 194.671820 110.648220 15.079884 64.000000 20.178819 108.106245 14.347255 256.000000 228.339039 13.995740 66.305984 64.000000 40.013436 51.781107 24.213858 256.000000 230.382736
38.254004 38.731680 0.000000 10.308838 31.402918 33.975369 256.000000 253.642159 58.901455 58.625909 0.000000 17.175660 63.461391 62.997573 256.000000 239.598734 131.234224 15.926940 64.000000 12.886047 128.869653 11.524420 256.000000 246.246127 131.436475 132.259433 0.000000 13.406652 128.352876 132.859693 256.000000 268.133046
11.907249 75.571945 0.000000 12.434283 4.979411 76.533891 256.000000 237.283978 160.687711 48.311495 0.000000 21.693306 160.940675 45.327355 256.000000 218.559411 98.865836 79.969220 0.000000 20.419760 102.049502 72.049715 256.000000 222.384351 79.901436 106.024035 0.000000 15.299761 85.631133 102.335940 256.000000 237.150600
72.702096 13.983373 0.000000 15.613845 71.494738 15.870427 256.000000 239.026499 36.333775 108.164769 0.000000 13.015123 41.984209 110.498958 256.000000 221.708856 105.860751 90.166991 64.000000 20.574651 103.199769 85.817289 256.000000 230.012719 49.611911 134.480593 0.000000 18.956903 46.229509 132.916825 256.000000 238.531709
84.155249 37.458182 0.000000 30.569405 85.198633 42.290051 256.000000 243.526935 33.755796 37.319493 64.000000 12.877442 34.717216 37.006160 256.000000 255.311537 4.482585 60.947360 0.000000 28.073943 9.253745 64.017365 256.000000 234.835844 17.633907 60.549369 64.000000 9.938821 18.487422 61.504064 256.000000 259.149385
117.574671 112.150369 0.000000 16.211895 123.395164 106.296160 256.000000 243.204246 2.679135 106.029835 64.000000 17.734987 4.327113 104.193325 256.000000 234.969222 137.827935 171.202647 0.000000 44.862376 134.974913 162.018784 256.000000 204.029801 104.547949 218.759707 64.000000 18.500836 109.318347 217.412349 256.000000 238.781255
156.140636 97.274996 0.000000 24.709372 154.839058 99.725629 256.000000 228.446602 103.193967 131.517631 64.000000 12.331022 106.520671 129.030122 256.000000 228.197056 53.973185 170.981429 64.000000 23.556297 69.816095 171.340127 256.000000 238.277860 173.383827 54.054785 0.000000 19.064466 173.347960 55.717825 256.000000 230.369828
116.242722 64.678438 0.000000 27.678111 109.275975 65.386627 256.000000 218.469058 132.611718 39.715607 0.000000 26.886447 123.742133 25.307864 256.000000 246.814060 47.497091 64.022865 64.000000 15.966652 49.005596 59.416231 256.000000 238.665087 75.637242 80.115902 64.000000 9.861376 82.064578 78.140298 256.000000 233.867777
79.087798 151.677976 64.000000 41.058948 66.296780 148.088411 256.000000 206.060590 57.931995 87.793324 64.000000 11.208065 59.263595 91.552607 256.000000 248.930900 155.426913 160.143784 64.000000 11.978216 155.783631 159.557398 256.000000 256.180646 137.580589 85.048947 64.000000 51.341971 136.812022 86.169258 256.000000 195.429063
88.683056 85.751222 0.000000 25.901170 79.519793 100.146402 256.000000 234.762701 134.747718 55.433624 0.000000 12.219157 137.303113 59.794524 256.000000 257.751066 28.424735 113.891418 0.000000 18.156634 24.725631 112.322067 256.000000 248.139236 27.566324 203.639398 64.000000 13.957375 22.463764 206.709980 256.000000 232.112349
58.120975 109.854256 0.000000 12.412770 64.847978 109.772811 256.000000 249.503135 140.427405 137.635998 64.000000 12.731157 139.585753 141.169060 256.000000 263.215266 87.006205 105.639373 64.000000 14.155291 86.594949 105.020378 256.000000 243.234363 124.696375 37.843847 64.000000 39.944596 149.004498 191.801185 256.000000 230.331106
70.222724 60.143493 0.000000 15.562215 67.047804 62.929629 256.000000 222.530637 13.093662 127.743164 0.000000 10.928401 16.370362 129.791913 256.000000 248.689959 2.372933 169.499325 0.000000 31.980631 6.331631 167.897811 256.000000 217.729025 66.530349 104.166664 0.000000 11.479123 63.793651 105.098335 256.000000 230.997996
138.203596 158.412851 64.000000 36.524092 135.302318 156.882522 256.000000 208.543144 93.893076 64.336336 64.000000 29.618548 91.993124 59.600613 256.000000 256.172041 20.999393 119.279558 64.000000 17.102517 17.046145 117.726627 256.000000 227.280619 21.995098 196.324682 0.000000 36.308966 15.900965 192.580162 256.000000 207.575077
38.326205 91.274842 0.000000 13.811089 40.443640 88.092249 256.000000 254.683369 25.258995 96.375720 0.000000 10.829443 23.884538 92.926949 256.000000 245.463069 21.021851 196.182185 0.000000 55.549836 28.367453 161.529993 256.000000 191.625636 122.348936 110.995287 0.000000 11.143527 119.890209 113.292418 256.000000 244.447674
8.320491 47.894367 64.000000 12.666619 4.747907 49.654144 256.000000 254.696276 88.652798 117.228875 0.000000 43.713603 77.585624 64.212338 256.000000 205.574406 29.656916 94.649611 64.000000 17.567189 39.809969 88.065207 256.000000 244.606867 62.113027 119.317091 0.000000 13.570148 68.498178 117.974380 256.000000 252.631067
4.158878 4.415322 0.000000 21.267356 5.439978 7.520665 256.000000 218.215209 17.874247 199.284860 0.000000 14.718921 30.161476 201.143727 256.000000 228.524047 8.852495 220.880264 0.000000 27.140296 7.600442 216.164395 256.000000 216.455479 23.447707 29.184693 64.000000 12.554753 23.139860 31.034224 256.000000 260.293855
39.174573 23.124373 64.000000 26.503523 37.330111 25.536676 256.000000 230.726938 9.267062 20.964173 0.000000 39.096999 148.260442 79.160940 256.000000 218.916520 121.880149 176.596587 0.000000 14.138081 123.869029 175.964525 256.000000 251.955571 82.122811 103.064245 64.000000 16.633542 89.065105 96.489956 256.000000 223.769763
112.191342 2.475749 64.000000 30.612430 108.917809 4.734758 256.000000 214.304219 9.163538 52.546031 0.000000 14.581240 9.106484 56.516145 256.000000 246.672077 76.912062 24.338924 0.000000 14.512400 72.432998 20.887469 256.000000 238.553221 29.888629 62.214222 64.000000 14.426350 36.590316 58.375109 256.000000 233.532181
101.694889 61.367400 64.000000 29.287254 96.478349 57.961256 256.000000 231.643374 94.576822 59.458844 0.000000 20.518718 95.000007 66.685713 256.000000 245.316783 159.815622 107.648411 64.000000 18.427693 159.003949 112.403364 256.000000 227.203174 135.751795 60.646900 64.000000 13.518518 135.577196 58.976056 256.000000 261.786829
41.867091 90.432611 0.000000 18.900970 53.292344 97.276129 256.000000 233.820449 164.493722 110.717818 0.000000 10.283023 165.688162 113.750984 256.000000 225.615544 62.372371 9.236544 0.000000 13.398047 69.340824 10.412525 256.000000 239.443843 114.496018 120.833876 64.000000 16.018282 113.048436 126.113102 256.000000 232.835172
89.450833 99.594858 64.000000 37.367386 75.292851 100.659282 256.000000 224.062334 135.388784 85.391753 0.000000 11.350048 142.696445 94.082167 256.000000 246.280547 70.904251 126.044671 0.000000 8.802956 69.204889 125.821742 256.000000 249.812916 40.341053 154.911600 64.000000 8.768536 33.807640 164.238951 256.000000 243.118195
61.741060 151.034124 0.000000 33.688732 63.958778 142.013827 256.000000 227.418300 36.919415 113.141022 64.000000 33.822110 47.836253 85.006742 256.000000 233.372987 45.831289 226.182782 0.000000 49.263854 43.465255 196.948031 256.000000 205.174271 28.759756 220.549487 0.000000 36.894109 35.434116 216.386576 256.000000 223.077057
56.470044 56.806998 64.000000 9.164368 56.512636 58.554900 256.000000 237.722835 98.122733 89.400258 64.000000 21.293171 115.457353 90.282011 256.000000 239.585826 96.261216 102.240560 0.000000 9.689275 101.467100 117.393053 256.000000 244.374531 56.216573 55.302718 64.000000 31.012564 49.895987 54.377133 256.000000 210.965463
39.026744 92.786185 0.000000 16.229105 34.798407 91.434885 256.000000 243.294598 64.122562 120.417496 0.000000 10.751997 69.759885 122.276655 256.000000 243.608682 75.990789 20.417165 64.000000 18.092097 74.838164 21.240980 256.000000 220.349259 15.732433 71.100818 0.000000 36.993067 34.618465 56.096369 256.000000 210.629867
14.363144 53.227544 0.000000 46.178947 9.928905 52.256224 256.000000 202.726137 40.338493 112.022138 64.000000 8.716906 38.303893 112.217038 256.000000 244.946766 62.827416 69.142785 0.000000 15.936534 69.344147 63.137593 256.000000 241.754296 53.783345 117.106716 0.000000 12.825812 57.387602 115.798205 256.000000 243.118195
67.439509 115.580562 0.000000 12.649409 67.551038 111.647540 256.000000 220.258906 72.706282 91.703349 0.000000 21.060835 71.305342 90.104680 256.000000 236.935474 59.545993 127.158145 0.000000 30.207993 58.410516 122.168515 256.000000 225.219712 55.710364 21.494082 64.000000 32.974513 59.813431 27.896309 256.000000 247.945623
