15.403065 129.376216 0.000000 42.564830 19.625831 131.507342 256.000000 205.406607 74.153193 167.339555 0.000000 23.814448 57.889880 170.657751 256.000000 221.420587 3.400516 120.934451 0.000000 24.330751 5.061380 120.660231 256.000000 238.854398 18.666580 114.842220 64.000000 42.857402 26.320069 109.683573 256.000000 207.153430
151.705800 11.905265 0.000000 23.194885 150.335380 15.406575 256.000000 245.222127 167.235191 135.983467 64.000000 16.689475 165.646640 135.794740 256.000000 235.038063 2.679135 106.029835 64.000000 17.734987 4.327113 104.193325 256.000000 234.969222 147.297891 124.143489 64.000000 20.720936 147.060984 122.271573 256.000000 251.370428
0.440200 153.838464 0.000000 30.629640 3.893111 148.620925 256.000000 212.118539 16.590156 27.671845 64.000000 13.243157 9.357991 26.881149 256.000000 249.421387 59.684571 142.837867 64.000000 20.819894 68.654338 146.831145 256.000000 232.318870 172.896900 89.484569 64.000000 13.570148 175.293160 83.119973 320.000000 234.771306
33.755796 37.319493 64.000000 12.877442 34.717216 37.006160 256.000000 255.311537 107.868685 160.927658 64.000000 40.904058 102.078180 158.922391 256.000000 225.030401 33.682318 171.988120 64.000000 72.880386 35.508538 169.716615 256.000000 178.941807 22.716860 50.697636 0.000000 11.504938 25.135127 49.011104 256.000000 234.272214
41.088935 22.458271 64.000000 24.292028 38.248191 24.667556 256.000000 231.690702 9.379298 173.432851 0.000000 13.527123 12.155849 177.451769 256.000000 257.023940 164.493722 110.717818 0.000000 10.283023 165.688162 113.750984 256.000000 225.615544 49.417665 14.894240 64.000000 13.079661 46.301440 8.690918 256.000000 234.233491
111.450676 38.638220 0.000000 27.140296 103.887784 29.200589 256.000000 225.129359 129.904482 76.413853 64.000000 24.249003 123.265073 55.015707 256.000000 235.907172 43.874738 162.946385 0.000000 42.891822 37.417649 128.111991 256.000000 247.110934 71.302495 108.580689 64.000000 23.952129 70.795615 101.881067 256.000000 215.280891
66.513080 33.341609 0.000000 27.157506 60.694647 37.995367 256.000000 245.312480 127.641767 161.080665 0.000000 29.704598 127.685655 158.390493 256.000000 245.157590 44.533098 208.825487 0.000000 8.794351 47.987598 211.600984 256.000000 263.103401 101.655829 174.287745 64.000000 12.804300 99.576653 186.577687 256.000000 251.176815
15.161838 201.886393 0.000000 12.782787 20.434082 206.082456 256.000000 245.454463 18.172682 155.785416 64.000000 15.953744 18.715269 154.982080 256.000000 240.355977 15.082284 122.299662 64.000000 19.972298 22.987689 126.197805 256.000000 248.547975 3.781776 49.709664 0.000000 10.334653 1.319605 52.413598 256.000000 245.368413
51.628005 115.314165 64.000000 23.973641 56.216255 113.246545 256.000000 257.333721 29.710844 229.773376 64.000000 39.720865 29.313622 224.282460 256.000000 217.126672 41.298895 70.664705 0.000000 12.683829 39.700147 65.054145 256.000000 259.076242 127.790513 95.847911 64.000000 10.011964 132.727460 91.498209 256.000000 248.677051
100.920725 116.924640 64.000000 12.279392 110.426282 128.914495 256.000000 251.052042 163.990195 16.540198 64.000000 20.286382 167.306560 26.790215 256.000000 236.608482 49.544925 30.558664 0.000000 12.331022 49.022853 31.148525 256.000000 240.364582 31.064222 113.639178 0.000000 21.366314 26.660300 112.214151 256.000000 236.776281
31.811362 222.804000 0.000000 16.013979 34.245715 222.999044 256.000000 253.435638 69.572307 135.447705 64.000000 16.160265 88.086982 124.405600 256.000000 229.272686 156.749382 58.024435 64.000000 31.434211 153.765280 57.189662 256.000000 226.041493 84.084380 57.956956 0.000000 31.881673 57.218660 33.392400 256.000000 236.419171
11.388811 32.335258 0.000000 17.846853 19.680096 25.890320 256.000000 221.773393 34.338016 146.669345 64.000000 23.229305 32.444102 143.208464 256.000000 240.790532 177.348696 51.803649 64.000000 33.374648 173.744682 54.154771 256.000000 210.337295 57.617836 81.584022 64.000000 24.167255 58.257111 77.797447 256.000000 234.943407
36.819338 206.405027 64.000000 41.540831 32.576715 201.103616 256.000000 216.713630 134.128107 110.190229 64.000000 27.660901 142.948925 105.582076 256.000000 236.186835 41.414605 50.706958 64.000000 14.916837 35.294895 48.668585 256.000000 242.279204 38.592873 59.130573 0.000000 8.729813 35.708171 60.596033 256.000000 276.837044
62.985836 151.033058 0.000000 22.725911 69.647449 147.308520 256.000000 231.854198 132.164051 73.277193 64.000000 30.156363 127.060567 81.047305 256.000000 221.102200 73.327024 68.915895 0.000000 56.767449 71.376355 66.825856 256.000000 198.600021 25.392820 133.274922 0.000000 9.482754 26.938238 133.834724 256.000000 253.883100
181.194167 137.123191 0.000000 37.406109 181.992664 130.967693 256.000000 233.213794 84.155249 37.458182 0.000000 30.569405 85.198633 42.290051 256.000000 243.526935 135.564816 60.733785 64.000000 50.485770 126.600527 61.435467 256.000000 220.349259 65.267047 158.935607 64.000000 36.644563 66.925573 152.108949 256.000000 220.934402
107.275082 103.733887 64.000000 27.148901 112.043878 95.747878 256.000000 237.481894 121.880149 176.596587 0.000000 14.138081 123.869029 175.964525 256.000000 251.955571 37.318147 52.695351 0.000000 15.510585 32.938264 54.333778 256.000000 231.105559 130.924116 96.402669 0.000000 21.465272 129.605998 96.426053 256.000000 249.150328
75.475818 19.049284 0.000000 13.957375 74.825027 22.295689 256.000000 233.786029 64.751418 137.416467 0.000000 12.666619 71.910505 137.682371 256.000000 244.383136 73.360764 53.173465 64.000000 15.902114 74.362509 53.423875 256.000000 225.069124 170.317200 45.992345 0.000000 25.501036 168.730695 44.934558 256.000000 235.593088
178.709524 67.317640 64.000000 8.747023 181.062636 70.021960 256.000000 238.574734 18.289625 162.241207 64.000000 29.958447 49.035282 156.739616 256.000000 216.373731 82.396724 102.091376 0.000000 10.330351 80.729275 103.111909 256.000000 237.765860 3.238300 36.329876 0.000000 12.421375 0.621724 38.460351 256.000000 236.367541
75.852800 73.298258 0.000000 9.469847 71.886007 75.617285 256.000000 235.679138 14.799233 206.361040 64.000000 35.525908 16.594611 202.269611 256.000000 245.187707 33.666075 71.164695 64.000000 13.673409 40.102433 74.413885 256.000000 260.586426 105.897573 56.397411 64.000000 11.165039 108.012365 53.540315 256.000000 240.945423
77.263780 164.090958 64.000000 12.524636 70.943175 169.606653 256.000000 236.259978 188.622940 109.204620 0.000000 37.668563 179.767475 107.473880 256.000000 207.992422 102.303084 95.584387 0.000000 10.145342 106.427153 90.700775 256.000000 232.198399 165.172747 84.081820 64.000000 44.470847 154.515055 75.733013 256.000000 201.603180
92.757333 191.152113 0.000000 15.033005 95.058691 191.437778 256.000000 236.776281 88.495811 159.436667 0.000000 12.115896 86.320729 164.451902 256.000000 255.079201 146.292069 150.770733 0.000000 37.139353 135.884571 152.432076 256.000000 217.053529 132.946947 144.205098 0.000000 20.312197 130.994229 144.956507 256.000000 240.226902
17.550233 91.741271 64.000000 14.516702 16.074480 97.997413 256.000000 251.835101 62.555984 214.410405 64.000000 19.735659 60.756411 214.733724 256.000000 251.232748 28.935753 130.093869 0.000000 38.929201 38.129936 108.293460 256.000000 223.997796 30.966696 108.239598 0.000000 12.795694 24.189013 115.099655 256.000000 237.477591
64.471196 29.882858 64.000000 20.075558 62.858795 33.901947 256.000000 233.471945 44.149500 90.699769 64.000000 13.170014 48.481331 93.808324 256.000000 236.247071 15.427098 72.530636 64.000000 10.932703 15.612838 74.913947 256.000000 238.131574 157.199038 90.543456 0.000000 9.396704 159.097991 95.104860 256.000000 244.150800
97.505313 206.358736 0.000000 44.750511 89.411362 196.387076 256.000000 217.995781 150.187825 63.431075 0.000000 16.242013 149.985287 65.688002 256.000000 241.272414 40.996749 33.131669 0.000000 36.635958 19.828495 57.781724 256.000000 217.685999 9.558311 51.145711 64.000000 10.403493 8.112055 52.238038 256.000000 257.720948
52.008969 48.048593 64.000000 22.992667 48.742478 41.668767 256.000000 258.435166 43.219804 154.735115 64.000000 10.059292 44.747007 154.264742 256.000000 246.874295 31.076109 68.769667 0.000000 13.492703 27.947725 70.860773 256.000000 248.857757 133.659033 94.166764 64.000000 56.599651 119.005035 115.297727 256.000000 194.241568
106.414075 104.362025 0.000000 24.705070 103.753538 109.786471 256.000000 246.900110 29.087244 16.646427 64.000000 22.975457 32.816845 16.406905 256.000000 252.002899 29.669936 126.116858 64.000000 18.044769 33.509651 126.609618 256.000000 231.316383 160.181080 40.569622 0.000000 13.355022 161.485309 42.465498 256.000000 225.688687
119.561009 13.491424 0.000000 33.249875 89.587496 9.213684 256.000000 223.903141 38.326205 91.274842 0.000000 13.811089 40.443640 88.092249 256.000000 254.683369 93.438420 50.090544 64.000000 14.817879 93.646816 43.526962 256.000000 245.699707 35.928876 80.603860 64.000000 39.639117 39.274893 88.138258 256.000000 206.869464
42.057367 86.834884 0.000000 11.539359 45.510091 90.364731 256.000000 232.684584 152.649289 119.533784 64.000000 13.682014 157.713905 114.887356 256.000000 239.770835 74.582333 137.709380 0.000000 19.924970 79.512129 144.779805 256.000000 240.566801 162.396082 157.166169 64.000000 35.186009 159.418980 153.910520 256.000000 238.755440
147.366365 28.307665 64.000000 9.323561 134.817844 23.390409 256.000000 241.440212 106.617827 35.059389 64.000000 24.511456 96.387822 12.585675 256.000000 229.040350 46.312676 99.113305 0.000000 10.356166 49.729480 98.056218 256.000000 253.766932 32.635696 54.748567 0.000000 44.453637 29.924009 65.402095 256.000000 192.094610
44.662424 27.565818 0.000000 85.374904 43.917420 25.724880 256.000000 167.918751 22.483109 64.867433 64.000000 11.543661 23.275484 62.874809 256.000000 260.909115 14.950371 126.836633 64.000000 13.806787 5.596962 130.615396 256.000000 260.857485 100.299384 151.551629 64.000000 17.016467 111.467009 149.942698 256.000000 245.420043
13.656287 63.185929 0.000000 10.532569 11.295011 66.024895 256.000000 237.714230 90.623665 76.589364 0.000000 11.453308 89.523520 75.939436 256.000000 253.530294 3.850358 56.808684 64.000000 13.544333 1.275049 50.796624 256.000000 238.828583 72.748458 213.993187 64.000000 43.765233 68.714138 216.091451 256.000000 212.424017
163.169622 144.090800 0.000000 10.369073 162.944902 146.250655 256.000000 253.431336 101.721022 62.361316 0.000000 36.369202 91.529267 65.450353 256.000000 229.707240 10.676987 88.213555 64.000000 44.604225 17.375604 80.148707 256.000000 227.142938 67.758640 82.435720 64.000000 31.090010 56.862264 72.994607 256.000000 233.437525
