90.839356 130.963618 64.000000 41.403150 92.251387 128.158002 256.000000 193.174543 69.447351 89.849331 64.000000 16.766920 67.641724 91.082913 256.000000 246.693589 63.649609 45.218336 0.000000 23.427221 61.558869 44.521273 256.000000 241.840347 16.451427 70.838936 0.000000 17.442416 17.785898 77.314669 256.000000 245.230732
68.401271 95.283536 64.000000 10.885376 66.842531 96.287007 256.000000 231.548719 157.725207 52.121871 64.000000 24.339356 156.144424 53.131524 256.000000 222.960889 113.475704 67.711318 0.000000 38.017067 107.703027 58.502596 256.000000 215.220655 3.284702 105.068487 64.000000 13.548635 4.367922 103.477844 256.000000 231.221727
77.918525 134.758082 0.000000 18.780500 111.121629 132.958445 256.000000 221.278604 114.879025 144.677905 64.000000 16.061307 113.676151 145.417282 256.000000 252.764445 22.667435 74.932415 0.000000 18.888063 27.659396 76.015916 256.000000 210.212522 113.917131 164.009985 64.000000 15.540702 115.621775 161.483602 256.000000 229.690030
55.942131 43.230262 64.000000 29.244228 61.755340 54.428833 256.000000 18.117912 54.965055 58.268042 0.000000 22.484970 93.410031 32.730662 256.000000 237.451776 52.346904 132.246356 0.000000 20.948970 60.052349 128.208524 256.000000 247.321757 134.575671 128.971527 64.000000 26.770279 193.060105 57.957691 256.000000 249.348244
13.656287 63.185929 0.000000 10.532569 11.295011 66.024895 256.000000 237.714230 39.878509 137.871575 64.000000 27.794279 44.134831 135.943985 256.000000 215.693933 46.984007 231.106142 64.000000 25.488128 50.700480 227.337616 256.000000 238.243440 8.238425 154.979611 0.000000 8.622250 3.976993 155.641309 256.000000 247.928412
14.090802 56.578991 0.000000 11.535056 15.037084 57.992176 256.000000 259.429048 120.309173 6.165727 0.000000 11.586686 119.093307 3.733213 256.000000 257.398259 3.670638 119.854302 0.000000 18.165239 12.205184 130.190871 256.000000 239.271742 47.033384 221.138976 64.000000 31.868766 49.608644 218.487205 256.000000 227.310737
6.679296 196.971751 0.000000 10.584199 21.577867 212.119249 256.000000 238.157390 139.671945 185.229656 64.000000 15.936534 144.578418 191.684131 256.000000 231.256147 100.707513 154.660242 0.000000 37.556697 99.041516 149.591811 256.000000 237.000012 49.227076 7.000147 64.000000 20.097071 49.274504 7.262571 256.000000 255.599806
96.062287 105.025673 64.000000 10.201275 95.346236 105.518513 256.000000 225.675779 20.986631 82.386787 64.000000 11.474821 19.080433 80.518693 256.000000 249.929084 119.648467 40.002355 0.000000 20.157306 117.670491 40.960775 256.000000 242.911674 14.700300 100.951720 64.000000 14.994282 19.043924 109.312164 256.000000 243.892649
61.681987 19.305855 64.000000 16.457139 65.373782 23.141476 256.000000 245.566329 25.015069 101.253704 64.000000 11.134922 26.168918 103.840800 256.000000 235.231676 129.168147 107.378253 0.000000 19.705542 126.218671 90.826649 256.000000 243.772178 72.956655 12.436527 64.000000 23.900499 66.317969 16.953136 256.000000 241.573590
15.682024 21.540947 0.000000 13.716434 16.942878 23.395729 256.000000 213.293126 137.809202 3.423889 0.000000 19.331222 139.935402 7.296002 256.000000 215.311008 115.061696 9.655413 64.000000 40.680327 128.975260 26.716680 256.000000 234.229189 29.946147 153.844311 64.000000 9.362284 31.836524 155.488087 256.000000 242.976212
78.688636 209.415004 0.000000 25.759187 73.828622 205.086965 256.000000 225.744619 42.240029 49.924167 0.000000 16.728198 37.013631 51.955882 256.000000 225.116451 15.225238 88.469391 0.000000 16.939021 5.100496 85.295575 256.000000 247.390597 149.456396 4.524131 64.000000 37.746008 141.562658 24.179962 256.000000 228.450904
104.532796 30.353487 64.000000 14.972770 102.737702 29.692907 256.000000 229.565257 22.076067 155.262211 64.000000 30.913606 27.291138 152.517435 256.000000 231.811173 109.057264 50.377209 64.000000 9.796838 109.973702 50.032700 256.000000 244.787573 106.352396 19.300249 0.000000 13.802484 105.529300 19.672107 256.000000 249.571975
15.443827 173.900460 0.000000 11.965308 12.701275 174.388029 256.000000 235.627508 102.303084 95.584387 0.000000 10.145342 106.427153 90.700775 256.000000 232.198399 62.985836 151.033058 0.000000 22.725911 69.647449 147.308520 256.000000 231.854198 118.639684 183.737096 0.000000 19.154819 115.838645 185.498747 256.000000 252.028714
49.892187 37.287415 64.000000 30.164968 47.864904 39.811807 256.000000 232.848080 177.593676 97.659507 64.000000 32.582984 173.568969 93.219445 256.000000 229.083375 98.526733 100.014049 0.000000 42.104461 78.807127 90.335205 256.000000 227.534468 126.987675 119.396747 64.000000 17.463929 126.028576 118.636569 256.000000 248.100513
115.065707 123.381444 0.000000 31.034077 113.618075 123.153858 256.000000 225.972653 73.115662 177.791065 64.000000 35.478580 113.752104 141.925847 256.000000 213.516858 188.751613 109.595669 0.000000 23.173373 189.521100 128.740815 256.000000 235.683441 98.448636 172.576718 64.000000 27.953472 95.851087 171.420160 256.000000 210.810572
56.872687 141.665075 0.000000 39.652024 54.075995 129.489362 256.000000 221.033360 141.221475 44.428722 0.000000 31.980631 125.657727 44.355827 256.000000 208.568960 83.247120 133.500016 0.000000 23.668163 80.855547 133.305169 256.000000 217.673092 161.946647 42.646807 64.000000 26.572364 161.525224 43.618820 256.000000 237.370028
5.470371 185.947998 64.000000 20.449878 1.686704 180.753358 256.000000 242.180246 31.574698 59.954742 64.000000 27.764162 48.820542 64.235796 256.000000 224.802367 62.827416 69.142785 0.000000 15.936534 69.344147 63.137593 256.000000 241.754296 136.559795 65.212080 64.000000 60.691347 134.796847 62.119131 256.000000 190.425233
130.833116 153.031973 0.000000 14.598450 130.255984 152.440907 256.000000 235.498432 66.207973 26.328351 0.000000 25.445103 61.156398 26.081269 256.000000 222.935074 72.702096 13.983373 0.000000 15.613845 71.494738 15.870427 256.000000 239.026499 64.670518 69.867222 0.000000 14.060635 62.682458 69.769160 256.000000 247.123841
133.659033 94.166764 64.000000 56.599651 119.005035 115.297727 256.000000 194.241568 160.296611 75.350218 0.000000 14.052030 159.650173 75.749093 256.000000 243.724850 36.183893 111.894235 64.000000 25.367658 31.793655 109.080153 256.000000 226.867577 195.208287 94.690565 64.000000 17.248803 194.819473 95.400975 256.000000 242.477120
27.831724 197.234445 64.000000 19.421575 29.818404 197.280695 256.000000 242.606195 25.400269 132.593807 64.000000 13.092568 24.035295 130.919633 256.000000 255.539570 76.775320 121.437031 0.000000 39.329335 66.930407 116.192222 256.000000 227.865762 77.474265 26.134558 0.000000 10.769208 74.655696 33.081100 256.000000 224.195712
92.294133 17.688755 0.000000 67.188152 92.158975 11.076227 256.000000 172.552565 74.284711 169.308493 0.000000 23.431524 71.546975 167.965365 256.000000 234.668046 93.684138 38.207685 64.000000 15.385812 99.126371 42.825204 256.000000 252.235235 14.729805 113.737736 64.000000 24.571692 21.342771 110.310700 256.000000 237.481894
136.431315 73.021331 64.000000 17.300433 135.691749 71.026082 256.000000 245.355506 129.700002 87.811096 0.000000 17.993139 128.066664 88.977318 256.000000 227.771106 54.605349 30.149304 64.000000 16.577610 53.006735 30.230107 256.000000 243.057960 71.321093 45.964907 0.000000 11.935190 67.544124 38.777178 256.000000 255.023268
21.555256 48.313929 64.000000 10.308838 15.088200 46.085904 256.000000 242.447002 187.516047 113.130964 0.000000 16.706685 188.188105 119.355173 256.000000 248.664143 19.711635 99.622204 0.000000 16.857273 26.087296 102.134556 256.000000 234.194769 96.447595 41.145758 0.000000 15.243828 95.498624 39.183069 256.000000 219.019781
93.490675 78.416520 0.000000 14.456467 104.487905 67.863205 256.000000 253.590529 63.772705 32.517511 64.000000 9.151460 63.739524 33.545211 256.000000 243.970094 94.116909 22.092282 0.000000 85.968652 94.412160 24.000096 256.000000 167.798280 154.965844 137.248031 0.000000 29.360396 145.563056 141.594165 256.000000 217.939848
160.157011 5.276680 64.000000 20.970482 159.556962 3.579529 256.000000 238.923238 139.347180 137.527115 64.000000 28.663388 145.918738 119.289540 256.000000 240.269927 20.501976 123.457187 0.000000 13.359325 24.101935 125.610425 256.000000 233.919407 34.438675 212.674455 64.000000 10.029174 35.939467 213.739004 256.000000 239.331978
45.458933 138.201802 64.000000 60.080389 45.562527 137.298789 256.000000 200.247886 178.116747 60.423824 64.000000 8.768536 178.867496 59.178478 256.000000 253.405520 117.845560 128.212204 64.000000 18.092097 110.823287 146.537649 256.000000 223.984889 74.582333 137.709380 0.000000 19.924970 79.512129 144.779805 256.000000 240.566801
35.461485 74.628578 64.000000 20.518718 38.604484 64.038153 256.000000 243.057960 88.675313 120.144640 64.000000 11.784602 87.759976 127.605458 256.000000 245.467371 120.131300 95.922253 64.000000 22.756028 119.344667 94.481144 256.000000 228.369157 30.966696 108.239598 0.000000 12.795694 24.189013 115.099655 256.000000 237.477591
36.445185 155.893665 64.000000 71.185193 37.965918 144.714700 256.000000 185.391284 131.383833 1.460915 0.000000 67.760387 82.822922 43.402340 256.000000 192.309736 58.780771 46.411242 0.000000 10.459426 62.190153 41.068938 256.000000 243.742061 8.429744 189.357575 0.000000 15.600938 4.623798 188.966193 256.000000 218.344285
76.733167 40.926531 64.000000 36.222916 77.461407 53.732055 256.000000 230.748450 31.316693 133.275080 64.000000 45.331351 22.293304 130.921407 256.000000 219.673764 164.493722 110.717818 0.000000 10.283023 165.688162 113.750984 256.000000 225.615544 124.143615 23.482011 0.000000 26.688532 120.660775 24.310958 256.000000 222.629595
58.552840 68.627649 0.000000 14.168198 54.684716 66.679809 256.000000 243.862531 21.426833 71.801689 0.000000 13.178619 28.353511 73.046296 256.000000 238.682297 164.988636 74.973093 0.000000 20.570348 165.097602 77.915595 256.000000 240.480750 76.394438 87.966216 64.000000 16.117240 75.379951 95.895389 256.000000 249.296614
69.768313 35.611485 64.000000 48.312997 106.186405 169.711800 256.000000 170.947725 10.305145 158.306155 64.000000 9.302048 13.138709 162.752987 256.000000 251.559739 29.581025 78.863189 0.000000 18.612702 23.717509 86.783784 256.000000 231.845593 13.622524 208.336789 0.000000 44.466544 39.434007 191.496649 256.000000 224.204317
58.220095 174.707680 64.000000 11.384468 221.087651 253.837624 256.000000 209.494001 177.367100 46.604535 64.000000 10.536871 177.644009 47.025838 256.000000 241.939305 117.000398 2.317711 64.000000 16.143055 116.678162 2.524773 256.000000 229.857828 121.399242 60.704349 0.000000 16.491559 124.812651 66.438678 256.000000 237.916448
