135.564816 60.733785 64.000000 50.485770 126.600527 61.435467 256.000000 220.349259 148.548847 96.899904 64.000000 16.895996 150.210502 95.991184 256.000000 232.125257 16.206864 203.503047 64.000000 12.950585 28.679293 233.255189 256.000000 269.686256 30.162336 15.381273 64.000000 62.618876 31.658516 16.504993 256.000000 211.322572
154.655360 156.803089 64.000000 28.370817 150.622560 159.133275 256.000000 200.006945 29.529542 16.034480 64.000000 9.413914 27.816971 16.065698 256.000000 243.019237 25.392820 133.274922 0.000000 9.482754 26.938238 133.834724 256.000000 253.883100 1.413891 173.300456 64.000000 23.108835 39.278069 187.473482 256.000000 220.254604
172.779940 31.047020 0.000000 38.847453 149.731725 12.036831 256.000000 225.262737 110.401729 175.759833 64.000000 11.586686 109.389691 177.446720 256.000000 61.315213 66.530349 104.166664 0.000000 11.479123 63.793651 105.098335 256.000000 230.997996 179.207438 18.132211 0.000000 34.669706 163.233793 19.172838 256.000000 228.644518
114.967793 122.156824 0.000000 9.091225 115.208696 120.222082 256.000000 235.825424 10.891887 71.017107 64.000000 14.826484 4.004833 64.198100 256.000000 252.360008 144.215498 19.641382 0.000000 10.063594 139.672693 12.737285 256.000000 230.115980 77.964065 95.354667 64.000000 31.640732 54.589147 88.954742 256.000000 211.047211
126.987675 119.396747 64.000000 17.463929 126.028576 118.636569 256.000000 248.100513 89.366560 36.870142 0.000000 18.638517 89.898964 40.459925 256.000000 238.131574 68.211758 90.391825 0.000000 20.763962 63.515220 114.711944 256.000000 246.568816 153.462440 31.788015 64.000000 18.789105 152.840687 31.011302 256.000000 228.209963
9.941307 54.943353 0.000000 11.427493 13.486249 50.052147 256.000000 219.656554 124.696375 37.843847 64.000000 39.944596 149.004498 191.801185 256.000000 230.331106 156.604135 42.756353 64.000000 12.602081 157.266504 42.951296 256.000000 243.647405 91.039027 30.508669 64.000000 29.584128 91.129353 31.471673 256.000000 219.505965
44.662424 27.565818 0.000000 85.374904 43.917420 25.724880 256.000000 167.918751 122.039611 64.502769 64.000000 16.547492 123.434231 67.466018 256.000000 240.657154 113.907176 201.062155 0.000000 33.314412 110.519889 200.504904 256.000000 229.629795 45.748011 14.723320 64.000000 20.277777 47.710165 14.722842 256.000000 228.975812
19.035635 102.820644 64.000000 37.414714 16.591038 97.551607 256.000000 214.033160 66.413038 165.696158 64.000000 18.135122 68.452264 164.440611 256.000000 237.839003 12.270589 114.880549 64.000000 20.402550 10.415369 113.551918 256.000000 239.689087 92.757333 191.152113 0.000000 15.033005 95.058691 191.437778 256.000000 236.776281
168.240135 11.302418 0.000000 41.906545 157.115229 6.542258 256.000000 206.370372 153.700075 142.762785 64.000000 23.706885 151.518924 146.614142 256.000000 234.655138 47.962040 33.564035 0.000000 20.759659 39.736256 42.857185 256.000000 230.985089 80.988215 110.907913 64.000000 37.449134 75.722393 122.708896 256.000000 210.638472
134.451662 190.570024 0.000000 28.788161 134.307729 186.378338 256.000000 230.847408 72.207015 61.908698 0.000000 9.172973 72.561862 58.157789 256.000000 248.251101 78.187447 83.806511 64.000000 10.575594 76.698942 83.350284 256.000000 264.815803 40.391856 103.092458 0.000000 13.875627 39.582524 100.230753 256.000000 251.955571
45.863222 182.546398 0.000000 11.294115 60.562124 195.353315 256.000000 249.408479 13.555787 59.993227 64.000000 16.655055 17.883084 57.413640 256.000000 232.632954 138.180147 146.572015 64.000000 31.270715 134.197495 147.151211 256.000000 216.253260 97.167262 37.518827 0.000000 27.759859 96.986453 40.940113 256.000000 227.491442
23.367335 23.716629 64.000000 48.777669 36.381840 43.230727 256.000000 217.389126 58.552840 68.627649 0.000000 14.168198 54.684716 66.679809 256.000000 243.862531 102.303084 95.584387 0.000000 10.145342 106.427153 90.700775 256.000000 232.198399 164.055222 41.706422 64.000000 11.449006 164.696631 42.703036 256.000000 246.637656
20.501976 123.457187 0.000000 13.359325 24.101935 125.610425 256.000000 233.919407 15.732433 71.100818 0.000000 36.993067 34.618465 56.096369 256.000000 210.629867 152.635251 39.261951 64.000000 15.011492 152.336173 39.033353 256.000000 266.300173 145.623549 57.938465 64.000000 9.039595 145.500780 57.546065 256.000000 251.675907
21.330265 88.056145 64.000000 25.556969 28.146900 85.063984 256.000000 219.548991 57.360456 121.384876 64.000000 12.386955 57.758487 120.599833 256.000000 236.677323 67.789969 163.448227 64.000000 24.584599 59.137147 163.196227 256.000000 235.851239 177.348696 51.803649 64.000000 33.374648 173.744682 54.154771 256.000000 210.337295
49.014716 74.386191 0.000000 12.429980 42.592236 84.119576 256.000000 246.082631 24.769756 43.084249 64.000000 9.435426 28.619367 42.210684 256.000000 239.000683 46.052729 118.608520 0.000000 15.678383 38.172271 119.564787 256.000000 226.544888 77.772633 95.398865 64.000000 9.715090 82.387287 93.358367 256.000000 242.881557
103.906342 0.936804 64.000000 52.159450 89.145633 39.366002 256.000000 212.669261 21.104158 47.340460 64.000000 25.032061 75.702991 62.634087 256.000000 232.921223 66.807429 25.380427 0.000000 16.108635 68.281553 26.040465 256.000000 256.731368 1.917722 166.973631 0.000000 38.791520 5.371216 165.772051 256.000000 223.137292
76.733167 40.926531 64.000000 36.222916 77.461407 53.732055 256.000000 230.748450 121.905204 149.244460 64.000000 9.499964 123.538280 148.079947 256.000000 251.469386 78.804971 81.486353 0.000000 13.944467 76.353407 86.730913 256.000000 236.526734 97.223549 93.996600 0.000000 24.214583 91.989965 97.758793 256.000000 235.330634
104.795047 126.890469 64.000000 41.777469 106.481107 127.444922 256.000000 229.449089 184.279813 124.049638 0.000000 40.443688 180.430545 115.849658 256.000000 204.145969 72.831809 144.378985 64.000000 73.439714 67.809216 144.734556 256.000000 188.286880 75.637242 80.115902 64.000000 9.861376 82.064578 78.140298 256.000000 233.867777
67.789505 37.951442 64.000000 21.387827 70.713189 44.353738 256.000000 242.941792 29.262478 204.425760 0.000000 17.631727 32.984402 205.756916 256.000000 253.883100 90.170676 58.843735 0.000000 35.078446 84.162544 61.515293 256.000000 207.209363 92.098718 7.506725 64.000000 9.439729 90.167178 5.304175 256.000000 238.884515
176.162336 44.389535 64.000000 32.453908 171.877078 40.972425 256.000000 228.734871 133.065567 43.853702 64.000000 36.102445 128.945265 44.125162 256.000000 207.544960 11.118744 72.995644 64.000000 21.443760 11.578755 75.608025 256.000000 241.573590 62.775556 61.175355 0.000000 14.056333 84.230760 59.227985 256.000000 237.740045
59.368589 211.359625 64.000000 15.269643 56.544825 212.494982 256.000000 248.797522 31.076109 68.769667 0.000000 13.492703 27.947725 70.860773 256.000000 248.857757 69.412076 71.001931 0.000000 9.048200 68.706918 71.620505 256.000000 256.456007 76.912062 24.338924 0.000000 14.512400 72.432998 20.887469 256.000000 238.553221
148.444205 145.289075 0.000000 39.832730 154.195676 140.770429 256.000000 210.281362 62.372371 9.236544 0.000000 13.398047 69.340824 10.412525 256.000000 239.443843 50.864775 91.942558 0.000000 18.307223 44.109647 97.514236 256.000000 245.041422 4.479284 105.573858 64.000000 22.110650 6.219300 103.285645 256.000000 240.975540
80.592340 84.442149 0.000000 14.718921 77.998862 87.980136 256.000000 229.978299 22.093891 106.327902 0.000000 23.582112 29.680762 106.491115 256.000000 244.353018 172.437149 31.840602 64.000000 26.464801 166.798153 26.700680 256.000000 224.363510 113.603618 169.582007 64.000000 22.183793 112.495885 167.659676 256.000000 247.356177
41.346738 188.365358 0.000000 12.442888 41.895271 190.523922 256.000000 252.166395 24.845113 30.073053 0.000000 9.061107 16.153091 15.217713 256.000000 257.161620 70.904251 126.044671 0.000000 8.802956 69.204889 125.821742 256.000000 249.812916 104.599913 202.186678 0.000000 9.517174 102.669380 204.977955 256.000000 241.861859
1.033642 157.646918 0.000000 28.917237 7.657093 156.184027 256.000000 221.536755 161.316671 27.727533 64.000000 11.384468 173.847695 24.261209 256.000000 255.126528 59.022624 124.950351 64.000000 25.475221 61.736745 119.810800 256.000000 233.798937 13.622524 208.336789 0.000000 44.466544 39.434007 191.496649 256.000000 224.204317
52.986509 59.531504 64.000000 27.338212 44.152635 63.194098 256.000000 224.092452 10.934598 140.493740 0.000000 19.804500 10.474267 136.759464 256.000000 240.317255 43.299495 198.557840 0.000000 79.945124 49.760851 197.568384 256.000000 183.549806 63.649609 45.218336 0.000000 23.427221 61.558869 44.521273 256.000000 241.840347
5.470371 185.947998 64.000000 20.449878 1.686704 180.753358 256.000000 242.180246 92.125876 171.729896 64.000000 26.301305 86.615889 169.568402 256.000000 211.782942 16.299518 166.911809 64.000000 12.417073 20.312733 173.376262 256.000000 231.066837 22.586236 125.889958 64.000000 12.610686 21.454209 124.750631 256.000000 225.383208
51.145773 39.748740 0.000000 9.697880 56.182845 40.607776 256.000000 248.801824 39.195789 25.976678 0.000000 17.068097 47.395004 38.782520 256.000000 228.739173 187.323293 46.449589 0.000000 20.862919 187.892516 49.807495 256.000000 227.801224 99.964427 65.037027 64.000000 8.794351 102.680489 66.606560 256.000000 256.864747
24.475782 165.971629 0.000000 12.236367 27.233280 166.993496 256.000000 232.310265 26.893675 14.432065 64.000000 17.700567 25.493556 17.304205 256.000000 233.687071 83.680056 4.101269 0.000000 15.015795 90.260413 5.915067 256.000000 240.928212 7.790649 12.633595 64.000000 14.865207 14.198675 9.394529 256.000000 235.756583
96.261216 102.240560 0.000000 9.689275 101.467100 117.393053 256.000000 244.374531 56.456469 88.981484 64.000000 12.283695 55.094705 94.549540 256.000000 255.139436 3.850358 56.808684 64.000000 13.544333 1.275049 50.796624 256.000000 238.828583 15.853013 107.877484 64.000000 18.595491 15.802325 105.840076 256.000000 239.254532
52.271455 39.228616 64.000000 13.845509 54.465058 41.480085 256.000000 249.146026 74.030536 197.001118 0.000000 30.526379 69.192676 199.010471 256.000000 238.286465 131.229369 99.171653 0.000000 31.692362 124.735569 97.548769 256.000000 225.611241 43.971589 9.083276 64.000000 43.283351 52.534462 21.499160 256.000000 219.290839
93.282573 29.735924 0.000000 15.501980 115.046247 34.077707 256.000000 241.612313 131.240740 83.606082 0.000000 21.086651 129.436236 84.686356 256.000000 240.695876 135.755700 36.229218 64.000000 20.966180 130.973596 35.132444 256.000000 225.520888 30.904484 44.759025 64.000000 22.923827 41.732453 52.470291 256.000000 206.193968
