35.345242 30.536282 64.000000 28.723624 35.489909 35.892005 256.000000 211.369900 26.160082 12.604222 0.000000 17.489744 26.953836 12.920315 256.000000 225.374603 28.783671 111.590424 0.000000 11.302720 25.462935 111.602475 256.000000 251.155302 21.104158 47.340460 64.000000 25.032061 75.702991 62.634087 256.000000 232.921223
18.536084 145.631444 0.000000 24.386683 21.125956 148.255602 256.000000 238.217625 13.023582 118.162276 0.000000 18.061979 17.233620 117.933827 256.000000 227.104216 22.093891 106.327902 0.000000 23.582112 29.680762 106.491115 256.000000 244.353018 74.796209 19.592949 0.000000 18.061979 73.733905 26.293395 256.000000 235.438197
13.461918 213.016715 0.000000 15.816064 7.276304 213.228458 256.000000 241.259506 99.908520 95.095236 0.000000 15.906416 98.586711 103.165316 256.000000 229.044652 4.654775 52.965800 0.000000 12.778484 6.345891 55.615051 256.000000 254.575806 64.134102 44.910782 0.000000 9.164368 70.862358 39.742631 256.000000 241.887674
59.453129 229.706502 64.000000 19.120399 62.289287 218.725742 256.000000 233.394500 154.001596 115.205582 0.000000 40.697537 127.524595 131.752545 256.000000 217.070739 31.538922 7.244607 64.000000 31.640732 29.229636 12.810291 256.000000 225.641359 147.272880 38.159198 64.000000 51.518374 149.551562 21.901984 256.000000 214.192353
25.922793 23.339127 64.000000 22.295659 0.955447 22.627789 256.000000 223.649292 121.052676 94.079282 0.000000 10.631527 125.678235 100.523535 256.000000 244.611170 65.730865 56.223460 64.000000 18.423391 77.502529 53.352165 256.000000 243.492514 49.892187 37.287415 64.000000 30.164968 47.864904 39.811807 256.000000 232.848080
137.216629 17.402938 64.000000 18.634214 135.695451 15.337847 256.000000 233.897895 34.925542 6.227609 64.000000 33.039051 37.302764 7.656760 256.000000 222.276788 31.174500 203.683615 64.000000 29.510985 26.053256 202.856484 256.000000 234.594903 0.605618 34.451922 0.000000 11.268300 2.386611 35.956529 256.000000 244.460581
122.913582 62.388816 0.000000 16.401206 123.580084 59.200880 256.000000 218.215209 154.722829 30.315882 0.000000 24.033877 151.791002 25.546089 256.000000 236.354634 30.423956 11.874464 0.000000 22.876499 30.590880 15.805967 256.000000 260.655267 110.636747 149.719025 0.000000 27.919052 98.778967 144.314042 256.000000 224.471073
185.595218 68.547236 0.000000 25.526851 182.730076 67.714244 256.000000 194.689030 131.383833 1.460915 0.000000 67.760387 82.822922 43.402340 256.000000 192.309736 87.798120 159.362447 64.000000 12.214854 88.185938 158.725618 256.000000 256.107503 27.782458 117.830753 0.000000 25.677439 31.767049 114.080293 256.000000 236.070667
109.634384 164.132573 64.000000 17.919996 97.009676 187.852329 256.000000 238.226230 78.789209 38.798069 64.000000 40.899755 69.968349 42.150224 256.000000 224.286065 67.758640 82.435720 64.000000 31.090010 56.862264 72.994607 256.000000 233.437525 87.966331 128.340711 64.000000 18.900970 76.491693 135.948353 256.000000 230.791475
174.797795 102.959762 64.000000 39.578881 171.058205 100.350580 256.000000 205.505565 49.459344 201.804356 64.000000 11.173644 45.796444 203.579418 256.000000 241.246599 140.305331 57.665624 0.000000 17.975929 141.904100 62.363633 256.000000 250.836916 31.311664 3.335707 64.000000 13.342115 35.148936 1.302473 256.000000 263.679938
131.104744 147.444176 64.000000 24.365171 128.429340 147.548987 256.000000 204.275045 75.312740 12.966951 64.000000 10.829443 78.306480 12.798785 256.000000 229.715845 38.135935 144.541271 64.000000 19.770079 31.734284 143.199116 256.000000 219.811444 42.336000 130.452362 64.000000 33.998513 39.173491 128.995505 256.000000 216.498504
12.311309 72.558504 0.000000 11.621107 13.992785 72.649478 256.000000 226.562098 41.547425 85.556391 64.000000 13.514215 38.849747 87.243618 256.000000 236.853726 76.912062 24.338924 0.000000 14.512400 72.432998 20.887469 256.000000 238.553221 72.956655 12.436527 64.000000 23.900499 66.317969 16.953136 256.000000 241.573590
179.846202 121.911469 64.000000 38.460226 152.037485 119.449115 256.000000 231.256147 94.888725 140.321900 64.000000 43.838376 88.362362 140.031658 256.000000 221.304419 109.900485 41.488485 0.000000 10.881073 114.498718 44.667855 256.000000 239.392213 28.424735 113.891418 0.000000 18.156634 24.725631 112.322067 256.000000 248.139236
86.790564 11.581613 64.000000 17.554282 79.572135 6.318925 256.000000 219.333865 13.476255 76.350595 64.000000 24.502851 19.089242 77.472098 256.000000 232.030601 142.379885 118.598629 0.000000 22.028902 139.141715 119.957005 320.000000 223.206133 60.684555 58.460573 64.000000 11.642619 61.158209 51.818402 256.000000 226.772922
34.373513 59.738171 64.000000 9.887191 36.184169 58.059960 256.000000 255.182461 128.866589 82.499996 64.000000 35.917437 123.414240 75.571740 256.000000 233.239609 117.644735 80.892209 0.000000 48.824997 107.854322 60.464051 256.000000 208.108590 19.268498 76.583405 0.000000 12.309510 20.192465 72.181071 256.000000 234.934802
147.272424 172.545504 64.000000 22.020297 150.909822 171.355885 256.000000 255.900982 29.262478 204.425760 0.000000 17.631727 32.984402 205.756916 256.000000 253.883100 100.621965 80.913535 0.000000 45.998241 103.110373 80.420998 256.000000 207.544960 53.759091 104.932195 0.000000 21.960062 44.897562 106.000480 256.000000 220.172856
11.278489 29.342864 64.000000 16.624937 15.689805 27.581660 256.000000 233.058903 10.276265 48.949949 0.000000 24.649137 8.105729 56.923951 256.000000 242.989120 70.551589 97.984116 0.000000 10.476636 68.978185 100.345242 256.000000 254.644646 152.761169 36.093205 64.000000 40.241470 145.420842 35.643447 256.000000 212.647748
57.931995 87.793324 64.000000 11.208065 59.263595 91.552607 256.000000 248.930900 142.348431 126.465167 64.000000 24.094112 141.456529 124.016318 256.000000 242.214666 84.597991 144.566538 0.000000 20.798382 80.620395 146.643769 256.000000 255.999940 165.172747 84.081820 64.000000 44.470847 154.515055 75.733013 256.000000 201.603180
90.939815 86.055513 0.000000 33.301505 67.297256 54.930335 256.000000 201.366541 83.881080 179.399960 0.000000 35.874412 84.544349 174.426575 256.000000 213.749194 42.990698 68.049175 64.000000 15.958047 39.475462 70.606084 256.000000 250.286193 4.992951 181.424720 0.000000 19.202147 20.148673 187.752198 256.000000 249.240681
168.240135 11.302418 0.000000 41.906545 157.115229 6.542258 256.000000 206.370372 87.242880 76.875638 64.000000 19.632399 89.007936 69.747860 256.000000 215.676723 137.580589 85.048947 64.000000 51.341971 136.812022 86.169258 256.000000 195.429063 29.239680 149.739835 64.000000 12.821510 33.341464 150.186856 256.000000 257.191738
46.049033 4.126431 64.000000 25.363355 42.629593 5.808533 256.000000 240.928212 78.666462 203.862282 0.000000 18.294315 73.664729 207.155945 256.000000 217.664487 41.548993 31.532424 64.000000 20.763962 56.945818 26.203604 256.000000 233.549391 16.113522 170.543471 64.000000 30.100430 18.432255 166.783500 256.000000 236.178230
78.187447 83.806511 64.000000 10.575594 76.698942 83.350284 256.000000 264.815803 24.392829 105.426544 64.000000 9.091225 19.277140 109.523236 256.000000 245.097354 16.412989 82.842938 0.000000 15.037307 11.401558 91.574504 256.000000 224.397931 14.045885 184.637504 64.000000 39.183050 12.424127 178.620307 256.000000 222.238066
68.401271 95.283536 64.000000 10.885376 66.842531 96.287007 256.000000 231.548719 10.742836 27.627824 0.000000 9.284838 7.385667 28.892633 256.000000 258.680410 9.941307 54.943353 0.000000 11.427493 13.486249 50.052147 256.000000 219.656554 135.421536 60.449271 0.000000 15.575122 137.826645 65.887309 256.000000 234.375474
49.867045 72.522993 64.000000 16.560399 52.914371 68.374784 256.000000 231.927341 46.519009 48.315947 0.000000 27.131691 42.953356 62.271975 256.000000 224.582939 131.343136 101.392327 64.000000 17.554282 130.179824 103.665585 256.000000 250.363639 18.530015 42.473191 0.000000 26.933775 15.473658 53.456009 256.000000 213.564185
61.478242 61.721951 64.000000 15.166383 58.795891 61.684858 256.000000 245.407136 103.464347 23.560178 0.000000 12.335325 102.290080 21.920531 256.000000 258.465284 64.068427 31.294415 0.000000 27.893237 63.823462 34.800502 256.000000 213.908387 152.263036 119.037633 0.000000 11.698552 158.868607 134.156949 256.000000 241.242296
34.252900 25.754662 0.000000 14.017610 41.080875 23.398345 256.000000 223.756855 169.631831 32.063429 64.000000 56.427550 169.293662 33.547340 256.000000 188.213737 84.981818 25.383867 64.000000 41.489200 93.577064 51.111898 256.000000 222.324116 137.144115 48.046775 0.000000 24.937406 136.813062 49.071924 256.000000 241.397187
36.697475 76.571371 0.000000 46.772695 33.326629 75.521553 256.000000 216.291983 73.651193 77.663751 64.000000 11.965308 72.752651 74.122364 256.000000 251.052042 128.952976 147.381224 64.000000 20.114281 131.898395 143.924013 256.000000 234.921895 133.065567 43.853702 64.000000 36.102445 128.945265 44.125162 256.000000 207.544960
55.739924 45.150205 0.000000 9.401006 54.220564 44.331655 256.000000 249.356849 115.171384 132.500165 0.000000 11.590989 114.915982 131.948744 256.000000 237.154902 77.889853 85.567953 64.000000 16.285038 80.469011 80.094949 256.000000 244.641287 69.959264 71.879987 0.000000 29.652968 64.929100 94.237744 256.000000 220.607410
93.836705 125.603573 64.000000 17.786618 103.904971 123.566700 256.000000 241.478935 22.338982 52.499553 0.000000 16.736803 30.623811 55.126027 256.000000 224.501191 5.378222 113.953811 64.000000 23.823053 19.588169 117.065044 256.000000 235.352147 0.056676 107.772167 64.000000 29.850884 4.112976 95.806347 256.000000 223.158805
91.476133 161.349276 0.000000 35.844294 85.764629 158.032751 256.000000 218.658369 10.676987 88.213555 64.000000 44.604225 17.375604 80.148707 256.000000 227.142938 64.002536 193.795205 64.000000 23.706885 57.397611 194.005345 256.000000 231.613257 104.160093 115.248535 64.000000 35.121471 122.232162 106.482204 256.000000 227.482837
2.808724 151.635740 0.000000 23.009877 3.930593 148.924642 256.000000 253.031201 153.565556 25.487793 64.000000 19.348432 152.803716 26.241675 256.000000 235.081088 73.327024 68.915895 0.000000 56.767449 71.376355 66.825856 256.000000 198.600021 87.349344 199.347393 64.000000 14.353207 84.865456 200.911107 256.000000 226.803039
14.700300 100.951720 64.000000 14.994282 19.043924 109.312164 256.000000 243.892649 44.405127 58.302631 64.000000 12.068569 46.370195 61.319327 256.000000 248.939505 55.942131 43.230262 64.000000 29.244228 61.755340 54.428833 256.000000 18.117912 103.032411 57.848993 0.000000 15.347089 101.988296 59.277973 256.000000 232.947038
