163.169618 162.807631 0.000000 24.511456 154.146571 178.700358 256.000000 211.757127 162.006562 36.291051 0.000000 21.275961 162.120491 39.549605 256.000000 240.579708 8.732173 177.810320 0.000000 72.914806 13.220344 185.585609 256.000000 183.179789 117.386418 167.907178 64.000000 21.572835 117.691358 170.376167 256.000000 243.178430
120.886653 25.189740 0.000000 24.016667 130.826069 32.251265 256.000000 240.781927 102.155133 31.163438 64.000000 10.390586 102.148633 26.658016 256.000000 247.188379 17.874247 199.284860 0.000000 14.718921 30.161476 201.143727 256.000000 228.524047 8.238425 154.979611 0.000000 8.622250 3.976993 155.641309 256.000000 247.928412
100.328793 66.761618 64.000000 16.878786 106.856829 58.299467 256.000000 263.731568 121.647325 125.253231 0.000000 16.590517 119.820315 127.809096 256.000000 229.758871 164.101411 93.101604 0.000000 31.718177 133.859329 96.997445 256.000000 222.238066 74.630745 143.013249 0.000000 27.609271 90.058278 142.018391 256.000000 232.968550
59.327098 68.003565 64.000000 12.189039 62.064053 63.624916 256.000000 251.129487 117.835844 146.331633 64.000000 10.657342 135.091704 160.822471 256.000000 243.088077 41.928820 101.312849 64.000000 15.304064 46.245891 101.398636 256.000000 240.123641 22.716860 50.697636 0.000000 11.504938 25.135127 49.011104 256.000000 234.272214
81.419949 72.489691 64.000000 20.084163 87.647044 48.056416 256.000000 235.020852 16.299518 166.911809 64.000000 12.417073 20.312733 173.376262 256.000000 231.066837 101.618240 29.818133 64.000000 9.771023 100.472418 29.351200 256.000000 241.836044 145.623549 57.938465 64.000000 9.039595 145.500780 57.546065 256.000000 251.675907
121.971251 188.831256 0.000000 27.372632 118.645749 190.643704 256.000000 229.388854 142.953402 96.998153 0.000000 15.807458 155.708320 80.019495 256.000000 243.324716 13.097144 69.428396 0.000000 15.157778 16.155373 66.858851 256.000000 219.777024 114.810940 161.103371 0.000000 51.070912 114.397065 164.275742 256.000000 187.452191
10.347745 217.035631 64.000000 11.986821 12.258838 218.012185 256.000000 269.187164 3.670638 119.854302 0.000000 18.165239 12.205184 130.190871 256.000000 239.271742 12.615616 41.570536 0.000000 21.753541 11.283289 45.913340 256.000000 239.159877 38.498740 70.830453 64.000000 17.012164 33.762356 69.470255 256.000000 236.991407
38.785744 0.852631 0.000000 23.263726 43.076189 3.907884 256.000000 229.926669 22.899944 162.850936 64.000000 10.717577 22.832182 162.371427 256.000000 233.786029 41.897587 199.609415 64.000000 29.881001 41.972384 197.465984 256.000000 250.897151 52.540149 188.787756 0.000000 23.711188 20.196544 194.739711 256.000000 239.951540
148.765993 7.334509 64.000000 18.939693 146.677049 2.459007 256.000000 242.920279 42.796324 158.781738 0.000000 17.515559 44.187855 158.107242 256.000000 254.068109 43.389196 15.282133 64.000000 10.343258 41.361282 16.054664 256.000000 238.148785 121.953300 110.042387 64.000000 11.109107 124.862451 107.788007 256.000000 269.608811
10.972191 26.816889 64.000000 22.459154 13.603804 27.367676 256.000000 222.384351 79.500758 214.649080 0.000000 34.540631 78.767962 213.942140 256.000000 211.223614 44.914367 155.007224 64.000000 12.055661 45.701784 154.986567 256.000000 241.694061 66.597295 134.649422 64.000000 56.500693 65.737627 131.738945 256.000000 209.085262
162.517513 130.771364 0.000000 13.867022 161.404485 133.102918 256.000000 219.312352 50.674956 121.829155 64.000000 24.253305 49.497775 118.063909 256.000000 218.210907 5.749620 26.921704 0.000000 22.433339 13.165391 27.051478 256.000000 225.417628 146.594469 184.003395 0.000000 25.776397 144.065484 184.331687 256.000000 233.403105
141.656595 22.043058 64.000000 76.421360 146.198676 23.311813 256.000000 173.757270 188.159351 57.394378 64.000000 27.824397 182.440475 56.088122 256.000000 238.953356 35.928876 80.603860 64.000000 39.639117 39.274893 88.138258 256.000000 206.869464 102.486791 54.476955 0.000000 11.935190 102.379473 50.500020 256.000000 237.907843
96.968420 41.387229 64.000000 14.938349 96.176529 41.394533 256.000000 236.617087 30.973882 5.381245 0.000000 15.781643 35.100095 4.878649 256.000000 237.043037 169.631831 32.063429 64.000000 56.427550 169.293662 33.547340 256.000000 188.213737 19.475255 101.299287 64.000000 18.061979 23.248405 103.874829 256.000000 233.192281
131.527216 122.963213 64.000000 38.305336 122.757565 103.821824 256.000000 219.738301 56.242111 42.000722 64.000000 12.817207 62.357973 41.430800 256.000000 249.386967 42.265247 82.965505 64.000000 39.376663 56.664509 79.224098 256.000000 224.656082 56.456469 88.981484 64.000000 12.283695 55.094705 94.549540 256.000000 255.139436
150.953773 78.095478 64.000000 24.421104 150.340029 79.422125 256.000000 250.561555 39.762093 36.088331 0.000000 10.777813 41.876635 37.553860 256.000000 257.346629 29.262478 204.425760 0.000000 17.631727 32.984402 205.756916 256.000000 253.883100 84.035451 70.293936 64.000000 17.709172 82.737115 69.356382 256.000000 217.931243
2.372933 169.499325 0.000000 31.980631 6.331631 167.897811 256.000000 217.729025 53.140173 12.335458 64.000000 32.402278 52.753300 18.934149 256.000000 230.572047 28.233175 185.454556 0.000000 20.703726 35.988427 184.451696 256.000000 250.518530 129.884696 33.697445 64.000000 24.984734 127.836040 34.679527 256.000000 237.679810
22.998995 59.695896 0.000000 17.416601 27.872796 59.257025 256.000000 247.317455 132.164051 73.277193 64.000000 30.156363 127.060567 81.047305 256.000000 221.102200 131.511256 95.366715 64.000000 46.574779 135.294275 94.324384 256.000000 218.004386 171.253438 51.658509 64.000000 17.519861 174.438636 57.400975 256.000000 238.819978
83.080105 52.841676 64.000000 10.588502 85.822713 56.711007 256.000000 254.524176 116.169195 31.991422 0.000000 23.676768 117.336875 36.883958 256.000000 230.498904 172.451571 40.298064 0.000000 11.664132 173.004613 39.114371 256.000000 233.958130 84.957700 22.063360 0.000000 50.386812 80.985255 24.727738 256.000000 197.898710
115.342533 170.993565 64.000000 19.834617 121.664140 168.214305 256.000000 236.019037 53.178049 90.813253 0.000000 17.674752 32.722609 192.048045 256.000000 231.738030 141.612211 79.407922 0.000000 11.565174 148.297515 88.217416 256.000000 234.001155 5.676447 16.418711 0.000000 20.944667 16.208029 15.957409 256.000000 230.757055
14.998062 35.212365 0.000000 20.432667 22.140667 36.819595 256.000000 226.880485 86.382451 168.375585 0.000000 21.030718 87.688062 168.014135 256.000000 240.799137 62.491029 229.078062 64.000000 19.129004 60.651582 229.096087 256.000000 238.105759 14.045885 184.637504 64.000000 39.183050 12.424127 178.620307 256.000000 222.238066
96.973056 41.684207 64.000000 14.379022 95.741269 37.503840 256.000000 246.495673 20.501624 207.123064 0.000000 13.350720 23.276420 197.984784 256.000000 241.225086 77.604131 78.768571 64.000000 22.738818 73.498882 85.034535 256.000000 244.357321 22.435744 139.690320 64.000000 21.043625 21.471347 138.413524 256.000000 230.447274
24.282778 121.690191 0.000000 28.379422 19.602264 117.243742 256.000000 218.507781 40.963700 114.317300 64.000000 26.477708 35.802769 113.961044 256.000000 233.101929 130.133320 150.897453 0.000000 42.582040 128.896280 147.662304 256.000000 218.107646 24.227071 73.704742 0.000000 34.192126 21.174500 74.568956 256.000000 212.109933
108.583824 189.215696 64.000000 22.893709 106.953207 188.123215 256.000000 215.736958 14.654011 82.802125 0.000000 17.545677 15.830796 77.265029 256.000000 254.119739 121.523498 163.905013 0.000000 17.476836 120.927553 163.397544 256.000000 234.741189 131.383833 1.460915 0.000000 67.760387 82.822922 43.402340 256.000000 192.309736
169.166065 43.027625 64.000000 23.745608 166.498491 39.978662 256.000000 220.263209 56.234613 87.309071 0.000000 13.152804 51.210769 84.225020 256.000000 238.531709 9.558311 51.145711 64.000000 10.403493 8.112055 52.238038 256.000000 257.720948 82.122811 103.064245 64.000000 16.633542 89.065105 96.489956 256.000000 223.769763
11.826329 76.868311 64.000000 48.541031 7.807198 75.444485 256.000000 218.395915 140.427405 137.635998 64.000000 12.731157 139.585753 141.169060 256.000000 263.215266 80.216907 191.181555 64.000000 12.567661 92.987369 203.947911 256.000000 256.722763 104.775002 99.918696 64.000000 28.973170 100.961689 96.864324 256.000000 231.432551
69.851945 80.169831 0.000000 17.382181 65.372311 61.783133 256.000000 220.878469 41.700735 51.203125 0.000000 11.087594 35.239185 47.821978 256.000000 232.942735 35.017213 23.356598 0.000000 11.074686 38.275025 17.827604 256.000000 244.538027 27.831724 197.234445 64.000000 19.421575 29.818404 197.280695 256.000000 242.606195
164.054404 50.850473 64.000000 34.433068 164.760091 53.032709 256.000000 228.222871 86.345122 194.990869 64.000000 24.016667 45.345547 218.577109 256.000000 220.676251 4.158878 4.415322 0.000000 21.267356 5.439978 7.520665 256.000000 218.215209 21.995098 196.324682 0.000000 36.308966 15.900965 192.580162 256.000000 207.575077
65.558524 67.818427 0.000000 53.041467 76.095796 57.282760 256.000000 205.617431 111.019258 9.637267 64.000000 11.393073 116.446024 11.836171 256.000000 241.732784 15.225238 88.469391 0.000000 16.939021 5.100496 85.295575 256.000000 247.390597 168.059118 53.524882 64.000000 36.278849 165.008598 54.261125 256.000000 197.378105
136.782882 30.098458 0.000000 9.925914 137.427907 26.600540 256.000000 243.901254 20.063862 26.679491 64.000000 14.417745 21.390322 27.271420 256.000000 242.735271 71.908678 133.023389 0.000000 8.932032 70.130027 134.287373 256.000000 243.281691 111.745724 31.557656 64.000000 9.465544 111.742745 32.154975 256.000000 261.804039
48.036545 135.838311 64.000000 46.536056 50.327805 129.741871 256.000000 213.159748 20.351796 189.598518 0.000000 16.203290 17.816153 189.529069 256.000000 258.495402 107.173578 85.154125 0.000000 20.613373 104.785133 85.571400 256.000000 232.271542 113.475704 67.711318 0.000000 38.017067 107.703027 58.502596 256.000000 215.220655
48.612869 53.563091 64.000000 40.133907 48.428425 55.623624 256.000000 207.162035 134.815598 195.551707 64.000000 30.956631 133.252640 194.638884 256.000000 217.522504 4.982144 93.900595 0.000000 8.755628 1.953247 97.335833 256.000000 253.315168 131.513282 59.005907 64.000000 9.753813 131.716716 59.707889 256.000000 236.406264
100.625847 18.063720 64.000000 35.048328 96.218631 13.133847 256.000000 224.660384 13.513244 33.821187 64.000000 29.214111 24.690465 38.204073 256.000000 242.348044 53.143509 122.333893 0.000000 13.333509 47.979213 130.723204 256.000000 235.033760 32.214858 144.679020 0.000000 9.577410 26.408335 148.205773 256.000000 240.386095
