75.312740 12.966951 64.000000 10.829443 78.306480 12.798785 256.000000 229.715845 120.163547 187.166982 0.000000 15.282551 129.337400 184.592896 256.000000 234.947710 85.461275 127.703453 0.000000 35.241941 78.345653 127.214587 256.000000 195.028929 110.724709 50.019300 64.000000 24.756700 107.803685 50.929584 256.000000 227.676451
14.090802 56.578991 0.000000 11.535056 15.037084 57.992176 256.000000 259.429048 106.617827 35.059389 64.000000 24.511456 96.387822 12.585675 256.000000 229.040350 8.699338 188.126031 0.000000 14.654383 15.404667 191.257300 256.000000 238.544616 119.561009 13.491424 0.000000 33.249875 89.587496 9.213684 256.000000 223.903141
83.881080 179.399960 0.000000 35.874412 84.544349 174.426575 256.000000 213.749194 151.255405 8.729204 64.000000 11.728670 151.111173 7.973893 256.000000 266.683097 80.988215 110.907913 64.000000 37.449134 75.722393 122.708896 256.000000 210.638472 38.120913 44.102691 64.000000 23.431524 29.927740 42.458340 256.000000 223.623477
106.293267 73.439235 64.000000 16.969139 104.143700 71.778035 256.000000 235.941592 28.491825 29.640015 0.000000 42.676696 24.693718 41.806180 256.000000 220.899982 101.694889 61.367400 64.000000 29.287254 96.478349 57.961256 256.000000 231.643374 45.174371 94.850118 0.000000 41.213839 58.268271 91.865520 256.000000 205.793834
70.551589 97.984116 0.000000 10.476636 68.978185 100.345242 256.000000 254.644646 2.359631 74.636249 64.000000 16.990651 3.269567 73.087115 256.000000 218.477663 92.757333 191.152113 0.000000 15.033005 95.058691 191.437778 256.000000 236.776281 115.723735 117.316853 64.000000 26.094784 112.916596 118.088855 256.000000 238.819978
84.957700 22.063360 0.000000 50.386812 80.985255 24.727738 256.000000 197.898710 77.842487 142.264985 0.000000 31.941908 74.468849 136.961349 256.000000 225.576821 56.567838 196.509396 0.000000 55.760659 55.231724 194.388965 256.000000 199.731583 98.719675 17.192345 0.000000 9.207393 104.946087 19.220536 256.000000 243.354834
52.986509 59.531504 64.000000 27.338212 44.152635 63.194098 256.000000 224.092452 11.139053 140.219680 64.000000 18.023256 14.246484 139.982996 256.000000 248.492043 18.397005 116.335545 0.000000 40.387755 15.984515 116.203725 256.000000 215.216353 138.049469 9.105000 0.000000 47.138409 133.076335 14.148667 256.000000 202.158205
36.652802 95.104833 64.000000 9.792536 41.236985 95.820011 256.000000 240.442028 147.993624 116.040238 0.000000 37.926714 140.706900 112.123869 256.000000 239.138364 115.065707 123.381444 0.000000 31.034077 113.618075 123.153858 256.000000 225.972653 80.368753 80.796496 0.000000 9.052502 86.351784 80.322413 256.000000 247.795034
59.812391 80.055664 64.000000 16.069912 56.701885 77.541724 256.000000 249.576278 145.623549 57.938465 64.000000 9.039595 145.500780 57.546065 256.000000 251.675907 96.062287 105.025673 64.000000 10.201275 95.346236 105.518513 256.000000 225.675779 53.140138 90.721827 0.000000 11.449006 49.790127 94.767793 256.000000 248.909387
19.150873 147.962645 64.000000 19.572163 20.289055 148.068905 256.000000 237.817490 18.296187 71.388333 64.000000 9.271931 17.698105 72.988236 256.000000 254.115436 102.486791 54.476955 0.000000 11.935190 102.379473 50.500020 256.000000 237.907843 67.789969 163.448227 64.000000 24.584599 59.137147 163.196227 256.000000 235.851239
65.552865 121.856040 0.000000 35.302177 60.589653 114.774555 256.000000 216.786773 16.615855 91.183125 64.000000 9.413914 17.478371 91.528740 256.000000 249.606395 74.960144 42.872325 64.000000 18.354550 71.614485 35.894024 256.000000 234.242096 118.668445 202.129833 0.000000 23.371289 118.867307 198.428758 256.000000 223.231948
61.327762 97.307067 64.000000 9.577410 62.191680 95.845491 256.000000 239.736414 84.155249 37.458182 0.000000 30.569405 85.198633 42.290051 256.000000 243.526935 49.417665 14.894240 64.000000 13.079661 46.301440 8.690918 256.000000 234.233491 79.494387 115.163153 64.000000 18.789105 75.601215 116.406633 256.000000 220.706368
162.193702 7.106515 0.000000 212.884387 162.422607 6.212891 256.000000 35.495790 97.304304 12.048496 64.000000 16.065610 91.853062 15.975922 256.000000 237.916448 43.020565 34.320745 0.000000 19.645306 43.288682 37.976273 256.000000 229.023140 79.022662 131.582060 0.000000 22.226818 78.345040 128.328071 256.000000 216.063949
51.711527 53.298933 64.000000 13.574451 52.733547 57.017896 256.000000 219.256419 74.443505 151.239495 0.000000 28.327792 85.114005 129.550442 256.000000 242.735271 28.136462 186.115193 0.000000 18.918180 37.678809 191.971800 256.000000 228.842434 111.745724 31.557656 64.000000 9.465544 111.742745 32.154975 256.000000 261.804039
79.395465 119.694622 0.000000 11.539359 79.161347 119.904685 256.000000 255.900982 188.082965 59.999178 0.000000 31.941908 185.146349 58.989671 256.000000 212.049698 128.866589 82.499996 64.000000 35.917437 123.414240 75.571740 256.000000 233.239609 27.104142 141.954716 64.000000 12.658014 32.343491 146.555096 256.000000 258.994494
9.149860 87.675865 64.000000 20.131491 12.331047 86.876873 256.000000 229.832013 92.937716 60.582467 64.000000 22.824869 89.759685 56.411429 256.000000 218.017293 35.597676 70.812565 64.000000 16.328063 31.774456 69.988342 256.000000 242.989120 51.945402 152.580724 0.000000 8.854586 57.146653 154.970947 256.000000 276.738086
84.281791 49.582184 64.000000 47.723552 73.992580 63.011451 256.000000 206.908187 168.783373 140.140029 0.000000 50.541702 161.636398 134.392633 256.000000 204.580523 70.511225 63.814355 0.000000 24.481339 67.401758 68.055002 256.000000 231.105559 51.337493 55.841242 64.000000 25.113809 70.824207 57.257882 256.000000 249.610698
125.762238 30.841602 64.000000 9.753813 130.985618 35.231709 256.000000 245.639472 82.006600 64.011020 0.000000 23.160465 70.984858 56.617796 256.000000 233.058903 20.063862 26.679491 64.000000 14.417745 21.390322 27.271420 256.000000 242.735271 16.451427 70.838936 0.000000 17.442416 17.785898 77.314669 256.000000 245.230732
137.357720 82.995456 64.000000 28.826884 134.777480 82.831547 256.000000 230.627980 63.086496 102.322907 0.000000 91.630768 64.676442 101.286049 256.000000 159.937576 22.040473 100.999555 0.000000 13.595963 10.449438 101.290744 256.000000 241.001355 168.227713 86.638702 64.000000 17.924298 166.219473 86.277838 256.000000 238.165995
107.327693 20.001711 0.000000 10.859560 106.929507 22.111682 256.000000 223.339511 144.405364 68.272315 0.000000 18.453508 141.194669 66.344664 256.000000 211.073026 9.884460 14.019413 0.000000 18.642819 15.113724 13.098302 256.000000 222.814603 42.265247 82.965505 64.000000 39.376663 56.664509 79.224098 256.000000 224.656082
136.611689 161.142276 0.000000 10.162552 136.830715 161.401247 256.000000 243.212851 140.427405 137.635998 64.000000 12.731157 139.585753 141.169060 256.000000 263.215266 100.227675 25.756709 64.000000 19.154819 97.630991 24.695044 256.000000 250.342126 110.769693 129.124869 64.000000 10.257208 111.337471 129.250256 256.000000 235.343541
53.244938 85.281584 0.000000 12.662316 62.206411 92.784435 256.000000 245.200615 29.280545 128.312682 0.000000 28.861304 19.087105 106.726178 256.000000 235.025155 122.348936 110.995287 0.000000 11.143527 119.890209 113.292418 256.000000 244.447674 44.036709 154.400795 64.000000 14.095056 42.259165 154.117025 256.000000 232.860987
188.622940 109.204620 0.000000 37.668563 179.767475 107.473880 256.000000 207.992422 61.638742 65.037853 64.000000 10.717577 60.493549 67.282913 256.000000 245.949253 52.915431 59.181100 0.000000 9.844166 51.823020 62.176018 256.000000 240.902397 68.045887 55.349971 64.000000 12.442888 71.854453 56.422498 256.000000 253.840075
62.236318 165.995322 0.000000 28.839792 53.503720 161.958231 256.000000 212.165866 119.879175 70.464253 0.000000 22.515087 117.308413 73.066993 256.000000 227.280619 13.097144 69.428396 0.000000 15.157778 16.155373 66.858851 256.000000 219.777024 90.906040 34.121867 64.000000 46.213367 88.631035 36.648584 256.000000 201.474104
153.565556 25.487793 64.000000 19.348432 152.803716 26.241675 256.000000 235.081088 47.657336 37.843978 0.000000 11.612501 45.787087 38.885891 256.000000 247.149656 15.225238 88.469391 0.000000 16.939021 5.100496 85.295575 256.000000 247.390597 48.583065 153.667713 0.000000 14.262854 80.038453 169.902678 256.000000 232.934130
142.077316 20.506860 0.000000 13.793879 144.545789 24.138209 256.000000 247.627236 188.464609 103.781004 64.000000 16.930416 187.818336 104.734460 256.000000 240.687271 152.951329 130.691862 64.000000 58.798238 147.542842 132.309549 256.000000 191.651451 160.157011 5.276680 64.000000 20.970482 159.556962 3.579529 256.000000 238.923238
133.685800 147.539351 0.000000 22.011692 131.633365 148.516713 256.000000 251.323101 10.972191 26.816889 64.000000 22.459154 13.603804 27.367676 256.000000 222.384351 79.498115 93.164222 64.000000 20.277777 80.716235 87.634195 256.000000 246.869993 42.400482 22.586820 0.000000 11.513544 54.436205 10.226076 256.000000 225.976955
52.995762 162.969340 0.000000 25.638717 54.114371 157.959747 256.000000 252.325588 49.783260 208.878400 64.000000 30.685573 50.685013 206.853967 256.000000 224.440956 16.299518 166.911809 64.000000 12.417073 20.312733 173.376262 256.000000 231.066837 56.872687 141.665075 0.000000 39.652024 54.075995 129.489362 256.000000 221.033360
180.400020 37.103678 64.000000 42.267956 177.416622 37.804056 256.000000 209.928556 81.137104 97.780907 0.000000 9.504267 88.928820 94.092995 256.000000 255.238394 53.759091 104.932195 0.000000 21.960062 44.897562 106.000480 256.000000 220.172856 171.728115 68.792098 0.000000 28.650481 169.037522 70.539840 256.000000 214.717261
146.562520 152.422600 64.000000 37.212495 144.198062 149.418115 256.000000 210.074842 170.842029 23.821291 0.000000 46.669434 167.617171 17.426333 256.000000 229.720148 109.952689 33.821436 0.000000 10.674552 108.853456 31.638195 256.000000 238.574734 75.741973 65.245789 0.000000 13.191526 80.734222 72.442236 256.000000 242.141523
164.611613 152.137153 0.000000 38.584999 159.378476 149.292578 256.000000 222.741460 151.442293 107.671864 64.000000 25.552666 150.375382 108.788444 256.000000 232.340383 30.162336 15.381273 64.000000 62.618876 31.658516 16.504993 256.000000 211.322572 79.047073 40.867598 0.000000 35.814176 23.629425 63.112305 256.000000 206.271414
84.758864 108.953011 0.000000 11.565174 91.747073 106.610056 256.000000 251.017622 121.494436 120.092693 64.000000 16.504467 120.495371 121.384464 256.000000 264.699635 15.954905 124.190318 64.000000 17.063794 19.191171 123.168720 256.000000 243.135405 75.747816 185.336402 64.000000 18.505139 72.733284 186.129804 256.000000 232.271542
