77.693225 143.632307 0.000000 8.901914 77.130242 142.372467 256.000000 256.335537 121.399242 60.704349 0.000000 16.491559 124.812651 66.438678 256.000000 237.916448 49.867045 72.522993 64.000000 16.560399 52.914371 68.374784 256.000000 231.927341 17.120158 117.234462 64.000000 22.730213 10.013231 114.091522 256.000000 247.059303
43.299495 198.557840 0.000000 79.945124 49.760851 197.568384 256.000000 183.549806 53.509220 93.366769 64.000000 12.658014 52.992551 92.115531 256.000000 235.743676 29.050013 77.110142 64.000000 10.235695 32.195473 79.972753 256.000000 269.406592 29.087244 16.646427 64.000000 22.975457 32.816845 16.406905 256.000000 252.002899
47.497091 64.022865 64.000000 15.966652 49.005596 59.416231 256.000000 238.665087 35.509058 54.475393 0.000000 10.450821 38.037085 58.809929 256.000000 231.755240 65.103224 44.182833 64.000000 9.865678 64.819998 40.162247 256.000000 247.769219 39.181495 122.603773 64.000000 15.403022 43.709013 123.401373 256.000000 252.742932
171.756169 97.278235 64.000000 50.890207 173.679142 92.712084 256.000000 225.082031 52.008969 48.048593 64.000000 22.992667 48.742478 41.668767 256.000000 258.435166 49.014716 74.386191 0.000000 12.429980 42.592236 84.119576 256.000000 246.082631 16.678658 44.736020 0.000000 16.513072 15.393980 48.678627 256.000000 223.941863
88.303782 98.725160 64.000000 78.284351 89.951273 98.323362 256.000000 167.213137 5.676447 16.418711 0.000000 20.944667 16.208029 15.957409 256.000000 230.757055 51.496393 200.818249 0.000000 55.502508 54.810955 191.838584 256.000000 209.472489 29.258447 27.519633 64.000000 20.609071 31.479393 29.339431 256.000000 249.679538
36.747171 90.241693 64.000000 18.987021 39.445645 88.666615 256.000000 257.475704 80.531773 195.532182 64.000000 40.039251 76.005631 198.973893 256.000000 179.242983 10.891887 71.017107 64.000000 14.826484 4.004833 64.198100 256.000000 252.360008 74.729205 121.672260 0.000000 9.977544 84.987644 139.594825 256.000000 247.136749
8.732173 177.810320 0.000000 72.914806 13.220344 185.585609 256.000000 183.179789 153.700075 142.762785 64.000000 23.706885 151.518924 146.614142 256.000000 234.655138 55.559758 225.370135 0.000000 8.970754 57.007693 227.077245 256.000000 259.545216 117.644735 80.892209 0.000000 48.824997 107.854322 60.464051 256.000000 208.108590
97.770882 177.678844 0.000000 24.868566 97.492076 165.598325 256.000000 222.074570 31.552149 179.644831 0.000000 16.336668 28.310364 176.772607 256.000000 255.763301 42.719627 182.608671 0.000000 44.845166 46.420798 184.730540 256.000000 202.493801 103.032411 57.848993 0.000000 15.347089 101.988296 59.277973 256.000000 232.947038
133.091482 21.088344 64.000000 9.327863 146.022616 22.219964 256.000000 249.305219 16.732105 103.885873 64.000000 12.787089 10.233678 105.868785 256.000000 257.893049 180.867067 18.677649 64.000000 45.387283 177.914120 20.326091 256.000000 231.174400 163.367113 58.669175 64.000000 29.162481 160.824184 58.805540 256.000000 214.958202
24.564615 98.704742 0.000000 14.211224 18.134645 108.095731 256.000000 237.942264 178.365764 18.641527 64.000000 12.012636 185.600584 21.865107 256.000000 232.628651 65.440067 14.076458 0.000000 8.721208 68.973962 12.070816 256.000000 239.116852 66.651055 88.766507 64.000000 16.814248 64.189540 87.712175 256.000000 245.415741
62.775556 61.175355 0.000000 14.056333 84.230760 59.227985 256.000000 237.740045 83.130796 132.505002 64.000000 47.379350 184.208982 80.882924 256.000000 228.339039 109.634384 164.132573 64.000000 17.919996 97.009676 187.852329 256.000000 238.226230 124.808764 110.281867 0.000000 38.950714 115.917667 110.748651 256.000000 235.623205
111.581669 146.014815 0.000000 51.045097 106.470185 143.044705 256.000000 226.045796 33.205169 192.485147 64.000000 23.526179 31.253951 190.350936 256.000000 236.789188 139.658076 88.439284 64.000000 58.677768 137.926760 90.201202 256.000000 201.366541 121.647325 125.253231 0.000000 16.590517 119.820315 127.809096 256.000000 229.758871
170.842029 23.821291 0.000000 46.669434 167.617171 17.426333 256.000000 229.720148 78.419305 105.344575 0.000000 30.405909 77.906555 103.693584 256.000000 231.307778 67.062444 184.588085 64.000000 39.815520 66.708545 178.657651 256.000000 216.317798 28.361702 143.574813 0.000000 10.042082 32.654680 146.927524 256.000000 251.396244
80.469416 185.926373 0.000000 37.513672 78.412244 181.744404 256.000000 225.598334 65.267047 158.935607 64.000000 36.644563 66.925573 152.108949 256.000000 220.934402 77.653560 13.925771 0.000000 32.819623 79.164693 26.786733 256.000000 217.531109 78.633282 74.603893 64.000000 13.802484 77.151465 74.256727 256.000000 241.427305
141.221475 44.428722 0.000000 31.980631 125.657727 44.355827 256.000000 208.568960 35.886185 179.490585 64.000000 12.034148 35.315335 178.429455 256.000000 231.505694 27.831724 197.234445 64.000000 19.421575 29.818404 197.280695 256.000000 242.606195 80.822089 145.803753 0.000000 16.723895 82.602307 144.003569 256.000000 259.635569
45.119973 83.292022 0.000000 10.472334 45.390269 81.160973 256.000000 272.840003 128.743496 130.694305 0.000000 17.554282 122.366451 137.741678 256.000000 231.845593 50.033649 161.175104 0.000000 14.163896 46.902880 161.201298 256.000000 260.306763 117.574671 112.150369 0.000000 16.211895 123.395164 106.296160 256.000000 243.204246
1.078058 55.351053 64.000000 10.597107 3.034707 56.710411 256.000000 232.189794 185.862455 76.177904 64.000000 18.135122 184.838684 75.613564 256.000000 225.817762 156.604135 42.756353 64.000000 12.602081 157.266504 42.951296 256.000000 243.647405 147.272424 172.545504 64.000000 22.020297 150.909822 171.355885 256.000000 255.900982
19.711635 99.622204 0.000000 16.857273 26.087296 102.134556 256.000000 234.194769 50.864775 91.942558 0.000000 18.307223 44.109647 97.514236 256.000000 245.041422 22.434842 105.241729 64.000000 21.848197 16.313800 122.831256 256.000000 240.622734 171.253438 51.658509 64.000000 17.519861 174.438636 57.400975 256.000000 238.819978
6.854051 201.030160 0.000000 9.835561 7.654138 200.552518 256.000000 243.694733 162.245904 114.677978 0.000000 20.583256 164.398287 106.560916 256.000000 199.189466 36.697475 76.571371 0.000000 46.772695 33.326629 75.521553 256.000000 216.291983 35.597676 70.812565 64.000000 16.328063 31.774456 69.988342 256.000000 242.989120
150.379762 136.279678 64.000000 35.125773 145.195724 136.252169 256.000000 224.122569 27.198942 179.437367 64.000000 47.375048 29.440520 175.246562 256.000000 219.234907 71.300125 71.052638 0.000000 25.255792 67.694853 49.083547 256.000000 251.602765 91.340982 46.994002 64.000000 37.264126 87.788562 45.146371 256.000000 245.729825
49.969625 179.041080 0.000000 15.626753 49.405216 177.409455 256.000000 236.225558 5.988435 179.693427 0.000000 15.962349 11.974409 188.253905 256.000000 246.667774 34.638475 92.951553 64.000000 16.285038 38.269567 95.297475 256.000000 250.273286 65.552865 121.856040 0.000000 35.302177 60.589653 114.774555 256.000000 216.786773
25.258995 96.375720 0.000000 10.829443 23.884538 92.926949 256.000000 245.463069 38.128180 68.294196 0.000000 35.525908 36.802040 68.853938 256.000000 214.519345 49.544925 30.558664 0.000000 12.331022 49.022853 31.148525 256.000000 240.364582 33.755796 37.319493 64.000000 12.877442 34.717216 37.006160 256.000000 255.311537
29.738524 93.756084 64.000000 24.907288 32.267204 92.387242 256.000000 227.956115 119.648467 40.002355 0.000000 20.157306 117.670491 40.960775 256.000000 242.911674 159.475629 62.099385 0.000000 12.391258 189.379187 45.749211 256.000000 231.548719 43.871360 15.724200 0.000000 64.172086 45.776309 12.874615 256.000000 181.790075
64.919264 32.561102 0.000000 10.773510 70.359025 32.777520 256.000000 251.714630 185.496556 132.705613 64.000000 32.415186 184.539244 130.231300 256.000000 224.780855 39.196789 49.265453 0.000000 32.617404 47.321415 69.309607 256.000000 221.084990 67.758640 82.435720 64.000000 31.090010 56.862264 72.994607 256.000000 233.437525
16.933209 79.529665 0.000000 23.711188 20.921607 63.080289 256.000000 226.002771 181.112800 115.454598 0.000000 31.318043 175.674740 125.469545 256.000000 220.943007 167.603709 72.528680 64.000000 37.311453 151.483080 66.417885 256.000000 220.327747 20.740631 54.454364 64.000000 14.895324 23.587220 53.190880 256.000000 253.620646
2.544538 105.740947 0.000000 38.993739 23.165204 100.272358 256.000000 223.292183 118.695635 114.105515 64.000000 29.128060 116.722551 111.776100 256.000000 229.414669 139.347180 137.527115 64.000000 28.663388 145.918738 119.289540 256.000000 240.269927 128.804040 148.781818 0.000000 26.245372 135.315860 134.567553 256.000000 218.744419
163.990195 16.540198 64.000000 20.286382 167.306560 26.790215 256.000000 236.608482 38.254004 38.731680 0.000000 10.308838 31.402918 33.975369 256.000000 253.642159 27.823949 63.949616 0.000000 8.841679 25.778944 65.926809 256.000000 242.649220 185.373695 123.401415 64.000000 33.357438 183.118020 122.683873 256.000000 239.375003
149.456396 4.524131 64.000000 37.746008 141.562658 24.179962 256.000000 228.450904 60.761216 16.128760 64.000000 39.862848 57.535487 16.953255 256.000000 200.372659 111.492527 199.537553 0.000000 80.999242 112.847309 197.111404 256.000000 170.711086 25.086847 44.216236 0.000000 22.127860 22.591904 45.058098 256.000000 241.775809
39.174573 23.124373 64.000000 26.503523 37.330111 25.536676 256.000000 230.726938 170.317200 45.992345 0.000000 25.501036 168.730695 44.934558 256.000000 235.593088 28.136462 186.115193 0.000000 18.918180 37.678809 191.971800 256.000000 228.842434 73.251589 125.913316 0.000000 11.294115 73.610251 122.204698 256.000000 249.705353
122.348936 110.995287 0.000000 11.143527 119.890209 113.292418 256.000000 244.447674 76.394438 87.966216 64.000000 16.117240 75.379951 95.895389 256.000000 249.296614 67.789969 163.448227 64.000000 24.584599 59.137147 163.196227 256.000000 235.851239 67.789505 37.951442 64.000000 21.387827 70.713189 44.353738 256.000000 242.941792
94.653415 35.642247 0.000000 9.082620 123.034724 23.979405 256.000000 244.073355 162.006562 36.291051 0.000000 21.275961 162.120491 39.549605 256.000000 240.579708 177.593676 97.659507 64.000000 32.582984 173.568969 93.219445 256.000000 229.083375 74.960144 42.872325 64.000000 18.354550 71.614485 35.894024 256.000000 234.242096
43.672933 52.850082 0.000000 17.997441 64.132855 53.001762 256.000000 228.739173 65.558524 67.818427 0.000000 53.041467 76.095796 57.282760 256.000000 205.617431 12.484849 59.108718 64.000000 20.918852 15.814996 57.915140 256.000000 239.284650 163.169622 144.090800 0.000000 10.369073 162.944902 146.250655 256.000000 253.431336
