24.077493 152.098011 0.000000 10.278720 16.234184 155.936204 256.000000 252.273958 4.463235 19.380567 0.000000 13.613173 7.779067 14.165244 256.000000 225.073426 96.264164 112.989044 64.000000 27.123086 94.972973 113.882147 256.000000 229.500719 27.857740 83.771762 64.000000 82.165224 33.385389 87.815365 256.000000 194.671820
122.622000 195.077075 0.000000 31.425606 113.144467 197.893682 256.000000 231.824080 98.829856 81.614907 64.000000 35.560328 97.698396 91.313265 256.000000 236.939776 76.838942 181.165769 64.000000 18.483626 75.656056 180.336693 256.000000 235.347844 68.073929 116.671867 64.000000 12.098686 74.722451 130.924273 256.000000 242.042565
84.597991 144.566538 0.000000 20.798382 80.620395 146.643769 256.000000 255.999940 111.637507 186.110545 0.000000 25.488128 114.299111 183.536233 256.000000 244.649892 158.178264 174.542102 64.000000 14.938349 153.535516 196.122684 256.000000 247.868177 10.341504 108.867940 0.000000 15.648265 7.227878 103.253080 256.000000 242.799809
9.941307 54.943353 0.000000 11.427493 13.486249 50.052147 256.000000 219.656554 48.829115 50.525087 0.000000 20.531625 48.732893 55.363551 256.000000 240.183876 146.701682 106.894422 64.000000 14.353207 147.582804 106.098587 256.000000 237.395844 25.439902 85.267993 64.000000 9.254721 26.206829 87.478611 256.000000 242.261994
119.290305 87.546973 0.000000 14.288669 118.817613 89.562053 256.000000 257.923166 150.953773 78.095478 64.000000 24.421104 150.340029 79.422125 256.000000 250.561555 8.914515 57.462842 0.000000 9.078317 10.021540 59.149860 256.000000 243.169825 69.851945 80.169831 0.000000 17.382181 65.372311 61.783133 256.000000 220.878469
34.438675 212.674455 64.000000 10.029174 35.939467 213.739004 256.000000 239.331978 21.791989 75.227451 0.000000 15.566517 26.627236 78.584315 256.000000 245.712615 103.755598 46.055100 0.000000 34.493303 98.749391 50.232645 256.000000 227.108518 34.808618 77.658471 0.000000 21.938549 44.048896 77.742629 256.000000 220.689158
86.217084 191.566978 0.000000 27.045641 84.526295 190.508815 256.000000 223.692317 26.818151 53.496820 0.000000 13.832602 23.386589 57.437762 256.000000 261.107031 145.722400 107.301498 0.000000 26.490616 146.534785 98.552553 256.000000 249.305219 117.919722 159.897760 0.000000 27.359725 138.322982 138.570109 256.000000 226.592216
66.590053 51.500922 0.000000 15.054517 61.922827 52.807095 256.000000 233.248214 18.103691 4.592351 64.000000 213.981530 16.426576 2.806809 256.000000 47.680527 67.383767 73.368402 0.000000 19.593676 67.861735 78.403900 256.000000 243.337624 82.643898 29.463705 64.000000 9.981846 82.203918 14.767780 256.000000 248.823337
71.153607 160.700920 64.000000 11.117712 70.956113 160.993973 256.000000 245.381321 111.450676 38.638220 0.000000 27.140296 103.887784 29.200589 256.000000 225.129359 49.576649 73.565502 64.000000 17.197172 46.647031 70.089664 256.000000 226.544888 153.533331 17.327927 0.000000 18.255592 152.310335 15.746818 256.000000 243.251573
35.017213 23.356598 0.000000 11.074686 38.275025 17.827604 256.000000 244.538027 46.241369 178.547485 64.000000 15.136265 34.600342 192.275784 256.000000 263.624005 21.542098 106.465084 64.000000 9.215998 23.122022 107.514435 256.000000 259.463469 13.324131 58.957018 64.000000 32.888463 3.053933 54.555411 256.000000 225.206804
79.800715 159.033807 0.000000 26.137809 76.794038 157.952244 256.000000 229.169425 155.503529 103.224636 0.000000 12.253577 155.578818 103.241340 256.000000 245.949253 81.544158 118.756469 0.000000 12.429980 94.701584 138.016618 256.000000 235.042365 44.226613 81.267673 64.000000 10.614317 46.529649 79.916935 256.000000 260.345485
158.953651 47.576444 64.000000 78.921124 155.685420 47.329093 256.000000 183.141066 103.464347 23.560178 0.000000 12.335325 102.290080 21.920531 256.000000 258.465284 12.512856 120.806447 0.000000 25.647322 13.590209 118.693925 256.000000 221.790603 53.777518 44.234824 64.000000 9.994754 52.626722 44.290685 256.000000 252.084647
75.518304 171.905247 0.000000 21.590045 74.835389 170.914315 256.000000 235.184348 34.344556 177.771985 64.000000 42.216326 28.940898 177.457331 256.000000 214.588185 125.836678 24.706549 64.000000 28.525708 123.879165 24.558331 256.000000 221.188251 101.455913 38.546889 0.000000 8.768536 101.687258 39.058967 256.000000 246.921623
46.155164 184.400431 64.000000 9.035292 48.500418 187.267662 256.000000 249.103000 98.728236 132.672549 64.000000 25.651624 103.194885 125.272420 256.000000 244.094867 116.927267 50.514565 64.000000 15.949442 116.425447 50.378444 256.000000 233.884987 110.724709 50.019300 64.000000 24.756700 107.803685 50.929584 256.000000 227.676451
48.990553 11.651075 64.000000 16.267828 47.664445 12.576215 256.000000 244.495002 67.789505 37.951442 64.000000 21.387827 70.713189 44.353738 256.000000 242.941792 60.095809 41.766633 64.000000 24.145742 63.897578 56.916495 256.000000 237.550734 78.647229 104.157975 0.000000 24.012364 75.583829 101.986873 256.000000 236.784886
94.266642 125.244471 0.000000 33.925370 66.352280 121.228765 256.000000 218.348587 94.449082 5.554682 64.000000 15.463257 94.114471 11.698147 256.000000 219.450033 24.243549 140.261405 64.000000 14.082148 28.745489 142.299055 256.000000 253.943335 26.793016 228.415191 64.000000 35.895924 30.495076 226.003158 256.000000 222.513427
45.588224 93.926962 0.000000 18.401878 43.714458 90.305822 256.000000 242.885859 63.743193 73.737345 64.000000 12.034148 61.895215 74.265200 256.000000 239.344885 32.287727 37.178633 64.000000 10.618619 31.692405 30.165527 256.000000 241.823137 93.356744 85.838062 64.000000 15.742921 91.269049 87.936707 256.000000 225.503678
106.875553 18.551487 0.000000 22.502180 108.435431 23.815624 256.000000 221.080688 3.210391 109.571593 64.000000 34.123286 9.343884 110.192595 256.000000 232.417828 68.037273 80.097335 0.000000 8.635158 71.657493 76.931622 256.000000 256.378562 5.911460 199.200055 64.000000 20.118584 9.231800 199.166485 256.000000 228.825224
121.971251 188.831256 0.000000 27.372632 118.645749 190.643704 256.000000 229.388854 21.104158 47.340460 64.000000 25.032061 75.702991 62.634087 256.000000 232.921223 57.986169 70.435680 0.000000 20.583256 68.104260 59.362458 256.000000 239.013591 30.594424 117.150195 64.000000 42.267956 30.510105 123.355755 256.000000 208.069867
12.145396 150.095718 64.000000 33.142312 14.587684 148.143509 256.000000 221.816419 88.495811 159.436667 0.000000 12.115896 86.320729 164.451902 256.000000 255.079201 141.061316 74.974935 64.000000 14.013308 169.625020 88.290347 256.000000 228.364854 37.528587 37.932958 64.000000 33.981303 94.991202 151.424098 256.000000 228.954299
119.845491 67.785267 0.000000 19.821710 140.649409 2.973449 256.000000 225.430535 119.058278 32.172189 0.000000 23.668163 117.019845 34.182271 256.000000 229.530837 28.935753 130.093869 0.000000 38.929201 38.129936 108.293460 256.000000 223.997796 13.995740 66.305984 64.000000 40.013436 51.781107 24.213858 256.000000 230.382736
42.400482 22.586820 0.000000 11.513544 54.436205 10.226076 256.000000 225.976955 92.764442 30.652949 64.000000 24.610414 90.143807 31.276956 256.000000 227.504350 99.180745 15.923224 0.000000 15.846181 92.159591 17.977493 256.000000 242.064078 1.583180 74.269195 64.000000 21.275961 20.620696 82.690951 256.000000 226.248014
58.760845 98.979018 64.000000 32.255992 45.742220 90.178942 256.000000 231.157190 81.811805 129.247435 64.000000 12.675224 79.551275 133.135431 256.000000 244.658497 17.267704 103.464891 0.000000 34.996698 32.604165 90.571778 256.000000 220.943007 114.089773 108.639991 64.000000 16.414114 113.902411 106.606358 256.000000 231.303475
137.633602 107.090860 0.000000 19.073071 137.457584 104.971020 256.000000 224.699107 13.651300 4.527822 64.000000 9.792536 14.959084 3.914278 256.000000 250.961689 86.190631 213.149231 0.000000 10.988636 101.308224 219.073276 256.000000 261.537283 110.403438 120.472965 64.000000 18.070584 109.402216 125.930116 256.000000 220.667646
102.434607 152.838191 64.000000 16.547492 103.400076 151.368124 256.000000 232.964248 73.554002 46.150504 64.000000 10.721880 88.989300 35.631925 256.000000 45.473334 6.854051 201.030160 0.000000 9.835561 7.654138 200.552518 256.000000 243.694733 86.631647 30.014638 0.000000 31.851556 83.685418 31.022940 256.000000 237.232348
38.980758 157.954495 64.000000 39.449806 39.166742 153.083765 256.000000 215.771378 131.086298 85.125702 64.000000 15.321274 136.713996 78.798156 256.000000 235.760886 8.320491 47.894367 64.000000 12.666619 4.747907 49.654144 256.000000 254.696276 140.734818 86.341296 0.000000 17.201475 139.336578 90.106462 256.000000 251.495202
24.282778 121.690191 0.000000 28.379422 19.602264 117.243742 256.000000 218.507781 88.481100 11.678998 64.000000 10.653040 90.163145 12.399587 256.000000 234.095811 8.644393 99.333869 64.000000 10.653040 10.688598 101.302244 256.000000 239.658969 51.684540 110.577536 64.000000 14.572635 54.024842 110.175095 256.000000 230.529022
80.988215 110.907913 64.000000 37.449134 75.722393 122.708896 256.000000 210.638472 29.381960 81.991144 64.000000 18.961206 39.770824 76.293391 256.000000 217.599949 6.321005 100.111393 0.000000 17.175660 9.165342 96.651213 256.000000 234.810029 80.322173 28.327384 64.000000 67.635614 80.861215 30.046551 256.000000 189.543216
75.405413 96.421722 64.000000 17.610214 74.174098 96.916300 256.000000 241.655338 43.874738 162.946385 0.000000 42.891822 37.417649 128.111991 256.000000 247.110934 82.192055 221.843425 64.000000 15.609543 84.863675 220.734840 256.000000 238.587642 13.797833 106.434813 0.000000 33.370345 8.943909 81.408900 256.000000 211.197799
56.500242 102.336145 64.000000 12.206249 59.234082 99.523696 256.000000 256.890562 13.524527 207.070151 0.000000 19.993810 13.422815 206.461456 256.000000 240.545288 25.971676 219.507631 0.000000 21.275961 27.021558 218.214795 256.000000 245.574934 60.143769 149.743200 64.000000 25.010549 59.805822 147.700695 256.000000 227.805526
113.474164 117.114655 64.000000 35.564630 106.710496 117.216562 256.000000 228.468115 109.172162 159.792815 64.000000 8.609343 129.238095 166.355227 256.000000 238.768347 3.351105 168.902322 64.000000 29.549707 1.942275 168.299724 256.000000 228.166938 155.733487 49.415509 0.000000 23.057205 159.773731 45.326771 256.000000 240.373187
88.705989 182.485582 64.000000 9.826956 88.678933 181.881818 320.000000 263.619703 15.853013 107.877484 64.000000 18.595491 15.802325 105.840076 256.000000 239.254532 45.453065 152.157955 0.000000 22.717306 45.933856 151.730485 256.000000 231.238937 75.568415 138.576705 64.000000 26.770279 79.276976 134.921578 256.000000 243.466699
