15.225238 88.469391 0.000000 16.939021 5.100496 85.295575 256.000000 247.390597 89.560045 183.848382 64.000000 10.747695 88.494069 183.940885 256.000000 226.355577 66.530349 104.166664 0.000000 11.479123 63.793651 105.098335 256.000000 230.997996 14.031216 57.897829 64.000000 10.313140 15.922475 58.768669 256.000000 238.209020
20.805662 95.547607 0.000000 12.399863 22.098913 94.096278 256.000000 228.541257 15.954905 124.190318 64.000000 17.063794 19.191171 123.168720 256.000000 243.135405 52.995762 162.969340 0.000000 25.638717 54.114371 157.959747 256.000000 252.325588 13.797833 106.434813 0.000000 33.370345 8.943909 81.408900 256.000000 211.197799
97.913656 31.982647 64.000000 16.758315 101.231558 36.370458 256.000000 253.513083 84.035451 70.293936 64.000000 17.709172 82.737115 69.356382 256.000000 217.931243 168.240135 11.302418 0.000000 41.906545 157.115229 6.542258 256.000000 206.370372 149.632862 2.573600 64.000000 10.227090 168.498476 11.383124 256.000000 242.472817
28.759756 220.549487 0.000000 36.894109 35.434116 216.386576 256.000000 223.077057 65.280440 73.275129 0.000000 16.117240 54.983560 67.066862 256.000000 231.286265 97.134275 46.614773 0.000000 32.957303 87.556209 55.701964 256.000000 208.409766 106.496340 54.105207 0.000000 31.584799 103.714418 54.746687 256.000000 241.375675
84.155249 37.458182 0.000000 30.569405 85.198633 42.290051 256.000000 243.526935 70.071464 81.608049 0.000000 8.970754 70.774315 79.532845 256.000000 223.933258 25.697802 177.816249 0.000000 18.492231 23.762302 175.991015 256.000000 226.510468 23.837776 111.246518 64.000000 17.747895 27.467038 115.159189 256.000000 241.065893
60.761216 16.128760 64.000000 39.862848 57.535487 16.953255 256.000000 200.372659 54.832407 188.552382 0.000000 27.592061 58.797882 184.788067 256.000000 228.012047 41.547425 85.556391 64.000000 13.514215 38.849747 87.243618 256.000000 236.853726 105.122256 95.676531 0.000000 9.474149 129.927760 111.348411 256.000000 250.036647
151.300249 153.870095 0.000000 12.756972 146.854976 152.464176 256.000000 228.687543 134.747718 55.433624 0.000000 12.219157 137.303113 59.794524 256.000000 257.751066 129.252107 124.296596 64.000000 38.976529 112.604829 129.469191 256.000000 221.695948 96.108780 132.438538 64.000000 27.196229 95.087256 131.429767 256.000000 232.839475
170.873224 72.239276 0.000000 30.973841 170.252569 63.873482 256.000000 216.360823 119.648467 40.002355 0.000000 20.157306 117.670491 40.960775 256.000000 242.911674 74.914142 150.424442 64.000000 32.475421 82.964829 136.717625 256.000000 218.430335 114.855331 29.471231 0.000000 36.300361 104.284420 45.244284 256.000000 237.382936
77.530216 20.045024 64.000000 11.986821 90.125947 16.597115 256.000000 233.054601 8.429744 189.357575 0.000000 15.600938 4.623798 188.966193 256.000000 218.344285 186.581918 115.775871 64.000000 12.206249 187.352098 115.047849 320.000000 244.159405 77.604131 78.768571 64.000000 22.738818 73.498882 85.034535 256.000000 244.357321
4.654775 52.965800 0.000000 12.778484 6.345891 55.615051 256.000000 254.575806 64.670518 69.867222 0.000000 14.060635 62.682458 69.769160 256.000000 247.123841 77.421467 108.178056 0.000000 28.607455 88.259784 89.769565 256.000000 237.524919 3.970445 113.541895 0.000000 12.713947 3.927513 112.179229 256.000000 244.576749
43.698853 59.863251 0.000000 13.213039 37.904515 54.797520 256.000000 229.096282 6.841082 177.779858 0.000000 17.799525 14.722051 187.105925 256.000000 243.488212 31.164604 111.595116 64.000000 21.951457 23.532365 109.004453 256.000000 247.369085 140.397078 39.189145 64.000000 93.984247 139.811302 37.024555 256.000000 169.278347
104.937716 211.947691 64.000000 14.366114 102.734811 212.861200 256.000000 249.176143 133.226416 129.285793 64.000000 19.826012 132.518765 129.250275 256.000000 225.615544 53.178049 90.813253 0.000000 17.674752 32.722609 192.048045 256.000000 231.738030 66.957269 196.973951 64.000000 16.977744 76.775687 197.127349 256.000000 243.535540
2.372933 169.499325 0.000000 31.980631 6.331631 167.897811 256.000000 217.729025 81.712804 55.989925 64.000000 14.594148 86.219473 59.345944 256.000000 237.589457 118.323649 0.285393 64.000000 27.333910 117.966153 3.391458 256.000000 222.603780 90.623665 76.589364 0.000000 11.453308 89.523520 75.939436 256.000000 253.530294
62.564709 172.780478 0.000000 28.986077 59.449529 170.570662 256.000000 237.826096 180.657716 95.593322 0.000000 60.820423 186.636842 97.896493 256.000000 178.124328 48.603187 79.903195 64.000000 13.772367 46.241973 82.862196 256.000000 241.831742 111.932389 111.608315 64.000000 63.918237 108.807040 113.132864 256.000000 203.578036
68.676755 97.329518 0.000000 10.893981 80.071449 97.603189 256.000000 262.789317 33.666075 71.164695 64.000000 13.673409 40.102433 74.413885 256.000000 260.586426 139.238309 175.074536 64.000000 33.189639 134.848182 175.626096 256.000000 228.016350 77.474265 26.134558 0.000000 10.769208 74.655696 33.081100 256.000000 224.195712
136.441284 23.169393 0.000000 91.080046 130.696847 27.582215 256.000000 168.232835 2.701676 129.711416 0.000000 33.671522 9.942500 118.365160 256.000000 229.354434 155.521615 37.703571 0.000000 13.965980 163.280215 46.213355 256.000000 249.038463 48.715444 102.749345 64.000000 11.134922 50.791027 104.315775 256.000000 248.010160
114.004929 196.884325 0.000000 16.762618 114.747185 195.806584 256.000000 237.400146 94.548553 102.447311 0.000000 9.413914 98.741955 98.423227 256.000000 251.275773 92.174264 98.764740 0.000000 29.971354 92.206942 133.457560 256.000000 221.850839 78.439509 195.180655 64.000000 19.860432 84.059453 194.415425 256.000000 250.083975
23.582365 2.665527 0.000000 36.674680 31.145773 6.892045 256.000000 242.675036 152.312395 135.787160 64.000000 27.656599 152.673429 137.780225 256.000000 218.314167 85.351931 103.371545 64.000000 32.178547 82.915269 98.333304 256.000000 227.194569 132.948542 81.915120 0.000000 31.756900 129.881844 81.158320 256.000000 223.657897
58.330185 140.143935 0.000000 50.786946 59.965555 138.827118 256.000000 208.766875 141.656595 22.043058 64.000000 76.421360 146.198676 23.311813 256.000000 173.757270 35.509413 25.335669 0.000000 21.301777 18.160662 21.108951 256.000000 239.314767 31.660936 36.500387 0.000000 19.739962 41.366436 20.282347 256.000000 241.466027
26.098249 156.443296 64.000000 21.727726 27.913878 157.807282 256.000000 230.899038 65.030362 102.853178 0.000000 16.680870 65.243916 99.707951 256.000000 234.091508 56.003727 88.560378 0.000000 17.519861 60.262858 95.827624 256.000000 248.393085 78.845967 25.296516 64.000000 11.362955 79.713209 26.011787 256.000000 232.163979
4.479284 105.573858 64.000000 22.110650 6.219300 103.285645 256.000000 240.975540 88.546400 23.517980 64.000000 19.021441 90.561396 25.435018 256.000000 229.221056 69.959264 71.879987 0.000000 29.652968 64.929100 94.237744 256.000000 220.607410 53.398900 83.365705 0.000000 17.808130 45.555049 86.423829 256.000000 240.016078
78.886762 117.724633 64.000000 12.227762 74.266924 122.461447 256.000000 244.077657 36.676265 179.422151 64.000000 29.519590 44.708624 174.545935 256.000000 254.395100 56.456469 88.981484 64.000000 12.283695 55.094705 94.549540 256.000000 255.139436 98.456422 17.175013 0.000000 13.527123 97.023649 13.358880 256.000000 241.612313
81.532856 157.029420 64.000000 36.227218 58.154502 151.748836 256.000000 216.141395 156.744635 59.425484 0.000000 9.525779 157.335645 60.656424 256.000000 242.834229 181.322598 52.368896 64.000000 33.043354 179.919560 52.637936 256.000000 204.700994 6.771182 73.503311 0.000000 11.044569 3.621171 68.483876 256.000000 238.488684
174.838038 113.033160 0.000000 9.431124 175.789980 116.011880 256.000000 242.115708 28.227093 67.502085 0.000000 26.890750 35.349875 59.047953 256.000000 230.632282 142.983975 56.088962 0.000000 38.821638 141.218182 56.652962 256.000000 231.023811 22.047587 60.455076 0.000000 18.836433 18.005133 65.316742 256.000000 248.027370
67.225387 180.453080 64.000000 20.411155 65.552587 180.273385 256.000000 240.076313 93.408082 88.902727 64.000000 21.263054 94.408216 84.817849 256.000000 246.783942 24.077493 152.098011 0.000000 10.278720 16.234184 155.936204 256.000000 252.273958 38.592873 59.130573 0.000000 8.729813 35.708171 60.596033 256.000000 276.837044
29.986216 175.370064 64.000000 58.195886 30.426882 144.158616 256.000000 206.047683 137.268584 15.051349 64.000000 21.099558 134.575720 14.226598 256.000000 235.760886 86.631647 30.014638 0.000000 31.851556 83.685418 31.022940 256.000000 237.232348 181.193525 85.773851 64.000000 9.521477 184.777184 82.159216 256.000000 238.058432
16.518871 58.171058 64.000000 23.203490 21.380204 59.078296 256.000000 230.159005 156.488882 52.032149 64.000000 8.884704 157.298800 52.601982 256.000000 245.226430 156.955900 96.356809 64.000000 24.132835 156.297120 97.753695 256.000000 239.375003 46.241369 178.547485 64.000000 15.136265 34.600342 192.275784 256.000000 263.624005
90.939815 86.055513 0.000000 33.301505 67.297256 54.930335 256.000000 201.366541 18.103691 4.592351 64.000000 213.981530 16.426576 2.806809 256.000000 47.680527 166.265589 153.914276 64.000000 24.244700 161.746900 150.841364 256.000000 219.493058 55.847436 84.936347 0.000000 15.239526 52.912525 91.715135 256.000000 232.770635
18.164351 151.501191 64.000000 9.667762 20.520647 153.281125 256.000000 243.711943 66.950535 217.729205 64.000000 19.864735 63.386671 219.008933 256.000000 239.039406 45.652651 95.032395 64.000000 13.823997 46.313815 91.802269 256.000000 238.333793 57.931995 87.793324 64.000000 11.208065 59.263595 91.552607 256.000000 248.930900
37.660340 87.401349 64.000000 13.497005 34.537213 87.956800 256.000000 269.647533 145.623549 57.938465 64.000000 9.039595 145.500780 57.546065 256.000000 251.675907 169.166065 43.027625 64.000000 23.745608 166.498491 39.978662 256.000000 220.263209 120.652931 161.395182 64.000000 46.217670 109.899380 139.272835 256.000000 203.547919
38.254004 38.731680 0.000000 10.308838 31.402918 33.975369 256.000000 253.642159 76.912062 24.338924 0.000000 14.512400 72.432998 20.887469 256.000000 238.553221 74.888240 21.312807 0.000000 14.929744 71.293665 21.112869 256.000000 224.991678 177.367100 46.604535 64.000000 10.536871 177.644009 47.025838 256.000000 241.939305
121.646745 71.362347 64.000000 14.318787 121.262891 71.133645 256.000000 240.433423 80.411007 29.077860 0.000000 22.046112 77.330587 28.273902 256.000000 215.607882 29.258447 27.519633 64.000000 20.609071 31.479393 29.339431 256.000000 249.679538 25.871275 116.916893 64.000000 14.060635 24.233776 114.469169 256.000000 245.802968
