105.658153 47.655338 64.000000 25.987221 98.176578 33.380776 256.000000 237.051642 74.025804 59.165813 64.000000 26.675624 71.578065 58.925404 256.000000 212.892992 22.076067 155.262211 64.000000 30.913606 27.291138 152.517435 256.000000 231.811173 8.500004 194.436164 0.000000 8.940637 3.697340 198.214171 256.000000 247.635841
40.827058 48.406571 64.000000 14.125173 42.325915 43.132398 256.000000 239.904213 3.399960 49.322305 64.000000 9.934519 4.468853 46.371215 256.000000 244.744548 60.288956 46.268758 64.000000 27.579153 96.437015 52.291064 256.000000 227.358064 90.883716 17.381604 64.000000 14.671593 90.593196 7.693202 256.000000 238.781255
116.549295 113.902927 64.000000 31.322346 96.423324 114.643404 256.000000 231.574534 113.871618 58.505378 0.000000 9.603225 114.990095 61.005585 256.000000 233.252517 65.558524 67.818427 0.000000 53.041467 76.095796 57.282760 256.000000 205.617431 16.412989 82.842938 0.000000 15.037307 11.401558 91.574504 256.000000 224.397931
75.342238 149.479293 64.000000 11.165039 76.686276 148.235775 256.000000 234.491643 3.781776 49.709664 0.000000 10.334653 1.319605 52.413598 256.000000 245.368413 51.077496 152.710075 0.000000 9.091225 59.288522 156.780133 256.000000 246.125657 45.384304 146.176827 0.000000 27.850212 42.212729 144.778989 256.000000 225.262737
87.247485 28.948798 64.000000 11.973913 110.669560 31.571611 256.000000 227.173056 63.772705 32.517511 64.000000 9.151460 63.739524 33.545211 256.000000 243.970094 73.237218 38.405280 0.000000 21.284566 63.287504 29.840224 256.000000 240.480750 163.437736 127.803005 0.000000 12.434283 162.399393 122.902498 256.000000 234.293727
56.141729 198.529125 0.000000 21.202819 48.311473 201.478609 256.000000 255.475033 17.764127 158.310864 64.000000 76.886032 22.311607 161.081811 256.000000 177.220799 132.442878 41.438422 64.000000 14.822181 134.209129 43.463771 256.000000 261.782527 110.724709 50.019300 64.000000 24.756700 107.803685 50.929584 256.000000 227.676451
22.302367 13.780002 64.000000 34.093168 21.065949 20.882975 256.000000 238.170297 177.593676 97.659507 64.000000 32.582984 173.568969 93.219445 256.000000 229.083375 154.141022 74.239222 64.000000 82.974098 163.877820 79.589105 256.000000 183.055016 63.378140 126.080025 64.000000 27.424262 25.438229 150.300133 256.000000 232.955643
162.517513 130.771364 0.000000 13.867022 161.404485 133.102918 256.000000 219.312352 65.030362 102.853178 0.000000 16.680870 65.243916 99.707951 256.000000 234.091508 3.339758 91.587507 0.000000 30.362884 6.940165 88.311733 256.000000 244.908043 99.964427 65.037027 64.000000 8.794351 102.680489 66.606560 256.000000 256.864747
59.545993 127.158145 0.000000 30.207993 58.410516 122.168515 256.000000 225.219712 74.960144 42.872325 64.000000 18.354550 71.614485 35.894024 256.000000 234.242096 69.963349 98.712593 0.000000 8.932032 68.749775 99.264402 256.000000 243.797993 160.181080 40.569622 0.000000 13.355022 161.485309 42.465498 256.000000 225.688687
190.050496 49.995829 0.000000 33.219757 184.142211 57.174513 256.000000 226.992350 10.891887 71.017107 64.000000 14.826484 4.004833 64.198100 256.000000 252.360008 100.508065 13.801982 0.000000 23.668163 99.291687 16.992275 256.000000 221.356049 78.065762 97.425749 64.000000 19.266685 86.170007 92.296347 256.000000 232.361895
32.334751 126.288065 64.000000 35.168798 29.365489 121.935582 256.000000 223.399746 37.787542 79.687278 0.000000 11.104804 40.687669 77.216804 256.000000 242.627708 2.183447 106.188162 64.000000 36.334781 14.056255 102.728391 256.000000 211.653866 62.880427 109.382278 0.000000 13.742249 60.393487 109.305824 256.000000 240.769019
25.675795 61.913976 64.000000 9.456939 29.558096 61.259249 256.000000 244.968279 151.802473 88.875567 64.000000 28.422447 150.382198 86.795460 256.000000 213.052185 58.824155 47.389135 0.000000 45.163552 48.995587 59.289236 256.000000 208.616287 119.845491 67.785267 0.000000 19.821710 140.649409 2.973449 256.000000 225.430535
49.885091 119.559242 64.000000 26.340027 47.290105 115.830956 256.000000 230.034232 29.888629 62.214222 64.000000 14.426350 36.590316 58.375109 256.000000 233.532181 38.052011 117.575047 64.000000 9.388099 37.053775 120.109520 256.000000 260.995166 117.976671 81.323738 64.000000 12.270787 115.243102 83.453418 256.000000 236.513827
77.082156 138.597982 64.000000 37.582512 81.091775 127.100889 256.000000 211.137564 30.713104 21.143996 64.000000 24.950313 31.315673 24.876609 256.000000 239.383608 130.833116 153.031973 0.000000 14.598450 130.255984 152.440907 256.000000 235.498432 158.824398 44.124885 0.000000 29.751926 158.506927 46.618871 256.000000 233.299844
103.450771 205.792969 0.000000 9.233208 103.033980 207.822158 256.000000 235.334936 153.679927 103.589647 0.000000 26.968195 139.760867 104.106675 256.000000 219.338167 3.850358 56.808684 64.000000 13.544333 1.275049 50.796624 256.000000 238.828583 71.112002 13.385680 64.000000 9.000872 82.755035 17.841580 256.000000 255.733184
88.323542 100.934291 0.000000 9.947426 86.655818 100.619905 256.000000 254.433823 108.617425 5.984315 64.000000 8.639460 109.288378 6.555949 256.000000 252.600949 13.813731 137.332780 64.000000 38.240798 37.607516 110.726745 256.000000 202.988591 1.841678 148.296351 64.000000 19.722752 3.164545 147.599755 256.000000 216.674907
114.756555 17.650269 64.000000 13.286182 113.724267 21.688500 256.000000 244.925254 77.918525 134.758082 0.000000 18.780500 111.121629 132.958445 256.000000 221.278604 170.600222 104.232847 64.000000 17.524164 172.744616 99.252076 256.000000 243.152615 35.751500 7.476555 64.000000 21.086651 35.085953 9.439985 256.000000 247.881085
158.953651 47.576444 64.000000 78.921124 155.685420 47.329093 256.000000 183.141066 34.472147 61.112440 64.000000 20.665004 22.999487 67.842980 256.000000 221.304419 155.348516 72.619209 0.000000 68.302505 155.328738 72.865965 256.000000 184.169369 77.653560 13.925771 0.000000 32.819623 79.164693 26.786733 256.000000 217.531109
85.572673 23.943569 64.000000 14.594148 84.446675 24.315627 256.000000 205.415212 84.035451 70.293936 64.000000 17.709172 82.737115 69.356382 256.000000 217.931243 93.893076 64.336336 64.000000 29.618548 91.993124 59.600613 256.000000 256.172041 78.331831 218.536478 0.000000 22.644163 75.434613 220.440415 256.000000 228.072283
51.162758 0.610736 64.000000 12.490216 49.840502 1.288200 256.000000 233.084718 43.428876 76.231756 64.000000 13.634686 42.648049 72.821784 256.000000 252.033017 88.439415 91.243116 0.000000 17.136937 91.540305 85.807149 256.000000 240.308650 78.329767 199.098889 64.000000 29.222716 71.789960 196.888847 256.000000 236.827911
41.208278 19.752285 0.000000 30.479052 17.326915 21.184807 256.000000 217.122369 147.297891 124.143489 64.000000 20.720936 147.060984 122.271573 256.000000 251.370428 72.458542 81.759647 0.000000 12.645106 69.238944 81.793969 256.000000 228.816619 174.838038 113.033160 0.000000 9.431124 175.789980 116.011880 256.000000 242.115708
72.134393 58.652611 64.000000 13.621778 81.874384 53.172458 256.000000 234.952012 27.831724 197.234445 64.000000 19.421575 29.818404 197.280695 256.000000 242.606195 11.826329 76.868311 64.000000 48.541031 7.807198 75.444485 256.000000 218.395915 4.976124 184.436691 64.000000 24.644835 27.458049 186.315555 256.000000 233.114836
41.700735 51.203125 0.000000 11.087594 35.239185 47.821978 256.000000 232.942735 174.797795 102.959762 64.000000 39.578881 171.058205 100.350580 256.000000 205.505565 158.317913 63.045402 64.000000 15.114753 158.071907 62.875995 256.000000 254.584411 76.394438 87.966216 64.000000 16.117240 75.379951 95.895389 256.000000 249.296614
53.140173 12.335458 64.000000 32.402278 52.753300 18.934149 256.000000 230.572047 49.576649 73.565502 64.000000 17.197172 46.647031 70.089664 256.000000 226.544888 68.387075 108.106693 0.000000 19.757172 65.763811 106.050015 256.000000 235.326331 29.966969 21.006307 64.000000 11.109107 29.601756 21.458960 256.000000 241.160549
114.220584 108.074269 0.000000 10.016267 117.968395 112.939251 256.000000 234.538970 16.463016 76.294175 64.000000 24.425406 29.132931 75.010307 256.000000 218.834772 64.122562 120.417496 0.000000 10.751997 69.759885 122.276655 256.000000 243.608682 5.021276 203.031544 0.000000 29.321674 16.870344 197.765195 256.000000 244.503607
23.447707 29.184693 64.000000 12.554753 23.139860 31.034224 256.000000 260.293855 65.966607 108.024138 0.000000 92.740819 66.438907 108.865060 256.000000 162.355592 53.833235 131.236007 0.000000 11.763090 57.473884 132.427791 256.000000 250.488412 37.528587 37.932958 64.000000 33.981303 94.991202 151.424098 256.000000 228.954299
31.570189 68.846085 0.000000 13.329207 31.515015 72.749455 256.000000 255.836444 14.729805 113.737736 64.000000 24.571692 21.342771 110.310700 256.000000 237.481894 121.953300 110.042387 64.000000 11.109107 124.862451 107.788007 256.000000 269.608811 91.967522 107.060462 0.000000 36.575723 61.676487 89.869098 256.000000 201.409566
132.611718 39.715607 0.000000 26.886447 123.742133 25.307864 256.000000 246.814060 46.521562 71.949578 0.000000 11.586686 52.977847 64.880971 256.000000 245.970766 81.946353 49.389855 0.000000 14.925442 81.150960 33.450696 256.000000 230.688215 24.752631 164.304925 0.000000 35.672193 26.991518 159.301218 256.000000 225.675779
91.039027 30.508669 64.000000 29.584128 91.129353 31.471673 256.000000 219.505965 143.637673 176.206000 64.000000 16.470047 143.462527 179.996942 256.000000 238.579037 44.816851 94.994595 64.000000 33.030446 40.199949 81.098571 256.000000 218.529293 97.499765 36.890596 0.000000 19.438785 92.297222 32.846067 256.000000 234.069996
121.052676 94.079282 0.000000 10.631527 125.678235 100.523535 256.000000 244.611170 40.207080 146.475033 64.000000 21.482482 33.258915 148.172856 256.000000 236.539642 58.714687 33.720707 64.000000 11.780300 58.401382 35.642218 256.000000 211.856085 6.752664 144.168171 64.000000 43.928729 8.539953 131.567016 256.000000 208.168825
19.205027 211.750049 64.000000 44.802141 15.435109 203.913884 256.000000 199.271214 160.196462 118.540664 64.000000 17.373576 158.485171 124.654355 256.000000 232.805055 120.652931 161.395182 64.000000 46.217670 109.899380 139.272835 256.000000 203.547919 74.796209 19.592949 0.000000 18.061979 73.733905 26.293395 256.000000 235.438197
84.919511 59.400660 0.000000 10.747695 93.667787 60.232098 256.000000 225.344485 23.263935 83.591424 64.000000 9.013779 20.996007 81.061876 256.000000 253.814260 33.234049 110.014884 64.000000 17.872668 33.733976 105.940980 256.000000 235.649020 84.084380 57.956956 0.000000 31.881673 57.218660 33.392400 256.000000 236.419171
