72.134393 58.652611 64.000000 13.621778 81.874384 53.172458 256.000000 234.952012 35.479602 214.118636 64.000000 15.902114 40.362047 214.904998 256.000000 239.671877 106.430384 19.988685 0.000000 15.988164 103.174507 19.667445 256.000000 252.381521 154.722829 30.315882 0.000000 24.033877 151.791002 25.546089 256.000000 236.354634
16.412989 82.842938 0.000000 15.037307 11.401558 91.574504 256.000000 224.397931 13.023582 118.162276 0.000000 18.061979 17.233620 117.933827 256.000000 227.104216 89.934624 78.981365 64.000000 32.333438 66.696462 86.533065 256.000000 229.083375 12.074464 143.144422 0.000000 16.013979 7.312744 141.304293 256.000000 224.307578
120.886653 25.189740 0.000000 24.016667 130.826069 32.251265 256.000000 240.781927 43.871360 15.724200 0.000000 64.172086 45.776309 12.874615 256.000000 181.790075 0.461173 172.032280 64.000000 50.003887 22.254338 169.295204 256.000000 209.687615 8.030698 88.901573 0.000000 16.319458 12.486653 88.756542 256.000000 238.923238
14.700300 100.951720 64.000000 14.994282 19.043924 109.312164 256.000000 243.892649 38.738609 10.988891 64.000000 14.331694 40.498031 11.968520 256.000000 229.814803 93.769435 43.266522 0.000000 46.028359 65.008236 48.115425 256.000000 232.955643 39.362096 172.338411 64.000000 14.155291 34.278104 172.827585 256.000000 226.510468
65.030362 102.853178 0.000000 16.680870 65.243916 99.707951 256.000000 234.091508 101.694889 61.367400 64.000000 29.287254 96.478349 57.961256 256.000000 231.643374 2.952198 191.266567 64.000000 9.878586 9.291698 206.502578 256.000000 242.313624 68.073929 116.671867 64.000000 12.098686 74.722451 130.924273 256.000000 242.042565
16.270458 34.220911 0.000000 14.379022 17.385667 24.841049 256.000000 237.907843 96.447595 41.145758 0.000000 15.243828 95.498624 39.183069 256.000000 219.019781 139.068671 170.719782 64.000000 14.611358 147.766949 167.312345 256.000000 253.547504 142.760336 74.112133 64.000000 34.665404 80.735189 211.378449 256.000000 251.241353
159.815622 107.648411 64.000000 18.427693 159.003949 112.403364 256.000000 227.203174 132.299351 112.659469 64.000000 10.394888 132.538487 111.445355 256.000000 223.550334 30.347891 39.125967 64.000000 14.551123 23.225496 46.690949 256.000000 227.379577 188.622940 109.204620 0.000000 37.668563 179.767475 107.473880 256.000000 207.992422
63.034380 44.855225 0.000000 40.379150 63.511016 45.605549 256.000000 214.678538 16.777522 164.832005 64.000000 67.846438 17.061224 166.623873 256.000000 193.712358 15.732433 71.100818 0.000000 36.993067 34.618465 56.096369 256.000000 210.629867 151.148724 58.828400 0.000000 74.829428 148.539413 62.815736 256.000000 182.108462
74.914142 150.424442 64.000000 32.475421 82.964829 136.717625 256.000000 218.430335 103.516240 165.912778 0.000000 9.091225 124.590447 171.270542 256.000000 247.442228 75.342238 149.479293 64.000000 11.165039 76.686276 148.235775 256.000000 234.491643 19.199209 174.966216 64.000000 14.581240 22.110704 177.375264 256.000000 227.973325
23.642853 40.564773 64.000000 11.483426 20.955455 24.413289 256.000000 227.039678 104.989685 57.777318 0.000000 23.052902 109.966716 71.230445 256.000000 238.213322 64.471196 29.882858 64.000000 20.075558 62.858795 33.901947 256.000000 233.471945 15.785791 225.167324 64.000000 29.325976 15.739805 223.739704 256.000000 230.800080
67.383767 73.368402 0.000000 19.593676 67.861735 78.403900 256.000000 243.337624 11.372622 198.468335 0.000000 15.622450 8.677087 197.582853 256.000000 236.453592 133.756925 68.398456 64.000000 17.339156 133.293251 69.241476 256.000000 240.799137 118.441589 48.513993 0.000000 11.388770 118.479262 43.487067 256.000000 239.392213
65.558524 67.818427 0.000000 53.041467 76.095796 57.282760 256.000000 205.617431 121.399242 60.704349 0.000000 16.491559 124.812651 66.438678 256.000000 237.916448 12.097740 184.303298 0.000000 16.013979 6.638180 185.440040 256.000000 226.596518 121.954842 151.493387 64.000000 40.357638 119.416884 144.441493 256.000000 224.139779
131.234224 15.926940 64.000000 12.886047 128.869653 11.524420 256.000000 246.246127 30.778744 83.552795 0.000000 13.415257 34.380373 80.334900 256.000000 250.105488 146.444667 37.685045 64.000000 38.851756 106.277769 39.989149 256.000000 195.583954 88.569618 89.013815 64.000000 21.392129 85.179122 86.753004 256.000000 239.400818
94.266642 125.244471 0.000000 33.925370 66.352280 121.228765 256.000000 218.348587 45.174371 94.850118 0.000000 41.213839 58.268271 91.865520 256.000000 205.793834 34.766696 108.665462 0.000000 27.269372 35.709822 102.247949 256.000000 227.685056 5.536011 138.802484 64.000000 32.234480 3.480125 137.725473 256.000000 222.345629
196.550525 79.651982 0.000000 14.391929 197.291256 75.224929 256.000000 219.553293 128.497947 54.051878 0.000000 18.466416 130.733885 67.674793 256.000000 246.431136 34.824840 95.730522 64.000000 17.098214 29.133589 101.166058 256.000000 234.095811 170.600222 104.232847 64.000000 17.524164 172.744616 99.252076 256.000000 243.152615
75.267622 42.625889 64.000000 11.952401 73.296162 39.557118 256.000000 233.024483 30.966696 108.239598 0.000000 12.795694 24.189013 115.099655 256.000000 237.477591 34.344556 177.771985 64.000000 42.216326 28.940898 177.457331 256.000000 214.588185 59.490242 153.203640 64.000000 17.803828 76.521733 156.625462 256.000000 233.867777
16.407253 92.508484 64.000000 10.696065 17.107229 99.356711 256.000000 243.483909 170.317200 45.992345 0.000000 25.501036 168.730695 44.934558 256.000000 235.593088 22.328273 46.549096 64.000000 24.563087 11.323225 51.715009 256.000000 224.397931 88.323542 100.934291 0.000000 9.947426 86.655818 100.619905 256.000000 254.433823
63.314353 129.041467 64.000000 33.921068 71.427120 130.157224 256.000000 211.258035 89.487287 147.545038 64.000000 37.462042 79.760413 132.315362 256.000000 211.077329 29.713513 92.919611 0.000000 25.113809 35.026853 91.475105 256.000000 235.438197 135.388784 85.391753 0.000000 11.350048 142.696445 94.082167 256.000000 246.280547
36.882024 141.057731 64.000000 10.541174 32.254927 151.515064 256.000000 249.326731 163.169618 162.807631 0.000000 24.511456 154.146571 178.700358 256.000000 211.757127 85.443644 95.256945 64.000000 18.711659 85.115593 105.632136 256.000000 242.076985 129.664558 14.607167 0.000000 10.773510 130.885924 7.580882 256.000000 242.356649
89.312647 44.078720 64.000000 76.133091 87.619060 43.496507 256.000000 186.621805 26.652920 118.370676 64.000000 9.775325 22.983507 116.779675 256.000000 233.884987 76.733167 40.926531 64.000000 36.222916 77.461407 53.732055 256.000000 230.748450 124.569900 103.935353 64.000000 27.424262 123.782749 97.970835 256.000000 54.930273
69.221236 71.078984 64.000000 25.935591 63.253809 65.758380 256.000000 232.314567 85.985198 106.362442 0.000000 24.304935 85.139358 102.937055 256.000000 229.427576 27.566324 203.639398 64.000000 13.957375 22.463764 206.709980 256.000000 232.112349 44.464851 172.984720 0.000000 30.414514 48.782596 175.995935 256.000000 261.507166
99.908520 95.095236 0.000000 15.906416 98.586711 103.165316 256.000000 229.044652 28.401340 125.611015 64.000000 12.748367 32.770231 128.076513 256.000000 252.192210 100.545325 54.909860 0.000000 53.768592 98.397525 57.010196 256.000000 199.697163 67.748985 111.604560 0.000000 11.195157 60.514551 109.137133 256.000000 226.097426
135.399129 23.478411 64.000000 44.797838 119.473100 32.817096 256.000000 221.906772 28.638122 53.041400 64.000000 27.015523 21.976753 55.859136 256.000000 251.434966 7.665985 166.410100 64.000000 18.991323 6.955175 165.139015 256.000000 243.918464 52.212576 60.657311 64.000000 14.323089 58.825680 59.606633 256.000000 239.960145
129.892945 68.038500 64.000000 16.698080 128.010493 64.532669 256.000000 232.348988 20.947749 107.246544 0.000000 16.857273 8.592305 120.092782 256.000000 250.152815 121.939742 116.471256 0.000000 29.097943 117.652780 116.251302 256.000000 222.199343 172.451571 40.298064 0.000000 11.664132 173.004613 39.114371 256.000000 233.958130
71.300125 71.052638 0.000000 25.255792 67.694853 49.083547 256.000000 251.602765 136.248000 144.723802 0.000000 13.746551 134.835607 145.342985 256.000000 217.152487 121.158158 70.727585 0.000000 24.003759 119.187722 80.728087 256.000000 230.584954 11.278489 29.342864 64.000000 16.624937 15.689805 27.581660 256.000000 233.058903
50.206533 105.883635 64.000000 17.812433 52.442360 102.092095 256.000000 231.738030 9.484584 97.905080 64.000000 29.300161 13.292531 95.409595 256.000000 246.246127 29.084955 189.013593 0.000000 21.456667 26.828367 188.390431 256.000000 243.402161 13.711691 210.762631 64.000000 10.360468 15.981296 213.930169 256.000000 259.308578
48.495924 154.585929 64.000000 37.001672 46.166982 153.873549 256.000000 216.601764 137.368495 43.392511 0.000000 22.893709 138.365158 47.399511 256.000000 223.610569 42.265247 82.965505 64.000000 39.376663 56.664509 79.224098 256.000000 224.656082 101.476091 31.544180 64.000000 10.123830 117.105069 24.156165 256.000000 254.833957
33.015522 41.874109 64.000000 21.035020 32.117800 44.377793 256.000000 245.652379 140.194304 180.407896 64.000000 8.643763 140.747471 180.718395 256.000000 261.722292 159.272715 149.674216 0.000000 40.034949 136.460920 146.499356 256.000000 211.559211 169.816267 20.145122 64.000000 23.250818 169.491811 22.667358 256.000000 207.932187
129.389435 79.868800 0.000000 18.259895 129.046084 86.194867 256.000000 230.481694 157.981211 93.558135 64.000000 37.147958 142.118635 87.302365 256.000000 206.159548 123.379702 20.324593 0.000000 30.741505 120.601033 21.062765 256.000000 222.380049 15.517616 153.336365 64.000000 17.412298 4.977609 154.664753 256.000000 243.690430
96.430342 108.813653 64.000000 9.375191 95.302742 110.362271 256.000000 239.276045 56.939424 48.462965 0.000000 12.266485 67.427185 38.394342 256.000000 245.075842 58.052636 225.685075 64.000000 49.466072 57.082967 224.507498 256.000000 231.884315 70.675113 96.419605 0.000000 11.074686 72.369653 104.238335 256.000000 242.270599
16.173502 114.324422 64.000000 34.471790 14.021638 107.167040 256.000000 225.989863 25.823909 87.685482 0.000000 12.176132 29.892762 87.371789 256.000000 223.141595 29.738524 93.756084 64.000000 24.907288 32.267204 92.387242 256.000000 227.956115 27.835733 119.233418 0.000000 14.697408 18.385471 123.348791 256.000000 229.952484
43.971589 9.083276 64.000000 43.283351 52.534462 21.499160 256.000000 219.290839 141.612211 79.407922 0.000000 11.565174 148.297515 88.217416 256.000000 234.001155 173.068765 58.004120 0.000000 72.454437 169.674589 56.385384 256.000000 211.774337 104.500402 85.448445 64.000000 19.765777 103.286240 84.321731 256.000000 246.986161
