74.025804 59.165813 64.000000 26.675624 71.578065 58.925404 256.000000 212.892992 26.053915 137.631820 0.000000 11.010149 30.503336 140.961449 256.000000 240.549591 75.063675 7.713065 64.000000 43.692091 55.462804 24.241136 256.000000 213.491042 81.946353 49.389855 0.000000 14.925442 81.150960 33.450696 256.000000 230.688215
160.059382 14.989656 0.000000 9.164368 159.984398 13.662815 256.000000 246.177287 42.557536 19.329831 64.000000 9.740905 41.343715 19.383675 256.000000 239.241625 119.845491 67.785267 0.000000 19.821710 140.649409 2.973449 256.000000 225.430535 51.473053 77.515998 64.000000 14.387627 53.723489 76.070069 256.000000 241.780111
156.198555 143.840356 0.000000 16.513072 159.704675 138.990362 256.000000 244.671405 171.840149 95.520485 0.000000 13.492703 175.012815 89.762778 256.000000 239.172784 182.054687 100.129787 64.000000 39.781100 116.746145 65.961356 256.000000 220.095411 80.368753 80.796496 0.000000 9.052502 86.351784 80.322413 256.000000 247.795034
118.865211 28.761565 64.000000 27.299489 110.616838 27.917971 256.000000 240.562498 31.863636 86.683547 64.000000 14.688803 27.179562 84.842451 256.000000 240.652851 125.398836 164.350667 0.000000 16.693778 121.587555 167.779255 256.000000 227.745291 105.122256 95.676531 0.000000 9.474149 129.927760 111.348411 256.000000 250.036647
49.780922 40.245220 64.000000 54.990508 62.544525 52.060309 256.000000 213.495345 66.950535 217.729205 64.000000 19.864735 63.386671 219.008933 256.000000 239.039406 148.576569 79.538273 64.000000 16.001072 145.584018 82.853556 256.000000 230.103072 61.972640 51.469189 0.000000 32.225875 63.134298 68.245576 256.000000 228.838131
22.700373 50.045440 0.000000 10.399191 20.100607 53.185304 256.000000 219.604923 33.074387 133.408133 0.000000 57.985062 37.764327 133.033509 256.000000 194.904156 131.511256 95.366715 64.000000 46.574779 135.294275 94.324384 256.000000 218.004386 138.782155 183.946978 0.000000 31.279320 138.003609 179.953180 256.000000 230.679610
22.411787 49.699065 64.000000 8.876099 18.584502 50.884507 256.000000 246.654867 83.247120 133.500016 0.000000 23.668163 80.855547 133.305169 256.000000 217.673092 117.135942 110.717293 0.000000 44.935519 103.205544 100.836855 256.000000 217.225630 77.964065 95.354667 64.000000 31.640732 54.589147 88.954742 256.000000 211.047211
63.086496 102.322907 0.000000 91.630768 64.676442 101.286049 256.000000 159.937576 28.601515 115.262644 64.000000 30.255321 34.710469 104.515171 256.000000 210.285665 2.507265 170.963735 0.000000 43.825469 4.644995 166.098387 256.000000 207.433094 85.351931 103.371545 64.000000 32.178547 82.915269 98.333304 256.000000 227.194569
101.081582 100.192813 64.000000 29.054918 97.308027 97.135184 256.000000 237.098970 57.986245 112.348387 0.000000 42.999385 68.109024 104.944884 256.000000 211.516186 132.876520 133.013911 0.000000 8.794351 138.398207 147.697769 256.000000 241.844649 113.474164 117.114655 64.000000 35.564630 106.710496 117.216562 256.000000 228.468115
148.274682 141.929867 0.000000 30.242413 132.176822 131.090789 256.000000 224.832485 104.147424 158.642073 64.000000 17.894181 105.577182 158.112356 256.000000 244.133590 51.337493 55.841242 64.000000 25.113809 70.824207 57.257882 256.000000 249.610698 79.494387 115.163153 64.000000 18.789105 75.601215 116.406633 256.000000 220.706368
96.176180 211.030749 64.000000 22.037507 95.305153 209.990640 256.000000 241.100313 159.789004 167.861336 64.000000 43.390914 143.833838 152.643767 256.000000 220.749394 76.686089 94.682004 64.000000 13.376535 74.836489 95.817151 256.000000 233.381592 71.408536 20.798018 0.000000 23.659557 65.144698 20.323435 256.000000 215.990807
178.917331 101.052255 64.000000 13.148501 178.476764 100.169671 256.000000 242.640615 60.653371 57.813364 0.000000 11.100502 67.828415 55.356360 256.000000 237.856213 78.034207 16.350144 0.000000 17.352063 73.823249 7.188024 256.000000 240.454935 10.870955 149.726604 64.000000 14.572635 7.486042 149.378356 256.000000 240.863675
158.082002 61.954004 0.000000 35.160193 155.160453 63.927415 256.000000 236.393356 37.655033 153.227924 64.000000 13.234552 33.636993 154.167338 256.000000 224.853998 46.082400 217.244378 0.000000 30.530682 42.868331 214.999304 256.000000 222.887746 1.451038 67.424847 0.000000 14.323089 4.434645 68.756905 256.000000 252.480479
44.179345 103.693007 0.000000 12.589174 43.950387 101.742444 256.000000 223.034032 65.440067 14.076458 0.000000 8.721208 68.973962 12.070816 256.000000 239.116852 76.739367 192.612287 0.000000 29.054918 74.088898 196.664945 256.000000 231.359408 103.818156 211.669955 0.000000 14.774854 107.793322 210.984502 256.000000 234.995037
148.548847 96.899904 64.000000 16.895996 150.210502 95.991184 256.000000 232.125257 67.758640 82.435720 64.000000 31.090010 56.862264 72.994607 256.000000 233.437525 141.277691 73.545915 0.000000 17.020769 143.946927 69.409100 256.000000 229.337224 27.323335 125.379529 64.000000 11.109107 24.412125 125.734645 256.000000 258.628780
165.287056 55.697962 0.000000 13.114081 166.013711 56.938884 256.000000 259.764645 15.441565 60.737100 64.000000 17.197172 19.290629 56.520529 256.000000 232.452248 18.338807 183.024289 0.000000 26.413170 21.886427 181.749320 256.000000 230.696820 179.304738 43.537873 64.000000 22.928129 179.420475 33.922804 256.000000 223.898838
80.469416 185.926373 0.000000 37.513672 78.412244 181.744404 256.000000 225.598334 165.172747 84.081820 64.000000 44.470847 154.515055 75.733013 256.000000 201.603180 114.810940 161.103371 0.000000 51.070912 114.397065 164.275742 256.000000 187.452191 63.849415 16.428629 64.000000 11.771695 65.285344 17.258493 256.000000 249.451505
94.272764 47.003129 64.000000 12.804300 86.475536 38.093967 256.000000 253.254932 166.631605 128.515858 64.000000 37.337269 162.924893 128.156316 256.000000 219.239209 82.143225 172.209880 64.000000 15.187896 88.833345 171.622505 256.000000 235.747978 46.631578 21.601269 64.000000 31.761203 45.127693 31.239198 256.000000 226.609426
23.447707 29.184693 64.000000 12.554753 23.139860 31.034224 256.000000 260.293855 9.558311 51.145711 64.000000 10.403493 8.112055 52.238038 256.000000 257.720948 178.741449 95.182478 0.000000 17.050887 182.950575 86.786691 256.000000 239.224415 46.241369 178.547485 64.000000 15.136265 34.600342 192.275784 256.000000 263.624005
67.383767 73.368402 0.000000 19.593676 67.861735 78.403900 256.000000 243.337624 78.688636 209.415004 0.000000 25.759187 73.828622 205.086965 256.000000 225.744619 59.841618 20.034662 64.000000 29.343186 53.887813 20.854253 256.000000 235.167138 103.755598 46.055100 0.000000 34.493303 98.749391 50.232645 256.000000 227.108518
15.082284 122.299662 64.000000 19.972298 22.987689 126.197805 256.000000 248.547975 68.458456 97.072009 64.000000 12.860232 76.500327 102.528635 256.000000 237.701322 45.748011 14.723320 64.000000 20.277777 47.710165 14.722842 256.000000 228.975812 96.590756 108.846300 0.000000 17.033677 99.727211 102.094949 256.000000 227.637728
39.339520 190.269891 64.000000 16.762618 39.082633 189.195998 256.000000 244.796178 36.882024 141.057731 64.000000 10.541174 32.254927 151.515064 256.000000 249.326731 53.178049 90.813253 0.000000 17.674752 32.722609 192.048045 256.000000 231.738030 68.401271 95.283536 64.000000 10.885376 66.842531 96.287007 256.000000 231.548719
57.596967 26.205858 64.000000 10.493846 55.812840 22.991004 256.000000 248.956715 65.251740 120.387402 0.000000 10.635829 60.711985 124.179115 256.000000 239.331978 97.825793 170.093336 0.000000 10.459426 224.307900 225.397573 256.000000 251.589857 14.030765 16.218598 64.000000 10.997241 12.600456 16.723575 256.000000 261.201687
133.756925 68.398456 64.000000 17.339156 133.293251 69.241476 256.000000 240.799137 9.547089 137.484202 0.000000 12.223459 10.597198 137.359013 256.000000 251.456479 84.084380 57.956956 0.000000 31.881673 57.218660 33.392400 256.000000 236.419171 98.526733 100.014049 0.000000 42.104461 78.807127 90.335205 256.000000 227.534468
107.574095 4.365413 0.000000 13.978887 107.070902 5.146773 256.000000 252.730025 76.523345 26.221851 0.000000 26.697137 73.309115 32.687840 256.000000 227.216081 58.072520 28.000818 64.000000 29.601338 62.689567 31.190162 256.000000 254.102529 12.311309 72.558504 0.000000 11.621107 13.992785 72.649478 256.000000 226.562098
6.679296 196.971751 0.000000 10.584199 21.577867 212.119249 256.000000 238.157390 78.331831 218.536478 0.000000 22.644163 75.434613 220.440415 256.000000 228.072283 74.875122 45.029127 64.000000 27.781372 79.580338 56.677500 256.000000 244.439069 50.864775 91.942558 0.000000 18.307223 44.109647 97.514236 256.000000 245.041422
28.638122 53.041400 64.000000 27.015523 21.976753 55.859136 256.000000 251.434966 118.423085 100.320709 0.000000 15.372904 123.858064 95.498062 256.000000 226.144754 8.456904 131.380107 0.000000 16.392601 6.643480 128.697844 256.000000 253.835772 12.574342 115.355069 64.000000 14.120871 2.905271 112.718682 256.000000 232.843777
75.463338 43.785785 0.000000 13.884232 74.352098 45.001156 256.000000 225.490771 117.771189 84.190098 0.000000 17.214383 122.831749 87.467305 256.000000 235.932987 173.369822 30.360882 0.000000 20.230449 174.107036 30.669311 256.000000 201.663415 77.474265 26.134558 0.000000 10.769208 74.655696 33.081100 256.000000 224.195712
17.764127 158.310864 64.000000 76.886032 22.311607 161.081811 256.000000 177.220799 42.990698 68.049175 64.000000 15.958047 39.475462 70.606084 256.000000 250.286193 41.548993 31.532424 64.000000 20.763962 56.945818 26.203604 256.000000 233.549391 114.004929 196.884325 0.000000 16.762618 114.747185 195.806584 256.000000 237.400146
56.234613 87.309071 0.000000 13.152804 51.210769 84.225020 256.000000 238.531709 48.292851 12.385653 0.000000 27.161809 77.825796 82.409104 256.000000 229.375946 116.901824 55.167865 64.000000 18.948298 128.195413 77.873984 256.000000 246.999068 55.710364 21.494082 64.000000 32.974513 59.813431 27.896309 256.000000 247.945623
10.918882 72.038024 0.000000 24.928801 19.156651 43.661551 256.000000 225.340182 103.032411 57.848993 0.000000 15.347089 101.988296 59.277973 256.000000 232.947038 46.052729 118.608520 0.000000 15.678383 38.172271 119.564787 256.000000 226.544888 42.081087 111.896287 64.000000 13.135594 39.210564 114.513091 256.000000 233.248214
47.497091 64.022865 64.000000 15.966652 49.005596 59.416231 256.000000 238.665087 119.615129 0.871302 64.000000 19.993810 116.690051 -0.000004 256.000000 220.306234 88.569618 89.013815 64.000000 21.392129 85.179122 86.753004 256.000000 239.400818 25.922793 23.339127 64.000000 22.295659 0.955447 22.627789 256.000000 223.649292
