148.576569 79.538273 64.000000 16.001072 145.584018 82.853556 256.000000 230.103072 173.573109 77.450638 0.000000 11.281207 186.941595 88.078853 256.000000 282.305547 88.705989 182.485582 64.000000 9.826956 88.678933 181.881818 320.000000 263.619703 63.086496 102.322907 0.000000 91.630768 64.676442 101.286049 256.000000 159.937576
113.899640 112.931518 64.000000 25.436498 114.622802 109.898144 256.000000 234.470130 46.631578 21.601269 64.000000 31.761203 45.127693 31.239198 256.000000 226.609426 107.826658 49.240525 0.000000 21.086651 103.235115 53.739053 256.000000 234.005458 94.272764 47.003129 64.000000 12.804300 86.475536 38.093967 256.000000 253.254932
116.169195 31.991422 0.000000 23.676768 117.336875 36.883958 256.000000 230.498904 149.990075 73.149047 64.000000 23.311053 151.287745 78.148645 256.000000 247.627236 116.549295 113.902927 64.000000 31.322346 96.423324 114.643404 256.000000 231.574534 115.216925 89.329218 64.000000 9.104132 120.745680 85.800013 256.000000 252.880613
15.785791 225.167324 64.000000 29.325976 15.739805 223.739704 256.000000 230.800080 75.502220 112.963455 64.000000 25.720465 74.815976 108.018075 256.000000 243.333321 34.824840 95.730522 64.000000 17.098214 29.133589 101.166058 256.000000 234.095811 79.901436 106.024035 0.000000 15.299761 85.631133 102.335940 256.000000 237.150600
31.998435 92.826351 64.000000 16.388299 18.975876 89.892718 256.000000 242.533052 25.753415 139.159595 64.000000 14.477980 30.207600 141.713682 256.000000 239.237322 14.350007 117.136873 64.000000 11.195157 12.633284 115.492778 256.000000 235.507037 101.719409 23.537553 64.000000 15.557912 100.411595 21.564780 256.000000 260.199200
11.907249 75.571945 0.000000 12.434283 4.979411 76.533891 256.000000 237.283978 106.500104 13.520082 64.000000 10.278720 115.499509 4.555662 256.000000 237.886331 38.894698 8.981445 0.000000 10.416401 20.254798 0.551256 256.000000 237.283978 173.068765 58.004120 0.000000 72.454437 169.674589 56.385384 256.000000 211.774337
69.407207 148.833780 0.000000 19.425878 60.431453 153.939020 256.000000 238.733927 62.491029 229.078062 64.000000 19.129004 60.651582 229.096087 256.000000 238.105759 91.301173 86.562120 64.000000 26.925170 12.670382 85.198067 256.000000 218.172184 43.971589 9.083276 64.000000 43.283351 52.534462 21.499160 256.000000 219.290839
78.714431 81.779155 64.000000 9.379494 77.498058 85.266055 256.000000 249.735471 19.199209 174.966216 64.000000 14.581240 22.110704 177.375264 256.000000 227.973325 137.633602 107.090860 0.000000 19.073071 137.457584 104.971020 256.000000 224.699107 52.835247 51.781378 64.000000 16.052702 69.583842 68.863142 256.000000 230.692517
132.025476 43.446855 0.000000 23.014179 130.472587 43.472065 256.000000 247.175471 96.108780 132.438538 64.000000 27.196229 95.087256 131.429767 256.000000 232.839475 152.579013 60.908165 64.000000 35.164496 146.175858 63.428571 256.000000 220.474032 137.946167 109.218802 0.000000 61.259280 126.656758 98.545716 256.000000 199.877869
58.373785 77.497036 0.000000 20.828499 53.697153 80.490620 256.000000 244.538027 120.163547 187.166982 0.000000 15.282551 129.337400 184.592896 256.000000 234.947710 185.496556 132.705613 64.000000 32.415186 184.539244 130.231300 256.000000 224.780855 52.169651 12.179229 0.000000 20.338012 55.766925 12.636495 256.000000 248.203774
34.925542 6.227609 64.000000 33.039051 37.302764 7.656760 256.000000 222.276788 142.048145 19.378118 0.000000 51.118240 138.303405 22.924809 256.000000 197.571718 128.952976 147.381224 64.000000 20.114281 131.898395 143.924013 256.000000 234.921895 190.050496 49.995829 0.000000 33.219757 184.142211 57.174513 256.000000 226.992350
172.700120 105.203080 64.000000 17.618819 173.383487 111.564767 256.000000 251.576949 10.742836 27.627824 0.000000 9.284838 7.385667 28.892633 256.000000 258.680410 100.265447 155.312098 0.000000 21.697608 42.005862 177.207344 256.000000 246.848480 121.939742 116.471256 0.000000 29.097943 117.652780 116.251302 256.000000 222.199343
99.908520 95.095236 0.000000 15.906416 98.586711 103.165316 256.000000 229.044652 54.150784 60.002016 64.000000 10.799325 57.001325 65.166235 256.000000 223.653595 14.031216 57.897829 64.000000 10.313140 15.922475 58.768669 256.000000 238.209020 3.400516 120.934451 0.000000 24.330751 5.061380 120.660231 256.000000 238.854398
153.207136 13.822047 64.000000 18.875155 152.823493 13.408478 256.000000 236.126600 139.988422 153.281815 0.000000 10.786418 144.404969 151.643400 256.000000 244.817691 88.394333 141.505998 0.000000 22.984062 86.661536 143.775362 256.000000 205.707784 107.868685 160.927658 64.000000 40.904058 102.078180 158.922391 256.000000 225.030401
141.146607 192.453520 0.000000 35.190311 141.858611 186.901264 256.000000 233.411710 41.631918 93.208747 0.000000 29.265741 31.009296 90.580989 256.000000 225.989863 59.372300 111.012384 64.000000 23.401406 60.199887 105.850555 256.000000 239.646061 28.227093 67.502085 0.000000 26.890750 35.349875 59.047953 256.000000 230.632282
41.346738 188.365358 0.000000 12.442888 41.895271 190.523922 256.000000 252.166395 129.904482 76.413853 64.000000 24.249003 123.265073 55.015707 256.000000 235.907172 59.022624 124.950351 64.000000 25.475221 61.736745 119.810800 256.000000 233.798937 25.400269 132.593807 64.000000 13.092568 24.035295 130.919633 256.000000 255.539570
96.590756 108.846300 0.000000 17.033677 99.727211 102.094949 256.000000 227.637728 86.054456 21.124729 64.000000 39.690747 54.594147 39.677087 256.000000 218.361495 148.597149 59.613845 64.000000 11.750182 148.617985 56.966515 256.000000 256.305419 105.897573 56.397411 64.000000 11.165039 108.012365 53.540315 256.000000 240.945423
34.105015 226.791178 0.000000 10.394888 24.707860 234.605787 256.000000 237.309793 15.082284 122.299662 64.000000 19.972298 22.987689 126.197805 256.000000 248.547975 42.037045 109.095725 0.000000 12.877442 47.470951 108.203542 256.000000 227.508653 93.282573 29.735924 0.000000 15.501980 115.046247 34.077707 256.000000 241.612313
104.989685 57.777318 0.000000 23.052902 109.966716 71.230445 256.000000 238.213322 94.548553 102.447311 0.000000 9.413914 98.741955 98.423227 256.000000 251.275773 104.449642 160.840587 64.000000 11.935190 106.281931 159.681196 320.000000 246.818362 93.966353 162.751149 64.000000 8.708300 94.984880 184.638104 256.000000 236.328819
113.475704 67.711318 0.000000 38.017067 107.703027 58.502596 256.000000 215.220655 30.803400 141.084089 64.000000 24.313541 40.990182 140.551540 256.000000 235.360752 86.550169 102.615980 64.000000 16.775525 101.133958 101.724747 256.000000 239.788045 9.004029 65.018544 0.000000 21.641676 11.981649 54.025704 256.000000 231.664887
66.747329 138.622520 64.000000 40.125302 73.366047 150.043260 256.000000 212.991950 79.395465 119.694622 0.000000 11.539359 79.161347 119.904685 256.000000 255.900982 154.001596 115.205582 0.000000 40.697537 127.524595 131.752545 256.000000 217.070739 13.893111 20.264813 0.000000 25.354750 5.259384 26.044336 256.000000 236.298701
29.529542 16.034480 64.000000 9.413914 27.816971 16.065698 256.000000 243.019237 105.388869 114.415595 64.000000 12.744064 104.406769 118.127204 256.000000 247.003371 31.112453 25.280509 64.000000 13.139896 30.316035 26.897095 256.000000 246.362295 111.122611 36.102244 64.000000 19.064466 111.699647 38.990669 256.000000 217.634369
196.550525 79.651982 0.000000 14.391929 197.291256 75.224929 256.000000 219.553293 73.662196 49.694669 64.000000 22.910919 75.720978 53.985982 256.000000 233.101929 125.017922 11.136875 64.000000 21.787961 125.068467 11.186591 256.000000 241.616616 53.178049 90.813253 0.000000 17.674752 32.722609 192.048045 256.000000 231.738030
22.435744 139.690320 64.000000 21.043625 21.471347 138.413524 256.000000 230.447274 20.708456 100.869973 0.000000 12.253577 17.106507 98.555240 256.000000 250.996109 98.408904 82.428738 0.000000 34.368530 96.186482 103.021316 256.000000 213.465227 65.280440 73.275129 0.000000 16.117240 54.983560 67.066862 256.000000 231.286265
16.933209 79.529665 0.000000 23.711188 20.921607 63.080289 256.000000 226.002771 24.077493 152.098011 0.000000 10.278720 16.234184 155.936204 256.000000 252.273958 48.715444 102.749345 64.000000 11.134922 50.791027 104.315775 256.000000 248.010160 39.827191 111.444409 64.000000 12.524636 38.515060 110.268564 256.000000 233.304147
105.769933 71.085262 64.000000 20.320802 104.874318 69.742893 256.000000 232.202702 26.711402 229.198815 0.000000 19.232264 33.897320 230.493016 256.000000 225.464956 35.204924 5.215715 64.000000 24.515759 36.051058 6.800535 256.000000 239.439541 68.037273 80.097335 0.000000 8.635158 71.657493 76.931622 256.000000 256.378562
88.100320 85.151018 64.000000 9.667762 87.544695 88.225415 256.000000 243.707640 114.024345 37.282996 64.000000 15.067425 113.117727 36.661784 256.000000 239.194297 64.225620 141.162820 64.000000 22.446247 61.346093 138.701193 256.000000 221.704553 53.640662 157.637787 64.000000 10.683157 57.684220 162.682249 256.000000 253.934730
103.193967 131.517631 64.000000 12.331022 106.520671 129.030122 256.000000 228.197056 29.656916 94.649611 64.000000 17.567189 39.809969 88.065207 256.000000 244.606867 143.966589 124.482551 64.000000 32.552866 140.858622 129.037945 256.000000 232.697492 160.059382 14.989656 0.000000 9.164368 159.984398 13.662815 256.000000 246.177287
167.958551 102.734515 64.000000 35.074143 169.665905 86.873975 256.000000 11.096199 48.039015 153.966207 0.000000 8.622250 47.479100 153.263924 256.000000 252.428848 154.976873 53.046124 0.000000 43.631855 152.827073 49.478507 256.000000 233.644046 42.564785 119.297616 0.000000 13.634686 40.854129 121.134820 256.000000 243.561355
112.060669 36.213835 0.000000 30.646850 101.057571 42.127413 256.000000 219.622133 105.968753 36.521145 0.000000 79.166368 109.292409 39.140331 256.000000 185.210578 35.017213 23.356598 0.000000 11.074686 38.275025 17.827604 256.000000 244.538027 65.597255 150.177065 64.000000 13.759459 89.075273 162.729645 256.000000 253.177487
111.637507 186.110545 0.000000 25.488128 114.299111 183.536233 256.000000 244.649892 108.507429 216.244851 0.000000 10.291628 106.661011 218.322564 256.000000 239.942935 147.297891 124.143489 64.000000 20.720936 147.060984 122.271573 256.000000 251.370428 110.796727 82.435969 0.000000 27.518918 106.904756 78.346173 256.000000 233.265424
45.121409 180.409398 64.000000 9.844166 62.696398 194.160133 256.000000 239.280347 114.644173 195.086160 0.000000 9.999056 118.646240 195.334407 256.000000 236.173928 41.867091 90.432611 0.000000 18.900970 53.292344 97.276129 256.000000 233.820449 135.740096 67.877742 0.000000 19.963693 132.309369 68.482191 256.000000 235.145626
