108.269135 30.678375 64.000000 27.131691 115.198393 39.756293 256.000000 224.823880 119.029505 138.226840 64.000000 17.562887 118.002580 137.358964 256.000000 223.580452 119.179200 171.379149 64.000000 8.630855 119.548845 180.301878 256.000000 247.295942 35.951702 153.881042 0.000000 24.773910 26.162945 148.092684 256.000000 204.894607
101.694889 61.367400 64.000000 29.287254 96.478349 57.961256 256.000000 231.643374 5.028629 103.858620 0.000000 20.475693 9.703865 102.446484 256.000000 240.519473 105.769933 71.085262 64.000000 20.320802 104.874318 69.742893 256.000000 232.202702 182.054687 100.129787 64.000000 39.781100 116.746145 65.961356 256.000000 220.095411
5.356402 55.670316 64.000000 41.661301 12.051458 56.211045 256.000000 225.279947 105.897573 56.397411 64.000000 11.165039 108.012365 53.540315 256.000000 240.945423 15.403065 129.376216 0.000000 42.564830 19.625831 131.507342 256.000000 205.406607 58.901455 58.625909 0.000000 17.175660 63.461391 62.997573 256.000000 239.598734
20.254105 134.187629 0.000000 25.552666 24.077431 128.917960 256.000000 210.229732 73.226153 125.661675 64.000000 17.373576 97.698358 126.813696 256.000000 252.041622 37.835218 61.834804 0.000000 13.707829 37.273224 66.981462 256.000000 246.710799 131.234224 15.926940 64.000000 12.886047 128.869653 11.524420 256.000000 246.246127
79.343991 159.104931 0.000000 30.560800 75.940213 154.874567 256.000000 237.882028 41.393347 160.618440 0.000000 29.984262 44.174309 155.624511 256.000000 227.018165 67.748985 111.604560 0.000000 11.195157 60.514551 109.137133 256.000000 226.097426 60.862756 58.119538 0.000000 13.002215 67.261600 62.271905 256.000000 228.640215
110.728531 118.487585 64.000000 65.062707 108.628373 114.099815 256.000000 201.727953 170.317200 45.992345 0.000000 25.501036 168.730695 44.934558 256.000000 235.593088 170.316742 44.902938 0.000000 33.895253 166.304284 56.071504 256.000000 231.690702 109.900485 41.488485 0.000000 10.881073 114.498718 44.667855 256.000000 239.392213
102.064362 148.479653 0.000000 10.523964 101.688049 158.656493 256.000000 248.758799 11.766098 120.078949 64.000000 19.391458 16.382707 123.211927 256.000000 249.800009 109.634384 164.132573 64.000000 17.919996 97.009676 187.852329 256.000000 238.226230 75.405413 96.421722 64.000000 17.610214 74.174098 96.916300 256.000000 241.655338
166.631605 128.515858 64.000000 37.337269 162.924893 128.156316 256.000000 219.239209 139.238309 175.074536 64.000000 33.189639 134.848182 175.626096 256.000000 228.016350 45.783578 62.109553 0.000000 11.801812 42.982778 64.253960 256.000000 253.809957 106.352396 19.300249 0.000000 13.802484 105.529300 19.672107 256.000000 249.571975
22.488449 93.511569 64.000000 12.649409 25.138624 89.770284 256.000000 244.202430 104.147424 158.642073 64.000000 17.894181 105.577182 158.112356 256.000000 244.133590 63.086496 102.322907 0.000000 91.630768 64.676442 101.286049 256.000000 159.937576 47.751684 69.775609 64.000000 23.655255 45.642691 72.342200 256.000000 249.434294
97.272409 215.068975 64.000000 38.628025 102.957489 200.669338 256.000000 217.161092 63.651904 31.388651 64.000000 26.198044 64.316944 33.089840 256.000000 228.377762 174.198398 35.695847 0.000000 9.469847 175.382056 32.866160 256.000000 245.019909 90.699891 157.629104 0.000000 37.109235 86.250660 144.016720 256.000000 207.174943
98.829856 81.614907 64.000000 35.560328 97.698396 91.313265 256.000000 236.939776 107.868685 160.927658 64.000000 40.904058 102.078180 158.922391 256.000000 225.030401 3.970445 113.541895 0.000000 12.713947 3.927513 112.179229 256.000000 244.576749 5.992193 99.759453 0.000000 11.281207 7.376567 103.835180 256.000000 241.345557
46.049033 4.126431 64.000000 25.363355 42.629593 5.808533 256.000000 240.928212 77.693225 143.632307 0.000000 8.901914 77.130242 142.372467 256.000000 256.335537 115.685365 86.907631 0.000000 17.532769 114.181987 85.446993 256.000000 226.824552 94.723938 119.518218 0.000000 43.653368 82.232989 132.856856 256.000000 208.478607
88.109875 36.412302 0.000000 52.877971 89.813898 26.285031 256.000000 204.799952 50.033649 161.175104 0.000000 14.163896 46.902880 161.201298 256.000000 260.306763 51.077496 152.710075 0.000000 9.091225 59.288522 156.780133 256.000000 246.125657 86.790564 11.581613 64.000000 17.554282 79.572135 6.318925 256.000000 219.333865
8.500004 194.436164 0.000000 8.940637 3.697340 198.214171 256.000000 247.635841 60.736013 29.296227 0.000000 9.482754 64.182224 23.320040 256.000000 258.250158 113.603618 169.582007 64.000000 22.183793 112.495885 167.659676 256.000000 247.356177 161.316671 27.727533 64.000000 11.384468 173.847695 24.261209 256.000000 255.126528
41.631918 93.208747 0.000000 29.265741 31.009296 90.580989 256.000000 225.989863 50.267040 9.643025 0.000000 20.699424 63.765180 8.912740 256.000000 240.222599 14.998062 35.212365 0.000000 20.432667 22.140667 36.819595 256.000000 226.880485 104.724100 156.169440 64.000000 16.650752 100.969515 159.118905 256.000000 224.780855
82.192055 221.843425 64.000000 15.609543 84.863675 220.734840 256.000000 238.587642 45.174371 94.850118 0.000000 41.213839 58.268271 91.865520 256.000000 205.793834 14.363144 53.227544 0.000000 46.178947 9.928905 52.256224 256.000000 202.726137 173.985500 141.017144 0.000000 10.657342 180.057058 136.199664 256.000000 241.861859
31.110691 148.347162 0.000000 22.213911 28.545585 146.514947 256.000000 216.137092 1.227775 55.553544 64.000000 21.594348 0.440296 61.168384 256.000000 247.924110 134.815598 195.551707 64.000000 30.956631 133.252640 194.638884 256.000000 217.522504 3.159260 120.385887 0.000000 10.270115 4.538987 123.523689 256.000000 244.895136
137.583022 74.966907 64.000000 15.252433 136.801649 75.411773 256.000000 43.575923 78.065762 97.425749 64.000000 19.266685 86.170007 92.296347 256.000000 232.361895 94.506133 105.529787 0.000000 21.710516 94.159422 103.381629 256.000000 249.038463 73.554002 46.150504 64.000000 10.721880 88.989300 35.631925 256.000000 45.473334
118.433591 133.047058 0.000000 10.024872 120.791416 130.985516 256.000000 232.951340 57.360456 121.384876 64.000000 12.386955 57.758487 120.599833 256.000000 236.677323 29.381960 81.991144 64.000000 18.961206 39.770824 76.293391 256.000000 217.599949 39.802667 160.423693 64.000000 23.934919 24.487031 157.056038 256.000000 230.662400
134.626435 72.554204 0.000000 10.687460 134.296265 72.321164 256.000000 245.833085 58.202858 46.666562 64.000000 11.023056 56.071733 45.895847 256.000000 250.122698 31.660936 36.500387 0.000000 19.739962 41.366436 20.282347 256.000000 241.466027 88.459984 7.086082 0.000000 52.082005 89.308867 9.895433 256.000000 227.392485
98.728236 132.672549 64.000000 25.651624 103.194885 125.272420 256.000000 244.094867 2.183447 106.188162 64.000000 36.334781 14.056255 102.728391 256.000000 211.653866 85.885245 103.005378 64.000000 15.540702 88.346680 99.598531 256.000000 245.704010 1.583180 74.269195 64.000000 21.275961 20.620696 82.690951 256.000000 226.248014
170.281976 118.606555 64.000000 40.168327 165.353196 116.893511 256.000000 208.470002 45.384304 146.176827 0.000000 27.850212 42.212729 144.778989 256.000000 225.262737 21.937913 -0.000004 0.000000 14.194013 16.653593 0.043845 256.000000 232.753424 176.997251 130.030389 64.000000 21.456667 176.825187 127.341767 256.000000 228.128215
80.216907 191.181555 64.000000 12.567661 92.987369 203.947911 256.000000 256.722763 117.000398 2.317711 64.000000 16.143055 116.678162 2.524773 256.000000 229.857828 11.200864 93.048440 0.000000 14.736131 9.096205 102.741642 256.000000 257.806998 63.516565 130.275618 64.000000 13.673409 64.216416 128.633415 256.000000 238.764045
156.828725 23.579238 64.000000 55.003416 155.217329 24.364844 256.000000 193.630610 22.700373 50.045440 0.000000 10.399191 20.100607 53.185304 256.000000 219.604923 25.400269 132.593807 64.000000 13.092568 24.035295 130.919633 256.000000 255.539570 64.919264 32.561102 0.000000 10.773510 70.359025 32.777520 256.000000 251.714630
86.631647 30.014638 0.000000 31.851556 83.685418 31.022940 256.000000 237.232348 63.289105 16.359409 64.000000 26.675624 74.311955 20.541496 256.000000 222.707040 32.287727 37.178633 64.000000 10.618619 31.692405 30.165527 256.000000 241.823137 21.004871 196.292951 64.000000 20.656399 18.750184 195.534818 256.000000 232.650164
71.392373 29.217498 0.000000 17.059492 77.115378 37.002013 256.000000 239.340583 41.383609 15.572596 64.000000 27.561943 121.777551 83.076318 256.000000 219.678066 77.565922 8.814140 0.000000 10.076502 73.164125 5.977558 256.000000 244.843506 120.472304 78.864029 64.000000 16.698080 137.644362 59.180933 256.000000 259.923838
107.606258 91.857258 64.000000 21.951457 109.809005 86.129151 256.000000 237.860516 64.145658 214.262895 64.000000 28.125573 31.380571 216.915891 256.000000 224.965863 62.993362 60.839411 0.000000 9.736603 69.209945 61.415104 256.000000 246.211707 19.256665 20.994462 64.000000 14.047728 23.530936 19.781402 320.000000 243.367741
44.840044 62.719467 0.000000 14.860904 36.394969 51.736760 256.000000 229.444787 98.219449 154.243025 64.000000 234.840147 96.511273 150.019949 256.000000 27.097271 119.563222 77.530716 0.000000 15.889206 118.144687 77.751587 256.000000 225.589729 64.038195 109.951524 64.000000 18.539559 62.943036 108.487753 256.000000 249.735471
70.177184 58.365538 64.000000 22.678583 67.081213 58.369976 256.000000 229.560955 19.939627 76.819885 0.000000 12.567661 7.207902 75.780896 256.000000 222.431679 170.842029 23.821291 0.000000 46.669434 167.617171 17.426333 256.000000 229.720148 39.346242 107.190235 64.000000 18.548164 38.393538 105.990764 256.000000 241.737086
77.474265 26.134558 0.000000 10.769208 74.655696 33.081100 256.000000 224.195712 128.804040 148.781818 0.000000 26.245372 135.315860 134.567553 256.000000 218.744419 62.775556 61.175355 0.000000 14.056333 84.230760 59.227985 256.000000 237.740045 31.153305 176.368505 0.000000 21.056533 21.794084 181.319244 256.000000 240.657154
18.232676 63.399031 0.000000 13.079661 20.128116 61.627993 256.000000 269.217281 9.941307 54.943353 0.000000 11.427493 13.486249 50.052147 256.000000 219.656554 54.665365 199.867115 0.000000 23.130348 66.437465 206.156253 256.000000 227.190266 78.439509 195.180655 64.000000 19.860432 84.059453 194.415425 256.000000 250.083975
21.279987 50.342884 64.000000 10.007662 17.944264 50.554445 256.000000 252.045924 156.140636 97.274996 0.000000 24.709372 154.839058 99.725629 256.000000 228.446602 79.896958 84.966682 64.000000 18.539559 76.528782 81.907047 256.000000 215.332521 37.528587 37.932958 64.000000 33.981303 94.991202 151.424098 256.000000 228.954299
