42.802107 196.119271 64.000000 11.685644 43.848618 196.549209 256.000000 256.051570 111.657409 68.406251 64.000000 20.927457 112.543155 50.986387 256.000000 212.652051 194.709915 55.586649 0.000000 28.839792 195.113953 59.811620 256.000000 231.041021 38.234715 101.464567 0.000000 11.771695 33.615055 104.709889 256.000000 249.597790
54.435540 127.818967 64.000000 13.484098 57.695185 126.590025 256.000000 239.159877 51.077496 152.710075 0.000000 9.091225 59.288522 156.780133 256.000000 246.125657 70.904251 126.044671 0.000000 8.802956 69.204889 125.821742 256.000000 249.812916 88.705989 182.485582 64.000000 9.826956 88.678933 181.881818 320.000000 263.619703
19.256665 20.994462 64.000000 14.047728 23.530936 19.781402 320.000000 243.367741 148.006478 0.278442 0.000000 54.482811 143.214396 9.506500 256.000000 203.289767 84.477769 86.978847 64.000000 18.776197 85.290113 82.619273 256.000000 243.230061 30.973882 5.381245 0.000000 15.781643 35.100095 4.878649 256.000000 237.043037
115.685365 86.907631 0.000000 17.532769 114.181987 85.446993 256.000000 226.824552 69.851945 80.169831 0.000000 17.382181 65.372311 61.783133 256.000000 220.878469 45.940813 73.010498 64.000000 32.165640 47.056675 80.176718 256.000000 220.904284 76.739367 192.612287 0.000000 29.054918 74.088898 196.664945 256.000000 231.359408
169.481160 114.341538 64.000000 41.743049 162.836040 107.508276 256.000000 228.278804 38.592873 59.130573 0.000000 8.729813 35.708171 60.596033 256.000000 276.837044 88.495811 159.436667 0.000000 12.115896 86.320729 164.451902 256.000000 255.079201 49.969625 179.041080 0.000000 15.626753 49.405216 177.409455 256.000000 236.225558
2.317280 151.081180 64.000000 22.248331 1.006342 149.302020 256.000000 210.388925 99.180745 15.923224 0.000000 15.846181 92.159591 17.977493 256.000000 242.064078 68.408193 128.905455 0.000000 12.309510 78.928942 113.861480 256.000000 245.996581 139.658076 88.439284 64.000000 58.677768 137.926760 90.201202 256.000000 201.366541
68.027591 77.811578 64.000000 16.323761 65.143104 76.330189 256.000000 247.889690 62.775556 61.175355 0.000000 14.056333 84.230760 59.227985 256.000000 237.740045 38.642693 106.380775 64.000000 43.593133 34.592095 102.946591 256.000000 214.132118 111.450676 38.638220 0.000000 27.140296 103.887784 29.200589 256.000000 225.129359
58.120975 109.854256 0.000000 12.412770 64.847978 109.772811 256.000000 249.503135 152.635251 39.261951 64.000000 15.011492 152.336173 39.033353 256.000000 266.300173 16.407253 92.508484 64.000000 10.696065 17.107229 99.356711 256.000000 243.483909 93.966353 162.751149 64.000000 8.708300 94.984880 184.638104 256.000000 236.328819
17.457973 139.377976 64.000000 32.643219 32.364325 142.490380 256.000000 228.541257 60.653371 57.813364 0.000000 11.100502 67.828415 55.356360 256.000000 237.856213 36.195558 138.182978 64.000000 52.873668 30.180204 108.928005 256.000000 213.189866 63.031642 191.715509 64.000000 25.819423 46.462198 196.692745 256.000000 224.574334
179.207438 18.132211 0.000000 34.669706 163.233793 19.172838 256.000000 228.644518 79.720033 67.062958 64.000000 42.207721 57.651545 81.118605 256.000000 220.951612 106.875553 18.551487 0.000000 22.502180 108.435431 23.815624 256.000000 221.080688 78.714431 81.779155 64.000000 9.379494 77.498058 85.266055 256.000000 249.735471
157.199038 90.543456 0.000000 9.396704 159.097991 95.104860 256.000000 244.150800 152.649289 119.533784 64.000000 13.682014 157.713905 114.887356 256.000000 239.770835 134.626435 72.554204 0.000000 10.687460 134.296265 72.321164 256.000000 245.833085 31.811362 222.804000 0.000000 16.013979 34.245715 222.999044 256.000000 253.435638
99.870884 142.082678 64.000000 15.962349 139.385895 235.262789 256.000000 230.051442 33.755796 37.319493 64.000000 12.877442 34.717216 37.006160 256.000000 255.311537 60.797484 221.975636 0.000000 10.141040 62.128973 221.668316 256.000000 251.968479 72.044024 126.393365 64.000000 16.797038 70.978047 123.051473 256.000000 238.209020
12.074464 143.144422 0.000000 16.013979 7.312744 141.304293 256.000000 224.307578 60.061962 136.356849 64.000000 14.370417 49.133547 148.239076 256.000000 238.449961 78.187447 83.806511 64.000000 10.575594 76.698942 83.350284 256.000000 264.815803 3.850358 56.808684 64.000000 13.544333 1.275049 50.796624 256.000000 238.828583
96.503227 137.544729 64.000000 32.212967 89.495333 134.836644 256.000000 223.317998 36.938931 70.160118 64.000000 14.555425 36.359825 73.323798 256.000000 242.890162 179.846202 121.911469 64.000000 38.460226 152.037485 119.449115 256.000000 231.256147 52.965127 133.767973 64.000000 38.348361 45.092216 125.377133 256.000000 223.236250
158.191911 1.183898 64.000000 22.209608 159.918331 4.186024 256.000000 232.719004 75.578382 88.042127 64.000000 25.191255 72.764747 92.560487 256.000000 249.227774 159.272715 149.674216 0.000000 40.034949 136.460920 146.499356 256.000000 211.559211 11.118744 72.995644 64.000000 21.443760 11.578755 75.608025 256.000000 241.573590
56.939424 48.462965 0.000000 12.266485 67.427185 38.394342 256.000000 245.075842 17.998135 186.481667 0.000000 19.533441 17.967498 184.172540 256.000000 237.193625 53.801198 162.290158 0.000000 27.364027 49.744245 153.071369 256.000000 207.144825 97.167262 37.518827 0.000000 27.759859 96.986453 40.940113 256.000000 227.491442
78.065762 97.425749 64.000000 19.266685 86.170007 92.296347 256.000000 232.361895 59.327098 68.003565 64.000000 12.189039 62.064053 63.624916 256.000000 251.129487 81.242320 48.158545 64.000000 17.132635 79.009900 47.323480 256.000000 239.878398 145.077609 25.702138 64.000000 46.191855 142.308993 25.561271 256.000000 200.884659
90.028933 86.139129 0.000000 8.712603 90.394191 86.657938 256.000000 251.301588 150.043907 177.554867 0.000000 13.329207 149.310547 178.797511 256.000000 261.412510 28.233175 185.454556 0.000000 20.703726 35.988427 184.451696 256.000000 250.518530 140.460662 34.401173 64.000000 13.088266 140.896133 34.964665 256.000000 254.283235
99.847335 60.545264 0.000000 13.884232 99.207118 57.788867 256.000000 254.674764 11.234502 162.589795 64.000000 41.747352 14.092980 159.458022 256.000000 204.855885 121.210825 78.310902 64.000000 38.434411 89.520587 103.407829 256.000000 205.832557 28.667565 216.175722 0.000000 30.603825 23.655191 218.328396 256.000000 214.996924
27.831724 197.234445 64.000000 19.421575 29.818404 197.280695 256.000000 242.606195 5.676447 16.418711 0.000000 20.944667 16.208029 15.957409 256.000000 230.757055 60.969207 61.452349 64.000000 38.090210 65.407462 99.406040 256.000000 223.799880 103.193967 131.517631 64.000000 12.331022 106.520671 129.030122 256.000000 228.197056
48.587464 195.872418 64.000000 23.285238 49.182605 193.615165 256.000000 244.365926 103.634538 165.620035 64.000000 19.103189 98.331653 169.306302 256.000000 209.136892 131.568742 81.351798 64.000000 14.891022 131.614380 87.796035 256.000000 234.672348 7.667649 30.992782 64.000000 26.008733 24.016235 29.354564 256.000000 234.418500
34.373513 59.738171 64.000000 9.887191 36.184169 58.059960 256.000000 255.182461 31.316693 133.275080 64.000000 45.331351 22.293304 130.921407 256.000000 219.673764 162.193702 7.106515 0.000000 212.884387 162.422607 6.212891 256.000000 35.495790 155.521615 37.703571 0.000000 13.965980 163.280215 46.213355 256.000000 249.038463
100.920725 116.924640 64.000000 12.279392 110.426282 128.914495 256.000000 251.052042 57.986169 70.435680 0.000000 20.583256 68.104260 59.362458 256.000000 239.013591 55.602984 156.592947 64.000000 16.547492 60.414162 154.368520 256.000000 257.531637 82.519460 9.956218 64.000000 12.184737 80.994987 11.113695 256.000000 236.427777
51.473053 77.515998 64.000000 14.387627 53.723489 76.070069 256.000000 241.780111 17.100105 118.406747 0.000000 22.175188 24.432918 114.749136 256.000000 212.699379 88.394333 141.505998 0.000000 22.984062 86.661536 143.775362 256.000000 205.707784 96.207005 214.100720 0.000000 17.537072 95.215042 214.853131 256.000000 237.245255
37.660340 87.401349 64.000000 13.497005 34.537213 87.956800 256.000000 269.647533 137.357720 82.995456 64.000000 28.826884 134.777480 82.831547 256.000000 230.627980 46.902838 93.312545 0.000000 23.586415 46.065838 85.776809 256.000000 243.591472 70.248993 139.091529 0.000000 9.357981 69.767495 139.003267 256.000000 270.103601
139.302869 66.163355 64.000000 20.510113 138.646609 69.850055 256.000000 238.660784 97.223549 93.996600 0.000000 24.214583 91.989965 97.758793 256.000000 235.330634 8.320491 47.894367 64.000000 12.666619 4.747907 49.654144 256.000000 254.696276 77.641980 124.732633 64.000000 16.078517 79.887307 126.562555 256.000000 207.441699
13.265045 39.016956 0.000000 23.134650 16.421145 41.516256 256.000000 236.896751 75.149773 150.736220 64.000000 45.933704 74.603380 143.938525 256.000000 220.332049 138.049469 9.105000 0.000000 47.138409 133.076335 14.148667 256.000000 202.158205 28.279951 124.210575 0.000000 22.480667 28.494655 121.001169 256.000000 242.735271
32.466309 42.197318 0.000000 24.253305 40.271478 43.071835 256.000000 237.770163 66.807429 25.380427 0.000000 16.108635 68.281553 26.040465 256.000000 256.731368 36.426589 71.039609 0.000000 19.395760 28.279618 74.466893 256.000000 238.897423 146.621844 103.780524 0.000000 38.240798 149.053042 103.225982 256.000000 207.428792
92.174264 98.764740 0.000000 29.971354 92.206942 133.457560 256.000000 221.850839 84.136582 220.560169 64.000000 31.507354 88.539269 218.636056 256.000000 234.078601 62.738049 59.141696 64.000000 43.111250 52.687965 61.073667 256.000000 216.614672 89.366560 36.870142 0.000000 18.638517 89.898964 40.459925 256.000000 238.131574
137.978304 82.724676 0.000000 16.211895 147.448305 105.106871 256.000000 233.484853 73.554002 46.150504 64.000000 10.721880 88.989300 35.631925 256.000000 45.473334 93.243122 127.429802 64.000000 14.968467 93.942469 125.669111 256.000000 248.930900 43.455135 158.099945 64.000000 26.886447 47.875031 157.688055 256.000000 237.055944
151.802473 88.875567 64.000000 28.422447 150.382198 86.795460 256.000000 213.052185 27.555158 168.445885 0.000000 12.498821 12.534344 202.058020 256.000000 255.703066 80.411007 29.077860 0.000000 22.046112 77.330587 28.273902 256.000000 215.607882 97.825793 170.093336 0.000000 10.459426 224.307900 225.397573 256.000000 251.589857
85.959205 190.306304 0.000000 9.968939 85.481605 191.337811 256.000000 238.858700 48.612869 53.563091 64.000000 40.133907 48.428425 55.623624 256.000000 207.162035 22.700373 50.045440 0.000000 10.399191 20.100607 53.185304 256.000000 219.604923 11.680253 70.392700 0.000000 19.486113 10.211235 63.082120 256.000000 231.389526
