46.631578 21.601269 64.000000 31.761203 45.127693 31.239198 256.000000 226.609426 30.347891 39.125967 64.000000 14.551123 23.225496 46.690949 256.000000 227.379577 109.555258 68.136449 64.000000 15.334181 107.701353 64.161651 256.000000 236.647205 39.130405 214.491964 64.000000 36.713403 36.783056 208.884767 256.000000 219.949125
59.018656 41.933965 0.000000 29.162481 81.145153 39.994233 256.000000 228.166938 63.378140 126.080025 64.000000 27.424262 25.438229 150.300133 256.000000 232.955643 40.217449 80.783911 64.000000 14.039123 41.231451 96.204969 256.000000 223.812788 79.896958 84.966682 64.000000 18.539559 76.528782 81.907047 256.000000 215.332521
20.999393 119.279558 64.000000 17.102517 17.046145 117.726627 256.000000 227.280619 30.594424 117.150195 64.000000 42.267956 30.510105 123.355755 256.000000 208.069867 2.183447 106.188162 64.000000 36.334781 14.056255 102.728391 256.000000 211.653866 94.116909 22.092282 0.000000 85.968652 94.412160 24.000096 256.000000 167.798280
152.635251 39.261951 64.000000 15.011492 152.336173 39.033353 256.000000 266.300173 17.764127 158.310864 64.000000 76.886032 22.311607 161.081811 256.000000 177.220799 141.200056 42.114124 64.000000 52.172358 140.061833 38.980856 256.000000 208.534539 73.071093 179.538155 64.000000 31.696665 77.068580 184.090500 256.000000 231.888618
3.837027 65.600167 64.000000 16.564702 6.565978 60.927544 256.000000 244.081960 92.757333 191.152113 0.000000 15.033005 95.058691 191.437778 256.000000 236.776281 101.452973 44.527807 64.000000 28.882817 96.066711 55.293458 256.000000 216.472689 26.067302 148.799291 0.000000 28.603153 30.220965 146.584818 256.000000 232.959945
124.552331 18.643693 0.000000 15.699895 125.816549 21.362898 256.000000 242.773994 42.630113 108.694565 64.000000 8.785746 40.814005 110.288055 256.000000 241.556380 172.045913 72.252447 64.000000 18.660029 170.577453 76.519153 256.000000 235.963104 25.599495 85.417035 64.000000 11.522149 24.066764 82.741711 256.000000 257.402562
97.108227 106.781964 64.000000 8.747023 97.141222 105.962004 256.000000 256.210763 60.524124 186.992545 64.000000 21.607255 61.289087 185.507338 256.000000 249.417084 110.884967 134.383600 64.000000 25.957103 103.539127 142.088709 256.000000 229.896551 92.168947 143.467780 0.000000 9.121342 92.208745 144.087784 256.000000 235.180046
111.745724 31.557656 64.000000 9.465544 111.742745 32.154975 256.000000 261.804039 58.448844 58.321016 0.000000 12.189039 53.860471 58.270782 256.000000 229.397459 45.946125 33.033680 0.000000 27.635086 39.998651 32.524633 256.000000 229.341526 90.386780 130.897556 64.000000 50.034005 92.475251 139.258216 256.000000 230.365526
147.170053 100.481864 64.000000 24.868566 163.232475 84.439664 256.000000 229.307106 121.867304 35.997375 0.000000 20.957575 122.641545 37.634295 256.000000 251.645790 73.258085 84.299040 64.000000 21.400734 72.378600 77.572285 256.000000 233.596718 13.478856 116.202302 64.000000 12.795694 15.892915 117.796398 256.000000 242.765388
168.059118 53.524882 64.000000 36.278849 165.008598 54.261125 256.000000 197.378105 164.101411 93.101604 0.000000 31.718177 133.859329 96.997445 256.000000 222.238066 88.683056 85.751222 0.000000 25.901170 79.519793 100.146402 256.000000 234.762701 62.738049 59.141696 64.000000 43.111250 52.687965 61.073667 256.000000 216.614672
51.162758 0.610736 64.000000 12.490216 49.840502 1.288200 256.000000 233.084718 81.972538 36.510020 0.000000 22.958247 73.752098 23.289231 256.000000 247.786429 5.163127 127.129047 64.000000 33.034749 12.071676 121.352980 256.000000 222.517729 131.577022 102.675576 0.000000 15.359996 138.563091 95.877391 256.000000 256.933587
34.344556 177.771985 64.000000 42.216326 28.940898 177.457331 256.000000 214.588185 52.271455 39.228616 64.000000 13.845509 54.465058 41.480085 256.000000 249.146026 15.325745 54.599267 0.000000 16.607727 16.104395 57.975176 256.000000 229.410366 48.583065 153.667713 0.000000 14.262854 80.038453 169.902678 256.000000 232.934130
126.685978 52.513716 64.000000 13.049543 127.249775 47.647140 256.000000 225.125056 63.516565 130.275618 64.000000 13.673409 64.216416 128.633415 256.000000 238.764045 32.055738 37.808475 64.000000 11.423191 33.659311 39.624451 256.000000 235.524247 28.491825 29.640015 0.000000 42.676696 24.693718 41.806180 256.000000 220.899982
21.426833 71.801689 0.000000 13.178619 28.353511 73.046296 256.000000 238.682297 53.672684 91.742720 0.000000 45.580897 48.315011 93.181129 256.000000 215.031345 114.089773 108.639991 64.000000 16.414114 113.902411 106.606358 256.000000 231.303475 66.651055 88.766507 64.000000 16.814248 64.189540 87.712175 256.000000 245.415741
129.813982 89.579080 0.000000 10.257208 130.975567 85.667891 256.000000 225.959745 75.048467 92.262544 0.000000 12.016938 76.483789 90.420353 256.000000 250.634698 35.751500 7.476555 64.000000 21.086651 35.085953 9.439985 256.000000 247.881085 146.026838 26.506289 64.000000 9.043897 146.104756 25.603136 256.000000 251.443571
88.433700 77.243691 64.000000 14.843694 87.421540 77.315740 256.000000 210.595446 46.471756 148.689376 64.000000 16.590517 47.204900 147.818342 256.000000 225.594031 76.838942 181.165769 64.000000 18.483626 75.656056 180.336693 256.000000 235.347844 11.357169 158.736756 64.000000 37.943924 11.785013 142.982613 256.000000 223.262065
77.421467 108.178056 0.000000 28.607455 88.259784 89.769565 256.000000 237.524919 148.740002 103.166345 64.000000 12.150316 150.509429 100.763251 256.000000 240.579708 35.702207 48.098267 64.000000 24.644835 42.931751 60.875165 256.000000 208.766875 45.653664 45.724671 64.000000 29.097943 48.362493 47.529960 256.000000 223.034032
91.625231 59.369316 0.000000 9.710788 97.144800 63.579778 256.000000 248.083303 154.655360 156.803089 64.000000 28.370817 150.622560 159.133275 256.000000 200.006945 21.024187 192.143004 64.000000 29.123758 15.268413 190.704620 256.000000 236.948381 38.738609 10.988891 64.000000 14.331694 40.498031 11.968520 256.000000 229.814803
166.265589 153.914276 64.000000 24.244700 161.746900 150.841364 256.000000 219.493058 101.655829 174.287745 64.000000 12.804300 99.576653 186.577687 256.000000 251.176815 18.991613 68.448116 64.000000 16.809946 17.026829 62.690295 256.000000 232.310265 36.803989 68.999505 64.000000 13.707829 32.946824 71.777545 256.000000 247.472345
126.987675 119.396747 64.000000 17.463929 126.028576 118.636569 256.000000 248.100513 119.561009 13.491424 0.000000 33.249875 89.587496 9.213684 256.000000 223.903141 19.475255 101.299287 64.000000 18.061979 23.248405 103.874829 256.000000 233.192281 77.131278 58.960256 0.000000 12.688131 76.795344 61.449791 256.000000 239.387910
36.882024 141.057731 64.000000 10.541174 32.254927 151.515064 256.000000 249.326731 16.270458 34.220911 0.000000 14.379022 17.385667 24.841049 256.000000 237.907843 43.123520 194.401458 64.000000 42.220629 51.298576 181.461762 256.000000 218.421730 117.541393 91.898880 0.000000 35.822782 115.092609 90.073316 256.000000 231.970366
52.352064 88.770836 0.000000 12.391258 52.619280 85.788418 256.000000 242.175943 41.088935 22.458271 64.000000 24.292028 38.248191 24.667556 256.000000 231.690702 0.438909 134.105980 64.000000 24.864263 1.619302 134.154433 256.000000 234.586298 44.917489 81.508751 0.000000 11.208065 42.461733 80.206185 256.000000 248.952412
34.931145 9.648905 64.000000 31.085707 38.173145 16.221518 256.000000 247.407808 48.765582 93.008555 0.000000 19.886247 85.212809 75.825755 256.000000 242.008145 29.101067 98.785411 64.000000 62.967380 28.446645 97.625213 256.000000 201.646205 158.824398 44.124885 0.000000 29.751926 158.506927 46.618871 256.000000 233.299844
137.583022 74.966907 64.000000 15.252433 136.801649 75.411773 256.000000 43.575923 85.885245 103.005378 64.000000 15.540702 88.346680 99.598531 256.000000 245.704010 63.743193 73.737345 64.000000 12.034148 61.895215 74.265200 256.000000 239.344885 157.201389 74.905749 0.000000 10.420703 158.467556 74.513027 256.000000 246.921623
32.866305 33.283258 64.000000 18.909575 31.789291 34.250825 256.000000 233.187979 2.701676 129.711416 0.000000 33.671522 9.942500 118.365160 256.000000 229.354434 159.815622 107.648411 64.000000 18.427693 159.003949 112.403364 256.000000 227.203174 76.954364 118.284642 64.000000 21.899827 71.157331 122.704824 256.000000 233.063206
80.018513 159.968349 0.000000 13.634686 77.909651 158.352604 256.000000 232.361895 109.057264 50.377209 64.000000 9.796838 109.973702 50.032700 256.000000 244.787573 160.296611 75.350218 0.000000 14.052030 159.650173 75.749093 256.000000 243.724850 75.900980 129.781500 0.000000 20.979088 69.855029 132.813835 256.000000 251.172513
74.888240 21.312807 0.000000 14.929744 71.293665 21.112869 256.000000 224.991678 77.278762 39.951529 0.000000 8.979359 82.319436 41.315673 256.000000 245.966463 69.874396 15.963285 0.000000 18.139424 63.353415 14.466315 256.000000 231.935946 21.279987 50.342884 64.000000 10.007662 17.944264 50.554445 256.000000 252.045924
19.538933 112.978591 0.000000 8.927729 16.000482 122.827129 256.000000 246.185892 123.226035 80.912871 64.000000 20.191726 112.594496 97.330516 256.000000 253.285050 33.922991 27.599942 64.000000 25.225675 24.517049 36.471291 256.000000 233.579508 75.063675 7.713065 64.000000 43.692091 55.462804 24.241136 256.000000 213.491042
49.892187 37.287415 64.000000 30.164968 47.864904 39.811807 256.000000 232.848080 86.054456 21.124729 64.000000 39.690747 54.594147 39.677087 256.000000 218.361495 197.096056 85.961822 64.000000 19.339827 200.979480 76.254620 256.000000 216.012319 88.439415 91.243116 0.000000 17.136937 91.540305 85.807149 256.000000 240.308650
36.919415 113.141022 64.000000 33.822110 47.836253 85.006742 256.000000 233.372987 26.864447 56.054575 0.000000 21.861104 38.404309 35.697082 256.000000 229.139308 27.331929 65.996562 64.000000 13.742249 23.773544 67.504200 256.000000 258.551334 114.910947 89.062380 64.000000 11.436098 117.663478 85.707142 256.000000 257.630595
23.447707 29.184693 64.000000 12.554753 23.139860 31.034224 256.000000 260.293855 40.628485 32.672102 64.000000 9.198788 39.844358 32.795158 256.000000 229.350131 69.959264 71.879987 0.000000 29.652968 64.929100 94.237744 256.000000 220.607410 82.590565 68.732560 0.000000 8.936334 82.512684 70.822567 256.000000 247.528278
39.568313 77.333111 0.000000 11.070384 39.902313 74.306769 256.000000 250.957387 152.263036 119.037633 0.000000 11.698552 158.868607 134.156949 256.000000 241.242296 49.417665 14.894240 64.000000 13.079661 46.301440 8.690918 256.000000 234.233491 24.338945 104.556422 64.000000 15.007190 27.190507 103.239689 256.000000 258.017822
