133.393718 165.741291 0.000000 42.930545 129.989842 160.935971 256.000000 232.026299 111.300944 53.693395 64.000000 12.692434 114.141347 59.735355 256.000000 240.304347 54.215078 92.453676 0.000000 19.154819 74.975095 86.169638 256.000000 219.746906 7.667649 30.992782 64.000000 26.008733 24.016235 29.354564 256.000000 234.418500
56.800791 182.492545 0.000000 11.083292 57.420520 182.318491 256.000000 231.540114 24.769756 43.084249 64.000000 9.435426 28.619367 42.210684 256.000000 239.000683 130.691471 114.655087 0.000000 18.281407 130.434216 113.352582 256.000000 240.553893 28.935753 130.093869 0.000000 38.929201 38.129936 108.293460 256.000000 223.997796
44.214676 38.340507 0.000000 12.008333 39.051442 34.188320 256.000000 259.364511 40.268573 12.557689 0.000000 21.047928 35.430795 17.604707 256.000000 232.736214 33.375735 146.919649 64.000000 21.181306 32.973700 145.102915 256.000000 225.335880 86.054456 21.124729 64.000000 39.690747 54.594147 39.677087 256.000000 218.361495
100.509338 178.095718 0.000000 33.288597 100.295702 168.861435 256.000000 226.910602 84.281791 49.582184 64.000000 47.723552 73.992580 63.011451 256.000000 206.908187 32.334751 126.288065 64.000000 35.168798 29.365489 121.935582 256.000000 223.399746 103.983336 202.966805 0.000000 13.079661 100.440244 205.259064 256.000000 245.493186
166.879475 35.832795 0.000000 16.349576 165.410560 34.923787 256.000000 251.942664 151.437395 175.897024 0.000000 24.107020 151.524140 171.948742 256.000000 207.032960 168.783373 140.140029 0.000000 50.541702 161.636398 134.392633 256.000000 204.580523 16.412989 82.842938 0.000000 15.037307 11.401558 91.574504 256.000000 224.397931
110.549889 125.502767 0.000000 19.546348 118.739296 128.139656 256.000000 239.202902 151.391944 36.772813 0.000000 16.048400 151.930191 41.185549 256.000000 243.514027 178.917331 101.052255 64.000000 13.148501 178.476764 100.169671 256.000000 242.640615 4.976124 184.436691 64.000000 24.644835 27.458049 186.315555 256.000000 233.114836
76.400231 74.012376 64.000000 11.169342 75.350967 73.451044 256.000000 247.330362 139.988422 153.281815 0.000000 10.786418 144.404969 151.643400 256.000000 244.817691 25.125196 95.443209 0.000000 9.573107 21.740880 93.200420 256.000000 244.615472 87.583602 49.363693 64.000000 15.622450 89.041685 53.979516 256.000000 236.952684
74.582333 137.709380 0.000000 19.924970 79.512129 144.779805 256.000000 240.566801 91.618011 96.077042 64.000000 41.368730 63.049875 83.136140 256.000000 195.975483 121.971251 188.831256 0.000000 27.372632 118.645749 190.643704 256.000000 229.388854 49.252427 32.985456 64.000000 17.244500 37.223675 29.402809 256.000000 236.509524
157.966233 41.789145 0.000000 12.524636 157.920071 42.034105 256.000000 248.255404 130.506791 127.606509 64.000000 26.064666 129.787873 126.545849 256.000000 245.949253 81.804113 37.236589 0.000000 32.083892 72.668318 25.988891 256.000000 230.757055 3.400516 120.934451 0.000000 24.330751 5.061380 120.660231 256.000000 238.854398
29.696965 61.576584 0.000000 31.808530 35.435462 58.682685 256.000000 230.954971 38.785744 0.852631 0.000000 23.263726 43.076189 3.907884 256.000000 229.926669 72.709500 94.936333 0.000000 23.569205 69.644238 83.672320 256.000000 236.939776 98.865836 79.969220 0.000000 20.419760 102.049502 72.049715 256.000000 222.384351
10.891485 114.408235 0.000000 8.807258 4.643218 118.886333 256.000000 244.925254 39.181495 122.603773 64.000000 15.403022 43.709013 123.401373 256.000000 252.742932 164.988636 74.973093 0.000000 20.570348 165.097602 77.915595 256.000000 240.480750 73.062711 138.290604 0.000000 31.214783 73.222695 132.999991 256.000000 244.417556
11.118744 72.995644 64.000000 21.443760 11.578755 75.608025 256.000000 241.573590 63.034380 44.855225 0.000000 40.379150 63.511016 45.605549 256.000000 214.678538 12.687660 105.952944 0.000000 8.987964 14.906531 107.180940 256.000000 237.899238 113.254827 8.670596 0.000000 24.799725 111.758084 9.849851 256.000000 236.229861
37.694705 131.867860 64.000000 37.651353 42.489371 128.005567 256.000000 211.434438 57.360456 121.384876 64.000000 12.386955 57.758487 120.599833 256.000000 236.677323 122.348936 110.995287 0.000000 11.143527 119.890209 113.292418 256.000000 244.447674 92.764442 30.652949 64.000000 24.610414 90.143807 31.276956 256.000000 227.504350
13.265045 39.016956 0.000000 23.134650 16.421145 41.516256 256.000000 236.896751 133.091482 21.088344 64.000000 9.327863 146.022616 22.219964 256.000000 249.305219 8.456904 131.380107 0.000000 16.392601 6.643480 128.697844 256.000000 253.835772 29.956080 122.066191 0.000000 12.868837 32.562662 120.896256 256.000000 247.476648
5.546067 68.419742 0.000000 17.476836 5.041155 76.078853 256.000000 229.720148 88.675313 120.144640 64.000000 11.784602 87.759976 127.605458 256.000000 245.467371 96.973056 41.684207 64.000000 14.379022 95.741269 37.503840 256.000000 246.495673 25.392820 133.274922 0.000000 9.482754 26.938238 133.834724 256.000000 253.883100
68.458456 97.072009 64.000000 12.860232 76.500327 102.528635 256.000000 237.701322 124.456796 20.712153 64.000000 13.944467 126.527349 10.190551 256.000000 243.402161 28.130504 153.594549 0.000000 19.765777 25.213433 152.043469 256.000000 228.562770 96.109967 79.163733 64.000000 45.421704 94.951395 78.679838 256.000000 197.782542
61.638742 65.037853 64.000000 10.717577 60.493549 67.282913 256.000000 245.949253 121.834673 90.374844 0.000000 14.684501 120.632485 88.024182 256.000000 233.058903 67.758640 82.435720 64.000000 31.090010 56.862264 72.994607 256.000000 233.437525 36.195558 138.182978 64.000000 52.873668 30.180204 108.928005 256.000000 213.189866
170.281976 118.606555 64.000000 40.168327 165.353196 116.893511 256.000000 208.470002 83.095093 53.948709 64.000000 16.685173 84.520042 45.816391 256.000000 217.242840 6.523698 77.110531 0.000000 23.655255 10.385933 75.120715 256.000000 239.964448 82.519460 9.956218 64.000000 12.184737 80.994987 11.113695 256.000000 236.427777
17.550233 91.741271 64.000000 14.516702 16.074480 97.997413 256.000000 251.835101 46.241369 178.547485 64.000000 15.136265 34.600342 192.275784 256.000000 263.624005 74.813996 90.356696 64.000000 13.376535 73.323875 88.126531 256.000000 248.801824 80.822089 145.803753 0.000000 16.723895 82.602307 144.003569 256.000000 259.635569
74.642213 148.151905 0.000000 27.979288 71.921322 146.025013 256.000000 237.679810 35.204924 5.215715 64.000000 24.515759 36.051058 6.800535 256.000000 239.439541 23.447707 29.184693 64.000000 12.554753 23.139860 31.034224 256.000000 260.293855 36.676265 179.422151 64.000000 29.519590 44.708624 174.545935 256.000000 254.395100
33.434273 104.462471 64.000000 14.546820 13.259400 112.166098 256.000000 233.394500 133.685800 147.539351 0.000000 22.011692 131.633365 148.516713 256.000000 251.323101 14.217020 142.817329 0.000000 11.694249 19.934987 148.222665 256.000000 233.682769 88.437036 23.932658 0.000000 13.832602 89.975596 25.366416 256.000000 241.861859
9.584278 79.470791 0.000000 18.909575 9.525158 85.441798 256.000000 237.107575 48.715444 102.749345 64.000000 11.134922 50.791027 104.315775 256.000000 248.010160 133.756925 68.398456 64.000000 17.339156 133.293251 69.241476 256.000000 240.799137 83.093869 91.705909 64.000000 18.660029 82.185573 91.448764 256.000000 227.039678
49.459344 201.804356 64.000000 11.173644 45.796444 203.579418 256.000000 241.246599 131.104744 147.444176 64.000000 24.365171 128.429340 147.548987 256.000000 204.275045 49.892187 37.287415 64.000000 30.164968 47.864904 39.811807 256.000000 232.848080 142.456384 114.602956 0.000000 23.857473 148.095938 97.537513 256.000000 236.105088
56.456469 88.981484 64.000000 12.283695 55.094705 94.549540 256.000000 255.139436 45.588224 93.926962 0.000000 18.401878 43.714458 90.305822 256.000000 242.885859 84.796022 155.880051 0.000000 12.881745 93.171815 154.248184 256.000000 262.535468 22.302367 13.780002 64.000000 34.093168 21.065949 20.882975 256.000000 238.170297
58.552840 68.627649 0.000000 14.168198 54.684716 66.679809 256.000000 243.862531 67.225387 180.453080 64.000000 20.411155 65.552587 180.273385 256.000000 240.076313 129.168147 107.378253 0.000000 19.705542 126.218671 90.826649 256.000000 243.772178 101.455913 38.546889 0.000000 8.768536 101.687258 39.058967 256.000000 246.921623
134.867638 175.733113 64.000000 29.756228 131.278053 170.870835 256.000000 212.294942 76.906100 223.473953 0.000000 17.033677 81.351725 223.329244 256.000000 240.162364 112.257698 202.126671 0.000000 70.931345 112.812018 201.719435 256.000000 195.127887 88.202884 102.429004 64.000000 9.353678 94.212578 103.139895 256.000000 274.522289
53.783345 117.106716 0.000000 12.825812 57.387602 115.798205 256.000000 243.118195 48.084229 6.813491 64.000000 19.929273 47.013373 8.912018 256.000000 227.827039 68.401271 95.283536 64.000000 10.885376 66.842531 96.287007 256.000000 231.548719 90.209698 154.280555 64.000000 32.866950 88.473269 151.284313 256.000000 216.008017
39.568313 77.333111 0.000000 11.070384 39.902313 74.306769 256.000000 250.957387 60.758109 75.571449 64.000000 30.367186 22.447298 70.982722 256.000000 224.062334 118.789080 103.718982 0.000000 17.485441 117.735893 102.700645 256.000000 216.584554 85.516996 85.848455 64.000000 11.750182 87.561415 91.661093 256.000000 250.264681
146.404731 78.182707 0.000000 10.222788 148.831656 82.190160 256.000000 228.511140 30.347891 39.125967 64.000000 14.551123 23.225496 46.690949 256.000000 227.379577 90.196784 40.513240 64.000000 12.765577 88.165184 39.900018 256.000000 246.388110 6.651124 103.185187 0.000000 18.070584 3.407520 93.443140 256.000000 240.528078
165.479765 29.813153 0.000000 8.914821 166.030249 26.809551 256.000000 231.716517 63.849415 16.428629 64.000000 11.771695 65.285344 17.258493 256.000000 249.451505 107.173578 85.154125 0.000000 20.613373 104.785133 85.571400 256.000000 232.271542 35.017213 23.356598 0.000000 11.074686 38.275025 17.827604 256.000000 244.538027
17.998135 186.481667 0.000000 19.533441 17.967498 184.172540 256.000000 237.193625 35.778347 169.806564 0.000000 24.851356 43.863322 170.468775 256.000000 226.833157 188.082965 59.999178 0.000000 31.941908 185.146349 58.989671 256.000000 212.049698 134.561378 92.812820 64.000000 8.613645 139.149138 97.960269 256.000000 275.778624
73.662196 49.694669 64.000000 22.910919 75.720978 53.985982 256.000000 233.101929 124.552331 18.643693 0.000000 15.699895 125.816549 21.362898 256.000000 242.773994 81.137104 97.780907 0.000000 9.504267 88.928820 94.092995 256.000000 255.238394 28.628238 77.577960 64.000000 10.764905 28.183820 84.903264 256.000000 245.592144
