135.421536 60.449271 0.000000 15.575122 137.826645 65.887309 256.000000 234.375474 92.960904 110.383084 0.000000 37.449134 83.805651 108.003365 256.000000 210.655682 78.265722 62.911685 0.000000 27.269372 72.669253 66.207731 256.000000 227.211779 125.640809 92.240009 64.000000 34.790177 115.589791 95.612336 256.000000 226.884787
49.227076 7.000147 64.000000 20.097071 49.274504 7.262571 256.000000 255.599806 41.088935 22.458271 64.000000 24.292028 38.248191 24.667556 256.000000 231.690702 58.044673 98.990267 64.000000 18.530954 61.916280 93.534705 256.000000 230.800080 55.035293 48.505095 0.000000 21.732029 54.992909 57.312585 256.000000 243.681825
75.312740 12.966951 64.000000 10.829443 78.306480 12.798785 256.000000 229.715845 122.533220 122.046825 0.000000 11.371560 124.117011 117.390629 256.000000 233.695676 72.882442 94.234165 64.000000 15.910719 97.727387 91.469945 256.000000 240.876582 120.154224 79.102171 0.000000 37.517974 98.228556 81.297158 256.000000 207.041565
49.885091 119.559242 64.000000 26.340027 47.290105 115.830956 256.000000 230.034232 32.467398 6.465049 64.000000 26.800397 40.849496 7.413896 256.000000 251.030529 82.396724 102.091376 0.000000 10.330351 80.729275 103.111909 256.000000 237.765860 197.096056 85.961822 64.000000 19.339827 200.979480 76.254620 256.000000 216.012319
59.684571 142.837867 64.000000 20.819894 68.654338 146.831145 256.000000 232.318870 101.694889 61.367400 64.000000 29.287254 96.478349 57.961256 256.000000 231.643374 79.160867 108.490873 64.000000 20.940365 80.316225 103.260384 256.000000 210.423346 89.321740 155.343540 0.000000 17.240198 90.192105 153.414264 256.000000 249.507437
172.896900 89.484569 64.000000 13.570148 175.293160 83.119973 320.000000 234.771306 68.401271 95.283536 64.000000 10.885376 66.842531 96.287007 256.000000 231.548719 60.706916 138.540953 64.000000 11.922283 60.495215 137.696773 256.000000 238.221927 43.403442 61.256489 64.000000 42.465872 39.350971 95.857562 256.000000 218.748722
152.263036 119.037633 0.000000 11.698552 158.868607 134.156949 256.000000 241.242296 90.427344 94.205740 64.000000 14.675896 90.358964 92.491453 256.000000 234.526063 20.710113 58.075004 64.000000 24.730885 29.373673 52.053996 256.000000 219.643646 148.444205 145.289075 0.000000 39.832730 154.195676 140.770429 256.000000 210.281362
105.897573 56.397411 64.000000 11.165039 108.012365 53.540315 256.000000 240.945423 102.064362 148.479653 0.000000 10.523964 101.688049 158.656493 256.000000 248.758799 60.969207 61.452349 64.000000 38.090210 65.407462 99.406040 256.000000 223.799880 85.808625 134.040855 0.000000 9.000872 86.307085 133.054605 256.000000 259.880813
191.845936 82.146535 0.000000 19.972298 193.118609 109.752218 256.000000 236.819306 134.111089 70.571556 0.000000 41.114881 128.373804 73.512116 256.000000 225.817762 62.951735 51.813664 0.000000 11.552266 66.781045 51.882369 256.000000 255.926797 10.322749 26.049905 64.000000 63.780556 8.297311 27.259727 256.000000 204.348187
6.841082 177.779858 0.000000 17.799525 14.722051 187.105925 256.000000 243.488212 144.405364 68.272315 0.000000 18.453508 141.194669 66.344664 256.000000 211.073026 153.565556 25.487793 64.000000 19.348432 152.803716 26.241675 256.000000 235.081088 142.751244 152.214238 64.000000 23.969339 142.147807 150.697493 256.000000 228.941392
111.895833 86.860556 64.000000 38.309638 102.186047 90.160902 256.000000 226.553493 23.837776 111.246518 64.000000 17.747895 27.467038 115.159189 256.000000 241.065893 23.352513 102.057207 64.000000 17.941508 26.549416 100.385138 256.000000 242.838531 97.726187 48.260627 0.000000 21.620163 111.064000 58.825716 256.000000 231.901525
122.622000 195.077075 0.000000 31.425606 113.144467 197.893682 256.000000 231.824080 191.106342 29.566675 64.000000 9.310653 198.426309 12.826411 256.000000 251.594160 78.633282 74.603893 64.000000 13.802484 77.151465 74.256727 256.000000 241.427305 158.145115 134.419740 64.000000 19.288197 157.306040 133.287253 256.000000 229.401761
154.653144 98.069504 0.000000 27.239254 145.645758 96.071140 256.000000 218.473361 16.270458 34.220911 0.000000 14.379022 17.385667 24.841049 256.000000 237.907843 78.714431 81.779155 64.000000 9.379494 77.498058 85.266055 256.000000 249.735471 15.954905 124.190318 64.000000 17.063794 19.191171 123.168720 256.000000 243.135405
8.300127 89.801678 64.000000 19.296802 6.376993 99.236922 256.000000 255.556780 115.162349 88.949987 0.000000 33.766177 103.117051 112.694204 256.000000 242.391069 31.552149 179.644831 0.000000 16.336668 28.310364 176.772607 256.000000 255.763301 21.330265 88.056145 64.000000 25.556969 28.146900 85.063984 256.000000 219.548991
58.616905 144.653511 0.000000 31.412699 33.791391 110.735169 256.000000 211.593631 138.203596 158.412851 64.000000 36.524092 135.302318 156.882522 256.000000 208.543144 106.151464 67.056064 0.000000 35.706613 28.370449 102.971085 256.000000 226.828854 69.932511 41.632251 64.000000 18.298618 73.251469 45.407082 256.000000 240.300045
174.894760 75.232791 64.000000 8.919124 181.177320 66.248387 256.000000 242.132918 175.543178 85.086227 0.000000 19.963693 174.736551 86.618920 256.000000 235.455407 9.149860 87.675865 64.000000 20.131491 12.331047 86.876873 256.000000 229.832013 18.103691 4.592351 64.000000 213.981530 16.426576 2.806809 256.000000 47.680527
53.122098 161.323955 0.000000 25.741977 53.728940 164.495255 256.000000 234.560483 164.988636 74.973093 0.000000 20.570348 165.097602 77.915595 256.000000 240.480750 99.530796 66.998975 64.000000 20.905945 97.359785 66.493645 256.000000 223.903141 35.751500 7.476555 64.000000 21.086651 35.085953 9.439985 256.000000 247.881085
66.581571 87.358213 64.000000 10.833745 67.119818 95.958876 256.000000 235.816819 41.631918 93.208747 0.000000 29.265741 31.009296 90.580989 256.000000 225.989863 151.442293 107.671864 64.000000 25.552666 150.375382 108.788444 256.000000 232.340383 133.659033 94.166764 64.000000 56.599651 119.005035 115.297727 256.000000 194.241568
185.809175 80.042507 64.000000 42.513200 179.344753 75.887973 256.000000 229.909459 49.425802 35.719075 64.000000 17.963021 46.692842 36.595858 256.000000 248.177959 34.621905 144.374791 64.000000 12.318115 64.273525 194.261818 256.000000 267.900710 27.452424 133.138002 64.000000 23.190583 31.059193 129.880605 256.000000 224.036519
52.117495 190.759996 64.000000 8.781443 50.349860 192.445073 256.000000 254.911402 64.662605 11.181360 0.000000 44.939821 55.699544 34.915304 256.000000 196.220727 54.009875 119.562365 64.000000 18.135122 37.436749 213.492235 256.000000 242.743876 106.496340 54.105207 0.000000 31.584799 103.714418 54.746687 256.000000 241.375675
21.021851 196.182185 0.000000 55.549836 28.367453 161.529993 256.000000 191.625636 57.927736 67.144704 64.000000 10.141040 59.465233 62.418211 256.000000 248.091908 28.601515 115.262644 64.000000 30.255321 34.710469 104.515171 256.000000 210.285665 5.071325 68.272918 64.000000 19.714147 8.970362 70.132353 256.000000 234.345357
74.960144 42.872325 64.000000 18.354550 71.614485 35.894024 256.000000 234.242096 14.363144 53.227544 0.000000 46.178947 9.928905 52.256224 256.000000 202.726137 110.276427 103.907011 0.000000 59.228490 110.634889 107.782682 256.000000 192.434510 75.852800 73.298258 0.000000 9.469847 71.886007 75.617285 256.000000 235.679138
90.595055 52.285195 64.000000 24.541574 122.847760 76.193265 256.000000 234.508853 66.590053 51.500922 0.000000 15.054517 61.922827 52.807095 256.000000 233.248214 97.304304 12.048496 64.000000 16.065610 91.853062 15.975922 256.000000 237.916448 0.126284 78.851011 0.000000 17.653240 5.340129 78.475291 256.000000 252.820378
89.105031 155.075776 0.000000 17.459626 84.315796 157.322756 256.000000 225.331577 66.807429 25.380427 0.000000 16.108635 68.281553 26.040465 256.000000 256.731368 65.223040 58.899631 0.000000 35.039723 57.230173 57.425175 256.000000 217.359008 128.638389 69.605995 64.000000 80.607712 136.709815 77.394011 256.000000 173.830413
37.787542 79.687278 0.000000 11.104804 40.687669 77.216804 256.000000 242.627708 36.919415 113.141022 64.000000 33.822110 47.836253 85.006742 256.000000 233.372987 117.710613 9.279713 64.000000 17.855458 157.173002 11.948053 256.000000 247.941320 106.772913 145.713851 64.000000 18.290013 104.826844 145.252331 256.000000 237.172112
186.581918 115.775871 64.000000 12.206249 187.352098 115.047849 320.000000 244.159405 80.531773 195.532182 64.000000 40.039251 76.005631 198.973893 256.000000 179.242983 59.725165 220.897838 0.000000 35.306479 61.405193 215.350700 256.000000 222.414469 76.733167 40.926531 64.000000 36.222916 77.461407 53.732055 256.000000 230.748450
60.049407 67.957269 64.000000 19.739962 61.863324 76.049518 256.000000 222.917864 123.379702 20.324593 0.000000 30.741505 120.601033 21.062765 256.000000 222.380049 58.251909 218.871456 64.000000 28.056733 58.119220 216.725662 256.000000 238.824280 182.978391 40.796069 0.000000 46.863048 172.038967 38.126495 256.000000 205.505565
157.966233 41.789145 0.000000 12.524636 157.920071 42.034105 256.000000 248.255404 83.431289 49.861398 64.000000 12.933375 86.793682 37.441764 256.000000 238.703810 9.109938 103.188656 64.000000 59.615717 13.151340 101.263549 256.000000 182.327890 9.941307 54.943353 0.000000 11.427493 13.486249 50.052147 256.000000 219.656554
39.568313 77.333111 0.000000 11.070384 39.902313 74.306769 256.000000 250.957387 121.494436 120.092693 64.000000 16.504467 120.495371 121.384464 256.000000 264.699635 45.652651 95.032395 64.000000 13.823997 46.313815 91.802269 256.000000 238.333793 90.906040 34.121867 64.000000 46.213367 88.631035 36.648584 256.000000 201.474104
5.205269 66.485267 64.000000 10.042082 3.189556 63.327524 256.000000 243.914161 138.719820 131.456416 0.000000 19.950785 140.865015 127.971267 256.000000 227.168753 7.629267 101.391305 0.000000 21.486785 9.283584 97.280656 256.000000 238.669389 16.896853 117.744524 0.000000 11.401678 12.399158 117.862753 256.000000 250.884244
170.842029 23.821291 0.000000 46.669434 167.617171 17.426333 256.000000 229.720148 65.419469 153.279822 64.000000 21.822381 68.252616 152.761847 256.000000 219.940520 102.872460 23.274853 0.000000 17.549979 101.235611 24.527093 256.000000 255.031873 66.156738 46.784796 64.000000 20.062651 56.415729 34.631129 256.000000 225.094939
137.827935 171.202647 0.000000 44.862376 134.974913 162.018784 256.000000 204.029801 124.564520 70.362989 64.000000 19.464600 123.012136 70.618020 256.000000 239.951540 151.416867 19.853464 64.000000 15.936534 152.022404 21.110580 320.000000 256.352747 116.741838 106.678200 0.000000 24.085507 115.533627 104.107596 256.000000 236.660113
