48.084229 6.813491 64.000000 19.929273 47.013373 8.912018 256.000000 227.827039 99.964427 65.037027 64.000000 8.794351 102.680489 66.606560 256.000000 256.864747 96.261216 102.240560 0.000000 9.689275 101.467100 117.393053 256.000000 244.374531 186.278844 71.675176 0.000000 36.489672 182.392795 70.995082 256.000000 205.849767
6.841082 177.779858 0.000000 17.799525 14.722051 187.105925 256.000000 243.488212 44.599467 160.775507 0.000000 29.652968 46.367947 156.202273 256.000000 210.066236 132.131129 44.134942 64.000000 19.834617 130.912258 41.784644 256.000000 216.606067 174.820789 25.125349 64.000000 26.099086 172.631455 24.796078 256.000000 208.001027
111.492527 199.537553 0.000000 80.999242 112.847309 197.111404 256.000000 170.711086 79.788011 128.326651 0.000000 19.752869 78.554109 127.227833 256.000000 232.211307 3.351105 168.902322 64.000000 29.549707 1.942275 168.299724 256.000000 228.166938 26.662476 56.202618 0.000000 10.377678 30.467562 51.099275 256.000000 247.046396
66.590053 51.500922 0.000000 15.054517 61.922827 52.807095 256.000000 233.248214 20.583493 70.354220 64.000000 13.299089 17.056438 69.830698 256.000000 251.856613 37.005765 21.943620 64.000000 13.230249 36.310262 23.348309 256.000000 237.770163 48.157249 144.147985 64.000000 12.146014 47.918496 142.553751 256.000000 249.920479
34.824840 95.730522 64.000000 17.098214 29.133589 101.166058 256.000000 234.095811 76.906100 223.473953 0.000000 17.033677 81.351725 223.329244 256.000000 240.162364 78.688636 209.415004 0.000000 25.759187 73.828622 205.086965 256.000000 225.744619 134.547220 79.241140 64.000000 26.994010 131.490520 71.665055 256.000000 237.546432
62.909633 97.187435 64.000000 27.665204 58.158573 84.806785 256.000000 225.667174 46.831578 45.719949 64.000000 11.220972 42.747238 40.526605 256.000000 240.506565 43.871360 15.724200 0.000000 64.172086 45.776309 12.874615 256.000000 181.790075 114.089773 108.639991 64.000000 16.414114 113.902411 106.606358 256.000000 231.303475
131.133447 30.647740 64.000000 12.240669 133.877187 34.384493 256.000000 242.455607 41.570502 42.362024 0.000000 26.959590 18.637422 53.948271 256.000000 223.679410 154.284380 91.101927 64.000000 9.035292 154.077087 92.738536 256.000000 248.414597 76.912062 24.338924 0.000000 14.512400 72.432998 20.887469 256.000000 238.553221
68.051858 78.787509 0.000000 10.442216 70.307469 82.726427 256.000000 262.965720 62.098900 194.153253 0.000000 13.182921 61.542473 196.333678 256.000000 241.960817 43.389196 15.282133 64.000000 10.343258 41.361282 16.054664 256.000000 238.148785 185.595218 68.547236 0.000000 25.526851 182.730076 67.714244 256.000000 194.689030
141.018589 73.088109 64.000000 8.850284 133.899555 72.077964 256.000000 236.939776 21.021851 196.182185 0.000000 55.549836 28.367453 161.529993 256.000000 191.625636 98.408904 82.428738 0.000000 34.368530 96.186482 103.021316 256.000000 213.465227 27.623780 135.372816 0.000000 14.594148 31.704938 135.985402 256.000000 226.970838
35.204924 5.215715 64.000000 24.515759 36.051058 6.800535 256.000000 239.439541 82.396724 102.091376 0.000000 10.330351 80.729275 103.111909 256.000000 237.765860 4.992951 181.424720 0.000000 19.202147 20.148673 187.752198 256.000000 249.240681 159.272715 149.674216 0.000000 40.034949 136.460920 146.499356 256.000000 211.559211
17.100105 118.406747 0.000000 22.175188 24.432918 114.749136 256.000000 212.699379 45.384304 146.176827 0.000000 27.850212 42.212729 144.778989 256.000000 225.262737 185.563185 99.238276 64.000000 46.346745 180.505309 101.188209 256.000000 202.657297 65.267047 158.935607 64.000000 36.644563 66.925573 152.108949 256.000000 220.934402
14.700300 100.951720 64.000000 14.994282 19.043924 109.312164 256.000000 243.892649 9.264344 178.469880 0.000000 18.754685 5.300609 175.881178 256.000000 228.050770 21.054725 31.612893 0.000000 26.800397 16.330480 7.347451 256.000000 228.429392 32.287727 37.178633 64.000000 10.618619 31.692405 30.165527 256.000000 241.823137
117.386418 167.907178 64.000000 21.572835 117.691358 170.376167 256.000000 243.178430 28.227093 67.502085 0.000000 26.890750 35.349875 59.047953 256.000000 230.632282 34.373513 59.738171 64.000000 9.887191 36.184169 58.059960 256.000000 255.182461 103.983336 202.966805 0.000000 13.079661 100.440244 205.259064 256.000000 245.493186
16.933209 79.529665 0.000000 23.711188 20.921607 63.080289 256.000000 226.002771 18.172682 155.785416 64.000000 15.953744 18.715269 154.982080 256.000000 240.355977 68.037273 80.097335 0.000000 8.635158 71.657493 76.931622 256.000000 256.378562 17.559000 9.267256 0.000000 29.807859 22.767720 22.227191 256.000000 217.453663
35.951702 153.881042 0.000000 24.773910 26.162945 148.092684 256.000000 204.894607 41.088935 22.458271 64.000000 24.292028 38.248191 24.667556 256.000000 231.690702 120.566702 171.174675 0.000000 38.077302 119.743285 169.171515 256.000000 230.214938 81.962985 53.185318 0.000000 18.371760 81.113389 50.663324 256.000000 258.555637
81.946353 49.389855 0.000000 14.925442 81.150960 33.450696 256.000000 230.688215 111.966315 66.729235 64.000000 15.841879 112.118400 69.714047 256.000000 251.525319 79.160867 108.490873 64.000000 20.940365 80.316225 103.260384 256.000000 210.423346 58.567322 87.668222 0.000000 21.770751 52.500033 89.371300 256.000000 237.598062
18.232676 63.399031 0.000000 13.079661 20.128116 61.627993 256.000000 269.217281 16.411013 69.167498 0.000000 32.187152 39.747429 69.893911 256.000000 229.363039 18.296187 71.388333 64.000000 9.271931 17.698105 72.988236 256.000000 254.115436 65.642622 131.641896 64.000000 10.205577 67.518142 130.515493 256.000000 234.999340
150.402936 184.500958 64.000000 63.298674 132.952382 163.588293 256.000000 181.050042 17.457973 139.377976 64.000000 32.643219 32.364325 142.490380 256.000000 228.541257 122.535047 162.632760 0.000000 36.321874 120.550358 157.172467 256.000000 207.751481 16.412989 82.842938 0.000000 15.037307 11.401558 91.574504 256.000000 224.397931
20.501624 207.123064 0.000000 13.350720 23.276420 197.984784 256.000000 241.225086 77.693225 143.632307 0.000000 8.901914 77.130242 142.372467 256.000000 256.335537 114.072673 36.623033 0.000000 36.025000 99.112085 39.936271 256.000000 232.632954 68.932429 169.682015 64.000000 20.045441 67.563140 168.974276 256.000000 215.431479
26.627535 18.861747 0.000000 14.370417 31.750582 16.379738 256.000000 259.738830 10.378567 145.445604 64.000000 13.944467 12.352271 146.608091 256.000000 241.956515 73.523582 162.914169 64.000000 17.584399 57.941073 177.223365 256.000000 222.500519 136.951713 124.568604 0.000000 11.547964 145.408365 117.690829 256.000000 253.439941
39.859284 42.727444 64.000000 19.765777 54.200749 48.898438 256.000000 214.330034 66.095044 137.107722 0.000000 20.114281 71.653827 134.339315 256.000000 238.669389 119.879175 70.464253 0.000000 22.515087 117.308413 73.066993 256.000000 227.280619 56.470044 56.806998 64.000000 9.164368 56.512636 58.554900 256.000000 237.722835
130.691471 114.655087 0.000000 18.281407 130.434216 113.352582 256.000000 240.553893 136.248000 144.723802 0.000000 13.746551 134.835607 145.342985 256.000000 217.152487 93.082513 66.563940 64.000000 27.906145 95.025660 70.839235 256.000000 221.627108 92.504467 61.062667 64.000000 69.455580 93.207616 63.989582 256.000000 189.719619
63.586318 161.313425 64.000000 19.322617 57.325229 161.803693 256.000000 241.930700 93.438420 50.090544 64.000000 14.817879 93.646816 43.526962 256.000000 245.699707 31.521409 76.369736 64.000000 15.992467 33.104307 80.159671 256.000000 253.741117 0.527938 131.834005 64.000000 13.423862 15.571369 178.060720 256.000000 233.170769
37.787542 79.687278 0.000000 11.104804 40.687669 77.216804 256.000000 242.627708 178.917331 101.052255 64.000000 13.148501 178.476764 100.169671 256.000000 242.640615 144.845696 61.023578 0.000000 45.120527 143.464936 55.287875 256.000000 213.598605 0.605618 34.451922 0.000000 11.268300 2.386611 35.956529 256.000000 244.460581
104.852309 154.741280 64.000000 15.114753 116.107822 155.384298 256.000000 236.221256 113.899640 112.931518 64.000000 25.436498 114.622802 109.898144 256.000000 234.470130 111.538225 49.414282 64.000000 11.315628 116.882809 42.972840 256.000000 248.354362 41.414605 50.706958 64.000000 14.916837 35.294895 48.668585 256.000000 242.279204
88.433700 77.243691 64.000000 14.843694 87.421540 77.315740 256.000000 210.595446 46.178275 29.422133 0.000000 11.031661 54.897660 25.254749 256.000000 247.812244 38.980758 157.954495 64.000000 39.449806 39.166742 153.083765 256.000000 215.771378 56.547967 91.962195 0.000000 15.592332 68.678662 90.769460 256.000000 224.428048
59.947264 78.735467 64.000000 23.577810 57.188405 63.809562 256.000000 242.373859 22.719300 22.892785 0.000000 23.792936 63.848687 8.297907 256.000000 230.520417 47.737896 179.992589 64.000000 26.288397 52.527415 178.588125 256.000000 236.926869 73.320389 15.663595 64.000000 10.016267 74.424591 16.025498 256.000000 241.096011
185.496556 132.705613 64.000000 32.415186 184.539244 130.231300 256.000000 224.780855 77.082156 138.597982 64.000000 37.582512 81.091775 127.100889 256.000000 211.137564 133.784285 119.429318 64.000000 24.989036 131.650522 120.041176 256.000000 257.613385 22.899944 162.850936 64.000000 10.717577 22.832182 162.371427 256.000000 233.786029
69.470871 80.403971 0.000000 30.087522 52.945062 85.563296 256.000000 222.883444 50.924882 101.907676 64.000000 42.749839 55.708311 110.575976 256.000000 207.415884 103.973642 50.783127 0.000000 12.993610 94.235671 34.254273 256.000000 236.681625 37.835218 61.834804 0.000000 13.707829 37.273224 66.981462 256.000000 246.710799
50.080778 83.394193 64.000000 11.715762 52.459424 81.479516 256.000000 255.242696 105.658153 47.655338 64.000000 25.987221 98.176578 33.380776 256.000000 237.051642 172.896900 89.484569 64.000000 13.570148 175.293160 83.119973 320.000000 234.771306 88.202884 102.429004 64.000000 9.353678 94.212578 103.139895 256.000000 274.522289
38.785744 0.852631 0.000000 23.263726 43.076189 3.907884 256.000000 229.926669 83.095093 53.948709 64.000000 16.685173 84.520042 45.816391 256.000000 217.242840 57.617836 81.584022 64.000000 24.167255 58.257111 77.797447 256.000000 234.943407 32.475382 6.541356 64.000000 9.302048 29.503955 3.167431 256.000000 244.688615
156.488882 52.032149 64.000000 8.884704 157.298800 52.601982 256.000000 245.226430 100.227675 25.756709 64.000000 19.154819 97.630991 24.695044 256.000000 250.342126 165.641675 15.897291 64.000000 10.412098 166.636422 10.206518 256.000000 224.613057 97.214907 118.392118 0.000000 28.108363 98.051027 114.005069 256.000000 212.247614
