76.191195 98.129945 0.000000 13.316299 82.417433 92.809682 256.000000 230.189123 85.351931 103.371545 64.000000 32.178547 82.915269 98.333304 256.000000 227.194569 84.155249 37.458182 0.000000 30.569405 85.198633 42.290051 256.000000 243.526935 146.621844 103.780524 0.000000 38.240798 149.053042 103.225982 256.000000 207.428792
33.310655 104.446411 0.000000 25.113809 48.469173 96.168082 256.000000 227.745291 37.528587 37.932958 64.000000 33.981303 94.991202 151.424098 256.000000 228.954299 75.578382 88.042127 64.000000 25.191255 72.764747 92.560487 256.000000 249.227774 3.670638 119.854302 0.000000 18.165239 12.205184 130.190871 256.000000 239.271742
106.293267 73.439235 64.000000 16.969139 104.143700 71.778035 256.000000 235.941592 67.382816 48.964689 64.000000 26.671321 65.172365 53.092329 256.000000 231.454063 56.149380 29.693233 64.000000 57.167583 53.212555 49.145013 256.000000 196.857500 97.505313 206.358736 0.000000 44.750511 89.411362 196.387076 256.000000 217.995781
17.874247 199.284860 0.000000 14.718921 30.161476 201.143727 256.000000 228.524047 62.775556 61.175355 0.000000 14.056333 84.230760 59.227985 256.000000 237.740045 52.169651 12.179229 0.000000 20.338012 55.766925 12.636495 256.000000 248.203774 127.790513 95.847911 64.000000 10.011964 132.727460 91.498209 256.000000 248.677051
98.719675 17.192345 0.000000 9.207393 104.946087 19.220536 256.000000 243.354834 140.427405 137.635998 64.000000 12.731157 139.585753 141.169060 256.000000 263.215266 21.579144 194.973413 0.000000 29.803556 21.264591 192.494615 256.000000 212.888690 62.656262 147.225169 64.000000 21.065138 59.139804 147.653849 256.000000 246.121354
65.597255 150.177065 64.000000 13.759459 89.075273 162.729645 256.000000 253.177487 100.508065 13.801982 0.000000 23.668163 99.291687 16.992275 256.000000 221.356049 197.784171 80.955765 64.000000 23.689675 196.749293 77.894807 256.000000 244.275573 24.769756 43.084249 64.000000 9.435426 28.619367 42.210684 256.000000 239.000683
67.789505 37.951442 64.000000 21.387827 70.713189 44.353738 256.000000 242.941792 60.896091 222.667844 0.000000 10.859560 67.294905 225.239976 256.000000 233.394500 101.392753 13.857004 0.000000 19.511928 108.434198 21.176429 256.000000 229.363039 22.435744 139.690320 64.000000 21.043625 21.471347 138.413524 256.000000 230.447274
143.202071 16.856749 0.000000 28.990380 139.576935 15.368255 256.000000 222.083175 75.852800 73.298258 0.000000 9.469847 71.886007 75.617285 256.000000 235.679138 163.349582 68.993985 0.000000 23.616532 163.795302 72.958098 256.000000 230.787173 86.544967 118.230467 0.000000 21.942852 84.877275 117.538678 256.000000 246.194497
178.441715 38.285291 64.000000 11.681342 193.660116 47.709729 256.000000 243.105288 72.831809 144.378985 64.000000 73.439714 67.809216 144.734556 256.000000 188.286880 139.347180 137.527115 64.000000 28.663388 145.918738 119.289540 256.000000 240.269927 89.321740 155.343540 0.000000 17.240198 90.192105 153.414264 256.000000 249.507437
106.875553 18.551487 0.000000 22.502180 108.435431 23.815624 256.000000 221.080688 122.913582 62.388816 0.000000 16.401206 123.580084 59.200880 256.000000 218.215209 165.136844 88.379500 64.000000 47.383653 142.320258 84.697042 256.000000 198.587113 30.026451 59.621100 64.000000 20.071256 19.329796 65.854378 256.000000 237.963776
40.958264 138.690184 64.000000 23.276633 49.830764 133.852236 256.000000 214.519345 152.872691 123.111327 0.000000 15.403022 153.275125 128.540925 256.000000 252.725722 51.945402 152.580724 0.000000 8.854586 57.146653 154.970947 256.000000 276.738086 24.845113 30.073053 0.000000 9.061107 16.153091 15.217713 256.000000 257.161620
20.955538 71.859676 64.000000 15.841879 26.423864 72.204293 256.000000 228.803711 92.125876 171.729896 64.000000 26.301305 86.615889 169.568402 256.000000 211.782942 115.216925 89.329218 64.000000 9.104132 120.745680 85.800013 256.000000 252.880613 11.897767 45.138449 0.000000 16.414114 6.494055 48.661905 256.000000 237.271070
180.904105 87.902444 64.000000 37.406109 177.070344 86.695196 256.000000 218.593831 38.531262 139.901615 0.000000 9.009477 32.591716 147.580916 256.000000 261.507166 121.939742 116.471256 0.000000 29.097943 117.652780 116.251302 256.000000 222.199343 11.357169 158.736756 64.000000 37.943924 11.785013 142.982613 256.000000 223.262065
116.741838 106.678200 0.000000 24.085507 115.533627 104.107596 256.000000 236.660113 59.812391 80.055664 64.000000 16.069912 56.701885 77.541724 256.000000 249.576278 3.050340 42.109927 0.000000 64.572220 9.617251 45.424149 256.000000 182.775352 75.518304 171.905247 0.000000 21.590045 74.835389 170.914315 256.000000 235.184348
96.491229 200.211304 0.000000 20.346617 100.589638 197.788845 256.000000 240.300045 130.691471 114.655087 0.000000 18.281407 130.434216 113.352582 256.000000 240.553893 191.106342 29.566675 64.000000 9.310653 198.426309 12.826411 256.000000 251.594160 94.506133 105.529787 0.000000 21.710516 94.159422 103.381629 256.000000 249.038463
64.687129 6.903504 0.000000 27.996498 101.731467 39.558956 256.000000 225.103544 78.633282 74.603893 64.000000 13.802484 77.151465 74.256727 256.000000 241.427305 27.104142 141.954716 64.000000 12.658014 32.343491 146.555096 256.000000 258.994494 105.388869 114.415595 64.000000 12.744064 104.406769 118.127204 256.000000 247.003371
92.174264 98.764740 0.000000 29.971354 92.206942 133.457560 256.000000 221.850839 80.557082 100.517693 0.000000 21.874012 76.359676 99.274653 256.000000 248.573790 14.799233 206.361040 64.000000 35.525908 16.594611 202.269611 256.000000 245.187707 4.976124 184.436691 64.000000 24.644835 27.458049 186.315555 256.000000 233.114836
64.670518 69.867222 0.000000 14.060635 62.682458 69.769160 256.000000 247.123841 176.533204 109.459564 0.000000 12.042753 178.785904 115.100145 256.000000 267.763030 69.447351 89.849331 64.000000 16.766920 67.641724 91.082913 256.000000 246.693589 37.034860 29.058287 64.000000 17.386483 38.017929 31.147805 256.000000 223.339511
186.151082 81.333445 64.000000 38.206378 182.692175 82.136567 256.000000 231.776752 108.173004 161.623525 64.000000 10.067897 112.719587 161.493844 256.000000 225.064821 14.700300 100.951720 64.000000 14.994282 19.043924 109.312164 256.000000 243.892649 92.065840 214.577371 0.000000 23.698280 101.333080 211.969775 256.000000 251.336008
137.515229 186.284080 0.000000 47.968795 127.094740 183.355207 256.000000 201.293398 179.846202 121.911469 64.000000 38.460226 152.037485 119.449115 256.000000 231.256147 73.360764 53.173465 64.000000 15.902114 74.362509 53.423875 256.000000 225.069124 14.299993 195.929140 0.000000 9.310653 9.643233 198.879960 256.000000 241.814532
25.675795 61.913976 64.000000 9.456939 29.558096 61.259249 256.000000 244.968279 17.100105 118.406747 0.000000 22.175188 24.432918 114.749136 256.000000 212.699379 117.386418 167.907178 64.000000 21.572835 117.691358 170.376167 256.000000 243.178430 58.901455 58.625909 0.000000 17.175660 63.461391 62.997573 256.000000 239.598734
79.800715 159.033807 0.000000 26.137809 76.794038 157.952244 256.000000 229.169425 157.415973 160.637811 0.000000 8.751326 158.073685 162.645442 256.000000 262.139636 26.067302 148.799291 0.000000 28.603153 30.220965 146.584818 256.000000 232.959945 116.901824 55.167865 64.000000 18.948298 128.195413 77.873984 256.000000 246.999068
78.714431 81.779155 64.000000 9.379494 77.498058 85.266055 256.000000 249.735471 62.809771 192.068735 64.000000 27.708229 62.983555 190.124918 256.000000 224.927141 74.327664 71.262573 0.000000 46.320930 71.395198 72.102933 256.000000 214.377362 77.842487 142.264985 0.000000 31.941908 74.468849 136.961349 256.000000 225.576821
161.041867 5.844724 64.000000 15.966652 160.556184 4.353704 256.000000 252.080344 20.254105 134.187629 0.000000 25.552666 24.077431 128.917960 256.000000 210.229732 70.186109 181.051036 64.000000 12.834417 68.506467 181.893551 256.000000 255.810629 86.915593 157.158807 64.000000 15.071728 84.865016 159.174618 256.000000 236.044852
77.889853 85.567953 64.000000 16.285038 80.469011 80.094949 256.000000 244.641287 5.378222 113.953811 64.000000 23.823053 19.588169 117.065044 256.000000 235.352147 39.349835 123.611287 64.000000 27.488800 12.863336 106.727271 256.000000 232.620046 56.470044 56.806998 64.000000 9.164368 56.512636 58.554900 256.000000 237.722835
50.023753 84.927885 0.000000 23.754213 44.734071 89.999855 256.000000 230.679610 13.553318 51.330640 64.000000 12.034148 10.946902 50.512678 256.000000 240.631339 114.220584 108.074269 0.000000 10.016267 117.968395 112.939251 256.000000 234.538970 59.545993 127.158145 0.000000 30.207993 58.410516 122.168515 256.000000 225.219712
47.923200 147.186665 0.000000 20.178819 78.240236 157.326622 256.000000 249.498832 78.065762 97.425749 64.000000 19.266685 86.170007 92.296347 256.000000 232.361895 157.201389 74.905749 0.000000 10.420703 158.467556 74.513027 256.000000 246.921623 181.322598 52.368896 64.000000 33.043354 179.919560 52.637936 256.000000 204.700994
78.647229 104.157975 0.000000 24.012364 75.583829 101.986873 256.000000 236.784886 138.719820 131.456416 0.000000 19.950785 140.865015 127.971267 256.000000 227.168753 139.003009 131.048435 0.000000 23.285238 134.918113 121.755336 256.000000 240.407608 30.803400 141.084089 64.000000 24.313541 40.990182 140.551540 256.000000 235.360752
31.956840 86.672991 0.000000 20.445575 45.048389 90.714458 256.000000 221.683040 96.062287 105.025673 64.000000 10.201275 95.346236 105.518513 256.000000 225.675779 25.086847 44.216236 0.000000 22.127860 22.591904 45.058098 256.000000 241.775809 25.125196 95.443209 0.000000 9.573107 21.740880 93.200420 256.000000 244.615472
14.090802 56.578991 0.000000 11.535056 15.037084 57.992176 256.000000 259.429048 30.162336 15.381273 64.000000 62.618876 31.658516 16.504993 256.000000 211.322572 23.837776 111.246518 64.000000 17.747895 27.467038 115.159189 256.000000 241.065893 49.892187 37.287415 64.000000 30.164968 47.864904 39.811807 256.000000 232.848080
98.122733 89.400258 64.000000 21.293171 115.457353 90.282011 256.000000 239.585826 160.470915 29.340304 64.000000 49.349904 146.298467 31.481889 256.000000 196.965063 159.622700 40.634956 64.000000 19.623794 159.394805 40.847284 256.000000 248.999740 74.490836 168.381029 0.000000 12.176132 96.983411 164.893136 256.000000 207.695548
158.883605 148.252447 64.000000 24.829843 158.129485 147.413400 256.000000 229.406064 63.649609 45.218336 0.000000 23.427221 61.558869 44.521273 256.000000 241.840347 114.910576 61.105809 0.000000 30.608127 111.520813 63.836645 256.000000 216.365126 11.421742 95.545187 0.000000 12.907560 6.978993 95.032204 256.000000 245.381321
