72.942876 174.510153 64.000000 8.678183 72.935331 175.652227 256.000000 243.307506 58.044673 98.990267 64.000000 18.530954 61.916280 93.534705 256.000000 230.800080 74.642213 148.151905 0.000000 27.979288 71.921322 146.025013 256.000000 237.679810 58.220095 174.707680 64.000000 11.384468 221.087651 253.837624 256.000000 209.494001
46.241369 178.547485 64.000000 15.136265 34.600342 192.275784 256.000000 263.624005 94.266642 125.244471 0.000000 33.925370 66.352280 121.228765 256.000000 218.348587 103.516240 165.912778 0.000000 9.091225 124.590447 171.270542 256.000000 247.442228 58.053496 40.486815 64.000000 36.511185 29.940960 51.480869 256.000000 216.472689
31.076109 68.769667 0.000000 13.492703 27.947725 70.860773 256.000000 248.857757 123.770253 159.395282 64.000000 35.977672 107.932607 168.820549 256.000000 213.641631 21.791989 75.227451 0.000000 15.566517 26.627236 78.584315 256.000000 245.712615 102.155133 31.163438 64.000000 10.390586 102.148633 26.658016 256.000000 247.188379
44.517056 49.237293 64.000000 14.641476 40.114182 49.017720 256.000000 227.198871 17.617282 4.553747 64.000000 12.967795 16.764169 4.981395 256.000000 250.600277 28.227093 67.502085 0.000000 26.890750 35.349875 59.047953 256.000000 230.632282 22.483109 64.867433 64.000000 11.543661 23.275484 62.874809 256.000000 260.909115
52.787342 221.776605 64.000000 27.587758 56.796698 219.929216 256.000000 247.790732 16.173502 114.324422 64.000000 34.471790 14.021638 107.167040 256.000000 225.989863 44.179345 103.693007 0.000000 12.589174 43.950387 101.742444 256.000000 223.034032 12.484849 59.108718 64.000000 20.918852 15.814996 57.915140 256.000000 239.284650
96.973056 41.684207 64.000000 14.379022 95.741269 37.503840 256.000000 246.495673 69.380018 139.367293 0.000000 18.354550 72.203704 137.328740 256.000000 248.896479 93.146887 127.232491 0.000000 33.056261 85.909820 126.843378 256.000000 228.515442 28.112242 6.829707 64.000000 22.011692 30.253731 9.195540 256.000000 232.456551
83.080105 52.841676 64.000000 10.588502 85.822713 56.711007 256.000000 254.524176 96.261216 102.240560 0.000000 9.689275 101.467100 117.393053 256.000000 244.374531 153.679927 103.589647 0.000000 26.968195 139.760867 104.106675 256.000000 219.338167 150.187825 63.431075 0.000000 16.242013 149.985287 65.688002 256.000000 241.272414
16.451427 70.838936 0.000000 17.442416 17.785898 77.314669 256.000000 245.230732 57.912213 36.576029 0.000000 30.285438 33.289078 54.111567 256.000000 239.220112 111.492527 199.537553 0.000000 80.999242 112.847309 197.111404 256.000000 170.711086 97.223549 93.996600 0.000000 24.214583 91.989965 97.758793 256.000000 235.330634
58.172944 40.653816 0.000000 9.181578 63.734391 37.319909 256.000000 233.824752 142.348431 126.465167 64.000000 24.094112 141.456529 124.016318 256.000000 242.214666 88.439415 91.243116 0.000000 17.136937 91.540305 85.807149 256.000000 240.308650 109.057264 50.377209 64.000000 9.796838 109.973702 50.032700 256.000000 244.787573
9.584278 79.470791 0.000000 18.909575 9.525158 85.441798 256.000000 237.107575 88.675313 120.144640 64.000000 11.784602 87.759976 127.605458 256.000000 245.467371 135.755700 36.229218 64.000000 20.966180 130.973596 35.132444 256.000000 225.520888 58.448844 58.321016 0.000000 12.189039 53.860471 58.270782 256.000000 229.397459
39.349835 123.611287 64.000000 27.488800 12.863336 106.727271 256.000000 232.620046 46.984007 231.106142 64.000000 25.488128 50.700480 227.337616 256.000000 238.243440 38.465531 24.717051 0.000000 11.384468 38.233862 21.852053 256.000000 255.044781 19.199209 174.966216 64.000000 14.581240 22.110704 177.375264 256.000000 227.973325
24.529409 72.213922 64.000000 11.367258 22.018236 74.149442 256.000000 257.415469 83.431289 49.861398 64.000000 12.933375 86.793682 37.441764 256.000000 238.703810 142.202940 85.072442 0.000000 10.214182 141.535887 85.068822 256.000000 251.103672 88.109875 36.412302 0.000000 52.877971 89.813898 26.285031 256.000000 204.799952
78.845967 25.296516 64.000000 11.362955 79.713209 26.011787 256.000000 232.163979 53.973185 170.981429 64.000000 23.556297 69.816095 171.340127 256.000000 238.277860 132.131129 44.134942 64.000000 19.834617 130.912258 41.784644 256.000000 216.606067 23.966789 52.730016 64.000000 45.348561 25.986380 52.428940 256.000000 209.468186
150.424771 41.788862 64.000000 8.833074 150.526064 40.276320 256.000000 237.322701 56.620029 43.182800 0.000000 10.429308 61.308098 45.757582 256.000000 226.239409 128.866589 82.499996 64.000000 35.917437 123.414240 75.571740 256.000000 233.239609 41.000551 62.106598 0.000000 40.245772 8.264296 70.235424 256.000000 202.467986
20.583493 70.354220 64.000000 13.299089 17.056438 69.830698 256.000000 251.856613 34.252900 25.754662 0.000000 14.017610 41.080875 23.398345 256.000000 223.756855 0.605618 34.451922 0.000000 11.268300 2.386611 35.956529 256.000000 244.460581 64.225620 141.162820 64.000000 22.446247 61.346093 138.701193 256.000000 221.704553
45.281204 180.934733 0.000000 30.453237 90.591564 179.525515 256.000000 210.767547 3.583967 33.021016 64.000000 29.829371 26.459756 29.832671 256.000000 216.855613 52.346904 132.246356 0.000000 20.948970 60.052349 128.208524 256.000000 247.321757 29.713513 92.919611 0.000000 25.113809 35.026853 91.475105 256.000000 235.438197
105.071569 14.634342 64.000000 30.431724 108.495265 20.784867 256.000000 206.826439 6.523698 77.110531 0.000000 23.655255 10.385933 75.120715 256.000000 239.964448 71.916251 75.374965 64.000000 25.049271 66.209195 78.252682 256.000000 232.254332 12.270589 114.880549 64.000000 20.402550 10.415369 113.551918 256.000000 239.689087
77.762618 145.790369 64.000000 35.654983 96.157613 103.171665 256.000000 198.604323 174.838038 113.033160 0.000000 9.431124 175.789980 116.011880 256.000000 242.115708 71.465160 125.027213 0.000000 14.602753 69.091344 123.160171 320.000000 213.564185 153.700075 142.762785 64.000000 23.706885 151.518924 146.614142 256.000000 234.655138
147.272424 172.545504 64.000000 22.020297 150.909822 171.355885 256.000000 255.900982 97.214907 118.392118 0.000000 28.108363 98.051027 114.005069 256.000000 212.247614 13.513244 33.821187 64.000000 29.214111 24.690465 38.204073 256.000000 242.348044 40.963700 114.317300 64.000000 26.477708 35.802769 113.961044 256.000000 233.101929
110.987427 86.211798 0.000000 27.979288 107.569058 73.634915 256.000000 231.953156 4.463235 19.380567 0.000000 13.613173 7.779067 14.165244 256.000000 225.073426 163.979844 115.131871 0.000000 39.178747 158.267951 114.744727 256.000000 225.972653 46.650915 226.942393 0.000000 15.863391 51.632902 227.552911 256.000000 238.437053
157.636865 128.740796 64.000000 12.653711 157.658216 128.167076 256.000000 244.645590 159.789004 167.861336 64.000000 43.390914 143.833838 152.643767 256.000000 220.749394 89.623795 139.454258 64.000000 10.648737 90.329713 138.307607 256.000000 234.745491 97.946382 33.755636 64.000000 69.825597 101.721093 34.006345 256.000000 181.402848
41.570502 42.362024 0.000000 26.959590 18.637422 53.948271 256.000000 223.679410 96.109967 79.163733 64.000000 45.421704 94.951395 78.679838 256.000000 197.782542 94.148907 87.847555 64.000000 20.097071 93.539762 83.335596 256.000000 251.934059 35.345242 30.536282 64.000000 28.723624 35.489909 35.892005 256.000000 211.369900
93.684138 38.207685 64.000000 15.385812 99.126371 42.825204 256.000000 252.235235 5.305062 40.585373 64.000000 18.664332 6.465118 42.476422 256.000000 233.919407 92.294133 17.688755 0.000000 67.188152 92.158975 11.076227 256.000000 172.552565 109.178293 208.820035 0.000000 26.447590 116.202855 206.349249 256.000000 217.234235
33.755796 37.319493 64.000000 12.877442 34.717216 37.006160 256.000000 255.311537 157.199038 90.543456 0.000000 9.396704 159.097991 95.104860 256.000000 244.150800 130.749885 73.917576 0.000000 12.417073 137.001333 86.876558 256.000000 234.134533 19.205027 211.750049 64.000000 44.802141 15.435109 203.913884 256.000000 199.271214
107.275082 103.733887 64.000000 27.148901 112.043878 95.747878 256.000000 237.481894 165.172747 84.081820 64.000000 44.470847 154.515055 75.733013 256.000000 201.603180 53.661955 28.600135 0.000000 15.110450 62.388900 31.115484 256.000000 254.851167 10.305145 158.306155 64.000000 9.302048 13.138709 162.752987 256.000000 251.559739
74.443505 151.239495 0.000000 28.327792 85.114005 129.550442 256.000000 242.735271 46.082400 217.244378 0.000000 30.530682 42.868331 214.999304 256.000000 222.887746 44.533098 208.825487 0.000000 8.794351 47.987598 211.600984 256.000000 263.103401 21.185689 133.830636 64.000000 30.827556 29.023255 125.734742 256.000000 217.883915
76.686089 94.682004 64.000000 13.376535 74.836489 95.817151 256.000000 233.381592 101.081582 100.192813 64.000000 29.054918 97.308027 97.135184 256.000000 237.098970 68.490764 22.267918 0.000000 32.436698 64.191864 25.417991 256.000000 227.766804 28.279951 124.210575 0.000000 22.480667 28.494655 121.001169 256.000000 242.735271
15.325745 54.599267 0.000000 16.607727 16.104395 57.975176 256.000000 229.410366 93.966353 162.751149 64.000000 8.708300 94.984880 184.638104 256.000000 236.328819 33.234049 110.014884 64.000000 17.872668 33.733976 105.940980 256.000000 235.649020 30.601027 64.010555 0.000000 24.128532 25.637467 51.931947 256.000000 234.074298
153.533331 17.327927 0.000000 18.255592 152.310335 15.746818 256.000000 243.251573 97.943598 18.903022 64.000000 19.034348 98.183809 21.661776 256.000000 242.184548 38.254004 38.731680 0.000000 10.308838 31.402918 33.975369 256.000000 253.642159 91.476133 161.349276 0.000000 35.844294 85.764629 158.032751 256.000000 218.658369
5.021276 203.031544 0.000000 29.321674 16.870344 197.765195 256.000000 244.503607 53.140173 12.335458 64.000000 32.402278 52.753300 18.934149 256.000000 230.572047 63.849415 16.428629 64.000000 11.771695 65.285344 17.258493 256.000000 249.451505 31.153305 176.368505 0.000000 21.056533 21.794084 181.319244 256.000000 240.657154
156.140636 97.274996 0.000000 24.709372 154.839058 99.725629 256.000000 228.446602 60.049407 67.957269 64.000000 19.739962 61.863324 76.049518 256.000000 222.917864 112.226209 192.366913 64.000000 10.433611 117.396813 197.045798 256.000000 245.329690 86.240676 107.697598 0.000000 17.567189 75.580435 136.538080 256.000000 241.651036
64.751418 137.416467 0.000000 12.666619 71.910505 137.682371 256.000000 244.383136 62.898238 61.292500 64.000000 34.622378 59.497456 64.661307 256.000000 220.413797 121.052676 94.079282 0.000000 10.631527 125.678235 100.523535 256.000000 244.611170 161.686467 80.874689 0.000000 30.698480 169.642727 76.135938 256.000000 223.180317
