13.093662 127.743164 0.000000 10.928401 16.370362 129.791913 256.000000 248.689959 15.082284 122.299662 64.000000 19.972298 22.987689 126.197805 256.000000 248.547975 169.481160 114.341538 64.000000 41.743049 162.836040 107.508276 256.000000 228.278804 7.181407 91.196636 64.000000 72.157563 5.112496 89.648982 256.000000 178.120025
152.951329 130.691862 64.000000 58.798238 147.542842 132.309549 256.000000 191.651451 13.553318 51.330640 64.000000 12.034148 10.946902 50.512678 256.000000 240.631339 118.593547 84.944075 64.000000 9.035292 117.103122 84.730100 256.000000 258.323301 141.277691 73.545915 0.000000 17.020769 143.946927 69.409100 256.000000 229.337224
26.098249 156.443296 64.000000 21.727726 27.913878 157.807282 256.000000 230.899038 46.190585 138.151553 64.000000 13.518518 37.886489 92.406464 256.000000 244.834901 5.546067 68.419742 0.000000 17.476836 5.041155 76.078853 256.000000 229.720148 85.351931 103.371545 64.000000 32.178547 82.915269 98.333304 256.000000 227.194569
60.594265 28.603562 64.000000 12.812905 65.239616 30.453502 256.000000 230.485996 77.565922 8.814140 0.000000 10.076502 73.164125 5.977558 256.000000 244.843506 162.006562 36.291051 0.000000 21.275961 162.120491 39.549605 256.000000 240.579708 25.058431 61.405380 64.000000 34.088866 24.791035 63.617433 256.000000 210.113564
24.132382 176.895027 64.000000 33.404765 21.194095 174.309673 256.000000 219.376890 94.266642 125.244471 0.000000 33.925370 66.352280 121.228765 256.000000 218.348587 148.765993 7.334509 64.000000 18.939693 146.677049 2.459007 256.000000 242.920279 92.439795 65.796035 64.000000 15.902114 90.910322 62.362502 256.000000 241.281019
87.798120 159.362447 64.000000 12.214854 88.185938 158.725618 256.000000 256.107503 51.684540 110.577536 64.000000 14.572635 54.024842 110.175095 256.000000 230.529022 152.579013 60.908165 64.000000 35.164496 146.175858 63.428571 256.000000 220.474032 19.475255 101.299287 64.000000 18.061979 23.248405 103.874829 256.000000 233.192281
14.482218 67.183765 64.000000 47.650409 15.189240 61.694305 256.000000 224.036519 11.118744 72.995644 64.000000 21.443760 11.578755 75.608025 256.000000 241.573590 154.539476 126.376269 0.000000 39.402478 149.851107 131.688956 256.000000 225.692989 98.665180 24.831395 0.000000 11.836233 103.069560 27.066578 256.000000 251.430664
46.178275 29.422133 0.000000 11.031661 54.897660 25.254749 256.000000 247.812244 11.251509 98.851951 64.000000 22.747423 12.914169 100.737233 256.000000 248.948110 159.815622 107.648411 64.000000 18.427693 159.003949 112.403364 256.000000 227.203174 166.791573 139.291882 0.000000 17.162752 166.364198 137.962089 256.000000 227.319342
45.831289 226.182782 0.000000 49.263854 43.465255 196.948031 256.000000 205.174271 35.204924 5.215715 64.000000 24.515759 36.051058 6.800535 256.000000 239.439541 36.819338 206.405027 64.000000 41.540831 32.576715 201.103616 256.000000 216.713630 9.455731 161.047222 0.000000 21.972970 9.767551 155.147082 256.000000 229.982602
18.065640 105.683287 64.000000 20.376735 16.410825 102.677824 256.000000 239.766532 88.618120 25.502664 64.000000 24.119927 85.280796 23.907898 256.000000 221.825024 30.256831 25.515425 0.000000 15.321274 25.947367 28.371718 256.000000 241.642431 0.438909 134.105980 64.000000 24.864263 1.619302 134.154433 256.000000 234.586298
92.294133 17.688755 0.000000 67.188152 92.158975 11.076227 256.000000 172.552565 146.701682 106.894422 64.000000 14.353207 147.582804 106.098587 256.000000 237.395844 41.414605 50.706958 64.000000 14.916837 35.294895 48.668585 256.000000 242.279204 5.028629 103.858620 0.000000 20.475693 9.703865 102.446484 256.000000 240.519473
21.555256 48.313929 64.000000 10.308838 15.088200 46.085904 256.000000 242.447002 46.155164 184.400431 64.000000 9.035292 48.500418 187.267662 256.000000 249.103000 163.437736 127.803005 0.000000 12.434283 162.399393 122.902498 256.000000 234.293727 50.080778 83.394193 64.000000 11.715762 52.459424 81.479516 256.000000 255.242696
181.587629 87.649287 64.000000 32.148429 178.454827 99.727796 256.000000 234.517458 75.063675 7.713065 64.000000 43.692091 55.462804 24.241136 256.000000 213.491042 80.593551 159.330324 0.000000 10.218485 81.930224 158.629809 256.000000 224.075242 165.275338 63.736209 64.000000 30.216598 164.019822 65.284109 256.000000 215.582067
24.195180 91.397847 0.000000 17.068097 27.868476 107.730669 256.000000 214.618303 127.029964 41.753204 0.000000 23.379894 118.135356 34.721144 256.000000 217.746235 4.976124 184.436691 64.000000 24.644835 27.458049 186.315555 256.000000 233.114836 170.489527 69.569338 0.000000 32.221572 166.560180 74.591991 256.000000 220.289024
113.917131 164.009985 64.000000 15.540702 115.621775 161.483602 256.000000 229.690030 35.597676 70.812565 64.000000 16.328063 31.774456 69.988342 256.000000 242.989120 46.631578 21.601269 64.000000 31.761203 45.127693 31.239198 256.000000 226.609426 34.252900 25.754662 0.000000 14.017610 41.080875 23.398345 256.000000 223.756855
144.597144 107.601131 64.000000 19.520533 144.016987 107.317347 256.000000 239.676179 75.475818 19.049284 0.000000 13.957375 74.825027 22.295689 256.000000 233.786029 28.745509 26.369009 64.000000 20.312197 27.625155 29.692360 256.000000 220.917192 11.048927 40.141433 0.000000 14.792064 11.507427 43.371684 256.000000 241.474632
77.278762 39.951529 0.000000 8.979359 82.319436 41.315673 256.000000 245.966463 109.952689 33.821436 0.000000 10.674552 108.853456 31.638195 256.000000 238.574734 72.654287 146.215085 0.000000 22.386012 56.808718 154.967075 256.000000 229.397459 56.218849 151.250540 0.000000 15.153475 56.268862 150.566485 256.000000 233.928012
31.112453 25.280509 64.000000 13.139896 30.316035 26.897095 256.000000 246.362295 9.267062 20.964173 0.000000 39.096999 148.260442 79.160940 256.000000 218.916520 48.939193 121.161293 64.000000 18.784802 66.084849 120.823855 256.000000 232.417828 139.359196 156.429058 0.000000 27.333910 142.953096 150.496762 256.000000 218.185092
39.026744 92.786185 0.000000 16.229105 34.798407 91.434885 256.000000 243.294598 14.852133 105.945835 0.000000 20.914550 28.529904 97.159033 256.000000 231.824080 89.934624 78.981365 64.000000 32.333438 66.696462 86.533065 256.000000 229.083375 57.835878 184.764602 64.000000 8.665275 55.818347 187.807615 256.000000 245.037119
60.049407 67.957269 64.000000 19.739962 61.863324 76.049518 256.000000 222.917864 75.405413 96.421722 64.000000 17.610214 74.174098 96.916300 256.000000 241.655338 113.254827 8.670596 0.000000 24.799725 111.758084 9.849851 256.000000 236.229861 15.785791 225.167324 64.000000 29.325976 15.739805 223.739704 256.000000 230.800080
49.363851 83.144456 0.000000 14.572635 57.778165 84.433376 256.000000 229.939576 86.855347 117.892760 64.000000 14.172501 85.076131 118.514053 256.000000 234.332449 42.799125 150.224695 0.000000 16.887391 46.191645 148.552109 256.000000 234.255004 15.328124 91.622364 0.000000 11.780300 18.447360 91.602898 256.000000 241.311137
4.966942 141.416887 0.000000 14.077845 1.257238 139.361949 256.000000 238.273558 66.207973 26.328351 0.000000 25.445103 61.156398 26.081269 256.000000 222.935074 46.665349 99.270213 64.000000 58.441129 45.774451 97.515585 256.000000 191.741804 195.208287 94.690565 64.000000 17.248803 194.819473 95.400975 256.000000 242.477120
4.158878 4.415322 0.000000 21.267356 5.439978 7.520665 256.000000 218.215209 23.367335 23.716629 64.000000 48.777669 36.381840 43.230727 256.000000 217.389126 19.268498 76.583405 0.000000 12.309510 20.192465 72.181071 256.000000 234.934802 118.323649 0.285393 64.000000 27.333910 117.966153 3.391458 256.000000 222.603780
52.522338 110.110553 64.000000 11.754485 61.592113 121.634275 256.000000 241.293927 72.449498 129.064207 64.000000 74.566974 68.949367 130.917298 256.000000 198.230004 153.877229 162.902711 64.000000 62.291885 153.651149 164.894435 256.000000 181.011319 142.379885 118.598629 0.000000 22.028902 139.141715 119.957005 320.000000 223.206133
139.302869 66.163355 64.000000 20.510113 138.646609 69.850055 256.000000 238.660784 54.057385 129.659835 64.000000 11.027359 52.982258 129.559938 256.000000 249.451505 139.068671 170.719782 64.000000 14.611358 147.766949 167.312345 256.000000 253.547504 64.002536 193.795205 64.000000 23.706885 57.397611 194.005345 256.000000 231.613257
15.682024 21.540947 0.000000 13.716434 16.942878 23.395729 256.000000 213.293126 35.751500 7.476555 64.000000 21.086651 35.085953 9.439985 256.000000 247.881085 79.047073 40.867598 0.000000 35.814176 23.629425 63.112305 256.000000 206.271414 45.448820 219.410891 64.000000 39.712260 52.658175 217.205107 256.000000 208.573262
96.612778 173.789153 0.000000 19.202147 96.363655 172.467482 256.000000 254.562898 70.904251 126.044671 0.000000 8.802956 69.204889 125.821742 256.000000 249.812916 94.272764 47.003129 64.000000 12.804300 86.475536 38.093967 256.000000 253.254932 171.253438 51.658509 64.000000 17.519861 174.438636 57.400975 256.000000 238.819978
116.242722 64.678438 0.000000 27.678111 109.275975 65.386627 256.000000 218.469058 148.006478 0.278442 0.000000 54.482811 143.214396 9.506500 256.000000 203.289767 26.652920 118.370676 64.000000 9.775325 22.983507 116.779675 256.000000 233.884987 21.094405 74.985827 0.000000 14.379022 14.072387 77.396633 256.000000 233.545088
79.284345 74.961604 0.000000 12.059964 92.453340 65.939716 256.000000 250.324916 26.141271 48.385215 64.000000 23.100230 44.437356 37.610942 256.000000 236.341726 40.958264 138.690184 64.000000 23.276633 49.830764 133.852236 256.000000 214.519345 96.194053 38.862358 64.000000 17.231593 97.670802 41.942775 256.000000 242.132918
47.372095 48.746911 0.000000 23.151860 46.006085 51.279120 256.000000 226.093123 148.576569 79.538273 64.000000 16.001072 145.584018 82.853556 256.000000 230.103072 44.966851 99.179104 64.000000 13.195829 41.515000 101.531329 256.000000 233.622533 64.471196 29.882858 64.000000 20.075558 62.858795 33.901947 256.000000 233.471945
87.583602 49.363693 64.000000 15.622450 89.041685 53.979516 256.000000 236.952684 49.935911 89.968020 64.000000 18.857945 42.513369 88.536138 256.000000 251.064950 64.529318 124.844564 0.000000 10.102317 77.772925 131.697300 256.000000 244.951069 118.427195 143.747207 64.000000 43.816864 111.607353 141.160785 256.000000 203.276860
72.590818 166.390344 0.000000 12.881745 71.052045 166.887513 256.000000 245.428648 43.123520 194.401458 64.000000 42.220629 51.298576 181.461762 256.000000 218.421730 145.046724 65.422791 0.000000 17.287525 144.160035 67.327484 256.000000 227.177359 38.531262 139.901615 0.000000 9.009477 32.591716 147.580916 256.000000 261.507166
