98.728236 132.672549 64.000000 25.651624 103.194885 125.272420 256.000000 244.094867 41.570502 42.362024 0.000000 26.959590 18.637422 53.948271 256.000000 223.679410 60.061962 136.356849 64.000000 14.370417 49.133547 148.239076 256.000000 238.449961 8.644393 99.333869 64.000000 10.653040 10.688598 101.302244 256.000000 239.658969
68.458456 97.072009 64.000000 12.860232 76.500327 102.528635 256.000000 237.701322 62.555984 214.410405 64.000000 19.735659 60.756411 214.733724 256.000000 251.232748 181.112800 115.454598 0.000000 31.318043 175.674740 125.469545 256.000000 220.943007 53.268951 4.058127 64.000000 65.665060 52.366829 3.870707 256.000000 178.382479
14.850287 95.366520 0.000000 9.319258 15.986207 98.273255 256.000000 249.791404 106.783965 58.334618 0.000000 13.458283 111.159164 48.874620 256.000000 246.241825 62.113027 119.317091 0.000000 13.570148 68.498178 117.974380 256.000000 252.631067 34.638475 92.951553 64.000000 16.285038 38.269567 95.297475 256.000000 250.273286
130.691471 114.655087 0.000000 18.281407 130.434216 113.352582 256.000000 240.553893 79.870527 175.644660 64.000000 33.043354 88.389307 173.444984 256.000000 226.316855 150.369575 122.179767 64.000000 10.377678 152.552218 121.064765 256.000000 249.658026 185.862455 76.177904 64.000000 18.135122 184.838684 75.613564 256.000000 225.817762
86.855347 117.892760 64.000000 14.172501 85.076131 118.514053 256.000000 234.332449 15.157573 170.446331 64.000000 24.507154 14.758825 168.579733 256.000000 229.031745 74.796209 19.592949 0.000000 18.061979 73.733905 26.293395 256.000000 235.438197 62.919975 95.139313 0.000000 11.629712 66.446815 94.249202 256.000000 234.272214
19.937707 88.025576 64.000000 31.064194 34.100991 77.072924 256.000000 232.353290 56.140467 37.750471 0.000000 18.358853 44.333902 31.624933 256.000000 236.453592 140.427405 137.635998 64.000000 12.731157 139.585753 141.169060 256.000000 263.215266 148.548847 96.899904 64.000000 16.895996 150.210502 95.991184 256.000000 232.125257
17.457973 139.377976 64.000000 32.643219 32.364325 142.490380 256.000000 228.541257 151.442293 107.671864 64.000000 25.552666 150.375382 108.788444 256.000000 232.340383 15.161838 201.886393 0.000000 12.782787 20.434082 206.082456 256.000000 245.454463 104.989685 57.777318 0.000000 23.052902 109.966716 71.230445 256.000000 238.213322
97.214907 118.392118 0.000000 28.108363 98.051027 114.005069 256.000000 212.247614 59.400756 66.257655 0.000000 17.455324 53.912031 65.897824 256.000000 230.739845 45.119973 83.292022 0.000000 10.472334 45.390269 81.160973 256.000000 272.840003 165.172747 84.081820 64.000000 44.470847 154.515055 75.733013 256.000000 201.603180
7.790649 12.633595 64.000000 14.865207 14.198675 9.394529 256.000000 235.756583 96.336289 155.169251 0.000000 16.065610 97.191987 153.944267 256.000000 248.186564 117.644735 80.892209 0.000000 48.824997 107.854322 60.464051 256.000000 208.108590 29.280545 128.312682 0.000000 28.861304 19.087105 106.726178 256.000000 235.025155
84.697391 224.212200 64.000000 16.706685 88.005298 224.987984 256.000000 230.864618 126.234200 84.480582 64.000000 20.656399 124.116793 88.775825 256.000000 223.326603 7.084416 120.624135 0.000000 20.621978 11.450804 120.421480 256.000000 254.188579 70.432151 84.458938 64.000000 14.370417 71.337058 73.247193 256.000000 246.396715
75.267622 42.625889 64.000000 11.952401 73.296162 39.557118 256.000000 233.024483 58.251909 218.871456 64.000000 28.056733 58.119220 216.725662 256.000000 238.824280 119.879175 70.464253 0.000000 22.515087 117.308413 73.066993 256.000000 227.280619 30.256831 25.515425 0.000000 15.321274 25.947367 28.371718 256.000000 241.642431
125.762238 30.841602 64.000000 9.753813 130.985618 35.231709 256.000000 245.639472 85.572673 23.943569 64.000000 14.594148 84.446675 24.315627 256.000000 205.415212 53.640662 157.637787 64.000000 10.683157 57.684220 162.682249 256.000000 253.934730 156.198555 143.840356 0.000000 16.513072 159.704675 138.990362 256.000000 244.671405
89.705833 20.274925 64.000000 29.153876 87.514033 21.352495 256.000000 228.795106 39.362096 172.338411 64.000000 14.155291 34.278104 172.827585 256.000000 226.510468 131.577022 102.675576 0.000000 15.359996 138.563091 95.877391 256.000000 256.933587 158.883605 148.252447 64.000000 24.829843 158.129485 147.413400 256.000000 229.406064
49.892187 37.287415 64.000000 30.164968 47.864904 39.811807 256.000000 232.848080 67.758640 82.435720 64.000000 31.090010 56.862264 72.994607 256.000000 233.437525 159.808167 99.097080 64.000000 11.281207 159.384336 102.718131 256.000000 241.526263 8.300127 89.801678 64.000000 19.296802 6.376993 99.236922 256.000000 255.556780
144.405364 68.272315 0.000000 18.453508 141.194669 66.344664 256.000000 211.073026 161.442542 40.856015 64.000000 24.881473 159.380556 43.045298 256.000000 225.193897 9.455731 161.047222 0.000000 21.972970 9.767551 155.147082 256.000000 229.982602 152.312395 135.787160 64.000000 27.656599 152.673429 137.780225 256.000000 218.314167
1.917722 166.973631 0.000000 38.791520 5.371216 165.772051 256.000000 223.137292 164.101411 93.101604 0.000000 31.718177 133.859329 96.997445 256.000000 222.238066 64.662605 11.181360 0.000000 44.939821 55.699544 34.915304 256.000000 196.220727 116.549295 113.902927 64.000000 31.322346 96.423324 114.643404 256.000000 231.574534
113.468633 84.096015 64.000000 12.688131 115.961493 88.334045 256.000000 222.272486 73.997307 120.758804 0.000000 10.330351 74.055360 117.998982 256.000000 224.070939 32.166531 100.538376 64.000000 16.517374 25.684493 89.061575 256.000000 249.847336 30.973882 5.381245 0.000000 15.781643 35.100095 4.878649 256.000000 237.043037
1.639402 42.378987 0.000000 30.844766 17.879560 26.650825 256.000000 230.481694 153.700075 142.762785 64.000000 23.706885 151.518924 146.614142 256.000000 234.655138 141.041827 75.185195 64.000000 15.097543 140.389524 76.721962 256.000000 253.741117 94.434027 171.674604 0.000000 36.210008 62.868331 154.969798 256.000000 215.960689
75.312740 12.966951 64.000000 10.829443 78.306480 12.798785 256.000000 229.715845 52.540149 188.787756 0.000000 23.711188 20.196544 194.739711 256.000000 239.951540 18.316640 171.098609 0.000000 27.187624 19.114044 169.402533 256.000000 233.730096 17.764127 158.310864 64.000000 76.886032 22.311607 161.081811 256.000000 177.220799
47.886696 57.237067 0.000000 22.218213 48.257762 64.277667 256.000000 216.180117 6.651124 103.185187 0.000000 18.070584 3.407520 93.443140 256.000000 240.528078 81.712804 55.989925 64.000000 14.594148 86.219473 59.345944 256.000000 237.589457 11.357169 158.736756 64.000000 37.943924 11.785013 142.982613 256.000000 223.262065
21.322275 195.699245 0.000000 27.802884 2.009745 180.187549 256.000000 223.494401 46.052729 118.608520 0.000000 15.678383 38.172271 119.564787 256.000000 226.544888 14.784453 182.812158 0.000000 66.559984 19.165618 175.499438 256.000000 178.270614 8.914515 57.462842 0.000000 9.078317 10.021540 59.149860 256.000000 243.169825
42.815916 84.332536 64.000000 16.022584 43.966887 82.223796 256.000000 224.135477 36.688633 231.815058 64.000000 20.600466 32.564958 232.072155 256.000000 246.271942 81.747576 123.584000 64.000000 17.098214 75.401644 133.158278 256.000000 226.880485 107.173578 85.154125 0.000000 20.613373 104.785133 85.571400 256.000000 232.271542
63.086496 102.322907 0.000000 91.630768 64.676442 101.286049 256.000000 159.937576 52.169651 12.179229 0.000000 20.338012 55.766925 12.636495 256.000000 248.203774 39.859284 42.727444 64.000000 19.765777 54.200749 48.898438 256.000000 214.330034 75.990789 20.417165 64.000000 18.092097 74.838164 21.240980 256.000000 220.349259
0.527938 131.834005 64.000000 13.423862 15.571369 178.060720 256.000000 233.170769 48.157249 144.147985 64.000000 12.146014 47.918496 142.553751 256.000000 249.920479 18.666580 114.842220 64.000000 42.857402 26.320069 109.683573 256.000000 207.153430 77.391462 12.222647 0.000000 22.885104 75.507789 17.225609 256.000000 225.615544
101.081582 100.192813 64.000000 29.054918 97.308027 97.135184 256.000000 237.098970 62.656262 147.225169 64.000000 21.065138 59.139804 147.653849 256.000000 246.121354 47.679822 226.791865 64.000000 21.138281 54.550549 227.757656 256.000000 226.321157 18.991613 68.448116 64.000000 16.809946 17.026829 62.690295 256.000000 232.310265
92.960904 110.383084 0.000000 37.449134 83.805651 108.003365 256.000000 210.655682 62.372371 9.236544 0.000000 13.398047 69.340824 10.412525 256.000000 239.443843 61.004900 88.603551 64.000000 18.806315 62.210115 83.504678 256.000000 232.607139 3.814902 134.933911 64.000000 24.773910 6.125776 133.970811 256.000000 216.520016
46.519009 48.315947 0.000000 27.131691 42.953356 62.271975 256.000000 224.582939 79.423431 114.561280 0.000000 64.120456 76.715956 112.393089 256.000000 207.179246 116.760175 30.452893 0.000000 32.380766 116.362685 36.902824 256.000000 246.646262 37.005765 21.943620 64.000000 13.230249 36.310262 23.348309 256.000000 237.770163
124.808764 110.281867 0.000000 38.950714 115.917667 110.748651 256.000000 235.623205 23.966789 52.730016 64.000000 45.348561 25.986380 52.428940 256.000000 209.468186 165.035585 14.450569 64.000000 33.241270 163.927831 4.735687 256.000000 248.672748 142.202940 85.072442 0.000000 10.214182 141.535887 85.068822 256.000000 251.103672
50.864775 91.942558 0.000000 18.307223 44.109647 97.514236 256.000000 245.041422 106.617827 35.059389 64.000000 24.511456 96.387822 12.585675 256.000000 229.040350 13.461918 213.016715 0.000000 15.816064 7.276304 213.228458 256.000000 241.259506 40.628485 32.672102 64.000000 9.198788 39.844358 32.795158 256.000000 229.350131
7.889013 47.134002 64.000000 10.046384 7.561920 48.560191 256.000000 249.464412 124.456796 20.712153 64.000000 13.944467 126.527349 10.190551 256.000000 243.402161 29.956080 122.066191 0.000000 12.868837 32.562662 120.896256 256.000000 247.476648 78.430249 16.906520 64.000000 22.790448 77.421595 19.867620 256.000000 256.933587
16.037755 41.911029 64.000000 26.852027 19.964680 46.211531 256.000000 219.019781 184.485104 22.577491 0.000000 8.729813 246.110587 47.141845 256.000000 250.858429 73.662196 49.694669 64.000000 22.910919 75.720978 53.985982 256.000000 233.101929 29.381960 81.991144 64.000000 18.961206 39.770824 76.293391 256.000000 217.599949
24.132382 176.895027 64.000000 33.404765 21.194095 174.309673 256.000000 219.376890 147.170053 100.481864 64.000000 24.868566 163.232475 84.439664 256.000000 229.307106 96.207005 214.100720 0.000000 17.537072 95.215042 214.853131 256.000000 237.245255 43.389196 15.282133 64.000000 10.343258 41.361282 16.054664 256.000000 238.148785
