151.901049 56.908913 0.000000 26.116296 147.997085 62.667525 256.000000 215.039950 14.030765 16.218598 64.000000 10.997241 12.600456 16.723575 256.000000 261.201687 65.280440 73.275129 0.000000 16.117240 54.983560 67.066862 256.000000 231.286265 13.921880 27.833013 64.000000 8.695393 15.340996 28.094840 256.000000 247.657354
68.676755 97.329518 0.000000 10.893981 80.071449 97.603189 256.000000 262.789317 41.312635 159.526489 64.000000 9.465544 43.598678 160.349695 256.000000 243.699035 134.815598 195.551707 64.000000 30.956631 133.252640 194.638884 256.000000 217.522504 4.240124 193.735335 0.000000 9.018082 8.809062 196.803295 256.000000 221.825024
6.651124 103.185187 0.000000 18.070584 3.407520 93.443140 256.000000 240.528078 47.751684 69.775609 64.000000 23.655255 45.642691 72.342200 256.000000 249.434294 102.200178 182.719387 64.000000 42.147486 96.730018 177.133100 256.000000 207.549262 31.316693 133.275080 64.000000 45.331351 22.293304 130.921407 256.000000 219.673764
29.616918 21.785802 64.000000 24.773910 25.552400 22.861838 256.000000 243.612985 89.450833 99.594858 64.000000 37.367386 75.292851 100.659282 256.000000 224.062334 155.426913 160.143784 64.000000 11.978216 155.783631 159.557398 256.000000 256.180646 36.803989 68.999505 64.000000 13.707829 32.946824 71.777545 256.000000 247.472345
24.438327 108.965918 0.000000 10.962821 18.804429 115.202533 256.000000 249.124513 57.787293 57.263756 64.000000 12.253577 57.912429 59.420358 256.000000 265.469787 30.904484 44.759025 64.000000 22.923827 41.732453 52.470291 256.000000 206.193968 188.475942 75.457798 0.000000 16.676568 195.724895 67.573100 256.000000 249.021253
88.437036 23.932658 0.000000 13.832602 89.975596 25.366416 256.000000 241.861859 4.463235 19.380567 0.000000 13.613173 7.779067 14.165244 256.000000 225.073426 129.884696 33.697445 64.000000 24.984734 127.836040 34.679527 256.000000 237.679810 88.109875 36.412302 0.000000 52.877971 89.813898 26.285031 256.000000 204.799952
44.966851 99.179104 64.000000 13.195829 41.515000 101.531329 256.000000 233.622533 152.579013 60.908165 64.000000 35.164496 146.175858 63.428571 256.000000 220.474032 163.169618 162.807631 0.000000 24.511456 154.146571 178.700358 256.000000 211.757127 23.966789 52.730016 64.000000 45.348561 25.986380 52.428940 256.000000 209.468186
86.345122 194.990869 64.000000 24.016667 45.345547 218.577109 256.000000 220.676251 28.774467 37.713642 64.000000 10.571292 27.133800 38.544455 256.000000 241.922095 144.199602 176.502027 0.000000 40.848125 141.510327 175.496847 256.000000 212.871480 78.580771 29.415876 0.000000 30.414514 41.367289 62.637673 256.000000 231.161492
62.656262 147.225169 64.000000 21.065138 59.139804 147.653849 256.000000 246.121354 90.350904 11.028051 0.000000 20.406852 85.184633 9.819584 256.000000 233.747307 53.661955 28.600135 0.000000 15.110450 62.388900 31.115484 256.000000 254.851167 59.327098 68.003565 64.000000 12.189039 62.064053 63.624916 256.000000 251.129487
171.756169 97.278235 64.000000 50.890207 173.679142 92.712084 256.000000 225.082031 33.074387 133.408133 0.000000 57.985062 37.764327 133.033509 256.000000 194.904156 15.225238 88.469391 0.000000 16.939021 5.100496 85.295575 256.000000 247.390597 83.252893 77.560065 64.000000 30.625337 81.332967 78.212635 256.000000 210.638472
85.005984 179.346047 0.000000 16.147358 92.355156 177.921355 256.000000 230.597862 87.388289 135.514242 64.000000 22.046112 84.256416 133.996405 256.000000 220.736486 48.587464 195.872418 64.000000 23.285238 49.182605 193.615165 256.000000 244.365926 23.612231 94.760198 64.000000 24.421104 32.886558 107.965547 256.000000 231.286265
21.991518 89.476091 0.000000 20.208936 28.650509 87.545947 256.000000 234.211979 69.806155 115.182895 64.000000 27.351120 69.585222 121.251102 256.000000 243.152615 188.159351 57.394378 64.000000 27.824397 182.440475 56.088122 256.000000 238.953356 59.453129 229.706502 64.000000 19.120399 62.289287 218.725742 256.000000 233.394500
70.758284 173.444356 0.000000 13.316299 151.137287 224.848138 256.000000 259.213922 92.678140 121.839024 0.000000 26.314212 92.213302 116.312642 256.000000 233.351475 143.075353 68.552007 0.000000 17.330551 150.792107 70.077338 256.000000 228.179846 93.684138 38.207685 64.000000 15.385812 99.126371 42.825204 256.000000 252.235235
29.946147 153.844311 64.000000 9.362284 31.836524 155.488087 256.000000 242.976212 94.650325 193.325262 64.000000 12.649409 86.701016 214.280115 256.000000 241.121826 79.469556 116.580662 0.000000 15.273946 80.211518 115.131736 256.000000 266.790660 103.157171 43.395056 64.000000 43.231721 98.445544 42.642645 256.000000 211.800152
147.290587 146.193787 0.000000 23.431524 154.603685 161.775776 256.000000 242.386767 80.368753 80.796496 0.000000 9.052502 86.351784 80.322413 256.000000 247.795034 112.060669 36.213835 0.000000 30.646850 101.057571 42.127413 256.000000 219.622133 13.513244 33.821187 64.000000 29.214111 24.690465 38.204073 256.000000 242.348044
35.751500 7.476555 64.000000 21.086651 35.085953 9.439985 256.000000 247.881085 75.149773 150.736220 64.000000 45.933704 74.603380 143.938525 256.000000 220.332049 24.094909 156.069013 0.000000 18.595491 13.543698 147.584393 256.000000 234.637928 69.407207 148.833780 0.000000 19.425878 60.431453 153.939020 256.000000 238.733927
5.911460 199.200055 64.000000 20.118584 9.231800 199.166485 256.000000 228.825224 52.915431 59.181100 0.000000 9.844166 51.823020 62.176018 256.000000 240.902397 10.347745 217.035631 64.000000 11.986821 12.258838 218.012185 256.000000 269.187164 27.782458 117.830753 0.000000 25.677439 31.767049 114.080293 256.000000 236.070667
159.272715 149.674216 0.000000 40.034949 136.460920 146.499356 256.000000 211.559211 45.384304 146.176827 0.000000 27.850212 42.212729 144.778989 256.000000 225.262737 59.478576 86.928327 0.000000 31.959119 48.646847 86.509744 256.000000 229.272686 88.323542 100.934291 0.000000 9.947426 86.655818 100.619905 256.000000 254.433823
41.700735 51.203125 0.000000 11.087594 35.239185 47.821978 256.000000 232.942735 64.068427 31.294415 0.000000 27.893237 63.823462 34.800502 256.000000 213.908387 116.741838 106.678200 0.000000 24.085507 115.533627 104.107596 256.000000 236.660113 29.280545 128.312682 0.000000 28.861304 19.087105 106.726178 256.000000 235.025155
59.264524 137.895904 64.000000 8.605040 59.049818 137.394698 320.000000 259.390326 12.881842 105.930407 64.000000 11.608199 8.669916 114.052153 256.000000 220.951612 81.419949 72.489691 64.000000 20.084163 87.647044 48.056416 256.000000 235.020852 142.665589 81.746907 64.000000 14.921139 140.675096 82.010513 256.000000 233.992550
57.632387 160.330416 0.000000 19.111794 57.006187 156.714769 256.000000 241.087406 21.185689 133.830636 64.000000 30.827556 29.023255 125.734742 256.000000 217.883915 1.227775 55.553544 64.000000 21.594348 0.440296 61.168384 256.000000 247.924110 41.942809 94.164776 0.000000 18.130819 12.363785 97.294225 256.000000 250.677723
64.906593 33.819460 0.000000 18.246987 59.952438 33.324735 256.000000 251.017622 64.687129 6.903504 0.000000 27.996498 101.731467 39.558956 256.000000 225.103544 101.455913 38.546889 0.000000 8.768536 101.687258 39.058967 256.000000 246.921623 45.174371 94.850118 0.000000 41.213839 58.268271 91.865520 256.000000 205.793834
82.952795 20.976025 64.000000 19.924970 84.307851 23.789213 256.000000 236.982802 18.076787 31.939278 64.000000 26.490616 17.616893 35.631551 256.000000 250.664815 24.564615 98.704742 0.000000 14.211224 18.134645 108.095731 256.000000 237.942264 22.435744 139.690320 64.000000 21.043625 21.471347 138.413524 256.000000 230.447274
13.555787 59.993227 64.000000 16.655055 17.883084 57.413640 256.000000 232.632954 72.709500 94.936333 0.000000 23.569205 69.644238 83.672320 256.000000 236.939776 42.037045 109.095725 0.000000 12.877442 47.470951 108.203542 256.000000 227.508653 91.709065 69.476822 64.000000 10.863863 90.823562 68.257062 256.000000 248.672748
77.889853 85.567953 64.000000 16.285038 80.469011 80.094949 256.000000 244.641287 184.485104 22.577491 0.000000 8.729813 246.110587 47.141845 256.000000 250.858429 38.015253 5.082533 64.000000 16.831458 32.586729 4.569671 256.000000 239.762230 100.805047 73.027649 0.000000 29.205506 85.628064 64.617882 256.000000 236.926869
98.728236 132.672549 64.000000 25.651624 103.194885 125.272420 256.000000 244.094867 30.026451 59.621100 64.000000 20.071256 19.329796 65.854378 256.000000 237.963776 74.490836 168.381029 0.000000 12.176132 96.983411 164.893136 256.000000 207.695548 70.186109 181.051036 64.000000 12.834417 68.506467 181.893551 256.000000 255.810629
79.800715 159.033807 0.000000 26.137809 76.794038 157.952244 256.000000 229.169425 36.333775 108.164769 0.000000 13.015123 41.984209 110.498958 256.000000 221.708856 67.418625 185.281969 64.000000 16.448534 54.856196 188.052656 256.000000 239.452448 73.343100 11.098700 64.000000 9.990451 72.430671 11.060415 256.000000 234.332449
152.761169 36.093205 64.000000 40.241470 145.420842 35.643447 256.000000 212.647748 2.507265 170.963735 0.000000 43.825469 4.644995 166.098387 256.000000 207.433094 155.733487 49.415509 0.000000 23.057205 159.773731 45.326771 256.000000 240.373187 4.285720 177.997860 0.000000 14.404837 4.489453 181.195715 256.000000 240.657154
48.084229 6.813491 64.000000 19.929273 47.013373 8.912018 256.000000 227.827039 116.927267 50.514565 64.000000 15.949442 116.425447 50.378444 256.000000 233.884987 109.010311 96.435138 64.000000 32.694849 116.407407 90.731064 256.000000 223.382536 127.029964 41.753204 0.000000 23.379894 118.135356 34.721144 256.000000 217.746235
131.540971 86.441609 0.000000 44.178275 109.987515 85.328582 256.000000 214.145025 110.917571 84.519185 64.000000 38.395688 112.323393 80.582662 256.000000 230.103072 7.790649 12.633595 64.000000 14.865207 14.198675 9.394529 256.000000 235.756583 19.256665 20.994462 64.000000 14.047728 23.530936 19.781402 320.000000 243.367741
172.451571 40.298064 0.000000 11.664132 173.004613 39.114371 256.000000 233.958130 136.248000 144.723802 0.000000 13.746551 134.835607 145.342985 256.000000 217.152487 114.910576 61.105809 0.000000 30.608127 111.520813 63.836645 256.000000 216.365126 19.063405 82.194638 0.000000 12.098686 18.735064 80.002362 256.000000 253.977756
92.098718 7.506725 64.000000 9.439729 90.167178 5.304175 256.000000 238.884515 13.797833 106.434813 0.000000 33.370345 8.943909 81.408900 256.000000 211.197799 124.808764 110.281867 0.000000 38.950714 115.917667 110.748651 256.000000 235.623205 57.964849 104.716009 0.000000 26.839120 42.853911 147.904305 256.000000 215.349731
