63.849415 16.428629 64.000000 11.771695 65.285344 17.258493 256.000000 249.451505 84.035451 70.293936 64.000000 17.709172 82.737115 69.356382 256.000000 217.931243 37.128682 209.947736 64.000000 42.637973 40.818209 200.328075 256.000000 224.875510 58.552840 68.627649 0.000000 14.168198 54.684716 66.679809 256.000000 243.862531
27.623780 135.372816 0.000000 14.594148 31.704938 135.985402 256.000000 226.970838 9.152967 130.897638 64.000000 21.861104 14.392218 131.789358 256.000000 227.736686 115.898905 141.016955 0.000000 15.273946 115.587024 139.910907 256.000000 239.869793 34.786049 72.602835 0.000000 20.036836 39.927136 63.342615 256.000000 236.255676
158.317913 63.045402 64.000000 15.114753 158.071907 62.875995 256.000000 254.584411 73.092509 83.654636 64.000000 25.303120 71.742478 85.635738 256.000000 240.936817 74.835955 67.031935 64.000000 9.194485 75.739980 67.593013 320.000000 256.580780 81.242320 48.158545 64.000000 17.132635 79.009900 47.323480 256.000000 239.878398
5.988435 179.693427 0.000000 15.962349 11.974409 188.253905 256.000000 246.667774 14.869778 19.332051 64.000000 10.941308 17.178911 17.355649 256.000000 257.875839 27.203595 217.591258 64.000000 21.611558 8.829842 224.207747 256.000000 239.314767 60.143769 149.743200 64.000000 25.010549 59.805822 147.700695 256.000000 227.805526
45.448820 219.410891 64.000000 39.712260 52.658175 217.205107 256.000000 208.573262 115.685365 86.907631 0.000000 17.532769 114.181987 85.446993 256.000000 226.824552 65.918182 120.615969 0.000000 13.139896 65.741402 118.790269 256.000000 241.255204 44.517056 49.237293 64.000000 14.641476 40.114182 49.017720 256.000000 227.198871
96.447595 41.145758 0.000000 15.243828 95.498624 39.183069 256.000000 219.019781 15.188089 47.475756 64.000000 10.825140 10.176431 47.506073 256.000000 244.129287 149.856107 180.420089 0.000000 20.479995 147.349976 180.802047 256.000000 229.793291 163.367113 58.669175 64.000000 29.162481 160.824184 58.805540 256.000000 214.958202
48.137982 105.288596 0.000000 18.027559 44.245367 101.207942 256.000000 225.464956 39.566238 99.110196 64.000000 28.848397 50.694376 89.868204 256.000000 227.934602 34.808618 77.658471 0.000000 21.938549 44.048896 77.742629 256.000000 220.689158 23.079665 119.896364 64.000000 30.311253 22.858191 113.349829 256.000000 235.347844
129.389435 79.868800 0.000000 18.259895 129.046084 86.194867 256.000000 230.481694 56.872687 141.665075 0.000000 39.652024 54.075995 129.489362 256.000000 221.033360 99.229991 206.418760 0.000000 54.616189 84.117907 202.048698 256.000000 180.649907 59.327098 68.003565 64.000000 12.189039 62.064053 63.624916 256.000000 251.129487
2.544538 105.740947 0.000000 38.993739 23.165204 100.272358 256.000000 223.292183 56.242111 42.000722 64.000000 12.817207 62.357973 41.430800 256.000000 249.386967 46.471756 148.689376 64.000000 16.590517 47.204900 147.818342 256.000000 225.594031 165.545651 67.371949 64.000000 28.852699 161.488829 63.384355 256.000000 227.525863
94.723938 119.518218 0.000000 43.653368 82.232989 132.856856 256.000000 208.478607 76.775320 121.437031 0.000000 39.329335 66.930407 116.192222 256.000000 227.865762 78.804971 81.486353 0.000000 13.944467 76.353407 86.730913 256.000000 236.526734 10.276265 48.949949 0.000000 24.649137 8.105729 56.923951 256.000000 242.989120
102.155133 31.163438 64.000000 10.390586 102.148633 26.658016 256.000000 247.188379 8.113747 53.216009 64.000000 11.909375 10.561229 53.852869 256.000000 250.544345 55.942131 43.230262 64.000000 29.244228 61.755340 54.428833 256.000000 18.117912 16.451427 70.838936 0.000000 17.442416 17.785898 77.314669 256.000000 245.230732
45.940813 73.010498 64.000000 32.165640 47.056675 80.176718 256.000000 220.904284 24.752631 164.304925 0.000000 35.672193 26.991518 159.301218 256.000000 225.675779 15.313413 51.961855 64.000000 78.650066 18.620264 55.702796 256.000000 198.066508 56.620029 43.182800 0.000000 10.429308 61.308098 45.757582 256.000000 226.239409
98.219449 154.243025 64.000000 234.840147 96.511273 150.019949 256.000000 27.097271 34.105015 226.791178 0.000000 10.394888 24.707860 234.605787 256.000000 237.309793 58.251909 218.871456 64.000000 28.056733 58.119220 216.725662 256.000000 238.824280 56.500242 102.336145 64.000000 12.206249 59.234082 99.523696 256.000000 256.890562
108.173004 161.623525 64.000000 10.067897 112.719587 161.493844 256.000000 225.064821 28.112242 6.829707 64.000000 22.011692 30.253731 9.195540 256.000000 232.456551 116.760175 30.452893 0.000000 32.380766 116.362685 36.902824 256.000000 246.646262 60.288956 46.268758 64.000000 27.579153 96.437015 52.291064 256.000000 227.358064
85.201038 94.137667 64.000000 52.159450 88.005147 90.100456 256.000000 200.790003 133.226416 129.285793 64.000000 19.826012 132.518765 129.250275 256.000000 225.615544 4.992951 181.424720 0.000000 19.202147 20.148673 187.752198 256.000000 249.240681 78.633282 74.603893 64.000000 13.802484 77.151465 74.256727 256.000000 241.427305
53.140138 90.721827 0.000000 11.449006 49.790127 94.767793 256.000000 248.909387 32.055738 37.808475 64.000000 11.423191 33.659311 39.624451 256.000000 235.524247 35.509413 25.335669 0.000000 21.301777 18.160662 21.108951 256.000000 239.314767 64.286815 50.635289 64.000000 16.052702 62.493636 52.732860 256.000000 243.436582
18.296187 71.388333 64.000000 9.271931 17.698105 72.988236 256.000000 254.115436 16.206864 203.503047 64.000000 12.950585 28.679293 233.255189 256.000000 269.686256 114.072673 36.623033 0.000000 36.025000 99.112085 39.936271 256.000000 232.632954 29.888629 62.214222 64.000000 14.426350 36.590316 58.375109 256.000000 233.532181
107.357842 164.456444 0.000000 16.409811 111.253740 163.561815 256.000000 224.841090 117.835844 146.331633 64.000000 10.657342 135.091704 160.822471 256.000000 243.088077 68.771984 151.948189 64.000000 27.234952 65.926095 148.043449 256.000000 234.758399 144.199602 176.502027 0.000000 40.848125 141.510327 175.496847 256.000000 212.871480
52.999216 60.084933 64.000000 14.568333 56.043005 49.738511 256.000000 272.728138 74.729205 121.672260 0.000000 9.977544 84.987644 139.594825 256.000000 247.136749 15.082284 122.299662 64.000000 19.972298 22.987689 126.197805 256.000000 248.547975 85.885245 103.005378 64.000000 15.540702 88.346680 99.598531 256.000000 245.704010
95.115367 96.375140 64.000000 16.134450 101.549136 90.896447 256.000000 239.073826 142.965671 185.970033 0.000000 23.990852 128.374420 198.523238 256.000000 234.599206 140.562364 84.719956 0.000000 10.721880 145.847924 92.889665 256.000000 239.572919 104.022325 99.088260 0.000000 24.902986 104.811847 94.821456 256.000000 244.340111
55.828980 34.006345 0.000000 11.986821 59.985369 35.944773 256.000000 238.927541 188.751613 109.595669 0.000000 23.173373 189.521100 128.740815 256.000000 235.683441 46.729082 82.186998 64.000000 11.431796 46.744396 85.291149 256.000000 261.804039 21.980498 26.896685 64.000000 29.463657 20.862264 37.833138 256.000000 210.707312
9.149860 87.675865 64.000000 20.131491 12.331047 86.876873 256.000000 229.832013 23.808085 126.217093 0.000000 9.839863 26.788376 127.805269 256.000000 230.344013 146.022342 65.184469 64.000000 32.273203 137.681942 61.783749 256.000000 214.988319 75.048467 92.262544 0.000000 12.016938 76.483789 90.420353 256.000000 250.634698
181.322598 52.368896 64.000000 33.043354 179.919560 52.637936 256.000000 204.700994 97.929387 131.742087 0.000000 23.762818 109.110260 119.680545 256.000000 242.907372 74.586067 104.770325 64.000000 54.577466 78.019969 104.089387 256.000000 226.656754 59.812391 80.055664 64.000000 16.069912 56.701885 77.541724 256.000000 249.576278
19.986335 87.858624 0.000000 25.285910 34.566704 61.353236 256.000000 228.975812 81.811805 129.247435 64.000000 12.675224 79.551275 133.135431 256.000000 244.658497 100.316613 197.790725 0.000000 12.059964 99.980967 198.044084 256.000000 254.541386 38.531262 139.901615 0.000000 9.009477 32.591716 147.580916 256.000000 261.507166
46.178275 29.422133 0.000000 11.031661 54.897660 25.254749 256.000000 247.812244 24.212991 100.730153 64.000000 9.401006 28.501140 101.350276 256.000000 256.761486 94.888725 140.321900 64.000000 43.838376 88.362362 140.031658 256.000000 221.304419 165.479765 29.813153 0.000000 8.914821 166.030249 26.809551 256.000000 231.716517
72.882442 94.234165 64.000000 15.910719 97.727387 91.469945 256.000000 240.876582 75.747816 185.336402 64.000000 18.505139 72.733284 186.129804 256.000000 232.271542 1.233144 119.627404 0.000000 42.100158 7.022495 115.315484 256.000000 208.788388 28.185555 105.637638 0.000000 30.775926 35.167456 96.739195 256.000000 222.784486
42.548493 75.733609 0.000000 9.650552 46.900813 48.657265 256.000000 240.011776 58.444822 107.412560 0.000000 27.290884 72.155915 92.379602 256.000000 231.583139 72.709500 94.936333 0.000000 23.569205 69.644238 83.672320 256.000000 236.939776 73.523582 162.914169 64.000000 17.584399 57.941073 177.223365 256.000000 222.500519
143.966589 124.482551 64.000000 32.552866 140.858622 129.037945 256.000000 232.697492 19.252420 134.098738 64.000000 15.545005 8.807758 139.724531 256.000000 241.534868 165.287056 55.697962 0.000000 13.114081 166.013711 56.938884 256.000000 259.764645 37.655033 153.227924 64.000000 13.234552 33.636993 154.167338 256.000000 224.853998
73.997307 120.758804 0.000000 10.330351 74.055360 117.998982 256.000000 224.070939 115.171384 132.500165 0.000000 11.590989 114.915982 131.948744 256.000000 237.154902 16.590156 27.671845 64.000000 13.243157 9.357991 26.881149 256.000000 249.421387 23.642853 40.564773 64.000000 11.483426 20.955455 24.413289 256.000000 227.039678
163.979844 115.131871 0.000000 39.178747 158.267951 114.744727 256.000000 225.972653 14.969855 76.519402 64.000000 20.148701 23.040969 70.603035 256.000000 221.816419 167.626524 73.014195 0.000000 33.357438 164.684542 67.915265 256.000000 226.377090 38.824896 37.357022 64.000000 9.947426 42.073756 36.990547 256.000000 246.241825
163.169618 162.807631 0.000000 24.511456 154.146571 178.700358 256.000000 211.757127 31.118965 34.032187 64.000000 21.882617 33.962080 35.908582 256.000000 234.603508 79.469556 116.580662 0.000000 15.273946 80.211518 115.131736 256.000000 266.790660 146.701682 106.894422 64.000000 14.353207 147.582804 106.098587 256.000000 237.395844
130.133320 150.897453 0.000000 42.582040 128.896280 147.662304 256.000000 218.107646 19.058364 203.735855 0.000000 15.562215 23.494800 205.882587 256.000000 223.571847 143.637673 176.206000 64.000000 16.470047 143.462527 179.996942 256.000000 238.579037 152.761169 36.093205 64.000000 40.241470 145.420842 35.643447 256.000000 212.647748
