70.511225 63.814355 0.000000 24.481339 67.401758 68.055002 256.000000 231.105559 86.240676 107.697598 0.000000 17.567189 75.580435 136.538080 256.000000 241.651036 16.732105 103.885873 64.000000 12.787089 10.233678 105.868785 256.000000 257.893049 141.221475 44.428722 0.000000 31.980631 125.657727 44.355827 256.000000 208.568960
92.125876 171.729896 64.000000 26.301305 86.615889 169.568402 256.000000 211.782942 110.796727 82.435969 0.000000 27.518918 106.904756 78.346173 256.000000 233.265424 108.583824 189.215696 64.000000 22.893709 106.953207 188.123215 256.000000 215.736958 55.942131 43.230262 64.000000 29.244228 61.755340 54.428833 256.000000 18.117912
137.580589 85.048947 64.000000 51.341971 136.812022 86.169258 256.000000 195.429063 160.296611 75.350218 0.000000 14.052030 159.650173 75.749093 256.000000 243.724850 105.743756 7.283765 64.000000 30.582312 100.690031 6.537680 256.000000 221.893864 106.548775 175.091702 0.000000 15.428837 107.809227 176.075142 256.000000 232.632954
16.411013 69.167498 0.000000 32.187152 39.747429 69.893911 256.000000 229.363039 139.233920 86.963915 0.000000 32.565774 136.470338 90.050258 256.000000 224.578636 94.272764 47.003129 64.000000 12.804300 86.475536 38.093967 256.000000 253.254932 142.965671 185.970033 0.000000 23.990852 128.374420 198.523238 256.000000 234.599206
71.023216 63.951844 0.000000 20.828499 72.865535 60.527355 256.000000 255.100713 70.389482 188.853487 0.000000 19.412970 69.231745 188.717593 256.000000 245.596447 81.361473 204.010049 0.000000 20.277777 76.136909 205.684436 256.000000 239.340583 137.357720 82.995456 64.000000 28.826884 134.777480 82.831547 256.000000 230.627980
74.153193 167.339555 0.000000 23.814448 57.889880 170.657751 256.000000 221.420587 207.341722 47.929733 64.000000 29.579825 227.884289 22.640351 256.000000 225.292855 87.966331 128.340711 64.000000 18.900970 76.491693 135.948353 256.000000 230.791475 52.999216 60.084933 64.000000 14.568333 56.043005 49.738511 256.000000 272.728138
133.226416 129.285793 64.000000 19.826012 132.518765 129.250275 256.000000 225.615544 104.968340 48.248435 64.000000 28.594548 98.099460 49.973287 256.000000 230.197728 110.210865 13.316127 0.000000 50.481467 116.592729 15.847740 256.000000 184.023083 55.891318 89.126193 0.000000 19.597979 48.841965 92.939464 256.000000 239.899910
150.671322 96.960249 64.000000 33.581169 122.653864 79.592762 256.000000 225.809157 58.567322 87.668222 0.000000 21.770751 52.500033 89.371300 256.000000 237.598062 40.341053 154.911600 64.000000 8.768536 33.807640 164.238951 256.000000 243.118195 13.291520 77.492585 0.000000 15.773038 15.412796 75.082600 256.000000 230.929156
90.028933 86.139129 0.000000 8.712603 90.394191 86.657938 256.000000 251.301588 131.229369 99.171653 0.000000 31.692362 124.735569 97.548769 256.000000 225.611241 110.403438 120.472965 64.000000 18.070584 109.402216 125.930116 256.000000 220.667646 77.329744 59.770865 0.000000 15.979559 75.291253 35.729687 256.000000 249.916177
77.558213 67.133800 64.000000 16.039795 75.250956 67.667193 256.000000 241.956515 31.455138 206.806145 0.000000 24.799725 34.976915 205.374885 256.000000 235.429592 65.223040 58.899631 0.000000 35.039723 57.230173 57.425175 256.000000 217.359008 172.045913 72.252447 64.000000 18.660029 170.577453 76.519153 256.000000 235.963104
156.884247 27.547645 0.000000 13.965980 158.255411 18.071980 256.000000 241.861859 70.059447 40.627078 0.000000 10.416401 67.387935 37.223835 256.000000 243.471002 80.593551 159.330324 0.000000 10.218485 81.930224 158.629809 256.000000 224.075242 10.891887 71.017107 64.000000 14.826484 4.004833 64.198100 256.000000 252.360008
49.576649 73.565502 64.000000 17.197172 46.647031 70.089664 256.000000 226.544888 45.863222 182.546398 0.000000 11.294115 60.562124 195.353315 256.000000 249.408479 14.729805 113.737736 64.000000 24.571692 21.342771 110.310700 256.000000 237.481894 72.449498 129.064207 64.000000 74.566974 68.949367 130.917298 256.000000 198.230004
16.206691 55.065833 64.000000 21.465272 8.386422 57.140327 256.000000 235.231676 88.673895 31.046265 64.000000 31.124430 89.829105 38.183251 256.000000 226.101729 89.881287 165.504169 0.000000 14.572635 97.509929 164.477176 256.000000 228.123913 1.451038 67.424847 0.000000 14.323089 4.434645 68.756905 256.000000 252.480479
64.141738 204.197344 0.000000 10.003359 56.645269 210.446476 256.000000 245.742732 11.234502 162.589795 64.000000 41.747352 14.092980 159.458022 256.000000 204.855885 34.972565 132.696405 0.000000 17.524164 41.282658 130.684051 256.000000 229.178030 38.120913 44.102691 64.000000 23.431524 29.927740 42.458340 256.000000 223.623477
43.564235 88.838036 0.000000 50.623450 44.300958 79.105024 256.000000 217.075042 135.696373 116.789975 0.000000 27.419960 128.959089 123.292525 256.000000 205.780927 99.852451 83.127598 0.000000 14.292971 118.388578 63.542069 256.000000 250.342126 66.747329 138.622520 64.000000 40.125302 73.366047 150.043260 256.000000 212.991950
146.022342 65.184469 64.000000 32.273203 137.681942 61.783749 256.000000 214.988319 14.445035 170.771375 64.000000 18.457811 34.498649 176.156344 256.000000 251.538227 109.634384 164.132573 64.000000 17.919996 97.009676 187.852329 256.000000 238.226230 20.740631 54.454364 64.000000 14.895324 23.587220 53.190880 256.000000 253.620646
74.049742 57.527575 0.000000 12.021241 72.133887 52.705895 256.000000 243.582867 21.434338 106.635644 64.000000 23.504667 22.198865 103.332280 256.000000 232.525391 116.901824 55.167865 64.000000 18.948298 128.195413 77.873984 256.000000 246.999068 54.516300 54.771025 0.000000 13.643291 60.864553 56.003304 256.000000 260.973653
131.577022 102.675576 0.000000 15.359996 138.563091 95.877391 256.000000 256.933587 186.278844 71.675176 0.000000 36.489672 182.392795 70.995082 256.000000 205.849767 89.700211 94.653529 64.000000 23.973641 92.076336 95.113953 256.000000 215.212050 119.290305 87.546973 0.000000 14.288669 118.817613 89.562053 256.000000 257.923166
133.659033 94.166764 64.000000 56.599651 119.005035 115.297727 256.000000 194.241568 10.155067 131.231324 64.000000 28.573035 14.609642 128.645198 256.000000 217.849495 156.749382 58.024435 64.000000 31.434211 153.765280 57.189662 256.000000 226.041493 61.920364 105.716627 0.000000 27.613573 63.386567 103.370213 256.000000 228.653123
131.343136 101.392327 64.000000 17.554282 130.179824 103.665585 256.000000 250.363639 111.581669 146.014815 0.000000 51.045097 106.470185 143.044705 256.000000 226.045796 48.451271 62.107658 64.000000 22.265541 42.227267 60.676765 256.000000 236.376146 75.568415 138.576705 64.000000 26.770279 79.276976 134.921578 256.000000 243.466699
137.735602 108.646315 0.000000 16.745408 140.418202 104.396458 256.000000 235.472617 138.782155 183.946978 0.000000 31.279320 138.003609 179.953180 256.000000 230.679610 45.418075 12.638735 64.000000 19.421575 41.598425 13.417487 256.000000 232.753424 132.442878 41.438422 64.000000 14.822181 134.209129 43.463771 256.000000 261.782527
151.010216 121.704836 0.000000 14.972770 150.976073 119.644971 256.000000 239.813860 28.774467 37.713642 64.000000 10.571292 27.133800 38.544455 256.000000 241.922095 105.658153 47.655338 64.000000 25.987221 98.176578 33.380776 256.000000 237.051642 21.024187 192.143004 64.000000 29.123758 15.268413 190.704620 256.000000 236.948381
151.148724 58.828400 0.000000 74.829428 148.539413 62.815736 256.000000 182.108462 150.379762 136.279678 64.000000 35.125773 145.195724 136.252169 256.000000 224.122569 72.586358 113.054887 0.000000 22.889406 70.152636 109.747233 256.000000 238.191810 155.503529 103.224636 0.000000 12.253577 155.578818 103.241340 256.000000 245.949253
92.678140 121.839024 0.000000 26.314212 92.213302 116.312642 256.000000 233.351475 25.823909 87.685482 0.000000 12.176132 29.892762 87.371789 256.000000 223.141595 121.442291 181.548744 0.000000 32.970211 120.713916 180.451158 256.000000 227.185964 109.575876 19.426349 64.000000 11.522149 108.179529 16.076033 256.000000 253.508781
13.921880 27.833013 64.000000 8.695393 15.340996 28.094840 256.000000 247.657354 47.069705 153.587285 64.000000 12.903257 42.083744 158.445293 256.000000 237.391541 63.516565 130.275618 64.000000 13.673409 64.216416 128.633415 256.000000 238.764045 56.800791 182.492545 0.000000 11.083292 57.420520 182.318491 256.000000 231.540114
4.479284 105.573858 64.000000 22.110650 6.219300 103.285645 256.000000 240.975540 69.851945 80.169831 0.000000 17.382181 65.372311 61.783133 256.000000 220.878469 32.049758 4.973905 64.000000 9.891493 33.376600 4.871907 256.000000 236.944079 10.742836 27.627824 0.000000 9.284838 7.385667 28.892633 256.000000 258.680410
108.269135 30.678375 64.000000 27.131691 115.198393 39.756293 256.000000 224.823880 22.380451 133.679298 64.000000 10.274418 21.531140 132.988784 256.000000 235.601693 51.145773 39.748740 0.000000 9.697880 56.182845 40.607776 256.000000 248.801824 104.970118 135.263640 64.000000 21.069440 149.060313 131.708565 256.000000 222.861931
84.758864 108.953011 0.000000 11.565174 91.747073 106.610056 256.000000 251.017622 81.712804 55.989925 64.000000 14.594148 86.219473 59.345944 256.000000 237.589457 17.100105 118.406747 0.000000 22.175188 24.432918 114.749136 256.000000 212.699379 93.684138 38.207685 64.000000 15.385812 99.126371 42.825204 256.000000 252.235235
10.305145 158.306155 64.000000 9.302048 13.138709 162.752987 256.000000 251.559739 67.546869 5.642018 0.000000 19.955088 64.991044 7.361489 256.000000 229.741660 92.504467 61.062667 64.000000 69.455580 93.207616 63.989582 256.000000 189.719619 113.475704 67.711318 0.000000 38.017067 107.703027 58.502596 256.000000 215.220655
113.871618 58.505378 0.000000 9.603225 114.990095 61.005585 256.000000 233.252517 174.820789 25.125349 64.000000 26.099086 172.631455 24.796078 256.000000 208.001027 84.919511 59.400660 0.000000 10.747695 93.667787 60.232098 256.000000 225.344485 170.316742 44.902938 0.000000 33.895253 166.304284 56.071504 256.000000 231.690702
1.233144 119.627404 0.000000 42.100158 7.022495 115.315484 256.000000 208.788388 29.694536 47.710027 64.000000 25.182650 17.141520 41.389595 256.000000 259.609754 59.841618 20.034662 64.000000 29.343186 53.887813 20.854253 256.000000 235.167138 5.205269 66.485267 64.000000 10.042082 3.189556 63.327524 256.000000 243.914161
33.205169 192.485147 64.000000 23.526179 31.253951 190.350936 256.000000 236.789188 97.214907 118.392118 0.000000 28.108363 98.051027 114.005069 256.000000 212.247614 13.553318 51.330640 64.000000 12.034148 10.946902 50.512678 256.000000 240.631339 107.981827 157.480871 0.000000 23.237911 107.476584 152.200029 256.000000 234.689558
