159.475629 62.099385 0.000000 12.391258 189.379187 45.749211 256.000000 231.548719 22.435744 139.690320 64.000000 21.043625 21.471347 138.413524 256.000000 230.447274 175.543178 85.086227 0.000000 19.963693 174.736551 86.618920 256.000000 235.455407 0.056676 107.772167 64.000000 29.850884 4.112976 95.806347 256.000000 223.158805
19.063405 82.194638 0.000000 12.098686 18.735064 80.002362 256.000000 253.977756 32.055738 37.808475 64.000000 11.423191 33.659311 39.624451 256.000000 235.524247 59.018656 41.933965 0.000000 29.162481 81.145153 39.994233 256.000000 228.166938 91.340982 46.994002 64.000000 37.264126 87.788562 45.146371 256.000000 245.729825
105.388869 114.415595 64.000000 12.744064 104.406769 118.127204 256.000000 247.003371 168.059118 53.524882 64.000000 36.278849 165.008598 54.261125 256.000000 197.378105 152.635251 39.261951 64.000000 15.011492 152.336173 39.033353 256.000000 266.300173 72.207015 61.908698 0.000000 9.172973 72.561862 58.157789 256.000000 248.251101
85.856175 89.203447 64.000000 25.526851 82.553251 91.437209 256.000000 236.010432 173.068765 58.004120 0.000000 72.454437 169.674589 56.385384 256.000000 211.774337 17.878158 45.282936 0.000000 55.128189 27.035513 65.937796 256.000000 192.339854 42.336000 130.452362 64.000000 33.998513 39.173491 128.995505 256.000000 216.498504
48.252062 199.269482 64.000000 24.369473 36.802178 202.660624 256.000000 221.949797 107.357842 164.456444 0.000000 16.409811 111.253740 163.561815 256.000000 224.841090 65.730865 56.223460 64.000000 18.423391 77.502529 53.352165 256.000000 243.492514 44.662424 27.565818 0.000000 85.374904 43.917420 25.724880 256.000000 167.918751
38.234715 101.464567 0.000000 11.771695 33.615055 104.709889 256.000000 249.597790 59.545993 127.158145 0.000000 30.207993 58.410516 122.168515 256.000000 225.219712 157.199038 90.543456 0.000000 9.396704 159.097991 95.104860 256.000000 244.150800 16.270458 34.220911 0.000000 14.379022 17.385667 24.841049 256.000000 237.907843
78.647229 104.157975 0.000000 24.012364 75.583829 101.986873 256.000000 236.784886 58.444822 107.412560 0.000000 27.290884 72.155915 92.379602 256.000000 231.583139 25.439902 85.267993 64.000000 9.254721 26.206829 87.478611 256.000000 242.261994 147.993624 116.040238 0.000000 37.926714 140.706900 112.123869 256.000000 239.138364
38.894698 8.981445 0.000000 10.416401 20.254798 0.551256 256.000000 237.283978 173.573109 77.450638 0.000000 11.281207 186.941595 88.078853 256.000000 282.305547 35.588591 58.633684 0.000000 19.357037 39.532822 60.909033 256.000000 239.805255 31.153305 176.368505 0.000000 21.056533 21.794084 181.319244 256.000000 240.657154
53.268951 4.058127 64.000000 65.665060 52.366829 3.870707 256.000000 178.382479 66.836358 42.210073 0.000000 29.003287 70.883471 56.940798 256.000000 219.781327 47.923200 147.186665 0.000000 20.178819 78.240236 157.326622 256.000000 249.498832 147.384633 183.011729 64.000000 41.003016 101.998853 117.513596 256.000000 189.155989
83.720505 137.598227 0.000000 32.230177 72.188998 146.475255 256.000000 223.778368 168.783373 140.140029 0.000000 50.541702 161.636398 134.392633 256.000000 204.580523 90.196784 40.513240 64.000000 12.765577 88.165184 39.900018 256.000000 246.388110 62.719085 89.034095 0.000000 27.966380 57.275456 82.794547 256.000000 231.746635
117.644735 80.892209 0.000000 48.824997 107.854322 60.464051 256.000000 208.108590 129.389435 79.868800 0.000000 18.259895 129.046084 86.194867 256.000000 230.481694 18.164351 151.501191 64.000000 9.667762 20.520647 153.281125 256.000000 243.711943 33.434273 104.462471 64.000000 14.546820 13.259400 112.166098 256.000000 233.394500
106.164738 20.007655 0.000000 9.624737 202.340300 30.829687 256.000000 241.225086 150.187825 63.431075 0.000000 16.242013 149.985287 65.688002 256.000000 241.272414 90.623665 76.589364 0.000000 11.453308 89.523520 75.939436 256.000000 253.530294 60.288956 46.268758 64.000000 27.579153 96.437015 52.291064 256.000000 227.358064
14.784453 182.812158 0.000000 66.559984 19.165618 175.499438 256.000000 178.270614 49.544925 30.558664 0.000000 12.331022 49.022853 31.148525 256.000000 240.364582 37.835218 61.834804 0.000000 13.707829 37.273224 66.981462 256.000000 246.710799 53.398900 83.365705 0.000000 17.808130 45.555049 86.423829 256.000000 240.016078
70.799038 75.032696 64.000000 9.930216 69.181987 74.833878 256.000000 245.002699 2.701676 129.711416 0.000000 33.671522 9.942500 118.365160 256.000000 229.354434 65.391489 178.651325 64.000000 13.892837 77.305909 187.586278 256.000000 281.918320 25.675795 61.913976 64.000000 9.456939 29.558096 61.259249 256.000000 244.968279
136.782882 30.098458 0.000000 9.925914 137.427907 26.600540 256.000000 243.901254 35.017213 23.356598 0.000000 11.074686 38.275025 17.827604 256.000000 244.538027 148.548847 96.899904 64.000000 16.895996 150.210502 95.991184 256.000000 232.125257 121.954842 151.493387 64.000000 40.357638 119.416884 144.441493 256.000000 224.139779
74.914142 150.424442 64.000000 32.475421 82.964829 136.717625 256.000000 218.430335 52.958107 148.508600 64.000000 35.069841 57.502473 147.311713 256.000000 214.695748 9.250653 11.833258 64.000000 17.089609 10.334025 12.598653 256.000000 248.040278 164.055222 41.706422 64.000000 11.449006 164.696631 42.703036 256.000000 246.637656
69.241518 79.585076 0.000000 17.997441 72.583980 90.443456 256.000000 229.040350 38.785744 0.852631 0.000000 23.263726 43.076189 3.907884 256.000000 229.926669 13.024358 80.982916 64.000000 24.498549 12.151293 77.039136 256.000000 222.053057 21.185689 133.830636 64.000000 30.827556 29.023255 125.734742 256.000000 217.883915
58.172944 40.653816 0.000000 9.181578 63.734391 37.319909 256.000000 233.824752 60.969207 61.452349 64.000000 38.090210 65.407462 99.406040 256.000000 223.799880 123.770253 159.395282 64.000000 35.977672 107.932607 168.820549 256.000000 213.641631 149.856107 180.420089 0.000000 20.479995 147.349976 180.802047 256.000000 229.793291
100.934615 51.768831 64.000000 17.532769 99.247660 50.494000 256.000000 231.793962 64.471196 29.882858 64.000000 20.075558 62.858795 33.901947 256.000000 233.471945 148.765993 7.334509 64.000000 18.939693 146.677049 2.459007 256.000000 242.920279 22.716860 50.697636 0.000000 11.504938 25.135127 49.011104 256.000000 234.272214
0.947956 2.850824 0.000000 30.311253 4.612867 8.332322 256.000000 224.621662 122.533220 122.046825 0.000000 11.371560 124.117011 117.390629 256.000000 233.695676 185.595218 68.547236 0.000000 25.526851 182.730076 67.714244 256.000000 194.689030 95.135831 195.090295 64.000000 9.818351 100.592029 196.401156 256.000000 237.021524
12.039702 77.171676 64.000000 10.825140 8.762440 76.430444 256.000000 229.264081 84.697391 224.212200 64.000000 16.706685 88.005298 224.987984 256.000000 230.864618 139.988422 153.281815 0.000000 10.786418 144.404969 151.643400 256.000000 244.817691 40.963700 114.317300 64.000000 26.477708 35.802769 113.961044 256.000000 233.101929
47.124589 10.764462 0.000000 17.364971 56.820447 16.095051 256.000000 232.757727 109.634384 164.132573 64.000000 17.919996 97.009676 187.852329 256.000000 238.226230 69.221236 71.078984 64.000000 25.935591 63.253809 65.758380 256.000000 232.314567 19.832740 68.273069 0.000000 21.525508 22.135431 69.780500 256.000000 226.519073
157.415973 160.637811 0.000000 8.751326 158.073685 162.645442 256.000000 262.139636 139.233920 86.963915 0.000000 32.565774 136.470338 90.050258 256.000000 224.578636 8.238425 154.979611 0.000000 8.622250 3.976993 155.641309 256.000000 247.928412 24.438327 108.965918 0.000000 10.962821 18.804429 115.202533 256.000000 249.124513
45.588224 93.926962 0.000000 18.401878 43.714458 90.305822 256.000000 242.885859 170.281976 118.606555 64.000000 40.168327 165.353196 116.893511 256.000000 208.470002 173.826325 86.343700 64.000000 40.293100 164.016867 75.063773 256.000000 206.641431 55.035293 48.505095 0.000000 21.732029 54.992909 57.312585 256.000000 243.681825
142.456384 114.602956 0.000000 23.857473 148.095938 97.537513 256.000000 236.105088 69.608513 139.944938 0.000000 23.160465 62.413695 142.583749 256.000000 215.702538 172.451571 40.298064 0.000000 11.664132 173.004613 39.114371 256.000000 233.958130 72.709500 94.936333 0.000000 23.569205 69.644238 83.672320 256.000000 236.939776
67.439509 115.580562 0.000000 12.649409 67.551038 111.647540 256.000000 220.258906 98.122733 89.400258 64.000000 21.293171 115.457353 90.282011 256.000000 239.585826 46.155164 184.400431 64.000000 9.035292 48.500418 187.267662 256.000000 249.103000 62.909633 97.187435 64.000000 27.665204 58.158573 84.806785 256.000000 225.667174
120.472304 78.864029 64.000000 16.698080 137.644362 59.180933 256.000000 259.923838 126.685978 52.513716 64.000000 13.049543 127.249775 47.647140 256.000000 225.125056 59.725165 220.897838 0.000000 35.306479 61.405193 215.350700 256.000000 222.414469 32.466309 42.197318 0.000000 24.253305 40.271478 43.071835 256.000000 237.770163
74.960144 42.872325 64.000000 18.354550 71.614485 35.894024 256.000000 234.242096 185.563185 99.238276 64.000000 46.346745 180.505309 101.188209 256.000000 202.657297 11.357169 158.736756 64.000000 37.943924 11.785013 142.982613 256.000000 223.262065 8.699338 188.126031 0.000000 14.654383 15.404667 191.257300 256.000000 238.544616
82.519460 9.956218 64.000000 12.184737 80.994987 11.113695 256.000000 236.427777 100.920725 116.924640 64.000000 12.279392 110.426282 128.914495 256.000000 251.052042 86.054456 21.124729 64.000000 39.690747 54.594147 39.677087 256.000000 218.361495 1.084342 89.236000 0.000000 27.613573 21.978064 82.761682 256.000000 217.952756
120.886653 25.189740 0.000000 24.016667 130.826069 32.251265 256.000000 240.781927 72.130456 52.445524 64.000000 11.767392 68.567898 42.176740 256.000000 246.267640 114.756555 17.650269 64.000000 13.286182 113.724267 21.688500 256.000000 244.925254 68.321127 94.754893 0.000000 10.386283 65.276951 96.803535 256.000000 238.006801
111.450676 38.638220 0.000000 27.140296 103.887784 29.200589 256.000000 225.129359 21.325813 112.887322 0.000000 14.069240 5.971511 120.541265 256.000000 230.485996 25.561853 129.749089 64.000000 17.377878 31.072649 127.752660 256.000000 225.082031 124.382680 104.121811 64.000000 34.846109 120.939525 98.889824 256.000000 207.312624
42.632949 164.737391 64.000000 46.437098 39.801280 154.872471 256.000000 220.116923 41.928820 101.312849 64.000000 15.304064 46.245891 101.398636 256.000000 240.123641 103.906342 0.936804 64.000000 52.159450 89.145633 39.366002 256.000000 212.669261 93.684138 38.207685 64.000000 15.385812 99.126371 42.825204 256.000000 252.235235
