50.134136 3.463867 0.000000 10.958518 51.506767 3.544225 256.000000 254.188579 161.686467 80.874689 0.000000 30.698480 169.642727 76.135938 256.000000 223.180317 76.191195 98.129945 0.000000 13.316299 82.417433 92.809682 256.000000 230.189123 97.554780 137.052558 0.000000 61.986406 98.580233 137.763589 256.000000 199.124928
46.695131 22.464902 0.000000 23.990852 32.772991 29.688725 256.000000 252.093252 34.341385 79.661265 0.000000 12.976400 37.365235 83.138824 256.000000 245.983673 116.734149 86.541982 0.000000 18.888063 115.059240 90.344104 256.000000 237.697020 162.411309 109.305433 64.000000 15.992467 162.289307 110.974229 256.000000 243.810901
148.236722 4.904602 0.000000 27.863120 142.849525 8.796605 256.000000 224.139779 124.736273 99.645225 0.000000 8.785746 145.680918 101.369289 256.000000 256.021453 122.841618 56.583229 0.000000 26.606784 118.281218 45.986187 256.000000 242.795506 114.072673 36.623033 0.000000 36.025000 99.112085 39.936271 256.000000 232.632954
76.394438 87.966216 64.000000 16.117240 75.379951 95.895389 256.000000 249.296614 5.378222 113.953811 64.000000 23.823053 19.588169 117.065044 256.000000 235.352147 180.565675 49.925264 0.000000 35.599050 175.744987 52.588249 256.000000 218.103344 97.499765 36.890596 0.000000 19.438785 92.297222 32.846067 256.000000 234.069996
25.741325 83.203553 0.000000 12.632199 25.503578 84.724435 256.000000 263.929484 34.438675 212.674455 64.000000 10.029174 35.939467 213.739004 256.000000 239.331978 11.372622 198.468335 0.000000 15.622450 8.677087 197.582853 256.000000 236.453592 70.059447 40.627078 0.000000 10.416401 67.387935 37.223835 256.000000 243.471002
88.394333 141.505998 0.000000 22.984062 86.661536 143.775362 256.000000 205.707784 34.786049 72.602835 0.000000 20.036836 39.927136 63.342615 256.000000 236.255676 104.599913 202.186678 0.000000 9.517174 102.669380 204.977955 256.000000 241.861859 147.221033 52.833153 64.000000 10.747695 153.982162 39.153536 256.000000 229.535139
69.851945 80.169831 0.000000 17.382181 65.372311 61.783133 256.000000 220.878469 89.461985 209.755156 0.000000 28.499892 86.891244 203.354164 256.000000 247.911202 152.579013 60.908165 64.000000 35.164496 146.175858 63.428571 256.000000 220.474032 62.951735 51.813664 0.000000 11.552266 66.781045 51.882369 256.000000 255.926797
11.897767 45.138449 0.000000 16.414114 6.494055 48.661905 256.000000 237.271070 64.529318 124.844564 0.000000 10.102317 77.772925 131.697300 256.000000 244.951069 90.595055 52.285195 64.000000 24.541574 122.847760 76.193265 256.000000 234.508853 128.804040 148.781818 0.000000 26.245372 135.315860 134.567553 256.000000 218.744419
9.280864 66.225465 0.000000 17.029374 6.905862 63.754227 256.000000 237.628180 45.940813 73.010498 64.000000 32.165640 47.056675 80.176718 256.000000 220.904284 101.476091 31.544180 64.000000 10.123830 117.105069 24.156165 256.000000 254.833957 43.618418 62.736093 64.000000 25.376263 31.993635 57.415096 256.000000 232.680282
8.732173 177.810320 0.000000 72.914806 13.220344 185.585609 256.000000 183.179789 90.839356 130.963618 64.000000 41.403150 92.251387 128.158002 256.000000 193.174543 75.463338 43.785785 0.000000 13.884232 74.352098 45.001156 256.000000 225.490771 85.150622 13.599844 64.000000 22.063323 82.363233 10.367373 256.000000 254.266024
147.272424 172.545504 64.000000 22.020297 150.909822 171.355885 256.000000 255.900982 118.865211 28.761565 64.000000 27.299489 110.616838 27.917971 256.000000 240.562498 136.248000 144.723802 0.000000 13.746551 134.835607 145.342985 256.000000 217.152487 113.254827 8.670596 0.000000 24.799725 111.758084 9.849851 256.000000 236.229861
114.810940 161.103371 0.000000 51.070912 114.397065 164.275742 256.000000 187.452191 152.171862 46.451996 0.000000 18.948298 147.548582 43.290236 320.000000 231.849895 62.719085 89.034095 0.000000 27.966380 57.275456 82.794547 256.000000 231.746635 1.639402 42.378987 0.000000 30.844766 17.879560 26.650825 256.000000 230.481694
41.282485 96.886015 64.000000 10.855258 42.372475 95.191016 256.000000 241.379977 107.868685 160.927658 64.000000 40.904058 102.078180 158.922391 256.000000 225.030401 179.955591 65.637891 64.000000 36.442344 176.763462 68.254240 256.000000 205.742204 82.786665 81.488080 64.000000 57.227819 83.202158 82.519247 256.000000 195.923853
15.225238 88.469391 0.000000 16.939021 5.100496 85.295575 256.000000 247.390597 75.577900 192.186353 64.000000 36.197101 78.581713 184.134404 256.000000 210.384623 131.027647 169.788111 64.000000 54.297802 127.859631 168.259569 256.000000 202.661600 80.531773 195.532182 64.000000 40.039251 76.005631 198.973893 256.000000 179.242983
14.350007 117.136873 64.000000 11.195157 12.633284 115.492778 256.000000 235.507037 83.216415 152.896895 64.000000 27.566246 80.995709 148.958987 256.000000 235.451104 39.669145 36.135285 0.000000 10.743392 38.885196 37.179896 256.000000 231.264753 163.580989 120.388940 0.000000 49.539215 161.892516 121.031529 256.000000 203.427448
51.628005 115.314165 64.000000 23.973641 56.216255 113.246545 256.000000 257.333721 94.148907 87.847555 64.000000 20.097071 93.539762 83.335596 256.000000 251.934059 16.678658 44.736020 0.000000 16.513072 15.393980 48.678627 256.000000 223.941863 14.850287 95.366520 0.000000 9.319258 15.986207 98.273255 256.000000 249.791404
185.496556 132.705613 64.000000 32.415186 184.539244 130.231300 256.000000 224.780855 94.667820 102.690209 64.000000 33.671522 95.388856 90.139018 256.000000 227.938905 145.046724 65.422791 0.000000 17.287525 144.160035 67.327484 256.000000 227.177359 34.012198 13.216204 64.000000 24.773910 71.474385 5.651200 256.000000 235.636113
130.749885 73.917576 0.000000 12.417073 137.001333 86.876558 256.000000 234.134533 43.874738 162.946385 0.000000 42.891822 37.417649 128.111991 256.000000 247.110934 120.723844 132.333969 0.000000 35.345202 112.367627 128.631611 256.000000 212.346572 10.934598 140.493740 0.000000 19.804500 10.474267 136.759464 256.000000 240.317255
133.226416 129.285793 64.000000 19.826012 132.518765 129.250275 256.000000 225.615544 41.700735 51.203125 0.000000 11.087594 35.239185 47.821978 256.000000 232.942735 105.897573 56.397411 64.000000 11.165039 108.012365 53.540315 256.000000 240.945423 96.264164 112.989044 64.000000 27.123086 94.972973 113.882147 256.000000 229.500719
13.751682 198.480631 0.000000 35.284967 16.449680 193.237898 256.000000 211.580724 48.400620 206.119347 0.000000 9.603225 60.396851 215.309384 256.000000 257.768276 151.841298 165.223275 0.000000 11.857745 151.699791 170.095996 256.000000 228.532652 56.003727 88.560378 0.000000 17.519861 60.262858 95.827624 256.000000 248.393085
26.512969 107.131907 64.000000 16.715290 29.340222 104.404925 256.000000 245.850295 99.089029 73.494718 64.000000 39.114209 53.255862 54.557236 256.000000 229.517929 119.563222 77.530716 0.000000 15.889206 118.144687 77.751587 256.000000 225.589729 15.163807 110.402044 64.000000 15.566517 13.531762 110.427789 256.000000 241.956515
153.533331 17.327927 0.000000 18.255592 152.310335 15.746818 256.000000 243.251573 138.388160 88.469353 64.000000 21.869709 137.630013 89.454436 256.000000 235.205861 185.563185 99.238276 64.000000 46.346745 180.505309 101.188209 256.000000 202.657297 66.207973 26.328351 0.000000 25.445103 61.156398 26.081269 256.000000 222.935074
62.098900 194.153253 0.000000 13.182921 61.542473 196.333678 256.000000 241.960817 73.258085 84.299040 64.000000 21.400734 72.378600 77.572285 256.000000 233.596718 15.319420 101.852258 64.000000 42.926242 31.404909 73.934305 256.000000 217.204117 41.393347 160.618440 0.000000 29.984262 44.174309 155.624511 256.000000 227.018165
65.730865 56.223460 64.000000 18.423391 77.502529 53.352165 256.000000 243.492514 111.434924 88.846395 64.000000 26.090481 108.329645 88.081482 256.000000 230.985089 151.901049 56.908913 0.000000 26.116296 147.997085 62.667525 256.000000 215.039950 149.490084 172.727353 0.000000 20.406852 147.461636 174.041707 256.000000 240.033288
11.766098 120.078949 64.000000 19.391458 16.382707 123.211927 256.000000 249.800009 163.169618 162.807631 0.000000 24.511456 154.146571 178.700358 256.000000 211.757127 27.104142 141.954716 64.000000 12.658014 32.343491 146.555096 256.000000 258.994494 19.538933 112.978591 0.000000 8.927729 16.000482 122.827129 256.000000 246.185892
70.551589 97.984116 0.000000 10.476636 68.978185 100.345242 256.000000 254.644646 15.251038 88.282773 0.000000 11.225275 7.638380 99.938511 256.000000 244.159405 169.816267 20.145122 64.000000 23.250818 169.491811 22.667358 256.000000 207.932187 124.053538 53.369256 0.000000 48.472190 125.107080 52.732958 256.000000 220.525663
65.462491 119.861738 64.000000 13.002215 68.523924 117.247624 256.000000 240.179574 130.506791 127.606509 64.000000 26.064666 129.787873 126.545849 256.000000 245.949253 53.777518 44.234824 64.000000 9.994754 52.626722 44.290685 256.000000 252.084647 126.487669 34.262180 0.000000 14.903929 124.454476 33.293100 256.000000 248.552278
2.317280 151.081180 64.000000 22.248331 1.006342 149.302020 256.000000 210.388925 49.139158 156.175842 0.000000 25.797910 53.660927 151.327691 256.000000 237.834701 148.548847 96.899904 64.000000 16.895996 150.210502 95.991184 256.000000 232.125257 63.849415 16.428629 64.000000 11.771695 65.285344 17.258493 256.000000 249.451505
79.022662 131.582060 0.000000 22.226818 78.345040 128.328071 256.000000 216.063949 57.887167 74.034560 64.000000 30.969539 46.006238 74.499169 256.000000 219.174671 3.837027 65.600167 64.000000 16.564702 6.565978 60.927544 256.000000 244.081960 73.997307 120.758804 0.000000 10.330351 74.055360 117.998982 256.000000 224.070939
14.852133 105.945835 0.000000 20.914550 28.529904 97.159033 256.000000 231.824080 25.672889 38.700316 64.000000 14.482282 30.230127 31.554785 256.000000 245.833085 55.518949 97.631336 0.000000 21.060835 16.074195 163.566962 256.000000 227.147241 85.091258 65.101065 64.000000 28.452565 81.591024 65.294395 256.000000 249.442900
14.083693 60.033400 64.000000 29.614245 32.876182 85.796385 256.000000 240.407608 110.884967 134.383600 64.000000 25.957103 103.539127 142.088709 256.000000 229.896551 165.625760 117.238489 64.000000 38.189168 162.125598 117.489647 256.000000 218.748722 80.983925 61.557275 64.000000 23.293843 75.659500 56.919067 256.000000 236.952684
119.767975 187.331020 64.000000 22.833474 113.900707 193.559456 256.000000 236.591272 42.037045 109.095725 0.000000 12.877442 47.470951 108.203542 256.000000 227.508653 148.740002 103.166345 64.000000 12.150316 150.509429 100.763251 256.000000 240.579708 125.042436 23.217098 64.000000 15.897811 133.630949 29.161769 256.000000 239.297557
