68.771984 151.948189 64.000000 27.234952 65.926095 148.043449 256.000000 234.758399 45.458933 138.201802 64.000000 60.080389 45.562527 137.298789 256.000000 200.247886 24.682531 141.253156 64.000000 42.100158 26.303105 137.965091 256.000000 209.136892 25.753415 139.159595 64.000000 14.477980 30.207600 141.713682 256.000000 239.237322
52.787342 221.776605 64.000000 27.587758 56.796698 219.929216 256.000000 247.790732 62.898238 61.292500 64.000000 34.622378 59.497456 64.661307 256.000000 220.413797 4.763985 131.091376 0.000000 11.337140 8.067956 133.378438 256.000000 252.859100 29.068447 54.366605 64.000000 10.906888 30.122345 56.865356 256.000000 238.256348
185.373695 123.401415 64.000000 33.357438 183.118020 122.683873 256.000000 239.375003 25.922793 23.339127 64.000000 22.295659 0.955447 22.627789 256.000000 223.649292 13.097144 69.428396 0.000000 15.157778 16.155373 66.858851 256.000000 219.777024 139.671945 185.229656 64.000000 15.936534 144.578418 191.684131 256.000000 231.256147
69.241518 79.585076 0.000000 17.997441 72.583980 90.443456 256.000000 229.040350 7.181407 91.196636 64.000000 72.157563 5.112496 89.648982 256.000000 178.120025 93.146887 127.232491 0.000000 33.056261 85.909820 126.843378 256.000000 228.515442 63.611240 48.527891 0.000000 12.326720 58.643733 49.366709 256.000000 233.347172
45.930360 179.535455 0.000000 9.508569 43.202429 180.051138 256.000000 264.170425 113.474164 117.114655 64.000000 35.564630 106.710496 117.216562 256.000000 228.468115 78.187447 83.806511 64.000000 10.575594 76.698942 83.350284 256.000000 264.815803 29.960755 154.808945 64.000000 43.911519 30.030216 151.290580 256.000000 221.837931
104.547949 218.759707 64.000000 18.500836 109.318347 217.412349 256.000000 238.781255 58.552840 68.627649 0.000000 14.168198 54.684716 66.679809 256.000000 243.862531 66.403798 222.730384 0.000000 38.167655 54.441831 219.630693 256.000000 222.070267 168.220205 67.506122 64.000000 57.847381 155.965465 65.607033 256.000000 194.719148
58.448844 58.321016 0.000000 12.189039 53.860471 58.270782 256.000000 229.397459 114.050225 138.351149 64.000000 23.483154 115.022115 135.786033 256.000000 254.993150 9.379298 173.432851 0.000000 13.527123 12.155849 177.451769 256.000000 257.023940 83.188865 8.827915 0.000000 39.195957 84.687878 27.426624 256.000000 235.291911
13.651300 4.527822 64.000000 9.792536 14.959084 3.914278 256.000000 250.961689 60.095809 41.766633 64.000000 24.145742 63.897578 56.916495 256.000000 237.550734 9.455731 161.047222 0.000000 21.972970 9.767551 155.147082 256.000000 229.982602 31.538922 7.244607 64.000000 31.640732 29.229636 12.810291 256.000000 225.641359
39.762093 36.088331 0.000000 10.777813 41.876635 37.553860 256.000000 257.346629 17.149898 17.441598 0.000000 43.593133 15.685915 18.975369 256.000000 209.868321 7.667649 30.992782 64.000000 26.008733 24.016235 29.354564 256.000000 234.418500 100.282307 78.513936 0.000000 10.338956 102.562902 83.556682 256.000000 246.564514
11.376520 82.770564 0.000000 21.448062 18.509400 87.987765 256.000000 246.577421 72.706282 91.703349 0.000000 21.060835 71.305342 90.104680 256.000000 236.935474 97.726187 48.260627 0.000000 21.620163 111.064000 58.825716 256.000000 231.901525 150.091502 110.363545 64.000000 22.252633 150.409635 105.560676 256.000000 236.556852
132.025476 43.446855 0.000000 23.014179 130.472587 43.472065 256.000000 247.175471 100.316613 197.790725 0.000000 12.059964 99.980967 198.044084 256.000000 254.541386 96.108780 132.438538 64.000000 27.196229 95.087256 131.429767 256.000000 232.839475 44.901253 173.872824 0.000000 28.284766 28.675076 168.090245 256.000000 235.171441
132.876520 133.013911 0.000000 8.794351 138.398207 147.697769 256.000000 241.844649 53.122098 161.323955 0.000000 25.741977 53.728940 164.495255 256.000000 234.560483 137.827935 171.202647 0.000000 44.862376 134.974913 162.018784 256.000000 204.029801 83.858400 77.567622 64.000000 44.707485 77.469244 83.440865 256.000000 203.590944
96.968420 41.387229 64.000000 14.938349 96.176529 41.394533 256.000000 236.617087 124.827124 135.111280 0.000000 15.988164 119.556015 154.168536 256.000000 258.344813 38.483122 82.871542 0.000000 14.017610 43.642791 77.601478 256.000000 230.692517 26.160082 12.604222 0.000000 17.489744 26.953836 12.920315 256.000000 225.374603
102.200178 182.719387 64.000000 42.147486 96.730018 177.133100 256.000000 207.549262 73.212084 30.560016 64.000000 34.587958 55.060520 39.840009 256.000000 230.873223 102.085140 169.934447 64.000000 28.142783 98.116220 169.883702 256.000000 240.201087 93.243122 127.429802 64.000000 14.968467 93.942469 125.669111 256.000000 248.930900
56.456469 88.981484 64.000000 12.283695 55.094705 94.549540 256.000000 255.139436 151.300249 153.870095 0.000000 12.756972 146.854976 152.464176 256.000000 228.687543 11.680253 70.392700 0.000000 19.486113 10.211235 63.082120 256.000000 231.389526 43.299495 198.557840 0.000000 79.945124 49.760851 197.568384 256.000000 183.549806
55.908742 11.989938 64.000000 19.877642 52.715431 11.706631 256.000000 239.065221 64.906593 33.819460 0.000000 18.246987 59.952438 33.324735 256.000000 251.017622 29.710844 229.773376 64.000000 39.720865 29.313622 224.282460 256.000000 217.126672 21.937913 -0.000004 0.000000 14.194013 16.653593 0.043845 256.000000 232.753424
9.484584 97.905080 64.000000 29.300161 13.292531 95.409595 256.000000 246.246127 88.481100 11.678998 64.000000 10.653040 90.163145 12.399587 256.000000 234.095811 70.071464 81.608049 0.000000 8.970754 70.774315 79.532845 256.000000 223.933258 51.711527 53.298933 64.000000 13.574451 52.733547 57.017896 256.000000 219.256419
47.926016 99.294693 64.000000 14.921139 47.673933 95.688778 256.000000 240.007473 59.264524 137.895904 64.000000 8.605040 59.049818 137.394698 320.000000 259.390326 118.441589 48.513993 0.000000 11.388770 118.479262 43.487067 256.000000 239.392213 85.461275 127.703453 0.000000 35.241941 78.345653 127.214587 256.000000 195.028929
54.616044 0.193547 0.000000 26.383053 46.917902 11.652038 256.000000 215.461597 60.797484 221.975636 0.000000 10.141040 62.128973 221.668316 256.000000 251.968479 13.023582 118.162276 0.000000 18.061979 17.233620 117.933827 256.000000 227.104216 140.305331 57.665624 0.000000 17.975929 141.904100 62.363633 256.000000 250.836916
32.214858 144.679020 0.000000 9.577410 26.408335 148.205773 256.000000 240.386095 52.915431 59.181100 0.000000 9.844166 51.823020 62.176018 256.000000 240.902397 172.451571 40.298064 0.000000 11.664132 173.004613 39.114371 256.000000 233.958130 77.391462 12.222647 0.000000 22.885104 75.507789 17.225609 256.000000 225.615544
53.143509 122.333893 0.000000 13.333509 47.979213 130.723204 256.000000 235.033760 11.278489 29.342864 64.000000 16.624937 15.689805 27.581660 256.000000 233.058903 55.942131 43.230262 64.000000 29.244228 61.755340 54.428833 256.000000 18.117912 128.975316 9.342176 64.000000 32.918581 129.588589 10.907895 256.000000 236.875239
29.013856 114.445456 64.000000 15.751526 31.069520 111.506675 256.000000 227.831342 57.211716 129.462455 64.000000 30.702783 51.195489 129.361476 256.000000 231.277660 117.542498 174.683284 64.000000 17.851155 117.573660 173.861036 256.000000 235.455407 136.355593 110.076091 0.000000 9.409611 136.204238 114.196835 256.000000 240.859372
57.575771 68.164435 0.000000 21.998785 49.157636 63.772373 256.000000 234.233491 16.786573 58.129567 0.000000 19.085979 5.849565 58.308158 256.000000 236.315911 162.517513 130.771364 0.000000 13.867022 161.404485 133.102918 256.000000 219.312352 79.498115 93.164222 64.000000 20.277777 80.716235 87.634195 256.000000 246.869993
37.655033 153.227924 64.000000 13.234552 33.636993 154.167338 256.000000 224.853998 132.299351 112.659469 64.000000 10.394888 132.538487 111.445355 256.000000 223.550334 45.652651 95.032395 64.000000 13.823997 46.313815 91.802269 256.000000 238.333793 49.466924 6.033058 0.000000 10.007662 45.242300 4.444564 256.000000 240.282834
134.451662 190.570024 0.000000 28.788161 134.307729 186.378338 256.000000 230.847408 127.753355 144.554524 0.000000 10.239998 132.674204 143.144071 256.000000 233.837659 79.423431 114.561280 0.000000 64.120456 76.715956 112.393089 256.000000 207.179246 30.904484 44.759025 64.000000 22.923827 41.732453 52.470291 256.000000 206.193968
121.052676 94.079282 0.000000 10.631527 125.678235 100.523535 256.000000 244.611170 75.342238 149.479293 64.000000 11.165039 76.686276 148.235775 256.000000 234.491643 40.773527 187.026171 0.000000 29.416329 41.050565 183.031842 256.000000 238.118667 109.356896 214.496005 64.000000 16.822853 117.116356 210.535393 256.000000 250.187235
77.558213 67.133800 64.000000 16.039795 75.250956 67.667193 256.000000 241.956515 92.294133 17.688755 0.000000 67.188152 92.158975 11.076227 256.000000 172.552565 15.954905 124.190318 64.000000 17.063794 19.191171 123.168720 256.000000 243.135405 41.000551 62.106598 0.000000 40.245772 8.264296 70.235424 256.000000 202.467986
58.444822 107.412560 0.000000 27.290884 72.155915 92.379602 256.000000 231.583139 38.824896 37.357022 64.000000 9.947426 42.073756 36.990547 256.000000 246.241825 45.940813 73.010498 64.000000 32.165640 47.056675 80.176718 256.000000 220.904284 31.183676 172.661365 64.000000 40.374848 35.056627 171.065767 256.000000 215.091580
130.691471 114.655087 0.000000 18.281407 130.434216 113.352582 256.000000 240.553893 24.969347 99.398673 0.000000 8.772838 25.026853 98.024476 256.000000 249.709656 103.755598 46.055100 0.000000 34.493303 98.749391 50.232645 256.000000 227.108518 57.632387 160.330416 0.000000 19.111794 57.006187 156.714769 256.000000 241.087406
14.654011 82.802125 0.000000 17.545677 15.830796 77.265029 256.000000 254.119739 64.225620 141.162820 64.000000 22.446247 61.346093 138.701193 256.000000 221.704553 14.319947 211.071262 0.000000 11.651224 21.839251 215.318816 256.000000 252.562227 32.825522 90.663962 64.000000 11.565174 30.812882 88.473876 256.000000 256.073083
70.758284 173.444356 0.000000 13.316299 151.137287 224.848138 256.000000 259.213922 97.770882 177.678844 0.000000 24.868566 97.492076 165.598325 256.000000 222.074570 182.978391 40.796069 0.000000 46.863048 172.038967 38.126495 256.000000 205.505565 94.357235 14.574693 64.000000 10.932703 92.307151 11.642522 256.000000 260.138964
80.411007 29.077860 0.000000 22.046112 77.330587 28.273902 256.000000 215.607882 79.792593 21.662415 0.000000 38.060092 76.584016 24.394293 256.000000 211.615144 73.244876 91.695735 64.000000 12.675224 77.167969 92.537776 256.000000 252.131975 95.115367 96.375140 64.000000 16.134450 101.549136 90.896447 256.000000 239.073826
