42.815916 84.332536 64.000000 16.022584 43.966887 82.223796 256.000000 224.135477 147.272424 172.545504 64.000000 22.020297 150.909822 171.355885 256.000000 255.900982 66.581571 87.358213 64.000000 10.833745 67.119818 95.958876 256.000000 235.816819 49.014716 74.386191 0.000000 12.429980 42.592236 84.119576 256.000000 246.082631
111.538225 49.414282 64.000000 11.315628 116.882809 42.972840 256.000000 248.354362 15.082284 122.299662 64.000000 19.972298 22.987689 126.197805 256.000000 248.547975 82.396724 102.091376 0.000000 10.330351 80.729275 103.111909 256.000000 237.765860 84.597991 144.566538 0.000000 20.798382 80.620395 146.643769 256.000000 255.999940
48.036545 135.838311 64.000000 46.536056 50.327805 129.741871 256.000000 213.159748 11.105455 222.572656 0.000000 16.805643 12.502147 222.603687 256.000000 247.141051 3.238300 36.329876 0.000000 12.421375 0.621724 38.460351 256.000000 236.367541 8.300127 89.801678 64.000000 19.296802 6.376993 99.236922 256.000000 255.556780
102.200178 182.719387 64.000000 42.147486 96.730018 177.133100 256.000000 207.549262 92.617525 64.051267 0.000000 20.996298 89.065522 54.712675 256.000000 231.359408 32.049758 4.973905 64.000000 9.891493 33.376600 4.871907 256.000000 236.944079 82.678247 78.629227 64.000000 14.297274 91.618587 75.255325 256.000000 256.989520
16.407253 92.508484 64.000000 10.696065 17.107229 99.356711 256.000000 243.483909 20.501624 207.123064 0.000000 13.350720 23.276420 197.984784 256.000000 241.225086 62.491029 229.078062 64.000000 19.129004 60.651582 229.096087 256.000000 238.105759 90.623665 76.589364 0.000000 11.453308 89.523520 75.939436 256.000000 253.530294
18.760407 124.633198 64.000000 16.452836 20.437058 125.197842 256.000000 236.311608 77.334853 72.742089 64.000000 14.723223 80.683835 61.928562 256.000000 238.630667 81.972538 36.510020 0.000000 22.958247 73.752098 23.289231 256.000000 247.786429 16.615855 91.183125 64.000000 9.413914 17.478371 91.528740 256.000000 249.606395
7.665985 166.410100 64.000000 18.991323 6.955175 165.139015 256.000000 243.918464 93.146887 127.232491 0.000000 33.056261 85.909820 126.843378 256.000000 228.515442 77.131278 58.960256 0.000000 12.688131 76.795344 61.449791 256.000000 239.387910 165.753133 84.286129 64.000000 20.755356 164.058055 80.330836 256.000000 241.866162
186.859489 93.003187 0.000000 13.651896 185.430091 95.549695 256.000000 224.776552 163.169618 162.807631 0.000000 24.511456 154.146571 178.700358 256.000000 211.757127 105.010367 68.173749 64.000000 14.908232 121.629629 84.296958 256.000000 224.587241 42.240029 49.924167 0.000000 16.728198 37.013631 51.955882 256.000000 225.116451
29.960755 154.808945 64.000000 43.911519 30.030216 151.290580 256.000000 221.837931 135.421536 60.449271 0.000000 15.575122 137.826645 65.887309 256.000000 234.375474 37.660340 87.401349 64.000000 13.497005 34.537213 87.956800 256.000000 269.647533 78.580771 29.415876 0.000000 30.414514 41.367289 62.637673 256.000000 231.161492
140.836731 74.120040 64.000000 32.677639 138.662240 74.737816 256.000000 219.075713 65.223040 58.899631 0.000000 35.039723 57.230173 57.425175 256.000000 217.359008 28.758091 105.061144 64.000000 32.591589 51.712220 65.466175 256.000000 203.044524 103.068551 190.441102 64.000000 22.747423 92.310358 208.247235 256.000000 229.724450
114.045678 69.214302 64.000000 9.913006 113.976055 69.028915 256.000000 259.975468 32.825522 90.663962 64.000000 11.565174 30.812882 88.473876 256.000000 256.073083 144.597144 107.601131 64.000000 19.520533 144.016987 107.317347 256.000000 239.676179 118.593547 84.944075 64.000000 9.035292 117.103122 84.730100 256.000000 258.323301
43.672933 52.850082 0.000000 17.997441 64.132855 53.001762 256.000000 228.739173 76.791427 74.122149 0.000000 37.074815 74.646985 80.433176 256.000000 233.760214 119.290305 87.546973 0.000000 14.288669 118.817613 89.562053 256.000000 257.923166 97.726187 48.260627 0.000000 21.620163 111.064000 58.825716 256.000000 231.901525
25.125196 95.443209 0.000000 9.573107 21.740880 93.200420 256.000000 244.615472 58.535515 21.703302 0.000000 25.440801 55.598349 27.464729 256.000000 221.674435 31.998435 92.826351 64.000000 16.388299 18.975876 89.892718 256.000000 242.533052 168.059118 53.524882 64.000000 36.278849 165.008598 54.261125 256.000000 197.378105
33.290473 60.444611 0.000000 14.004703 39.174289 62.977458 256.000000 249.756983 57.363764 78.455084 0.000000 12.546148 59.067907 85.094033 256.000000 233.424618 104.708433 0.756931 64.000000 13.733644 104.629253 0.596242 256.000000 246.986161 40.889696 50.948538 0.000000 11.388770 43.166911 53.849415 256.000000 245.183405
60.550665 104.422058 0.000000 41.829099 57.400095 101.759451 256.000000 224.677594 113.475704 67.711318 0.000000 38.017067 107.703027 58.502596 256.000000 215.220655 0.716813 139.336753 64.000000 11.427493 0.494867 138.421009 320.000000 245.734127 33.310655 104.446411 0.000000 25.113809 48.469173 96.168082 256.000000 227.745291
22.488449 93.511569 64.000000 12.649409 25.138624 89.770284 256.000000 244.202430 27.221782 46.299796 0.000000 10.485241 25.805585 46.842780 256.000000 238.325188 119.400125 137.492704 64.000000 11.698552 120.175245 137.461687 256.000000 260.590729 55.891318 89.126193 0.000000 19.597979 48.841965 92.939464 256.000000 239.899910
82.556413 223.352818 0.000000 19.838920 80.291540 223.642069 256.000000 230.993694 29.713513 92.919611 0.000000 25.113809 35.026853 91.475105 256.000000 235.438197 27.247493 124.377405 64.000000 13.798182 35.322589 133.638278 256.000000 225.615544 9.584278 79.470791 0.000000 18.909575 9.525158 85.441798 256.000000 237.107575
102.872460 23.274853 0.000000 17.549979 101.235611 24.527093 256.000000 255.031873 44.517056 49.237293 64.000000 14.641476 40.114182 49.017720 256.000000 227.198871 36.426589 71.039609 0.000000 19.395760 28.279618 74.466893 256.000000 238.897423 10.972191 26.816889 64.000000 22.459154 13.603804 27.367676 256.000000 222.384351
101.719409 23.537553 64.000000 15.557912 100.411595 21.564780 256.000000 260.199200 139.988422 153.281815 0.000000 10.786418 144.404969 151.643400 256.000000 244.817691 104.160093 115.248535 64.000000 35.121471 122.232162 106.482204 256.000000 227.482837 146.026838 26.506289 64.000000 9.043897 146.104756 25.603136 256.000000 251.443571
128.092295 123.897553 64.000000 31.034077 127.313840 118.181515 256.000000 230.395643 82.192055 221.843425 64.000000 15.609543 84.863675 220.734840 256.000000 238.587642 88.481100 11.678998 64.000000 10.653040 90.163145 12.399587 256.000000 234.095811 21.980498 26.896685 64.000000 29.463657 20.862264 37.833138 256.000000 210.707312
84.697391 224.212200 64.000000 16.706685 88.005298 224.987984 256.000000 230.864618 54.965055 58.268042 0.000000 22.484970 93.410031 32.730662 256.000000 237.451776 56.987635 76.629335 64.000000 22.011692 50.135184 67.344780 256.000000 250.015135 11.897767 45.138449 0.000000 16.414114 6.494055 48.661905 256.000000 237.271070
71.302495 108.580689 64.000000 23.952129 70.795615 101.881067 256.000000 215.280891 88.109875 36.412302 0.000000 52.877971 89.813898 26.285031 256.000000 204.799952 146.542284 144.357918 64.000000 18.354550 146.778833 143.178253 256.000000 246.074026 139.068671 170.719782 64.000000 14.611358 147.766949 167.312345 256.000000 253.547504
83.188865 8.827915 0.000000 39.195957 84.687878 27.426624 256.000000 235.291911 153.212044 25.188042 0.000000 30.780228 149.074351 37.657642 256.000000 196.371315 16.590156 27.671845 64.000000 13.243157 9.357991 26.881149 256.000000 249.421387 79.498115 93.164222 64.000000 20.277777 80.716235 87.634195 256.000000 246.869993
48.611135 84.537205 0.000000 15.213711 47.496384 82.312307 256.000000 242.911674 93.282573 29.735924 0.000000 15.501980 115.046247 34.077707 256.000000 241.612313 58.552840 68.627649 0.000000 14.168198 54.684716 66.679809 256.000000 243.862531 91.625231 59.369316 0.000000 9.710788 97.144800 63.579778 256.000000 248.083303
64.141738 204.197344 0.000000 10.003359 56.645269 210.446476 256.000000 245.742732 64.687129 6.903504 0.000000 27.996498 101.731467 39.558956 256.000000 225.103544 19.986335 87.858624 0.000000 25.285910 34.566704 61.353236 256.000000 228.975812 40.526467 31.338609 0.000000 15.893509 38.588982 34.124676 256.000000 220.129831
23.079665 119.896364 64.000000 30.311253 22.858191 113.349829 256.000000 235.347844 62.175969 122.179042 0.000000 8.751326 66.542633 136.104905 256.000000 234.026970 166.265589 153.914276 64.000000 24.244700 161.746900 150.841364 256.000000 219.493058 20.139365 137.626516 0.000000 18.548164 15.051198 135.749776 256.000000 234.732584
27.188191 22.442229 64.000000 23.263726 63.717607 37.750664 256.000000 237.968079 29.381960 81.991144 64.000000 18.961206 39.770824 76.293391 256.000000 217.599949 42.719627 182.608671 0.000000 44.845166 46.420798 184.730540 256.000000 202.493801 68.321127 94.754893 0.000000 10.386283 65.276951 96.803535 256.000000 238.006801
3.670638 119.854302 0.000000 18.165239 12.205184 130.190871 256.000000 239.271742 14.299993 195.929140 0.000000 9.310653 9.643233 198.879960 256.000000 241.814532 91.618011 96.077042 64.000000 41.368730 63.049875 83.136140 256.000000 195.975483 28.279951 124.210575 0.000000 22.480667 28.494655 121.001169 256.000000 242.735271
42.081087 111.896287 64.000000 13.135594 39.210564 114.513091 256.000000 233.248214 20.955538 71.859676 64.000000 15.841879 26.423864 72.204293 256.000000 228.803711 64.529318 124.844564 0.000000 10.102317 77.772925 131.697300 256.000000 244.951069 22.964184 132.653222 64.000000 11.078989 18.934851 133.467976 256.000000 251.654395
89.487287 147.545038 64.000000 37.462042 79.760413 132.315362 256.000000 211.077329 80.216907 191.181555 64.000000 12.567661 92.987369 203.947911 256.000000 256.722763 70.718375 21.785533 0.000000 36.407924 59.130627 27.580813 256.000000 211.533396 31.164604 111.595116 64.000000 21.951457 23.532365 109.004453 256.000000 247.369085
13.476255 76.350595 64.000000 24.502851 19.089242 77.472098 256.000000 232.030601 8.238425 154.979611 0.000000 8.622250 3.976993 155.641309 256.000000 247.928412 131.086298 85.125702 64.000000 15.321274 136.713996 78.798156 256.000000 235.760886 93.795107 199.928233 64.000000 25.109507 83.412109 202.157756 256.000000 32.187152
16.333580 59.693760 64.000000 11.066081 18.148891 62.566540 256.000000 234.405592 45.174371 94.850118 0.000000 41.213839 58.268271 91.865520 256.000000 205.793834 66.807429 25.380427 0.000000 16.108635 68.281553 26.040465 256.000000 256.731368 73.327024 68.915895 0.000000 56.767449 71.376355 66.825856 256.000000 198.600021
