185.202273 106.348053 0.000000 9.000872 187.147735 105.299016 256.000000 233.076113 43.123520 194.401458 64.000000 42.220629 51.298576 181.461762 256.000000 218.421730 119.400125 137.492704 64.000000 11.698552 120.175245 137.461687 256.000000 260.590729 149.856107 180.420089 0.000000 20.479995 147.349976 180.802047 256.000000 229.793291
99.911958 132.491129 0.000000 28.396632 113.437431 116.568575 256.000000 226.665359 6.752664 144.168171 64.000000 43.928729 8.539953 131.567016 256.000000 208.168825 79.788011 128.326651 0.000000 19.752869 78.554109 127.227833 256.000000 232.211307 155.712265 158.191467 0.000000 16.379694 154.900664 157.715829 320.000000 246.401018
25.546158 87.999747 64.000000 17.360668 28.325422 90.837595 256.000000 261.782527 165.035585 14.450569 64.000000 33.241270 163.927831 4.735687 256.000000 248.672748 3.896344 97.206602 64.000000 32.178547 6.227873 81.358724 256.000000 224.027914 15.954905 124.190318 64.000000 17.063794 19.191171 123.168720 256.000000 243.135405
86.544967 118.230467 0.000000 21.942852 84.877275 117.538678 256.000000 246.194497 83.881080 179.399960 0.000000 35.874412 84.544349 174.426575 256.000000 213.749194 138.877693 121.401920 64.000000 40.886848 130.541631 101.905971 256.000000 208.078472 80.501973 55.022824 64.000000 19.864735 77.042729 56.004935 256.000000 238.226230
10.295047 160.512218 0.000000 53.970811 9.389993 157.989240 256.000000 200.931987 79.770724 217.950949 0.000000 20.763962 85.337900 215.953082 256.000000 241.276717 160.157011 5.276680 64.000000 20.970482 159.556962 3.579529 256.000000 238.923238 26.067302 148.799291 0.000000 28.603153 30.220965 146.584818 256.000000 232.959945
118.195075 20.684700 0.000000 22.059020 117.845020 20.696298 256.000000 225.856485 65.855938 48.731964 64.000000 8.936334 67.952740 44.267062 256.000000 260.728409 49.935911 89.968020 64.000000 18.857945 42.513369 88.536138 256.000000 251.064950 73.226153 125.661675 64.000000 17.373576 97.698358 126.813696 256.000000 252.041622
162.411309 109.305433 64.000000 15.992467 162.289307 110.974229 256.000000 243.810901 91.039027 30.508669 64.000000 29.584128 91.129353 31.471673 256.000000 219.505965 61.681987 19.305855 64.000000 16.457139 65.373782 23.141476 256.000000 245.566329 50.043402 56.961847 64.000000 28.396632 43.099835 53.450655 256.000000 225.525191
94.357235 14.574693 64.000000 10.932703 92.307151 11.642522 256.000000 260.138964 126.722202 34.362833 64.000000 9.000872 126.344235 32.906193 256.000000 251.989991 4.966942 141.416887 0.000000 14.077845 1.257238 139.361949 256.000000 238.273558 25.288271 88.044671 64.000000 43.300561 32.465227 79.979704 256.000000 206.684456
63.743193 73.737345 64.000000 12.034148 61.895215 74.265200 256.000000 239.344885 42.548493 75.733609 0.000000 9.650552 46.900813 48.657265 256.000000 240.011776 89.487287 147.545038 64.000000 37.462042 79.760413 132.315362 256.000000 211.077329 90.939815 86.055513 0.000000 33.301505 67.297256 54.930335 256.000000 201.366541
72.706282 91.703349 0.000000 21.060835 71.305342 90.104680 256.000000 236.935474 37.835218 61.834804 0.000000 13.707829 37.273224 66.981462 256.000000 246.710799 93.490675 78.416520 0.000000 14.456467 104.487905 67.863205 256.000000 253.590529 114.675327 2.663184 64.000000 21.929944 112.887947 2.878707 256.000000 255.591201
1.451038 67.424847 0.000000 14.323089 4.434645 68.756905 256.000000 252.480479 59.277985 172.028795 0.000000 12.868837 78.513427 183.170325 256.000000 255.823537 157.966233 41.789145 0.000000 12.524636 157.920071 42.034105 256.000000 248.255404 45.545256 14.155000 0.000000 33.705942 46.548500 20.307518 256.000000 222.160620
76.739367 192.612287 0.000000 29.054918 74.088898 196.664945 256.000000 231.359408 15.517616 153.336365 64.000000 17.412298 4.977609 154.664753 256.000000 243.690430 98.526733 100.014049 0.000000 42.104461 78.807127 90.335205 256.000000 227.534468 46.082400 217.244378 0.000000 30.530682 42.868331 214.999304 256.000000 222.887746
177.650442 4.594627 0.000000 35.078446 174.132042 4.972740 256.000000 228.063678 17.129778 56.386022 64.000000 8.979359 9.179476 50.325176 256.000000 253.108647 3.589807 96.712311 0.000000 33.662916 34.720880 107.478675 256.000000 234.771306 103.674711 36.950640 0.000000 21.542718 99.366295 37.973304 256.000000 236.789188
125.042436 23.217098 64.000000 15.897811 133.630949 29.161769 256.000000 239.297557 91.193245 211.969540 0.000000 22.420432 59.338162 195.962605 256.000000 210.074842 121.936335 187.001000 64.000000 29.300161 121.787885 186.041118 256.000000 213.559883 135.227167 25.662985 0.000000 39.522949 116.947284 35.087853 256.000000 216.309193
66.263842 52.552549 64.000000 27.394145 25.908942 33.592498 256.000000 224.217225 121.939742 116.471256 0.000000 29.097943 117.652780 116.251302 256.000000 222.199343 60.143769 149.743200 64.000000 25.010549 59.805822 147.700695 256.000000 227.805526 90.906040 34.121867 64.000000 46.213367 88.631035 36.648584 256.000000 201.474104
69.572307 135.447705 64.000000 16.160265 88.086982 124.405600 256.000000 229.272686 80.353758 53.508256 0.000000 17.326248 78.369678 45.292502 256.000000 234.440012 10.303135 4.294389 64.000000 28.190111 19.182160 3.171773 256.000000 225.826367 93.356744 85.838062 64.000000 15.742921 91.269049 87.936707 256.000000 225.503678
97.741644 158.649615 64.000000 19.778684 108.306293 157.300122 256.000000 248.698564 26.662476 56.202618 0.000000 10.377678 30.467562 51.099275 256.000000 247.046396 67.789969 163.448227 64.000000 24.584599 59.137147 163.196227 256.000000 235.851239 180.400020 37.103678 64.000000 42.267956 177.416622 37.804056 256.000000 209.928556
87.212875 58.930071 64.000000 32.527051 84.424644 50.074751 256.000000 228.016350 81.811805 129.247435 64.000000 12.675224 79.551275 133.135431 256.000000 244.658497 166.265589 153.914276 64.000000 24.244700 161.746900 150.841364 256.000000 219.493058 151.255405 8.729204 64.000000 11.728670 151.111173 7.973893 256.000000 266.683097
133.091482 21.088344 64.000000 9.327863 146.022616 22.219964 256.000000 249.305219 154.141022 74.239222 64.000000 82.974098 163.877820 79.589105 256.000000 183.055016 3.858224 27.327184 64.000000 14.779156 8.382967 23.625860 256.000000 234.625021 74.327664 71.262573 0.000000 46.320930 71.395198 72.102933 256.000000 214.377362
135.740096 67.877742 0.000000 19.963693 132.309369 68.482191 256.000000 235.145626 98.219449 154.243025 64.000000 234.840147 96.511273 150.019949 256.000000 27.097271 174.820789 25.125349 64.000000 26.099086 172.631455 24.796078 256.000000 208.001027 89.623795 139.454258 64.000000 10.648737 90.329713 138.307607 256.000000 234.745491
53.268951 4.058127 64.000000 65.665060 52.366829 3.870707 256.000000 178.382479 136.431315 73.021331 64.000000 17.300433 135.691749 71.026082 256.000000 245.355506 195.208287 94.690565 64.000000 17.248803 194.819473 95.400975 256.000000 242.477120 80.988215 110.907913 64.000000 37.449134 75.722393 122.708896 256.000000 210.638472
27.699311 223.360496 64.000000 12.804300 28.403422 223.432184 256.000000 236.031945 42.265247 82.965505 64.000000 39.376663 56.664509 79.224098 256.000000 224.656082 105.860751 90.166991 64.000000 20.574651 103.199769 85.817289 256.000000 230.012719 36.688633 231.815058 64.000000 20.600466 32.564958 232.072155 256.000000 246.271942
41.867091 90.432611 0.000000 18.900970 53.292344 97.276129 256.000000 233.820449 52.008969 48.048593 64.000000 22.992667 48.742478 41.668767 256.000000 258.435166 108.452836 49.837415 64.000000 17.184265 109.023736 51.765467 256.000000 267.887803 77.497938 88.985891 0.000000 30.715690 72.875505 99.521111 256.000000 225.099241
132.916027 180.777280 0.000000 43.399519 122.606660 172.835555 256.000000 194.572862 111.300944 53.693395 64.000000 12.692434 114.141347 59.735355 256.000000 240.304347 56.456469 88.981484 64.000000 12.283695 55.094705 94.549540 256.000000 255.139436 117.012438 150.770460 64.000000 13.578753 118.677687 152.242700 256.000000 226.906300
163.979844 115.131871 0.000000 39.178747 158.267951 114.744727 256.000000 225.972653 38.785744 0.852631 0.000000 23.263726 43.076189 3.907884 256.000000 229.926669 19.706342 165.206973 64.000000 26.533641 15.966849 161.911420 256.000000 232.508181 94.148907 87.847555 64.000000 20.097071 93.539762 83.335596 256.000000 251.934059
28.279951 124.210575 0.000000 22.480667 28.494655 121.001169 256.000000 242.735271 2.795878 91.286278 0.000000 12.369745 2.705380 84.749860 256.000000 236.100785 141.221475 44.428722 0.000000 31.980631 125.657727 44.355827 256.000000 208.568960 18.388684 126.678331 0.000000 16.693778 21.662318 125.724860 256.000000 231.892920
13.751682 198.480631 0.000000 35.284967 16.449680 193.237898 256.000000 211.580724 71.302495 108.580689 64.000000 23.952129 70.795615 101.881067 256.000000 215.280891 28.759756 220.549487 0.000000 36.894109 35.434116 216.386576 256.000000 223.077057 105.897573 56.397411 64.000000 11.165039 108.012365 53.540315 256.000000 240.945423
130.875251 17.905333 64.000000 22.596835 130.069482 18.780515 256.000000 229.862131 16.333580 59.693760 64.000000 11.066081 18.148891 62.566540 256.000000 234.405592 39.835785 75.258318 64.000000 8.884704 41.575896 75.208858 256.000000 253.229117 4.482585 60.947360 0.000000 28.073943 9.253745 64.017365 256.000000 234.835844
73.523582 162.914169 64.000000 17.584399 57.941073 177.223365 256.000000 222.500519 186.581918 115.775871 64.000000 12.206249 187.352098 115.047849 320.000000 244.159405 114.496018 120.833876 64.000000 16.018282 113.048436 126.113102 256.000000 232.835172 97.108227 106.781964 64.000000 8.747023 97.141222 105.962004 256.000000 256.210763
142.965671 185.970033 0.000000 23.990852 128.374420 198.523238 256.000000 234.599206 177.832591 120.504453 0.000000 13.092568 176.914733 128.518749 256.000000 235.322029 131.191438 72.384127 0.000000 11.732972 131.514380 71.377284 256.000000 249.425689 97.726187 48.260627 0.000000 21.620163 111.064000 58.825716 256.000000 231.901525
147.421227 130.641256 64.000000 23.896196 146.411138 129.105055 256.000000 220.624621 135.751795 60.646900 64.000000 13.518518 135.577196 58.976056 256.000000 261.786829 164.054404 50.850473 64.000000 34.433068 164.760091 53.032709 256.000000 228.222871 152.656667 158.998049 64.000000 24.795423 150.535884 162.211825 256.000000 244.744548
70.796949 80.826553 64.000000 14.409139 85.489256 81.324020 256.000000 232.163979 30.363607 19.849955 0.000000 12.339627 31.059984 21.458738 256.000000 236.371844 82.786665 81.488080 64.000000 57.227819 83.202158 82.519247 256.000000 195.923853 11.897767 45.138449 0.000000 16.414114 6.494055 48.661905 256.000000 237.271070
