13.813731 137.332780 64.000000 38.240798 37.607516 110.726745 256.000000 202.988591 134.575671 128.971527 64.000000 26.770279 193.060105 57.957691 256.000000 249.348244 162.193702 7.106515 0.000000 212.884387 162.422607 6.212891 256.000000 35.495790 29.694536 47.710027 64.000000 25.182650 17.141520 41.389595 256.000000 259.609754
94.888725 140.321900 64.000000 43.838376 88.362362 140.031658 256.000000 221.304419 54.616044 0.193547 0.000000 26.383053 46.917902 11.652038 256.000000 215.461597 9.584278 79.470791 0.000000 18.909575 9.525158 85.441798 256.000000 237.107575 57.429002 47.882036 64.000000 15.867694 55.856078 50.611480 256.000000 236.617087
90.196784 40.513240 64.000000 12.765577 88.165184 39.900018 256.000000 246.388110 16.786573 58.129567 0.000000 19.085979 5.849565 58.308158 256.000000 236.315911 42.057367 86.834884 0.000000 11.539359 45.510091 90.364731 256.000000 232.684584 45.418075 12.638735 64.000000 19.421575 41.598425 13.417487 256.000000 232.753424
0.476515 82.515269 64.000000 10.816535 2.513855 87.710658 256.000000 263.976812 44.149500 90.699769 64.000000 13.170014 48.481331 93.808324 256.000000 236.247071 114.756555 17.650269 64.000000 13.286182 113.724267 21.688500 256.000000 244.925254 17.457973 139.377976 64.000000 32.643219 32.364325 142.490380 256.000000 228.541257
3.814902 134.933911 64.000000 24.773910 6.125776 133.970811 256.000000 216.520016 98.122733 89.400258 64.000000 21.293171 115.457353 90.282011 256.000000 239.585826 16.718587 59.277605 0.000000 20.905945 6.692265 65.552684 256.000000 228.700451 48.765582 93.008555 0.000000 19.886247 85.212809 75.825755 256.000000 242.008145
128.638389 69.605995 64.000000 80.607712 136.709815 77.394011 256.000000 173.830413 28.491825 29.640015 0.000000 42.676696 24.693718 41.806180 256.000000 220.899982 66.590053 51.500922 0.000000 15.054517 61.922827 52.807095 256.000000 233.248214 110.987427 86.211798 0.000000 27.979288 107.569058 73.634915 256.000000 231.953156
22.716860 50.697636 0.000000 11.504938 25.135127 49.011104 256.000000 234.272214 64.947909 193.769133 64.000000 9.185880 64.647456 193.718556 320.000000 254.102529 182.978391 40.796069 0.000000 46.863048 172.038967 38.126495 256.000000 205.505565 27.323335 125.379529 64.000000 11.109107 24.412125 125.734645 256.000000 258.628780
43.299495 198.557840 0.000000 79.945124 49.760851 197.568384 256.000000 183.549806 30.936525 60.526709 64.000000 35.177404 33.033687 48.277960 256.000000 222.668318 98.526733 100.014049 0.000000 42.104461 78.807127 90.335205 256.000000 227.534468 153.116820 29.783218 64.000000 12.081476 153.689389 30.702705 256.000000 244.211035
58.052636 225.685075 64.000000 49.466072 57.082967 224.507498 256.000000 231.884315 58.760845 98.979018 64.000000 32.255992 45.742220 90.178942 256.000000 231.157190 103.123578 77.453435 64.000000 14.383324 101.734740 79.157969 256.000000 245.777152 100.508065 13.801982 0.000000 23.668163 99.291687 16.992275 256.000000 221.356049
182.806058 27.704853 0.000000 17.894181 182.008235 30.105338 256.000000 244.963976 37.660340 87.401349 64.000000 13.497005 34.537213 87.956800 256.000000 269.647533 48.495924 154.585929 64.000000 37.001672 46.166982 153.873549 256.000000 216.601764 104.795047 126.890469 64.000000 41.777469 106.481107 127.444922 256.000000 229.449089
33.234049 110.014884 64.000000 17.872668 33.733976 105.940980 256.000000 235.649020 0.947956 2.850824 0.000000 30.311253 4.612867 8.332322 256.000000 224.621662 11.907249 75.571945 0.000000 12.434283 4.979411 76.533891 256.000000 237.283978 81.747576 123.584000 64.000000 17.098214 75.401644 133.158278 256.000000 226.880485
31.466451 111.848115 64.000000 14.047728 33.644885 110.475518 256.000000 246.323573 21.325813 112.887322 0.000000 14.069240 5.971511 120.541265 256.000000 230.485996 18.338807 183.024289 0.000000 26.413170 21.886427 181.749320 256.000000 230.696820 119.029505 138.226840 64.000000 17.562887 118.002580 137.358964 256.000000 223.580452
107.357842 164.456444 0.000000 16.409811 111.253740 163.561815 256.000000 224.841090 184.485104 22.577491 0.000000 8.729813 246.110587 47.141845 256.000000 250.858429 53.759091 104.932195 0.000000 21.960062 44.897562 106.000480 256.000000 220.172856 151.446165 152.719489 0.000000 31.391186 142.381887 154.908320 256.000000 230.408551
5.911460 199.200055 64.000000 20.118584 9.231800 199.166485 256.000000 228.825224 11.262676 102.087404 0.000000 12.675224 14.866496 105.854640 256.000000 251.998596 42.336000 130.452362 64.000000 33.998513 39.173491 128.995505 256.000000 216.498504 92.174264 98.764740 0.000000 29.971354 92.206942 133.457560 256.000000 221.850839
51.189600 88.129040 0.000000 9.654855 55.022227 94.940976 256.000000 255.315839 176.533204 109.459564 0.000000 12.042753 178.785904 115.100145 256.000000 267.763030 17.129778 56.386022 64.000000 8.979359 9.179476 50.325176 256.000000 253.108647 90.839356 130.963618 64.000000 41.403150 92.251387 128.158002 256.000000 193.174543
55.908742 11.989938 64.000000 19.877642 52.715431 11.706631 256.000000 239.065221 52.540149 188.787756 0.000000 23.711188 20.196544 194.739711 256.000000 239.951540 207.341722 47.929733 64.000000 29.579825 227.884289 22.640351 256.000000 225.292855 14.031216 57.897829 64.000000 10.313140 15.922475 58.768669 256.000000 238.209020
16.064929 98.631024 0.000000 26.834817 17.581584 95.331318 256.000000 216.687815 34.218727 67.049482 64.000000 22.411827 32.220713 52.927222 256.000000 233.394500 65.966607 108.024138 0.000000 92.740819 66.438907 108.865060 256.000000 162.355592 68.211758 90.391825 0.000000 20.763962 63.515220 114.711944 256.000000 246.568816
172.779940 31.047020 0.000000 38.847453 149.731725 12.036831 256.000000 225.262737 104.147424 158.642073 64.000000 17.894181 105.577182 158.112356 256.000000 244.133590 37.620591 145.142318 64.000000 9.852771 39.259738 151.701467 256.000000 244.284178 67.523829 61.390669 0.000000 9.512872 66.101738 61.937565 256.000000 243.587170
131.086298 85.125702 64.000000 15.321274 136.713996 78.798156 256.000000 235.760886 23.966789 52.730016 64.000000 45.348561 25.986380 52.428940 256.000000 209.468186 156.955900 96.356809 64.000000 24.132835 156.297120 97.753695 256.000000 239.375003 13.622524 208.336789 0.000000 44.466544 39.434007 191.496649 256.000000 224.204317
49.783260 208.878400 64.000000 30.685573 50.685013 206.853967 256.000000 224.440956 102.872460 23.274853 0.000000 17.549979 101.235611 24.527093 256.000000 255.031873 38.738609 10.988891 64.000000 14.331694 40.498031 11.968520 256.000000 229.814803 95.499567 190.495865 0.000000 23.913406 93.673945 193.031696 256.000000 240.867977
62.898238 61.292500 64.000000 34.622378 59.497456 64.661307 256.000000 220.413797 121.210825 78.310902 64.000000 38.434411 89.520587 103.407829 256.000000 205.832557 30.778744 83.552795 0.000000 13.415257 34.380373 80.334900 256.000000 250.105488 40.217449 80.783911 64.000000 14.039123 41.231451 96.204969 256.000000 223.812788
109.010311 96.435138 64.000000 32.694849 116.407407 90.731064 256.000000 223.382536 94.148907 87.847555 64.000000 20.097071 93.539762 83.335596 256.000000 251.934059 86.667785 87.552242 64.000000 15.811761 85.409189 85.295095 256.000000 241.487540 44.533098 208.825487 0.000000 8.794351 47.987598 211.600984 256.000000 263.103401
59.022624 124.950351 64.000000 25.475221 61.736745 119.810800 256.000000 233.798937 78.331831 218.536478 0.000000 22.644163 75.434613 220.440415 256.000000 228.072283 51.077496 152.710075 0.000000 9.091225 59.288522 156.780133 256.000000 246.125657 29.381960 81.991144 64.000000 18.961206 39.770824 76.293391 256.000000 217.599949
36.697475 76.571371 0.000000 46.772695 33.326629 75.521553 256.000000 216.291983 110.039216 123.293453 64.000000 27.518918 108.338700 120.161318 256.000000 225.021796 121.954842 151.493387 64.000000 40.357638 119.416884 144.441493 256.000000 224.139779 29.986216 175.370064 64.000000 58.195886 30.426882 144.158616 256.000000 206.047683
74.729205 121.672260 0.000000 9.977544 84.987644 139.594825 256.000000 247.136749 52.212576 60.657311 64.000000 14.323089 58.825680 59.606633 256.000000 239.960145 71.829467 61.462331 64.000000 16.904601 69.284693 56.986518 256.000000 231.157190 87.539524 151.322829 0.000000 38.899083 73.146418 137.240216 256.000000 215.711143
18.103691 4.592351 64.000000 213.981530 16.426576 2.806809 256.000000 47.680527 21.094405 74.985827 0.000000 14.379022 14.072387 77.396633 256.000000 233.545088 12.970364 27.963718 64.000000 8.699695 14.876144 26.065920 256.000000 238.673692 46.052729 118.608520 0.000000 15.678383 38.172271 119.564787 256.000000 226.544888
9.558311 51.145711 64.000000 10.403493 8.112055 52.238038 256.000000 257.720948 170.873224 72.239276 0.000000 30.973841 170.252569 63.873482 256.000000 216.360823 41.894729 128.676638 0.000000 26.770279 55.655640 115.037045 256.000000 214.334336 79.896958 84.966682 64.000000 18.539559 76.528782 81.907047 256.000000 215.332521
21.937913 -0.000004 0.000000 14.194013 16.653593 0.043845 256.000000 232.753424 82.519460 9.956218 64.000000 12.184737 80.994987 11.113695 256.000000 236.427777 100.805047 73.027649 0.000000 29.205506 85.628064 64.617882 256.000000 236.926869 130.924116 96.402669 0.000000 21.465272 129.605998 96.426053 256.000000 249.150328
111.122611 36.102244 64.000000 19.064466 111.699647 38.990669 256.000000 217.634369 86.217084 191.566978 0.000000 27.045641 84.526295 190.508815 256.000000 223.692317 172.250418 71.563167 0.000000 19.129004 171.455998 69.903000 256.000000 242.683641 45.174371 94.850118 0.000000 41.213839 58.268271 91.865520 256.000000 205.793834
114.644173 195.086160 0.000000 9.999056 118.646240 195.334407 256.000000 236.173928 138.346880 106.933933 0.000000 9.934519 139.268758 107.970231 256.000000 250.484109 56.149380 29.693233 64.000000 57.167583 53.212555 49.145013 256.000000 196.857500 45.910551 70.757933 64.000000 32.965908 50.223469 38.376344 256.000000 226.760014
15.537536 151.938358 0.000000 12.223459 12.329438 151.787907 256.000000 233.403105 117.542498 174.683284 64.000000 17.851155 117.573660 173.861036 256.000000 235.455407 169.166065 43.027625 64.000000 23.745608 166.498491 39.978662 256.000000 220.263209 75.518304 171.905247 0.000000 21.590045 74.835389 170.914315 256.000000 235.184348
77.853104 137.700196 0.000000 20.200331 71.287985 146.055700 256.000000 224.901325 97.770882 177.678844 0.000000 24.868566 97.492076 165.598325 256.000000 222.074570 164.988636 74.973093 0.000000 20.570348 165.097602 77.915595 256.000000 240.480750 103.464347 23.560178 0.000000 12.335325 102.290080 21.920531 256.000000 258.465284
