70.796949 80.826553 64.000000 14.409139 85.489256 81.324020 256.000000 232.163979 23.966789 52.730016 64.000000 45.348561 25.986380 52.428940 256.000000 209.468186 14.445035 170.771375 64.000000 18.457811 34.498649 176.156344 256.000000 251.538227 51.339338 60.796651 0.000000 13.591661 51.084987 54.647935 256.000000 233.635441
136.431315 73.021331 64.000000 17.300433 135.691749 71.026082 256.000000 245.355506 22.434842 105.241729 64.000000 21.848197 16.313800 122.831256 256.000000 240.622734 34.824840 95.730522 64.000000 17.098214 29.133589 101.166058 256.000000 234.095811 11.262676 102.087404 0.000000 12.675224 14.866496 105.854640 256.000000 251.998596
15.799413 62.172425 64.000000 14.865207 6.166602 61.106196 256.000000 253.465756 50.040536 152.985855 0.000000 11.307023 58.641909 209.272485 256.000000 251.757655 65.251740 120.387402 0.000000 10.635829 60.711985 124.179115 256.000000 239.331978 74.341785 116.062598 64.000000 15.140568 72.295789 115.678984 256.000000 256.847536
19.063405 82.194638 0.000000 12.098686 18.735064 80.002362 256.000000 253.977756 45.588224 93.926962 0.000000 18.401878 43.714458 90.305822 256.000000 242.885859 63.531215 46.181540 64.000000 25.875355 51.510355 44.914173 256.000000 237.000012 154.976873 53.046124 0.000000 43.631855 152.827073 49.478507 256.000000 233.644046
3.399960 49.322305 64.000000 9.934519 4.468853 46.371215 256.000000 244.744548 134.575671 128.971527 64.000000 26.770279 193.060105 57.957691 256.000000 249.348244 91.039027 30.508669 64.000000 29.584128 91.129353 31.471673 256.000000 219.505965 94.576822 59.458844 0.000000 20.518718 95.000007 66.685713 256.000000 245.316783
43.299495 198.557840 0.000000 79.945124 49.760851 197.568384 256.000000 183.549806 96.081151 63.830182 0.000000 21.835289 94.904789 65.244616 256.000000 233.639744 23.642853 40.564773 64.000000 11.483426 20.955455 24.413289 256.000000 227.039678 27.088107 73.284698 64.000000 19.404365 24.444744 69.556618 256.000000 240.911002
45.848940 97.579100 64.000000 30.930816 52.911318 88.678998 256.000000 250.023740 40.556811 37.664125 64.000000 23.827356 45.506375 39.457124 256.000000 234.633626 1.227538 160.930384 64.000000 27.759859 3.992445 160.228025 256.000000 240.622734 83.252893 77.560065 64.000000 30.625337 81.332967 78.212635 256.000000 210.638472
14.319947 211.071262 0.000000 11.651224 21.839251 215.318816 256.000000 252.562227 151.416867 19.853464 64.000000 15.936534 152.022404 21.110580 320.000000 256.352747 26.793016 228.415191 64.000000 35.895924 30.495076 226.003158 256.000000 222.513427 89.700211 94.653529 64.000000 23.973641 92.076336 95.113953 256.000000 215.212050
58.448844 58.321016 0.000000 12.189039 53.860471 58.270782 256.000000 229.397459 92.439795 65.796035 64.000000 15.902114 90.910322 62.362502 256.000000 241.281019 100.520978 195.631129 64.000000 16.323761 98.756440 196.658058 256.000000 244.658497 58.202858 46.666562 64.000000 11.023056 56.071733 45.895847 256.000000 250.122698
41.894729 128.676638 0.000000 26.770279 55.655640 115.037045 256.000000 214.334336 123.088153 165.292620 64.000000 16.513072 121.605984 165.592045 256.000000 232.228517 52.787342 221.776605 64.000000 27.587758 56.796698 219.929216 256.000000 247.790732 66.263842 52.552549 64.000000 27.394145 25.908942 33.592498 256.000000 224.217225
59.327098 68.003565 64.000000 12.189039 62.064053 63.624916 256.000000 251.129487 66.807429 25.380427 0.000000 16.108635 68.281553 26.040465 256.000000 256.731368 41.971773 31.529531 0.000000 10.523964 51.826876 20.715309 256.000000 225.030401 51.189600 88.129040 0.000000 9.654855 55.022227 94.940976 256.000000 255.315839
24.682531 141.253156 64.000000 42.100158 26.303105 137.965091 256.000000 209.136892 22.047587 60.455076 0.000000 18.836433 18.005133 65.316742 256.000000 248.027370 119.897605 12.175644 0.000000 26.008733 116.501420 14.585964 256.000000 232.620046 83.247120 133.500016 0.000000 23.668163 80.855547 133.305169 256.000000 217.673092
36.652802 95.104833 64.000000 9.792536 41.236985 95.820011 256.000000 240.442028 72.270253 191.500533 64.000000 15.080333 71.314385 190.828155 256.000000 232.172584 5.378222 113.953811 64.000000 23.823053 19.588169 117.065044 256.000000 235.352147 79.343991 159.104931 0.000000 30.560800 75.940213 154.874567 256.000000 237.882028
2.359631 74.636249 64.000000 16.990651 3.269567 73.087115 256.000000 218.477663 177.593676 97.659507 64.000000 32.582984 173.568969 93.219445 256.000000 229.083375 118.423085 100.320709 0.000000 15.372904 123.858064 95.498062 256.000000 226.144754 45.653664 45.724671 64.000000 29.097943 48.362493 47.529960 256.000000 223.034032
83.720505 137.598227 0.000000 32.230177 72.188998 146.475255 256.000000 223.778368 115.685365 86.907631 0.000000 17.532769 114.181987 85.446993 256.000000 226.824552 88.459984 7.086082 0.000000 52.082005 89.308867 9.895433 256.000000 227.392485 65.558524 67.818427 0.000000 53.041467 76.095796 57.282760 256.000000 205.617431
36.747171 90.241693 64.000000 18.987021 39.445645 88.666615 256.000000 257.475704 47.737896 179.992589 64.000000 26.288397 52.527415 178.588125 256.000000 236.926869 128.638389 69.605995 64.000000 80.607712 136.709815 77.394011 256.000000 173.830413 5.524511 18.213415 64.000000 10.011964 7.779247 12.352327 256.000000 268.989248
114.045678 69.214302 64.000000 9.913006 113.976055 69.028915 256.000000 259.975468 87.349344 199.347393 64.000000 14.353207 84.865456 200.911107 256.000000 226.803039 114.831311 200.624005 0.000000 31.059892 115.769215 192.039764 256.000000 225.383208 101.686853 195.261138 64.000000 33.542446 100.233896 194.658505 256.000000 231.763845
63.586318 161.313425 64.000000 19.322617 57.325229 161.803693 256.000000 241.930700 108.452836 49.837415 64.000000 17.184265 109.023736 51.765467 256.000000 267.887803 133.226416 129.285793 64.000000 19.826012 132.518765 129.250275 256.000000 225.615544 33.716545 44.753367 0.000000 8.815863 33.372135 46.024209 256.000000 247.752009
107.327693 20.001711 0.000000 10.859560 106.929507 22.111682 256.000000 223.339511 48.990553 11.651075 64.000000 16.267828 47.664445 12.576215 256.000000 244.495002 121.513598 169.304644 64.000000 25.686044 118.851773 170.636102 256.000000 242.218968 6.854051 201.030160 0.000000 9.835561 7.654138 200.552518 256.000000 243.694733
35.509058 54.475393 0.000000 10.450821 38.037085 58.809929 256.000000 231.755240 98.526733 100.014049 0.000000 42.104461 78.807127 90.335205 256.000000 227.534468 150.379762 136.279678 64.000000 35.125773 145.195724 136.252169 256.000000 224.122569 139.988422 153.281815 0.000000 10.786418 144.404969 151.643400 256.000000 244.817691
2.679135 106.029835 64.000000 17.734987 4.327113 104.193325 256.000000 234.969222 131.191438 72.384127 0.000000 11.732972 131.514380 71.377284 256.000000 249.425689 139.359196 156.429058 0.000000 27.333910 142.953096 150.496762 256.000000 218.185092 142.328973 114.009949 0.000000 9.740905 148.152027 109.648893 256.000000 260.698292
81.645942 35.124031 64.000000 11.819022 87.654585 37.427033 256.000000 239.805255 34.338016 146.669345 64.000000 23.229305 32.444102 143.208464 256.000000 240.790532 7.657787 146.166144 0.000000 26.520733 5.554765 142.049376 256.000000 237.232348 64.002536 193.795205 64.000000 23.706885 57.397611 194.005345 256.000000 231.613257
10.891887 71.017107 64.000000 14.826484 4.004833 64.198100 256.000000 252.360008 16.718587 59.277605 0.000000 20.905945 6.692265 65.552684 256.000000 228.700451 97.939984 163.197009 64.000000 9.947426 100.180824 162.525302 256.000000 228.106703 82.396724 102.091376 0.000000 10.330351 80.729275 103.111909 256.000000 237.765860
116.901824 55.167865 64.000000 18.948298 128.195413 77.873984 256.000000 246.999068 136.441284 23.169393 0.000000 91.080046 130.696847 27.582215 256.000000 168.232835 11.680253 70.392700 0.000000 19.486113 10.211235 63.082120 256.000000 231.389526 93.060740 84.295367 64.000000 10.011964 93.294835 89.459287 256.000000 250.682025
121.523498 163.905013 0.000000 17.476836 120.927553 163.397544 256.000000 234.741189 80.250662 16.389656 64.000000 25.759187 84.776158 25.431627 256.000000 207.549262 71.302495 108.580689 64.000000 23.952129 70.795615 101.881067 256.000000 215.280891 137.946167 109.218802 0.000000 61.259280 126.656758 98.545716 256.000000 199.877869
25.086847 44.216236 0.000000 22.127860 22.591904 45.058098 256.000000 241.775809 6.400200 12.614965 0.000000 43.872796 11.777736 26.763136 256.000000 233.144954 180.400020 37.103678 64.000000 42.267956 177.416622 37.804056 256.000000 209.928556 62.347278 42.618509 0.000000 20.148701 65.784175 47.965584 256.000000 225.658569
100.332040 95.078782 64.000000 14.671593 139.164876 90.035280 256.000000 218.813260 15.517616 153.336365 64.000000 17.412298 4.977609 154.664753 256.000000 243.690430 150.402936 184.500958 64.000000 63.298674 132.952382 163.588293 256.000000 181.050042 81.747576 123.584000 64.000000 17.098214 75.401644 133.158278 256.000000 226.880485
63.849415 16.428629 64.000000 11.771695 65.285344 17.258493 256.000000 249.451505 165.035585 14.450569 64.000000 33.241270 163.927831 4.735687 256.000000 248.672748 131.869556 115.976300 0.000000 20.445575 134.939680 112.544822 256.000000 236.815003 144.215498 19.641382 0.000000 10.063594 139.672693 12.737285 256.000000 230.115980
51.496393 200.818249 0.000000 55.502508 54.810955 191.838584 256.000000 209.472489 166.791573 139.291882 0.000000 17.162752 166.364198 137.962089 256.000000 227.319342 161.316671 27.727533 64.000000 11.384468 173.847695 24.261209 256.000000 255.126528 109.634384 164.132573 64.000000 17.919996 97.009676 187.852329 256.000000 238.226230
79.489549 124.826296 64.000000 17.623122 78.620104 123.338245 256.000000 233.123441 168.227713 86.638702 64.000000 17.924298 166.219473 86.277838 256.000000 238.165995 57.931995 87.793324 64.000000 11.208065 59.263595 91.552607 256.000000 248.930900 38.135935 144.541271 64.000000 19.770079 31.734284 143.199116 256.000000 219.811444
82.122811 103.064245 64.000000 16.633542 89.065105 96.489956 256.000000 223.769763 30.363607 19.849955 0.000000 12.339627 31.059984 21.458738 256.000000 236.371844 143.637673 176.206000 64.000000 16.470047 143.462527 179.996942 256.000000 238.579037 172.896900 89.484569 64.000000 13.570148 175.293160 83.119973 320.000000 234.771306
148.006478 0.278442 0.000000 54.482811 143.214396 9.506500 256.000000 203.289767 177.367100 46.604535 64.000000 10.536871 177.644009 47.025838 256.000000 241.939305 39.090456 122.459375 0.000000 22.274146 44.244333 116.993493 256.000000 251.516714 89.461985 209.755156 0.000000 28.499892 86.891244 203.354164 256.000000 247.911202
