54.503698 94.686460 64.000000 18.522349 61.579213 97.908649 256.000000 236.139508 106.548775 175.091702 0.000000 15.428837 107.809227 176.075142 256.000000 232.632954 48.127987 124.251355 64.000000 29.080733 63.843180 127.881425 256.000000 212.720891 154.965844 137.248031 0.000000 29.360396 145.563056 141.594165 256.000000 217.939848
60.797484 221.975636 0.000000 10.141040 62.128973 221.668316 256.000000 251.968479 207.341722 47.929733 64.000000 29.579825 227.884289 22.640351 256.000000 225.292855 112.365862 35.180280 0.000000 26.748767 114.968247 39.595618 256.000000 224.643174 130.329238 148.849509 0.000000 15.261038 130.940582 141.934791 256.000000 232.314567
5.546067 68.419742 0.000000 17.476836 5.041155 76.078853 256.000000 229.720148 72.238771 101.133478 64.000000 14.404837 75.927527 98.108040 256.000000 52.477836 50.114744 29.301131 0.000000 22.588230 45.057295 26.449707 256.000000 244.150800 36.676265 179.422151 64.000000 29.519590 44.708624 174.545935 256.000000 254.395100
38.824896 37.357022 64.000000 9.947426 42.073756 36.990547 256.000000 246.241825 56.140467 37.750471 0.000000 18.358853 44.333902 31.624933 256.000000 236.453592 138.877693 121.401920 64.000000 40.886848 130.541631 101.905971 256.000000 208.078472 21.330265 88.056145 64.000000 25.556969 28.146900 85.063984 256.000000 219.548991
176.997251 130.030389 64.000000 21.456667 176.825187 127.341767 256.000000 228.128215 39.566238 99.110196 64.000000 28.848397 50.694376 89.868204 256.000000 227.934602 131.133447 30.647740 64.000000 12.240669 133.877187 34.384493 256.000000 242.455607 93.146887 127.232491 0.000000 33.056261 85.909820 126.843378 256.000000 228.515442
14.869778 19.332051 64.000000 10.941308 17.178911 17.355649 256.000000 257.875839 172.779940 31.047020 0.000000 38.847453 149.731725 12.036831 256.000000 225.262737 164.969500 56.547204 64.000000 28.327792 161.786822 57.578282 256.000000 226.983745 44.816851 94.994595 64.000000 33.030446 40.199949 81.098571 256.000000 218.529293
54.605349 30.149304 64.000000 16.577610 53.006735 30.230107 256.000000 243.057960 122.533220 122.046825 0.000000 11.371560 124.117011 117.390629 256.000000 233.695676 39.130405 214.491964 64.000000 36.713403 36.783056 208.884767 256.000000 219.949125 63.031642 191.715509 64.000000 25.819423 46.462198 196.692745 256.000000 224.574334
61.546524 207.216045 0.000000 22.355894 62.516567 206.207231 256.000000 230.313896 126.851396 14.740515 64.000000 23.422919 125.088982 12.192540 256.000000 226.346972 18.249973 32.539565 0.000000 10.554082 3.170718 21.309958 256.000000 239.366398 26.711402 229.198815 0.000000 19.232264 33.897320 230.493016 256.000000 225.464956
30.671849 106.610867 0.000000 13.501308 37.389607 114.350785 256.000000 243.957187 26.872300 89.450760 64.000000 15.174988 29.073358 92.878696 256.000000 235.786701 61.920364 105.716627 0.000000 27.613573 63.386567 103.370213 256.000000 228.653123 195.208287 94.690565 64.000000 17.248803 194.819473 95.400975 256.000000 242.477120
102.434607 152.838191 64.000000 16.547492 103.400076 151.368124 256.000000 232.964248 49.071382 121.038020 64.000000 22.807659 50.663762 119.031224 256.000000 238.161692 43.324318 43.309385 0.000000 33.421975 40.050900 45.835367 256.000000 223.666502 140.836731 74.120040 64.000000 32.677639 138.662240 74.737816 256.000000 219.075713
27.782458 117.830753 0.000000 25.677439 31.767049 114.080293 256.000000 236.070667 173.985500 141.017144 0.000000 10.657342 180.057058 136.199664 256.000000 241.861859 49.139158 156.175842 0.000000 25.797910 53.660927 151.327691 256.000000 237.834701 87.384409 35.407878 0.000000 12.128804 89.055658 36.643133 256.000000 234.827239
108.143104 5.791636 64.000000 43.821166 100.061705 37.654520 256.000000 199.679953 13.797833 106.434813 0.000000 33.370345 8.943909 81.408900 256.000000 211.197799 44.179345 103.693007 0.000000 12.589174 43.950387 101.742444 256.000000 223.034032 72.918265 70.390338 0.000000 13.815392 116.049187 104.100233 256.000000 245.949253
84.035451 70.293936 64.000000 17.709172 82.737115 69.356382 256.000000 217.931243 172.950211 64.139444 64.000000 10.218485 192.167251 49.560585 256.000000 249.339639 168.240135 11.302418 0.000000 41.906545 157.115229 6.542258 256.000000 206.370372 180.904105 87.902444 64.000000 37.406109 177.070344 86.695196 256.000000 218.593831
60.684555 58.460573 64.000000 11.642619 61.158209 51.818402 256.000000 226.772922 76.791427 74.122149 0.000000 37.074815 74.646985 80.433176 256.000000 233.760214 19.657180 125.890749 64.000000 28.228834 20.797471 121.354067 256.000000 226.927812 31.538922 7.244607 64.000000 31.640732 29.229636 12.810291 256.000000 225.641359
131.577022 102.675576 0.000000 15.359996 138.563091 95.877391 256.000000 256.933587 167.235191 135.983467 64.000000 16.689475 165.646640 135.794740 256.000000 235.038063 130.539300 70.144553 0.000000 8.802956 131.964300 74.734276 256.000000 250.608882 103.818156 211.669955 0.000000 14.774854 107.793322 210.984502 256.000000 234.995037
39.362096 172.338411 64.000000 14.155291 34.278104 172.827585 256.000000 226.510468 0.921738 79.650640 64.000000 9.276233 0.921295 77.923387 256.000000 245.260850 147.366365 28.307665 64.000000 9.323561 134.817844 23.390409 256.000000 241.440212 63.585376 94.611433 64.000000 9.302048 61.028245 97.171473 256.000000 251.658697
91.606991 187.165151 64.000000 33.856530 77.316733 181.319904 256.000000 233.992550 82.678247 78.629227 64.000000 14.297274 91.618587 75.255325 256.000000 256.989520 33.682318 171.988120 64.000000 72.880386 35.508538 169.716615 256.000000 178.941807 31.022807 172.318958 64.000000 38.098815 37.522900 158.186909 256.000000 221.553965
96.447595 41.145758 0.000000 15.243828 95.498624 39.183069 256.000000 219.019781 17.550233 91.741271 64.000000 14.516702 16.074480 97.997413 256.000000 251.835101 127.753355 144.554524 0.000000 10.239998 132.674204 143.144071 256.000000 233.837659 118.195075 20.684700 0.000000 22.059020 117.845020 20.696298 256.000000 225.856485
16.896853 117.744524 0.000000 11.401678 12.399158 117.862753 256.000000 250.884244 82.006600 64.011020 0.000000 23.160465 70.984858 56.617796 256.000000 233.058903 92.757333 191.152113 0.000000 15.033005 95.058691 191.437778 256.000000 236.776281 136.782882 30.098458 0.000000 9.925914 137.427907 26.600540 256.000000 243.901254
89.450833 99.594858 64.000000 37.367386 75.292851 100.659282 256.000000 224.062334 59.947264 78.735467 64.000000 23.577810 57.188405 63.809562 256.000000 242.373859 62.827416 69.142785 0.000000 15.936534 69.344147 63.137593 256.000000 241.754296 51.077496 152.710075 0.000000 9.091225 59.288522 156.780133 256.000000 246.125657
187.348636 27.720556 64.000000 10.717577 188.270122 25.712145 256.000000 235.369357 38.785744 0.852631 0.000000 23.263726 43.076189 3.907884 256.000000 229.926669 53.640662 157.637787 64.000000 10.683157 57.684220 162.682249 256.000000 253.934730 92.678140 121.839024 0.000000 26.314212 92.213302 116.312642 256.000000 233.351475
40.958264 138.690184 64.000000 23.276633 49.830764 133.852236 256.000000 214.519345 59.823938 43.006298 0.000000 23.788633 66.575558 77.741669 256.000000 231.841290 28.758091 105.061144 64.000000 32.591589 51.712220 65.466175 256.000000 203.044524 160.687711 48.311495 0.000000 21.693306 160.940675 45.327355 256.000000 218.559411
147.500175 161.464844 0.000000 25.277305 147.454253 158.061136 256.000000 228.016350 104.599913 202.186678 0.000000 9.517174 102.669380 204.977955 256.000000 241.861859 22.328273 46.549096 64.000000 24.563087 11.323225 51.715009 256.000000 224.397931 106.227833 199.847202 0.000000 9.594620 111.299551 200.618505 256.000000 240.321557
45.946125 33.033680 0.000000 27.635086 39.998651 32.524633 256.000000 229.341526 78.419305 105.344575 0.000000 30.405909 77.906555 103.693584 256.000000 231.307778 76.523345 26.221851 0.000000 26.697137 73.309115 32.687840 256.000000 227.216081 90.028933 86.139129 0.000000 8.712603 90.394191 86.657938 256.000000 251.301588
45.281204 180.934733 0.000000 30.453237 90.591564 179.525515 256.000000 210.767547 93.684138 38.207685 64.000000 15.385812 99.126371 42.825204 256.000000 252.235235 24.769756 43.084249 64.000000 9.435426 28.619367 42.210684 256.000000 239.000683 37.787542 79.687278 0.000000 11.104804 40.687669 77.216804 256.000000 242.627708
76.191195 98.129945 0.000000 13.316299 82.417433 92.809682 256.000000 230.189123 157.783367 171.103318 64.000000 38.064394 144.700933 149.692202 256.000000 215.474504 48.990553 11.651075 64.000000 16.267828 47.664445 12.576215 256.000000 244.495002 22.719300 22.892785 0.000000 23.792936 63.848687 8.297907 256.000000 230.520417
178.917331 101.052255 64.000000 13.148501 178.476764 100.169671 256.000000 242.640615 118.427195 143.747207 64.000000 43.816864 111.607353 141.160785 256.000000 203.276860 13.291520 77.492585 0.000000 15.773038 15.412796 75.082600 256.000000 230.929156 26.253964 21.813622 0.000000 25.961406 27.902885 25.961371 256.000000 224.032216
100.328793 66.761618 64.000000 16.878786 106.856829 58.299467 256.000000 263.731568 26.662476 56.202618 0.000000 10.377678 30.467562 51.099275 256.000000 247.046396 114.855331 29.471231 0.000000 36.300361 104.284420 45.244284 256.000000 237.382936 147.421227 130.641256 64.000000 23.896196 146.411138 129.105055 256.000000 220.624621
29.888629 62.214222 64.000000 14.426350 36.590316 58.375109 256.000000 233.532181 42.240029 49.924167 0.000000 16.728198 37.013631 51.955882 256.000000 225.116451 177.462898 77.332622 0.000000 20.338012 176.707171 77.291805 256.000000 236.324516 27.088107 73.284698 64.000000 19.404365 24.444744 69.556618 256.000000 240.911002
133.659033 94.166764 64.000000 56.599651 119.005035 115.297727 256.000000 194.241568 29.696965 61.576584 0.000000 31.808530 35.435462 58.682685 256.000000 230.954971 73.071093 179.538155 64.000000 31.696665 77.068580 184.090500 256.000000 231.888618 120.131300 95.922253 64.000000 22.756028 119.344667 94.481144 256.000000 228.369157
165.719918 87.681795 0.000000 12.210552 171.576831 98.650355 256.000000 243.191338 95.115367 96.375140 64.000000 16.134450 101.549136 90.896447 256.000000 239.073826 123.379702 20.324593 0.000000 30.741505 120.601033 21.062765 256.000000 222.380049 148.597149 59.613845 64.000000 11.750182 148.617985 56.966515 256.000000 256.305419
1.541593 120.054835 0.000000 8.897611 1.001002 119.057424 256.000000 249.059975 32.262931 135.378324 0.000000 21.602953 36.568178 135.071553 256.000000 231.264753 128.638389 69.605995 64.000000 80.607712 136.709815 77.394011 256.000000 173.830413 108.507429 216.244851 0.000000 10.291628 106.661011 218.322564 256.000000 239.942935
