65.552865 121.856040 0.000000 35.302177 60.589653 114.774555 256.000000 216.786773 175.323685 111.663289 64.000000 13.578753 182.135367 105.025462 256.000000 242.877254 10.155067 131.231324 64.000000 28.573035 14.609642 128.645198 256.000000 217.849495 10.891485 114.408235 0.000000 8.807258 4.643218 118.886333 256.000000 244.925254
23.564007 163.445976 64.000000 12.701039 27.933562 167.245251 256.000000 266.687400 14.869778 19.332051 64.000000 10.941308 17.178911 17.355649 256.000000 257.875839 14.045885 184.637504 64.000000 39.183050 12.424127 178.620307 256.000000 222.238066 166.791573 139.291882 0.000000 17.162752 166.364198 137.962089 256.000000 227.319342
29.713513 92.919611 0.000000 25.113809 35.026853 91.475105 256.000000 235.438197 43.564235 88.838036 0.000000 50.623450 44.300958 79.105024 256.000000 217.075042 39.835785 75.258318 64.000000 8.884704 41.575896 75.208858 256.000000 253.229117 119.400125 137.492704 64.000000 11.698552 120.175245 137.461687 256.000000 260.590729
158.953651 47.576444 64.000000 78.921124 155.685420 47.329093 256.000000 183.141066 36.422422 150.738224 0.000000 9.771023 31.242305 153.318320 256.000000 253.831470 39.196789 49.265453 0.000000 32.617404 47.321415 69.309607 256.000000 221.084990 162.396082 157.166169 64.000000 35.186009 159.418980 153.910520 256.000000 238.755440
134.111089 70.571556 0.000000 41.114881 128.373804 73.512116 256.000000 225.817762 68.051858 78.787509 0.000000 10.442216 70.307469 82.726427 256.000000 262.965720 41.867091 90.432611 0.000000 18.900970 53.292344 97.276129 256.000000 233.820449 41.928820 101.312849 64.000000 15.304064 46.245891 101.398636 256.000000 240.123641
42.815916 84.332536 64.000000 16.022584 43.966887 82.223796 256.000000 224.135477 170.842029 23.821291 0.000000 46.669434 167.617171 17.426333 256.000000 229.720148 138.719820 131.456416 0.000000 19.950785 140.865015 127.971267 256.000000 227.168753 95.135831 195.090295 64.000000 9.818351 100.592029 196.401156 256.000000 237.021524
207.341722 47.929733 64.000000 29.579825 227.884289 22.640351 256.000000 225.292855 37.687069 223.087689 64.000000 12.313812 37.629627 223.976485 256.000000 243.793691 20.947749 107.246544 0.000000 16.857273 8.592305 120.092782 256.000000 250.152815 27.331929 65.996562 64.000000 13.742249 23.773544 67.504200 256.000000 258.551334
77.259071 36.252785 0.000000 24.756700 79.858482 43.144155 256.000000 236.823608 73.320389 15.663595 64.000000 10.016267 74.424591 16.025498 256.000000 241.096011 51.649022 124.440407 64.000000 11.999728 39.733211 135.014116 256.000000 238.669389 79.284345 74.961604 0.000000 12.059964 92.453340 65.939716 256.000000 250.324916
131.027647 169.788111 64.000000 54.297802 127.859631 168.259569 256.000000 202.661600 16.463016 76.294175 64.000000 24.425406 29.132931 75.010307 256.000000 218.834772 86.182885 73.409018 0.000000 27.174716 82.317402 46.179342 256.000000 235.007945 87.242880 76.875638 64.000000 19.632399 89.007936 69.747860 256.000000 215.676723
63.378140 126.080025 64.000000 27.424262 25.438229 150.300133 256.000000 232.955643 137.515229 186.284080 0.000000 47.968795 127.094740 183.355207 256.000000 201.293398 52.253673 218.870271 0.000000 36.240126 39.232549 210.818764 256.000000 226.837459 22.047587 60.455076 0.000000 18.836433 18.005133 65.316742 256.000000 248.027370
5.071325 68.272918 64.000000 19.714147 8.970362 70.132353 256.000000 234.345357 26.893675 14.432065 64.000000 17.700567 25.493556 17.304205 256.000000 233.687071 137.827935 171.202647 0.000000 44.862376 134.974913 162.018784 256.000000 204.029801 93.836705 125.603573 64.000000 17.786618 103.904971 123.566700 256.000000 241.478935
181.587629 87.649287 64.000000 32.148429 178.454827 99.727796 256.000000 234.517458 35.951702 153.881042 0.000000 24.773910 26.162945 148.092684 256.000000 204.894607 107.926615 194.824993 64.000000 19.881945 110.190704 192.663433 256.000000 235.235978 77.850887 108.959182 64.000000 24.115625 75.704853 106.097731 256.000000 244.090565
133.756925 68.398456 64.000000 17.339156 133.293251 69.241476 256.000000 240.799137 150.157320 171.957704 64.000000 30.616732 150.713065 160.331165 256.000000 224.389326 165.136844 88.379500 64.000000 47.383653 142.320258 84.697042 256.000000 198.587113 27.835733 119.233418 0.000000 14.697408 18.385471 123.348791 256.000000 229.952484
120.154224 79.102171 0.000000 37.517974 98.228556 81.297158 256.000000 207.041565 93.966353 162.751149 64.000000 8.708300 94.984880 184.638104 256.000000 236.328819 146.022342 65.184469 64.000000 32.273203 137.681942 61.783749 256.000000 214.988319 171.728115 68.792098 0.000000 28.650481 169.037522 70.539840 256.000000 214.717261
14.950371 126.836633 64.000000 13.806787 5.596962 130.615396 256.000000 260.857485 9.062067 88.602840 0.000000 13.768064 7.720695 91.371493 256.000000 212.531580 72.768691 183.442273 0.000000 22.540902 85.008535 179.415085 256.000000 236.380449 60.684555 58.460573 64.000000 11.642619 61.158209 51.818402 256.000000 226.772922
179.304738 43.537873 64.000000 22.928129 179.420475 33.922804 256.000000 223.898838 98.219449 154.243025 64.000000 234.840147 96.511273 150.019949 256.000000 27.097271 95.974967 107.349995 64.000000 9.667762 95.454144 107.572164 256.000000 241.612313 30.671849 106.610867 0.000000 13.501308 37.389607 114.350785 256.000000 243.957187
106.772913 145.713851 64.000000 18.290013 104.826844 145.252331 256.000000 237.172112 59.400756 66.257655 0.000000 17.455324 53.912031 65.897824 256.000000 230.739845 144.405364 68.272315 0.000000 18.453508 141.194669 66.344664 256.000000 211.073026 55.559758 225.370135 0.000000 8.970754 57.007693 227.077245 256.000000 259.545216
71.302495 108.580689 64.000000 23.952129 70.795615 101.881067 256.000000 215.280891 167.603709 72.528680 64.000000 37.311453 151.483080 66.417885 256.000000 220.327747 86.790564 11.581613 64.000000 17.554282 79.572135 6.318925 256.000000 219.333865 33.234049 110.014884 64.000000 17.872668 33.733976 105.940980 256.000000 235.649020
28.424735 113.891418 0.000000 18.156634 24.725631 112.322067 256.000000 248.139236 10.295047 160.512218 0.000000 53.970811 9.389993 157.989240 256.000000 200.931987 65.558524 67.818427 0.000000 53.041467 76.095796 57.282760 256.000000 205.617431 34.373513 59.738171 64.000000 9.887191 36.184169 58.059960 256.000000 255.182461
32.166531 100.538376 64.000000 16.517374 25.684493 89.061575 256.000000 249.847336 23.612231 94.760198 64.000000 24.421104 32.886558 107.965547 256.000000 231.286265 59.018656 41.933965 0.000000 29.162481 81.145153 39.994233 256.000000 228.166938 59.545993 127.158145 0.000000 30.207993 58.410516 122.168515 256.000000 225.219712
29.087244 16.646427 64.000000 22.975457 32.816845 16.406905 256.000000 252.002899 107.275082 103.733887 64.000000 27.148901 112.043878 95.747878 256.000000 237.481894 10.742836 27.627824 0.000000 9.284838 7.385667 28.892633 256.000000 258.680410 84.997438 7.137920 0.000000 37.363084 88.223882 13.056756 256.000000 220.159948
139.671945 185.229656 64.000000 15.936534 144.578418 191.684131 256.000000 231.256147 10.972191 26.816889 64.000000 22.459154 13.603804 27.367676 256.000000 222.384351 15.319420 101.852258 64.000000 42.926242 31.404909 73.934305 256.000000 217.204117 6.854051 201.030160 0.000000 9.835561 7.654138 200.552518 256.000000 243.694733
161.316671 27.727533 64.000000 11.384468 173.847695 24.261209 256.000000 255.126528 159.655249 45.624331 64.000000 17.941508 158.225095 45.414704 256.000000 238.643574 24.025065 138.670669 0.000000 13.815392 8.837680 150.414669 256.000000 241.999540 50.967238 62.188538 64.000000 8.699695 49.592733 59.912065 256.000000 255.251302
131.601713 41.720162 64.000000 15.648265 131.012522 41.305907 256.000000 245.914833 87.349344 199.347393 64.000000 14.353207 84.865456 200.911107 256.000000 226.803039 66.156738 46.784796 64.000000 20.062651 56.415729 34.631129 256.000000 225.094939 91.484125 142.779765 64.000000 15.407324 93.714665 141.617098 256.000000 215.840218
58.535515 21.703302 0.000000 25.440801 55.598349 27.464729 256.000000 221.674435 195.208287 94.690565 64.000000 17.248803 194.819473 95.400975 256.000000 242.477120 99.229991 206.418760 0.000000 54.616189 84.117907 202.048698 256.000000 180.649907 14.782733 167.770560 64.000000 11.629712 7.310220 172.142651 256.000000 242.382464
82.519460 9.956218 64.000000 12.184737 80.994987 11.113695 256.000000 236.427777 85.150622 13.599844 64.000000 22.063323 82.363233 10.367373 256.000000 254.266024 39.181495 122.603773 64.000000 15.403022 43.709013 123.401373 256.000000 252.742932 63.649609 45.218336 0.000000 23.427221 61.558869 44.521273 256.000000 241.840347
3.781776 49.709664 0.000000 10.334653 1.319605 52.413598 256.000000 245.368413 2.795878 91.286278 0.000000 12.369745 2.705380 84.749860 256.000000 236.100785 4.875125 86.550467 0.000000 30.423119 12.482235 87.513915 256.000000 220.710671 26.818151 53.496820 0.000000 13.832602 23.386589 57.437762 256.000000 261.107031
169.481160 114.341538 64.000000 41.743049 162.836040 107.508276 256.000000 228.278804 34.472147 61.112440 64.000000 20.665004 22.999487 67.842980 256.000000 221.304419 51.945402 152.580724 0.000000 8.854586 57.146653 154.970947 256.000000 276.738086 32.139251 144.616222 0.000000 19.877642 39.568909 145.952455 256.000000 253.775537
74.341785 116.062598 64.000000 15.140568 72.295789 115.678984 256.000000 256.847536 42.081087 111.896287 64.000000 13.135594 39.210564 114.513091 256.000000 233.248214 60.758109 75.571449 64.000000 30.367186 22.447298 70.982722 256.000000 224.062334 62.993362 60.839411 0.000000 9.736603 69.209945 61.415104 256.000000 246.211707
14.217020 142.817329 0.000000 11.694249 19.934987 148.222665 256.000000 233.682769 31.318065 140.058853 0.000000 45.262510 40.614947 143.040667 256.000000 205.660456 15.537536 151.938358 0.000000 12.223459 12.329438 151.787907 256.000000 233.403105 156.744635 59.425484 0.000000 9.525779 157.335645 60.656424 256.000000 242.834229
66.957269 196.973951 64.000000 16.977744 76.775687 197.127349 256.000000 243.535540 15.188089 47.475756 64.000000 10.825140 10.176431 47.506073 256.000000 244.129287 1.227775 55.553544 64.000000 21.594348 0.440296 61.168384 256.000000 247.924110 92.125876 171.729896 64.000000 26.301305 86.615889 169.568402 256.000000 211.782942
91.165540 140.214647 0.000000 51.432324 90.236245 138.926111 256.000000 205.023683 118.323649 0.285393 64.000000 27.333910 117.966153 3.391458 256.000000 222.603780 34.896258 182.892593 64.000000 25.311725 36.549535 181.657213 256.000000 224.307578 151.446165 152.719489 0.000000 31.391186 142.381887 154.908320 256.000000 230.408551
