21.279987 50.342884 64.000000 10.007662 17.944264 50.554445 256.000000 252.045924 188.082965 59.999178 0.000000 31.941908 185.146349 58.989671 256.000000 212.049698 41.548993 31.532424 64.000000 20.763962 56.945818 26.203604 256.000000 233.549391 25.258995 96.375720 0.000000 10.829443 23.884538 92.926949 256.000000 245.463069
28.667565 216.175722 0.000000 30.603825 23.655191 218.328396 256.000000 214.996924 41.700735 51.203125 0.000000 11.087594 35.239185 47.821978 256.000000 232.942735 82.952795 20.976025 64.000000 19.924970 84.307851 23.789213 256.000000 236.982802 74.813996 90.356696 64.000000 13.376535 73.323875 88.126531 256.000000 248.801824
121.954842 151.493387 64.000000 40.357638 119.416884 144.441493 256.000000 224.139779 25.086847 44.216236 0.000000 22.127860 22.591904 45.058098 256.000000 241.775809 77.329744 59.770865 0.000000 15.979559 75.291253 35.729687 256.000000 249.916177 14.799233 206.361040 64.000000 35.525908 16.594611 202.269611 256.000000 245.187707
174.820789 25.125349 64.000000 26.099086 172.631455 24.796078 256.000000 208.001027 150.369575 122.179767 64.000000 10.377678 152.552218 121.064765 256.000000 249.658026 103.755598 46.055100 0.000000 34.493303 98.749391 50.232645 256.000000 227.108518 46.894709 99.521938 0.000000 10.205577 44.141733 101.486815 256.000000 253.607739
31.311664 3.335707 64.000000 13.342115 35.148936 1.302473 256.000000 263.679938 171.253438 51.658509 64.000000 17.519861 174.438636 57.400975 256.000000 238.819978 25.546158 87.999747 64.000000 17.360668 28.325422 90.837595 256.000000 261.782527 56.470044 56.806998 64.000000 9.164368 56.512636 58.554900 256.000000 237.722835
166.265589 153.914276 64.000000 24.244700 161.746900 150.841364 256.000000 219.493058 104.970118 135.263640 64.000000 21.069440 149.060313 131.708565 256.000000 222.861931 152.579013 60.908165 64.000000 35.164496 146.175858 63.428571 256.000000 220.474032 25.753415 139.159595 64.000000 14.477980 30.207600 141.713682 256.000000 239.237322
54.435540 127.818967 64.000000 13.484098 57.695185 126.590025 256.000000 239.159877 45.371458 191.393325 64.000000 32.548564 45.944835 189.269635 256.000000 237.146297 48.607022 190.166471 64.000000 15.084635 44.677344 189.900267 256.000000 222.160620 45.588224 93.926962 0.000000 18.401878 43.714458 90.305822 256.000000 242.885859
16.206864 203.503047 64.000000 12.950585 28.679293 233.255189 256.000000 269.686256 12.311309 72.558504 0.000000 11.621107 13.992785 72.649478 256.000000 226.562098 49.252427 32.985456 64.000000 17.244500 37.223675 29.402809 256.000000 236.509524 21.322275 195.699245 0.000000 27.802884 2.009745 180.187549 256.000000 223.494401
148.548847 96.899904 64.000000 16.895996 150.210502 95.991184 256.000000 232.125257 151.255405 8.729204 64.000000 11.728670 151.111173 7.973893 256.000000 266.683097 59.913495 58.316842 0.000000 23.534784 54.736604 57.767262 256.000000 233.325660 62.775556 61.175355 0.000000 14.056333 84.230760 59.227985 256.000000 237.740045
98.665180 24.831395 0.000000 11.836233 103.069560 27.066578 256.000000 251.430664 44.214676 38.340507 0.000000 12.008333 39.051442 34.188320 256.000000 259.364511 19.657180 125.890749 64.000000 28.228834 20.797471 121.354067 256.000000 226.927812 36.422422 150.738224 0.000000 9.771023 31.242305 153.318320 256.000000 253.831470
55.559758 225.370135 0.000000 8.970754 57.007693 227.077245 256.000000 259.545216 2.372933 169.499325 0.000000 31.980631 6.331631 167.897811 256.000000 217.729025 124.696375 37.843847 64.000000 39.944596 149.004498 191.801185 256.000000 230.331106 129.561271 81.551875 0.000000 12.989308 130.515015 85.484807 256.000000 236.552550
141.061316 74.974935 64.000000 14.013308 169.625020 88.290347 256.000000 228.364854 78.187447 83.806511 64.000000 10.575594 76.698942 83.350284 256.000000 264.815803 191.106342 29.566675 64.000000 9.310653 198.426309 12.826411 256.000000 251.594160 130.539300 70.144553 0.000000 8.802956 131.964300 74.734276 256.000000 250.608882
196.550525 79.651982 0.000000 14.391929 197.291256 75.224929 256.000000 219.553293 67.758640 82.435720 64.000000 31.090010 56.862264 72.994607 256.000000 233.437525 75.741973 65.245789 0.000000 13.191526 80.734222 72.442236 256.000000 242.141523 32.287727 37.178633 64.000000 10.618619 31.692405 30.165527 256.000000 241.823137
99.847335 60.545264 0.000000 13.884232 99.207118 57.788867 256.000000 254.674764 118.593547 84.944075 64.000000 9.035292 117.103122 84.730100 256.000000 258.323301 31.660936 36.500387 0.000000 19.739962 41.366436 20.282347 256.000000 241.466027 10.891887 71.017107 64.000000 14.826484 4.004833 64.198100 256.000000 252.360008
62.898238 61.292500 64.000000 34.622378 59.497456 64.661307 256.000000 220.413797 64.947909 193.769133 64.000000 9.185880 64.647456 193.718556 320.000000 254.102529 58.052636 225.685075 64.000000 49.466072 57.082967 224.507498 256.000000 231.884315 106.496340 54.105207 0.000000 31.584799 103.714418 54.746687 256.000000 241.375675
175.543178 85.086227 0.000000 19.963693 174.736551 86.618920 256.000000 235.455407 59.022624 124.950351 64.000000 25.475221 61.736745 119.810800 256.000000 233.798937 15.954905 124.190318 64.000000 17.063794 19.191171 123.168720 256.000000 243.135405 15.403065 129.376216 0.000000 42.564830 19.625831 131.507342 256.000000 205.406607
14.031216 57.897829 64.000000 10.313140 15.922475 58.768669 256.000000 238.209020 29.966969 21.006307 64.000000 11.109107 29.601756 21.458960 256.000000 241.160549 3.605233 89.829051 0.000000 19.606584 1.326402 77.063624 256.000000 229.294198 50.661320 13.343282 0.000000 94.427406 50.759442 17.372767 256.000000 154.550821
49.363851 83.144456 0.000000 14.572635 57.778165 84.433376 256.000000 229.939576 84.997438 7.137920 0.000000 37.363084 88.223882 13.056756 256.000000 220.159948 112.226209 192.366913 64.000000 10.433611 117.396813 197.045798 256.000000 245.329690 56.192825 170.607891 64.000000 24.855658 55.774116 169.459795 256.000000 231.772450
49.885091 119.559242 64.000000 26.340027 47.290105 115.830956 256.000000 230.034232 104.599913 202.186678 0.000000 9.517174 102.669380 204.977955 256.000000 241.861859 27.117231 199.187736 0.000000 23.504667 33.596487 198.629398 256.000000 243.471002 67.225387 180.453080 64.000000 20.411155 65.552587 180.273385 256.000000 240.076313
119.400125 137.492704 64.000000 11.698552 120.175245 137.461687 256.000000 260.590729 100.805047 73.027649 0.000000 29.205506 85.628064 64.617882 256.000000 236.926869 34.012198 13.216204 64.000000 24.773910 71.474385 5.651200 256.000000 235.636113 88.100320 85.151018 64.000000 9.667762 87.544695 88.225415 256.000000 243.707640
105.847369 116.797478 64.000000 11.276905 104.499575 115.858493 256.000000 268.369685 59.947264 78.735467 64.000000 23.577810 57.188405 63.809562 256.000000 242.373859 53.143509 122.333893 0.000000 13.333509 47.979213 130.723204 256.000000 235.033760 78.804971 81.486353 0.000000 13.944467 76.353407 86.730913 256.000000 236.526734
94.723938 119.518218 0.000000 43.653368 82.232989 132.856856 256.000000 208.478607 41.631918 93.208747 0.000000 29.265741 31.009296 90.580989 256.000000 225.989863 25.034080 52.760007 0.000000 15.506282 26.401822 56.031124 256.000000 233.325660 75.862753 79.106033 64.000000 12.025543 92.114047 40.877536 256.000000 243.453792
4.982144 93.900595 0.000000 8.755628 1.953247 97.335833 256.000000 253.315168 53.484460 165.016847 0.000000 34.725639 61.722278 153.786036 256.000000 198.440827 82.556413 223.352818 0.000000 19.838920 80.291540 223.642069 256.000000 230.993694 35.751500 7.476555 64.000000 21.086651 35.085953 9.439985 256.000000 247.881085
133.756925 68.398456 64.000000 17.339156 133.293251 69.241476 256.000000 240.799137 147.272424 172.545504 64.000000 22.020297 150.909822 171.355885 256.000000 255.900982 32.262931 135.378324 0.000000 21.602953 36.568178 135.071553 256.000000 231.264753 86.121393 14.505578 0.000000 15.192198 83.573505 7.712885 256.000000 236.117995
44.464851 172.984720 0.000000 30.414514 48.782596 175.995935 256.000000 261.507166 20.999393 119.279558 64.000000 17.102517 17.046145 117.726627 256.000000 227.280619 40.526467 31.338609 0.000000 15.893509 38.588982 34.124676 256.000000 220.129831 17.129778 56.386022 64.000000 8.979359 9.179476 50.325176 256.000000 253.108647
18.009453 152.442015 64.000000 25.582784 16.157931 149.460231 256.000000 231.845593 114.089773 108.639991 64.000000 16.414114 113.902411 106.606358 256.000000 231.303475 120.317113 97.598700 0.000000 10.076502 132.758327 91.373336 256.000000 251.585554 25.392820 133.274922 0.000000 9.482754 26.938238 133.834724 256.000000 253.883100
44.840044 62.719467 0.000000 14.860904 36.394969 51.736760 256.000000 229.444787 16.037755 41.911029 64.000000 26.852027 19.964680 46.211531 256.000000 219.019781 165.222055 14.368304 64.000000 46.144527 153.140287 8.989713 256.000000 214.459109 127.029964 41.753204 0.000000 23.379894 118.135356 34.721144 256.000000 217.746235
51.684540 110.577536 64.000000 14.572635 54.024842 110.175095 256.000000 230.529022 34.808618 77.658471 0.000000 21.938549 44.048896 77.742629 256.000000 220.689158 73.320389 15.663595 64.000000 10.016267 74.424591 16.025498 256.000000 241.096011 153.679927 103.589647 0.000000 26.968195 139.760867 104.106675 256.000000 219.338167
32.055738 37.808475 64.000000 11.423191 33.659311 39.624451 256.000000 235.524247 57.986245 112.348387 0.000000 42.999385 68.109024 104.944884 256.000000 211.516186 15.785791 225.167324 64.000000 29.325976 15.739805 223.739704 256.000000 230.800080 110.884967 134.383600 64.000000 25.957103 103.539127 142.088709 256.000000 229.896551
115.061696 9.655413 64.000000 40.680327 128.975260 26.716680 256.000000 234.229189 137.357720 82.995456 64.000000 28.826884 134.777480 82.831547 256.000000 230.627980 17.998135 186.481667 0.000000 19.533441 17.967498 184.172540 256.000000 237.193625 19.937707 88.025576 64.000000 31.064194 34.100991 77.072924 256.000000 232.353290
41.921765 182.197856 64.000000 51.707685 38.450113 182.291069 256.000000 201.861331 7.657787 146.166144 0.000000 26.520733 5.554765 142.049376 256.000000 237.232348 94.888725 140.321900 64.000000 43.838376 88.362362 140.031658 256.000000 221.304419 71.587116 37.201785 0.000000 11.917980 66.870815 31.997116 256.000000 231.170097
109.098785 162.475649 0.000000 23.999457 113.098633 146.865098 256.000000 246.844177 141.146607 192.453520 0.000000 35.190311 141.858611 186.901264 256.000000 233.411710 8.298171 92.620958 0.000000 22.145070 14.791493 91.080698 256.000000 248.328547 185.862455 76.177904 64.000000 18.135122 184.838684 75.613564 256.000000 225.817762
