34.218727 67.049482 64.000000 22.411827 32.220713 52.927222 256.000000 233.394500 1.917722 166.973631 0.000000 38.791520 5.371216 165.772051 256.000000 223.137292 54.616044 0.193547 0.000000 26.383053 46.917902 11.652038 256.000000 215.461597 24.077493 152.098011 0.000000 10.278720 16.234184 155.936204 256.000000 252.273958
45.418075 12.638735 64.000000 19.421575 41.598425 13.417487 256.000000 232.753424 53.140173 12.335458 64.000000 32.402278 52.753300 18.934149 256.000000 230.572047 29.956080 122.066191 0.000000 12.868837 32.562662 120.896256 256.000000 247.476648 19.986335 87.858624 0.000000 25.285910 34.566704 61.353236 256.000000 228.975812
139.233920 86.963915 0.000000 32.565774 136.470338 90.050258 256.000000 224.578636 177.832591 120.504453 0.000000 13.092568 176.914733 128.518749 256.000000 235.322029 24.564615 98.704742 0.000000 14.211224 18.134645 108.095731 256.000000 237.942264 16.937427 128.392409 0.000000 12.782787 21.097769 130.025502 256.000000 251.034832
177.367100 46.604535 64.000000 10.536871 177.644009 47.025838 256.000000 241.939305 77.474265 26.134558 0.000000 10.769208 74.655696 33.081100 256.000000 224.195712 19.706342 165.206973 64.000000 26.533641 15.966849 161.911420 256.000000 232.508181 162.615222 60.749904 64.000000 11.530754 175.362060 74.243671 256.000000 233.351475
191.315395 89.468302 64.000000 14.658686 196.609640 96.271384 256.000000 248.264009 12.151195 143.453371 0.000000 16.177475 9.006469 137.030282 256.000000 243.638800 156.125245 116.726785 64.000000 34.015723 153.466513 115.334644 256.000000 231.531509 39.762093 36.088331 0.000000 10.777813 41.876635 37.553860 256.000000 257.346629
29.860005 138.089495 0.000000 16.775525 20.709164 146.977416 256.000000 247.924110 19.205027 211.750049 64.000000 44.802141 15.435109 203.913884 256.000000 199.271214 68.073929 116.671867 64.000000 12.098686 74.722451 130.924273 256.000000 242.042565 62.421984 47.819898 0.000000 40.641604 62.913573 45.673271 256.000000 215.754168
64.038195 109.951524 64.000000 18.539559 62.943036 108.487753 256.000000 249.735471 37.740489 158.670735 64.000000 13.759459 35.730838 159.321831 256.000000 236.281491 29.239680 149.739835 64.000000 12.821510 33.341464 150.186856 256.000000 257.191738 59.725165 220.897838 0.000000 35.306479 61.405193 215.350700 256.000000 222.414469
93.061676 42.108484 64.000000 15.803156 123.553629 31.814822 256.000000 228.506837 94.448531 17.315880 64.000000 12.890350 116.428391 12.718378 256.000000 248.539370 129.428209 87.131980 64.000000 13.311997 130.015309 85.546900 256.000000 239.060919 84.533445 101.803485 64.000000 13.290484 102.088102 101.833925 256.000000 238.252045
14.445035 170.771375 64.000000 18.457811 34.498649 176.156344 256.000000 251.538227 69.380018 139.367293 0.000000 18.354550 72.203704 137.328740 256.000000 248.896479 39.349835 123.611287 64.000000 27.488800 12.863336 106.727271 256.000000 232.620046 20.958000 70.497027 64.000000 23.534784 14.896584 68.157991 256.000000 218.899310
58.052636 225.685075 64.000000 49.466072 57.082967 224.507498 256.000000 231.884315 121.954842 151.493387 64.000000 40.357638 119.416884 144.441493 256.000000 224.139779 14.933191 12.650040 0.000000 12.752669 7.379285 13.048869 256.000000 241.199271 98.448636 172.576718 64.000000 27.953472 95.851087 171.420160 256.000000 210.810572
142.348431 126.465167 64.000000 24.094112 141.456529 124.016318 256.000000 242.214666 27.452424 133.138002 64.000000 23.190583 31.059193 129.880605 256.000000 224.036519 3.970445 113.541895 0.000000 12.713947 3.927513 112.179229 256.000000 244.576749 19.356131 147.362667 64.000000 17.128332 6.568060 152.601082 256.000000 246.147169
141.420489 23.251624 64.000000 9.646250 142.977849 24.372416 256.000000 266.941248 27.104142 141.954716 64.000000 12.658014 32.343491 146.555096 256.000000 258.994494 43.874738 162.946385 0.000000 42.891822 37.417649 128.111991 256.000000 247.110934 88.439415 91.243116 0.000000 17.136937 91.540305 85.807149 256.000000 240.308650
196.550525 79.651982 0.000000 14.391929 197.291256 75.224929 256.000000 219.553293 150.091502 110.363545 64.000000 22.252633 150.409635 105.560676 256.000000 236.556852 31.811362 222.804000 0.000000 16.013979 34.245715 222.999044 256.000000 253.435638 143.202071 16.856749 0.000000 28.990380 139.576935 15.368255 256.000000 222.083175
155.662235 67.794187 64.000000 13.019426 155.675089 67.320353 256.000000 246.676379 9.062067 88.602840 0.000000 13.768064 7.720695 91.371493 256.000000 212.531580 24.338945 104.556422 64.000000 15.007190 27.190507 103.239689 256.000000 258.017822 90.196784 40.513240 64.000000 12.765577 88.165184 39.900018 256.000000 246.388110
57.617836 81.584022 64.000000 24.167255 58.257111 77.797447 256.000000 234.943407 45.748011 14.723320 64.000000 20.277777 47.710165 14.722842 256.000000 228.975812 90.883716 17.381604 64.000000 14.671593 90.593196 7.693202 256.000000 238.781255 34.931145 9.648905 64.000000 31.085707 38.173145 16.221518 256.000000 247.407808
27.198942 179.437367 64.000000 47.375048 29.440520 175.246562 256.000000 219.234907 59.018656 41.933965 0.000000 29.162481 81.145153 39.994233 256.000000 228.166938 38.234715 101.464567 0.000000 11.771695 33.615055 104.709889 256.000000 249.597790 146.594469 184.003395 0.000000 25.776397 144.065484 184.331687 256.000000 233.403105
46.903309 71.728085 64.000000 11.909375 52.831480 67.899195 256.000000 245.587842 81.962985 53.185318 0.000000 18.371760 81.113389 50.663324 256.000000 258.555637 25.823909 87.685482 0.000000 12.176132 29.892762 87.371789 256.000000 223.141595 32.049758 4.973905 64.000000 9.891493 33.376600 4.871907 256.000000 236.944079
135.751795 60.646900 64.000000 13.518518 135.577196 58.976056 256.000000 261.786829 67.789969 163.448227 64.000000 24.584599 59.137147 163.196227 256.000000 235.851239 6.854051 201.030160 0.000000 9.835561 7.654138 200.552518 256.000000 243.694733 18.530015 42.473191 0.000000 26.933775 15.473658 53.456009 256.000000 213.564185
113.468633 84.096015 64.000000 12.688131 115.961493 88.334045 256.000000 222.272486 49.417305 79.917485 64.000000 36.653168 61.903573 58.233155 256.000000 212.768219 26.627535 18.861747 0.000000 14.370417 31.750582 16.379738 256.000000 259.738830 63.530215 180.970587 64.000000 13.264669 79.526607 196.449776 256.000000 250.131303
39.339520 190.269891 64.000000 16.762618 39.082633 189.195998 256.000000 244.796178 106.783965 58.334618 0.000000 13.458283 111.159164 48.874620 256.000000 246.241825 172.744796 113.400751 64.000000 33.421975 170.967255 113.522273 256.000000 240.067708 13.524527 207.070151 0.000000 19.993810 13.422815 206.461456 256.000000 240.545288
45.910551 70.757933 64.000000 32.965908 50.223469 38.376344 256.000000 226.760014 95.499567 190.495865 0.000000 23.913406 93.673945 193.031696 256.000000 240.867977 9.163538 52.546031 0.000000 14.581240 9.106484 56.516145 256.000000 246.672077 33.310655 104.446411 0.000000 25.113809 48.469173 96.168082 256.000000 227.745291
26.734111 222.828575 0.000000 16.878786 30.150269 225.449875 256.000000 240.997053 58.053496 40.486815 64.000000 36.511185 29.940960 51.480869 256.000000 216.472689 142.048145 19.378118 0.000000 51.118240 138.303405 22.924809 256.000000 197.571718 25.675795 61.913976 64.000000 9.456939 29.558096 61.259249 256.000000 244.968279
30.601027 64.010555 0.000000 24.128532 25.637467 51.931947 256.000000 234.074298 50.033649 161.175104 0.000000 14.163896 46.902880 161.201298 256.000000 260.306763 119.615129 0.871302 64.000000 19.993810 116.690051 -0.000004 256.000000 220.306234 59.400756 66.257655 0.000000 17.455324 53.912031 65.897824 256.000000 230.739845
19.475255 101.299287 64.000000 18.061979 23.248405 103.874829 256.000000 233.192281 15.225238 88.469391 0.000000 16.939021 5.100496 85.295575 256.000000 247.390597 128.497947 54.051878 0.000000 18.466416 130.733885 67.674793 256.000000 246.431136 8.456904 131.380107 0.000000 16.392601 6.643480 128.697844 256.000000 253.835772
157.783367 171.103318 64.000000 38.064394 144.700933 149.692202 256.000000 215.474504 132.299351 112.659469 64.000000 10.394888 132.538487 111.445355 256.000000 223.550334 84.477769 86.978847 64.000000 18.776197 85.290113 82.619273 256.000000 243.230061 69.447351 89.849331 64.000000 16.766920 67.641724 91.082913 256.000000 246.693589
110.149944 84.583931 0.000000 16.254921 116.037622 75.123989 256.000000 254.571503 10.372089 99.610429 0.000000 14.619963 10.666113 93.862015 256.000000 213.667446 96.968420 41.387229 64.000000 14.938349 96.176529 41.394533 256.000000 236.617087 56.216573 55.302718 64.000000 31.012564 49.895987 54.377133 256.000000 210.965463
119.029505 138.226840 64.000000 17.562887 118.002580 137.358964 256.000000 223.580452 103.818156 211.669955 0.000000 14.774854 107.793322 210.984502 256.000000 234.995037 49.466924 6.033058 0.000000 10.007662 45.242300 4.444564 256.000000 240.282834 101.694889 61.367400 64.000000 29.287254 96.478349 57.961256 256.000000 231.643374
121.867304 35.997375 0.000000 20.957575 122.641545 37.634295 256.000000 251.645790 31.863636 86.683547 64.000000 14.688803 27.179562 84.842451 256.000000 240.652851 85.091258 65.101065 64.000000 28.452565 81.591024 65.294395 256.000000 249.442900 34.472147 61.112440 64.000000 20.665004 22.999487 67.842980 256.000000 221.304419
20.583493 70.354220 64.000000 13.299089 17.056438 69.830698 256.000000 251.856613 158.178264 174.542102 64.000000 14.938349 153.535516 196.122684 256.000000 247.868177 65.391489 178.651325 64.000000 13.892837 77.305909 187.586278 256.000000 281.918320 60.653371 57.813364 0.000000 11.100502 67.828415 55.356360 256.000000 237.856213
68.027591 77.811578 64.000000 16.323761 65.143104 76.330189 256.000000 247.889690 106.772913 145.713851 64.000000 18.290013 104.826844 145.252331 256.000000 237.172112 84.155249 37.458182 0.000000 30.569405 85.198633 42.290051 256.000000 243.526935 185.639733 90.588958 0.000000 34.596563 166.404760 81.104022 256.000000 230.705425
24.195180 91.397847 0.000000 17.068097 27.868476 107.730669 256.000000 214.618303 17.120158 117.234462 64.000000 22.730213 10.013231 114.091522 256.000000 247.059303 1.451038 67.424847 0.000000 14.323089 4.434645 68.756905 256.000000 252.480479 68.676755 97.329518 0.000000 10.893981 80.071449 97.603189 256.000000 262.789317
68.771984 151.948189 64.000000 27.234952 65.926095 148.043449 256.000000 234.758399 33.205169 192.485147 64.000000 23.526179 31.253951 190.350936 256.000000 236.789188 75.475818 19.049284 0.000000 13.957375 74.825027 22.295689 256.000000 233.786029 16.411013 69.167498 0.000000 32.187152 39.747429 69.893911 256.000000 229.363039
