28.667565 216.175722 0.000000 30.603825 23.655191 218.328396 256.000000 214.996924 64.109078 170.855984 64.000000 31.675152 61.882016 169.720016 256.000000 224.182805 42.336000 130.452362 64.000000 33.998513 39.173491 128.995505 256.000000 216.498504 110.987427 86.211798 0.000000 27.979288 107.569058 73.634915 256.000000 231.953156
180.657716 95.593322 0.000000 60.820423 186.636842 97.896493 256.000000 178.124328 170.842029 23.821291 0.000000 46.669434 167.617171 17.426333 256.000000 229.720148 172.896900 89.484569 64.000000 13.570148 175.293160 83.119973 320.000000 234.771306 23.837776 111.246518 64.000000 17.747895 27.467038 115.159189 256.000000 241.065893
34.453484 82.291742 0.000000 15.226618 29.613811 84.743878 256.000000 236.311608 17.617282 4.553747 64.000000 12.967795 16.764169 4.981395 256.000000 250.600277 25.086847 44.216236 0.000000 22.127860 22.591904 45.058098 256.000000 241.775809 95.033109 55.801145 0.000000 25.703254 93.563573 54.023420 256.000000 235.786701
118.789080 103.718982 0.000000 17.485441 117.735893 102.700645 256.000000 216.584554 100.227675 25.756709 64.000000 19.154819 97.630991 24.695044 256.000000 250.342126 10.891887 71.017107 64.000000 14.826484 4.004833 64.198100 256.000000 252.360008 37.005765 21.943620 64.000000 13.230249 36.310262 23.348309 256.000000 237.770163
44.533098 208.825487 0.000000 8.794351 47.987598 211.600984 256.000000 263.103401 30.904289 102.899113 0.000000 35.568933 31.413405 92.519473 256.000000 238.729625 68.321127 94.754893 0.000000 10.386283 65.276951 96.803535 256.000000 238.006801 48.174678 8.846322 64.000000 63.526708 49.060993 7.247215 256.000000 181.617974
53.143509 122.333893 0.000000 13.333509 47.979213 130.723204 256.000000 235.033760 54.150784 60.002016 64.000000 10.799325 57.001325 65.166235 256.000000 223.653595 1.541593 120.054835 0.000000 8.897611 1.001002 119.057424 256.000000 249.059975 69.221236 71.078984 64.000000 25.935591 63.253809 65.758380 256.000000 232.314567
26.711402 229.198815 0.000000 19.232264 33.897320 230.493016 256.000000 225.464956 0.476515 82.515269 64.000000 10.816535 2.513855 87.710658 256.000000 263.976812 1.841678 148.296351 64.000000 19.722752 3.164545 147.599755 256.000000 216.674907 108.345722 54.498933 0.000000 75.681327 104.814058 54.321002 256.000000 189.698107
55.710364 21.494082 64.000000 32.974513 59.813431 27.896309 256.000000 247.945623 166.705898 36.838571 64.000000 36.915622 166.252258 34.583029 256.000000 225.322972 51.189600 88.129040 0.000000 9.654855 55.022227 94.940976 256.000000 255.315839 39.568313 77.333111 0.000000 11.070384 39.902313 74.306769 256.000000 250.957387
42.548493 75.733609 0.000000 9.650552 46.900813 48.657265 256.000000 240.011776 26.512969 107.131907 64.000000 16.715290 29.340222 104.404925 256.000000 245.850295 72.828036 86.729785 0.000000 36.993067 74.143591 95.830815 256.000000 233.880685 82.952795 20.976025 64.000000 19.924970 84.307851 23.789213 256.000000 236.982802
9.584278 79.470791 0.000000 18.909575 9.525158 85.441798 256.000000 237.107575 53.268951 4.058127 64.000000 65.665060 52.366829 3.870707 256.000000 178.382479 155.733487 49.415509 0.000000 23.057205 159.773731 45.326771 256.000000 240.373187 66.403798 222.730384 0.000000 38.167655 54.441831 219.630693 256.000000 222.070267
16.933209 79.529665 0.000000 23.711188 20.921607 63.080289 256.000000 226.002771 32.825522 90.663962 64.000000 11.565174 30.812882 88.473876 256.000000 256.073083 129.252107 124.296596 64.000000 38.976529 112.604829 129.469191 256.000000 221.695948 42.057367 86.834884 0.000000 11.539359 45.510091 90.364731 256.000000 232.684584
33.015522 41.874109 64.000000 21.035020 32.117800 44.377793 256.000000 245.652379 146.404731 78.182707 0.000000 10.222788 148.831656 82.190160 256.000000 228.511140 138.967133 136.604111 64.000000 99.358094 145.510653 151.285293 256.000000 169.024498 75.065669 73.987202 64.000000 13.148501 76.383904 71.513509 256.000000 254.618831
194.709915 55.586649 0.000000 28.839792 195.113953 59.811620 256.000000 231.041021 2.507265 170.963735 0.000000 43.825469 4.644995 166.098387 256.000000 207.433094 8.113747 53.216009 64.000000 11.909375 10.561229 53.852869 256.000000 250.544345 129.904482 76.413853 64.000000 24.249003 123.265073 55.015707 256.000000 235.907172
27.247493 124.377405 64.000000 13.798182 35.322589 133.638278 256.000000 225.615544 129.428209 87.131980 64.000000 13.311997 130.015309 85.546900 256.000000 239.060919 48.157249 144.147985 64.000000 12.146014 47.918496 142.553751 256.000000 249.920479 11.680253 70.392700 0.000000 19.486113 10.211235 63.082120 256.000000 231.389526
43.020565 34.320745 0.000000 19.645306 43.288682 37.976273 256.000000 229.023140 44.914367 155.007224 64.000000 12.055661 45.701784 154.986567 256.000000 241.694061 1.413891 173.300456 64.000000 23.108835 39.278069 187.473482 256.000000 220.254604 31.521409 76.369736 64.000000 15.992467 33.104307 80.159671 256.000000 253.741117
103.906342 0.936804 64.000000 52.159450 89.145633 39.366002 256.000000 212.669261 67.382816 48.964689 64.000000 26.671321 65.172365 53.092329 256.000000 231.454063 19.711635 99.622204 0.000000 16.857273 26.087296 102.134556 256.000000 234.194769 21.937913 -0.000004 0.000000 14.194013 16.653593 0.043845 256.000000 232.753424
102.213271 18.808924 0.000000 21.099558 99.679078 17.852733 256.000000 255.350259 41.346738 188.365358 0.000000 12.442888 41.895271 190.523922 256.000000 252.166395 134.561378 92.812820 64.000000 8.613645 139.149138 97.960269 256.000000 275.778624 7.938798 104.321625 0.000000 22.622650 13.311209 97.605391 256.000000 218.150672
12.970364 27.963718 64.000000 8.699695 14.876144 26.065920 256.000000 238.673692 90.839356 130.963618 64.000000 41.403150 92.251387 128.158002 256.000000 193.174543 146.542284 144.357918 64.000000 18.354550 146.778833 143.178253 256.000000 246.074026 67.523829 61.390669 0.000000 9.512872 66.101738 61.937565 256.000000 243.587170
0.438909 134.105980 64.000000 24.864263 1.619302 134.154433 256.000000 234.586298 17.695435 158.722247 0.000000 12.619291 20.932733 161.241327 256.000000 228.941392 48.888276 3.035969 0.000000 9.082620 57.285416 1.677244 256.000000 245.665287 24.025065 138.670669 0.000000 13.815392 8.837680 150.414669 256.000000 241.999540
73.062711 138.290604 0.000000 31.214783 73.222695 132.999991 256.000000 244.417556 120.652931 161.395182 64.000000 46.217670 109.899380 139.272835 256.000000 203.547919 101.081582 100.192813 64.000000 29.054918 97.308027 97.135184 256.000000 237.098970 88.673895 31.046265 64.000000 31.124430 89.829105 38.183251 256.000000 226.101729
86.182885 73.409018 0.000000 27.174716 82.317402 46.179342 256.000000 235.007945 108.507429 216.244851 0.000000 10.291628 106.661011 218.322564 256.000000 239.942935 103.450771 205.792969 0.000000 9.233208 103.033980 207.822158 256.000000 235.334936 46.729082 82.186998 64.000000 11.431796 46.744396 85.291149 256.000000 261.804039
74.577342 154.326542 0.000000 8.850284 75.917804 154.666678 256.000000 243.187035 18.296187 71.388333 64.000000 9.271931 17.698105 72.988236 256.000000 254.115436 33.290473 60.444611 0.000000 14.004703 39.174289 62.977458 256.000000 249.756983 53.759091 104.932195 0.000000 21.960062 44.897562 106.000480 256.000000 220.172856
148.444205 145.289075 0.000000 39.832730 154.195676 140.770429 256.000000 210.281362 134.451662 190.570024 0.000000 28.788161 134.307729 186.378338 256.000000 230.847408 135.399129 23.478411 64.000000 44.797838 119.473100 32.817096 256.000000 221.906772 77.391462 12.222647 0.000000 22.885104 75.507789 17.225609 256.000000 225.615544
43.310329 174.969855 0.000000 34.114681 41.746644 169.990013 256.000000 215.169025 54.605349 30.149304 64.000000 16.577610 53.006735 30.230107 256.000000 243.057960 15.799413 62.172425 64.000000 14.865207 6.166602 61.106196 256.000000 253.465756 20.955538 71.859676 64.000000 15.841879 26.423864 72.204293 256.000000 228.803711
155.712265 158.191467 0.000000 16.379694 154.900664 157.715829 320.000000 246.401018 145.623549 57.938465 64.000000 9.039595 145.500780 57.546065 256.000000 251.675907 65.730865 56.223460 64.000000 18.423391 77.502529 53.352165 256.000000 243.492514 116.927267 50.514565 64.000000 15.949442 116.425447 50.378444 256.000000 233.884987
36.652802 95.104833 64.000000 9.792536 41.236985 95.820011 256.000000 240.442028 52.915431 59.181100 0.000000 9.844166 51.823020 62.176018 256.000000 240.902397 63.516565 130.275618 64.000000 13.673409 64.216416 128.633415 256.000000 238.764045 85.572673 23.943569 64.000000 14.594148 84.446675 24.315627 256.000000 205.415212
29.966969 21.006307 64.000000 11.109107 29.601756 21.458960 256.000000 241.160549 41.942809 94.164776 0.000000 18.130819 12.363785 97.294225 256.000000 250.677723 101.655829 174.287745 64.000000 12.804300 99.576653 186.577687 256.000000 251.176815 100.934615 51.768831 64.000000 17.532769 99.247660 50.494000 256.000000 231.793962
114.548991 102.580769 64.000000 33.727454 143.441762 109.170031 256.000000 192.460325 109.555258 68.136449 64.000000 15.334181 107.701353 64.161651 256.000000 236.647205 19.063405 82.194638 0.000000 12.098686 18.735064 80.002362 256.000000 253.977756 59.327098 68.003565 64.000000 12.189039 62.064053 63.624916 256.000000 251.129487
168.529113 91.601300 64.000000 13.053846 168.218013 90.800018 256.000000 251.903941 114.910947 89.062380 64.000000 11.436098 117.663478 85.707142 256.000000 257.630595 1.084342 89.236000 0.000000 27.613573 21.978064 82.761682 256.000000 217.952756 31.164604 111.595116 64.000000 21.951457 23.532365 109.004453 256.000000 247.369085
129.892945 68.038500 64.000000 16.698080 128.010493 64.532669 256.000000 232.348988 97.167262 37.518827 0.000000 27.759859 96.986453 40.940113 256.000000 227.491442 105.122256 95.676531 0.000000 9.474149 129.927760 111.348411 256.000000 250.036647 116.741838 106.678200 0.000000 24.085507 115.533627 104.107596 256.000000 236.660113
73.251589 125.913316 0.000000 11.294115 73.610251 122.204698 256.000000 249.705353 58.053496 40.486815 64.000000 36.511185 29.940960 51.480869 256.000000 216.472689 46.049033 4.126431 64.000000 25.363355 42.629593 5.808533 256.000000 240.928212 162.396082 157.166169 64.000000 35.186009 159.418980 153.910520 256.000000 238.755440
100.621965 80.913535 0.000000 45.998241 103.110373 80.420998 256.000000 207.544960 93.146887 127.232491 0.000000 33.056261 85.909820 126.843378 256.000000 228.515442 70.904251 126.044671 0.000000 8.802956 69.204889 125.821742 256.000000 249.812916 30.359931 154.112727 64.000000 11.853443 28.870515 153.343060 256.000000 248.513555
