56.567838 196.509396 0.000000 55.760659 55.231724 194.388965 256.000000 199.731583 175.323685 111.663289 64.000000 13.578753 182.135367 105.025462 256.000000 242.877254 167.699796 156.043395 0.000000 38.778613 165.708720 156.841102 256.000000 209.864018 95.115367 96.375140 64.000000 16.134450 101.549136 90.896447 256.000000 239.073826
74.929262 29.318124 0.000000 11.268300 73.656978 28.601778 256.000000 236.238466 139.671945 185.229656 64.000000 15.936534 144.578418 191.684131 256.000000 231.256147 39.350029 84.671098 0.000000 23.577810 38.806664 69.937787 256.000000 242.464212 88.495811 159.436667 0.000000 12.115896 86.320729 164.451902 256.000000 255.079201
99.613667 19.819673 64.000000 25.010549 102.315535 34.196420 256.000000 228.506837 10.891416 96.755140 0.000000 9.491359 11.330620 95.539007 256.000000 232.701794 21.056204 38.755151 0.000000 25.066482 12.741302 42.481658 256.000000 229.221056 71.587116 37.201785 0.000000 11.917980 66.870815 31.997116 256.000000 231.170097
160.843309 36.555700 0.000000 18.358853 159.768865 34.572924 256.000000 247.730497 40.556811 37.664125 64.000000 23.827356 45.506375 39.457124 256.000000 234.633626 66.836358 42.210073 0.000000 29.003287 70.883471 56.940798 256.000000 219.781327 143.966589 124.482551 64.000000 32.552866 140.858622 129.037945 256.000000 232.697492
45.418075 12.638735 64.000000 19.421575 41.598425 13.417487 256.000000 232.753424 72.134393 58.652611 64.000000 13.621778 81.874384 53.172458 256.000000 234.952012 22.411787 49.699065 64.000000 8.876099 18.584502 50.884507 256.000000 246.654867 128.003165 19.445631 64.000000 51.092425 108.348384 21.324869 256.000000 211.791547
24.752631 164.304925 0.000000 35.672193 26.991518 159.301218 256.000000 225.675779 33.479500 165.327069 0.000000 56.375920 7.668302 148.384945 256.000000 214.063278 142.048145 19.378118 0.000000 51.118240 138.303405 22.924809 256.000000 197.571718 50.033649 161.175104 0.000000 14.163896 46.902880 161.201298 256.000000 260.306763
31.550964 69.746355 0.000000 12.120199 31.537958 75.051489 256.000000 228.050770 12.097740 184.303298 0.000000 16.013979 6.638180 185.440040 256.000000 226.596518 35.345242 30.536282 64.000000 28.723624 35.489909 35.892005 256.000000 211.369900 164.969500 56.547204 64.000000 28.327792 161.786822 57.578282 256.000000 226.983745
155.521615 37.703571 0.000000 13.965980 163.280215 46.213355 256.000000 249.038463 52.169651 12.179229 0.000000 20.338012 55.766925 12.636495 256.000000 248.203774 121.905204 149.244460 64.000000 9.499964 123.538280 148.079947 256.000000 251.469386 16.777522 164.832005 64.000000 67.846438 17.061224 166.623873 256.000000 193.712358
78.044680 161.285582 0.000000 16.900299 69.572356 165.528936 256.000000 243.027842 84.084380 57.956956 0.000000 31.881673 57.218660 33.392400 256.000000 236.419171 74.158989 95.495547 0.000000 27.510313 116.420849 77.183544 256.000000 214.373059 3.858224 27.327184 64.000000 14.779156 8.382967 23.625860 256.000000 234.625021
28.310162 230.440775 0.000000 45.744393 29.945107 225.035724 256.000000 218.559411 137.633602 107.090860 0.000000 19.073071 137.457584 104.971020 256.000000 224.699107 127.376418 97.344549 0.000000 15.484769 127.829604 94.594200 256.000000 220.267511 49.466924 6.033058 0.000000 10.007662 45.242300 4.444564 256.000000 240.282834
136.093627 72.736671 64.000000 38.541974 128.262949 73.783840 256.000000 223.980586 41.282485 96.886015 64.000000 10.855258 42.372475 95.191016 256.000000 241.379977 113.899640 112.931518 64.000000 25.436498 114.622802 109.898144 256.000000 234.470130 168.265993 66.234905 0.000000 15.342786 168.765796 69.914485 256.000000 262.367670
31.863636 86.683547 64.000000 14.688803 27.179562 84.842451 256.000000 240.652851 48.084229 6.813491 64.000000 19.929273 47.013373 8.912018 256.000000 227.827039 59.545993 127.158145 0.000000 30.207993 58.410516 122.168515 256.000000 225.219712 65.267047 158.935607 64.000000 36.644563 66.925573 152.108949 256.000000 220.934402
108.269135 30.678375 64.000000 27.131691 115.198393 39.756293 256.000000 224.823880 112.226209 192.366913 64.000000 10.433611 117.396813 197.045798 256.000000 245.329690 130.691471 114.655087 0.000000 18.281407 130.434216 113.352582 256.000000 240.553893 103.068551 190.441102 64.000000 22.747423 92.310358 208.247235 256.000000 229.724450
128.866589 82.499996 64.000000 35.917437 123.414240 75.571740 256.000000 233.239609 0.716813 139.336753 64.000000 11.427493 0.494867 138.421009 320.000000 245.734127 65.419469 153.279822 64.000000 21.822381 68.252616 152.761847 256.000000 219.940520 60.730109 78.543518 0.000000 11.143527 63.801280 77.804675 256.000000 231.716517
177.650442 4.594627 0.000000 35.078446 174.132042 4.972740 256.000000 228.063678 19.657180 125.890749 64.000000 28.228834 20.797471 121.354067 256.000000 226.927812 29.710844 229.773376 64.000000 39.720865 29.313622 224.282460 256.000000 217.126672 25.125196 95.443209 0.000000 9.573107 21.740880 93.200420 256.000000 244.615472
16.206691 55.065833 64.000000 21.465272 8.386422 57.140327 256.000000 235.231676 72.956655 12.436527 64.000000 23.900499 66.317969 16.953136 256.000000 241.573590 23.230136 222.937356 0.000000 9.314956 26.485918 226.674858 256.000000 260.698292 134.209729 79.948745 64.000000 10.704670 133.984449 78.910356 256.000000 237.404449
69.851945 80.169831 0.000000 17.382181 65.372311 61.783133 256.000000 220.878469 97.304304 12.048496 64.000000 16.065610 91.853062 15.975922 256.000000 237.916448 110.342593 176.102935 64.000000 10.691762 110.248924 176.638753 256.000000 245.148985 69.700184 68.507944 0.000000 11.522149 72.931682 64.103827 256.000000 263.787501
54.665365 199.867115 0.000000 23.130348 66.437465 206.156253 256.000000 227.190266 102.974115 17.591987 64.000000 14.964165 100.458969 9.297940 256.000000 243.234363 27.247493 124.377405 64.000000 13.798182 35.322589 133.638278 256.000000 225.615544 28.638664 120.601296 0.000000 74.708957 34.909796 98.867718 256.000000 192.542073
95.879473 38.480520 64.000000 18.234080 93.231335 39.147356 256.000000 226.011376 25.015069 101.253704 64.000000 11.134922 26.168918 103.840800 256.000000 235.231676 119.879175 70.464253 0.000000 22.515087 117.308413 73.066993 256.000000 227.280619 48.310635 71.409182 0.000000 13.922955 39.374124 71.066660 256.000000 246.826967
57.596967 26.205858 64.000000 10.493846 55.812840 22.991004 256.000000 248.956715 56.456469 88.981484 64.000000 12.283695 55.094705 94.549540 256.000000 255.139436 86.631647 30.014638 0.000000 31.851556 83.685418 31.022940 256.000000 237.232348 44.134824 213.181225 0.000000 14.185408 37.592673 217.151091 256.000000 256.477520
171.756169 97.278235 64.000000 50.890207 173.679142 92.712084 256.000000 225.082031 33.234049 110.014884 64.000000 17.872668 33.733976 105.940980 256.000000 235.649020 34.218727 67.049482 64.000000 22.411827 32.220713 52.927222 256.000000 233.394500 131.343136 101.392327 64.000000 17.554282 130.179824 103.665585 256.000000 250.363639
26.627535 18.861747 0.000000 14.370417 31.750582 16.379738 256.000000 259.738830 50.134136 3.463867 0.000000 10.958518 51.506767 3.544225 256.000000 254.188579 55.833224 50.972642 64.000000 9.499964 58.986071 50.294145 256.000000 260.027099 150.187825 63.431075 0.000000 16.242013 149.985287 65.688002 256.000000 241.272414
91.967522 107.060462 0.000000 36.575723 61.676487 89.869098 256.000000 201.409566 173.573109 77.450638 0.000000 11.281207 186.941595 88.078853 256.000000 282.305547 163.437736 127.803005 0.000000 12.434283 162.399393 122.902498 256.000000 234.293727 135.421536 60.449271 0.000000 15.575122 137.826645 65.887309 256.000000 234.375474
137.216629 17.402938 64.000000 18.634214 135.695451 15.337847 256.000000 233.897895 127.790513 95.847911 64.000000 10.011964 132.727460 91.498209 256.000000 248.677051 82.678247 78.629227 64.000000 14.297274 91.618587 75.255325 256.000000 256.989520 152.579013 60.908165 64.000000 35.164496 146.175858 63.428571 256.000000 220.474032
149.080335 89.049538 0.000000 21.189911 151.826773 73.488038 256.000000 232.628651 102.064362 148.479653 0.000000 10.523964 101.688049 158.656493 256.000000 248.758799 100.441116 150.600907 64.000000 13.983190 99.909655 151.824033 256.000000 242.842834 153.207136 13.822047 64.000000 18.875155 152.823493 13.408478 256.000000 236.126600
10.891485 114.408235 0.000000 8.807258 4.643218 118.886333 256.000000 244.925254 27.924545 199.728842 64.000000 12.507426 37.471269 208.744664 256.000000 243.754968 135.400716 93.344376 64.000000 25.062179 131.407433 100.341082 256.000000 231.570231 34.438675 212.674455 64.000000 10.029174 35.939467 213.739004 256.000000 239.331978
78.430249 16.906520 64.000000 22.790448 77.421595 19.867620 256.000000 256.933587 23.248864 228.949076 64.000000 27.923355 25.105575 224.136253 256.000000 215.564857 44.662424 27.565818 0.000000 85.374904 43.917420 25.724880 256.000000 167.918751 19.822600 176.154644 0.000000 19.180634 21.522284 174.915238 256.000000 237.976684
120.472304 78.864029 64.000000 16.698080 137.644362 59.180933 256.000000 259.923838 24.195180 91.397847 0.000000 17.068097 27.868476 107.730669 256.000000 214.618303 111.895833 86.860556 64.000000 38.309638 102.186047 90.160902 256.000000 226.553493 191.315395 89.468302 64.000000 14.658686 196.609640 96.271384 256.000000 248.264009
114.548991 102.580769 64.000000 33.727454 143.441762 109.170031 256.000000 192.460325 13.024358 80.982916 64.000000 24.498549 12.151293 77.039136 256.000000 222.053057 65.995273 17.603931 64.000000 34.626681 53.849513 26.514911 256.000000 201.310608 162.006562 36.291051 0.000000 21.275961 162.120491 39.549605 256.000000 240.579708
49.544925 30.558664 0.000000 12.331022 49.022853 31.148525 256.000000 240.364582 93.408082 88.902727 64.000000 21.263054 94.408216 84.817849 256.000000 246.783942 45.930360 179.535455 0.000000 9.508569 43.202429 180.051138 256.000000 264.170425 114.024345 37.282996 64.000000 15.067425 113.117727 36.661784 256.000000 239.194297
15.082284 122.299662 64.000000 19.972298 22.987689 126.197805 256.000000 248.547975 94.266642 125.244471 0.000000 33.925370 66.352280 121.228765 256.000000 218.348587 185.202273 106.348053 0.000000 9.000872 187.147735 105.299016 256.000000 233.076113 117.976671 81.323738 64.000000 12.270787 115.243102 83.453418 256.000000 236.513827
30.713104 21.143996 64.000000 24.950313 31.315673 24.876609 256.000000 239.383608 157.636865 128.740796 64.000000 12.653711 157.658216 128.167076 256.000000 244.645590 162.018649 173.535336 64.000000 38.227890 159.539758 173.632935 256.000000 219.914705 73.071093 179.538155 64.000000 31.696665 77.068580 184.090500 256.000000 231.888618
