53.140173 12.335458 64.000000 32.402278 52.753300 18.934149 256.000000 230.572047 118.441589 48.513993 0.000000 11.388770 118.479262 43.487067 256.000000 239.392213 51.189600 88.129040 0.000000 9.654855 55.022227 94.940976 256.000000 255.315839 74.835955 67.031935 64.000000 9.194485 75.739980 67.593013 320.000000 256.580780
174.894760 75.232791 64.000000 8.919124 181.177320 66.248387 256.000000 242.132918 17.550233 91.741271 64.000000 14.516702 16.074480 97.997413 256.000000 251.835101 114.910576 61.105809 0.000000 30.608127 111.520813 63.836645 256.000000 216.365126 37.787542 79.687278 0.000000 11.104804 40.687669 77.216804 256.000000 242.627708
115.723735 117.316853 64.000000 26.094784 112.916596 118.088855 256.000000 238.819978 63.482067 111.594022 0.000000 15.648265 67.518925 109.929460 256.000000 237.912146 34.540180 128.199375 64.000000 36.283151 31.110851 117.643209 256.000000 228.334736 47.372095 48.746911 0.000000 23.151860 46.006085 51.279120 256.000000 226.093123
100.265447 155.312098 0.000000 21.697608 42.005862 177.207344 256.000000 246.848480 137.515229 186.284080 0.000000 47.968795 127.094740 183.355207 256.000000 201.293398 138.750482 121.662789 64.000000 8.828771 210.475856 116.605287 256.000000 249.232076 17.559000 9.267256 0.000000 29.807859 22.767720 22.227191 256.000000 217.453663
14.445035 170.771375 64.000000 18.457811 34.498649 176.156344 256.000000 251.538227 12.687660 105.952944 0.000000 8.987964 14.906531 107.180940 256.000000 237.899238 178.441715 38.285291 64.000000 11.681342 193.660116 47.709729 256.000000 243.105288 60.095809 41.766633 64.000000 24.145742 63.897578 56.916495 256.000000 237.550734
161.946647 42.646807 64.000000 26.572364 161.525224 43.618820 256.000000 237.370028 159.655249 45.624331 64.000000 17.941508 158.225095 45.414704 256.000000 238.643574 20.273304 132.337924 64.000000 13.497005 23.141575 151.243013 256.000000 247.480950 85.091258 65.101065 64.000000 28.452565 81.591024 65.294395 256.000000 249.442900
23.447707 29.184693 64.000000 12.554753 23.139860 31.034224 256.000000 260.293855 56.234613 87.309071 0.000000 13.152804 51.210769 84.225020 256.000000 238.531709 61.972640 51.469189 0.000000 32.225875 63.134298 68.245576 256.000000 228.838131 88.569618 89.013815 64.000000 21.392129 85.179122 86.753004 256.000000 239.400818
17.934540 60.642004 0.000000 17.128332 19.568229 55.065742 256.000000 254.300445 31.318065 140.058853 0.000000 45.262510 40.614947 143.040667 256.000000 205.660456 33.479500 165.327069 0.000000 56.375920 7.668302 148.384945 256.000000 214.063278 86.345122 194.990869 64.000000 24.016667 45.345547 218.577109 256.000000 220.676251
79.912536 79.472865 0.000000 9.568804 79.731082 81.174744 256.000000 239.852582 54.142391 72.779409 0.000000 29.024800 47.639385 67.197124 256.000000 219.940520 97.214907 118.392118 0.000000 28.108363 98.051027 114.005069 256.000000 212.247614 153.679927 103.589647 0.000000 26.968195 139.760867 104.106675 256.000000 219.338167
42.557536 19.329831 64.000000 9.740905 41.343715 19.383675 256.000000 239.241625 111.450676 38.638220 0.000000 27.140296 103.887784 29.200589 256.000000 225.129359 109.291585 121.746875 64.000000 21.753541 105.462065 125.780195 256.000000 23.422919 139.302869 66.163355 64.000000 20.510113 138.646609 69.850055 256.000000 238.660784
75.405413 96.421722 64.000000 17.610214 74.174098 96.916300 256.000000 241.655338 63.772705 32.517511 64.000000 9.151460 63.739524 33.545211 256.000000 243.970094 182.806058 27.704853 0.000000 17.894181 182.008235 30.105338 256.000000 244.963976 190.050496 49.995829 0.000000 33.219757 184.142211 57.174513 256.000000 226.992350
75.852800 73.298258 0.000000 9.469847 71.886007 75.617285 256.000000 235.679138 88.495811 159.436667 0.000000 12.115896 86.320729 164.451902 256.000000 255.079201 84.101858 151.321804 0.000000 12.477308 84.344827 150.229436 256.000000 241.543473 111.300944 53.693395 64.000000 12.692434 114.141347 59.735355 256.000000 240.304347
13.621989 86.889236 0.000000 14.774854 13.987833 80.907378 256.000000 238.058432 5.163127 127.129047 64.000000 33.034749 12.071676 121.352980 256.000000 222.517729 18.296187 71.388333 64.000000 9.271931 17.698105 72.988236 256.000000 254.115436 64.687129 6.903504 0.000000 27.996498 101.731467 39.558956 256.000000 225.103544
96.503227 137.544729 64.000000 32.212967 89.495333 134.836644 256.000000 223.317998 35.597676 70.812565 64.000000 16.328063 31.774456 69.988342 256.000000 242.989120 20.583493 70.354220 64.000000 13.299089 17.056438 69.830698 256.000000 251.856613 57.912213 36.576029 0.000000 30.285438 33.289078 54.111567 256.000000 239.220112
45.755667 141.218735 0.000000 14.069240 54.750509 148.338749 256.000000 239.921423 99.186547 201.844549 0.000000 24.352263 99.869831 199.700635 256.000000 243.234363 20.999393 119.279558 64.000000 17.102517 17.046145 117.726627 256.000000 227.280619 50.140871 30.609815 0.000000 17.360668 53.412189 31.141480 256.000000 240.119339
59.022624 124.950351 64.000000 25.475221 61.736745 119.810800 256.000000 233.798937 31.118965 34.032187 64.000000 21.882617 33.962080 35.908582 256.000000 234.603508 8.852495 220.880264 0.000000 27.140296 7.600442 216.164395 256.000000 216.455479 188.159351 57.394378 64.000000 27.824397 182.440475 56.088122 256.000000 238.953356
98.665180 24.831395 0.000000 11.836233 103.069560 27.066578 256.000000 251.430664 61.004900 88.603551 64.000000 18.806315 62.210115 83.504678 256.000000 232.607139 68.037273 80.097335 0.000000 8.635158 71.657493 76.931622 256.000000 256.378562 153.353987 108.411556 0.000000 44.161065 141.681578 108.448618 256.000000 216.244655
79.500758 214.649080 0.000000 34.540631 78.767962 213.942140 256.000000 211.223614 45.940813 73.010498 64.000000 32.165640 47.056675 80.176718 256.000000 220.904284 6.400200 12.614965 0.000000 43.872796 11.777736 26.763136 256.000000 233.144954 10.870955 149.726604 64.000000 14.572635 7.486042 149.378356 256.000000 240.863675
27.831724 197.234445 64.000000 19.421575 29.818404 197.280695 256.000000 242.606195 100.332040 95.078782 64.000000 14.671593 139.164876 90.035280 256.000000 218.813260 17.149898 17.441598 0.000000 43.593133 15.685915 18.975369 256.000000 209.868321 72.270253 191.500533 64.000000 15.080333 71.314385 190.828155 256.000000 232.172584
108.345722 54.498933 0.000000 75.681327 104.814058 54.321002 256.000000 189.698107 21.791989 75.227451 0.000000 15.566517 26.627236 78.584315 256.000000 245.712615 43.698853 59.863251 0.000000 13.213039 37.904515 54.797520 256.000000 229.096282 42.886829 80.329722 64.000000 14.572635 43.617031 84.323867 256.000000 262.320342
98.448636 172.576718 64.000000 27.953472 95.851087 171.420160 256.000000 210.810572 85.150622 13.599844 64.000000 22.063323 82.363233 10.367373 256.000000 254.266024 131.191438 72.384127 0.000000 11.732972 131.514380 71.377284 256.000000 249.425689 78.454029 50.187958 64.000000 22.213911 78.492311 56.937940 256.000000 227.973325
146.542284 144.357918 64.000000 18.354550 146.778833 143.178253 256.000000 246.074026 152.579013 60.908165 64.000000 35.164496 146.175858 63.428571 256.000000 220.474032 14.030765 16.218598 64.000000 10.997241 12.600456 16.723575 256.000000 261.201687 50.267040 9.643025 0.000000 20.699424 63.765180 8.912740 256.000000 240.222599
49.417665 14.894240 64.000000 13.079661 46.301440 8.690918 256.000000 234.233491 68.045887 55.349971 64.000000 12.442888 71.854453 56.422498 256.000000 253.840075 83.881080 179.399960 0.000000 35.874412 84.544349 174.426575 256.000000 213.749194 124.569900 103.935353 64.000000 27.424262 123.782749 97.970835 256.000000 54.930273
18.249973 32.539565 0.000000 10.554082 3.170718 21.309958 256.000000 239.366398 180.657716 95.593322 0.000000 60.820423 186.636842 97.896493 256.000000 178.124328 110.403438 120.472965 64.000000 18.070584 109.402216 125.930116 256.000000 220.667646 64.068427 31.294415 0.000000 27.893237 63.823462 34.800502 256.000000 213.908387
121.687253 144.548058 64.000000 45.778813 121.218380 138.053460 256.000000 213.168353 29.656916 94.649611 64.000000 17.567189 39.809969 88.065207 256.000000 244.606867 152.951329 130.691862 64.000000 58.798238 147.542842 132.309549 256.000000 191.651451 11.139053 140.219680 64.000000 18.023256 14.246484 139.982996 256.000000 248.492043
77.474265 26.134558 0.000000 10.769208 74.655696 33.081100 256.000000 224.195712 82.143225 172.209880 64.000000 15.187896 88.833345 171.622505 256.000000 235.747978 31.521409 76.369736 64.000000 15.992467 33.104307 80.159671 256.000000 253.741117 30.256831 25.515425 0.000000 15.321274 25.947367 28.371718 256.000000 241.642431
58.824155 47.389135 0.000000 45.163552 48.995587 59.289236 256.000000 208.616287 56.242111 42.000722 64.000000 12.817207 62.357973 41.430800 256.000000 249.386967 73.839067 175.622813 64.000000 22.433339 74.441098 174.214558 256.000000 230.124585 173.573109 77.450638 0.000000 11.281207 186.941595 88.078853 256.000000 282.305547
117.135942 110.717293 0.000000 44.935519 103.205544 100.836855 256.000000 217.225630 132.131129 44.134942 64.000000 19.834617 130.912258 41.784644 256.000000 216.606067 42.733471 98.508684 64.000000 20.436970 43.264304 93.270805 256.000000 242.270599 161.316671 27.727533 64.000000 11.384468 173.847695 24.261209 256.000000 255.126528
92.313202 199.718473 64.000000 10.093712 91.044607 201.676736 256.000000 239.753624 148.444205 145.289075 0.000000 39.832730 154.195676 140.770429 256.000000 210.281362 16.463016 76.294175 64.000000 24.425406 29.132931 75.010307 256.000000 218.834772 152.171862 46.451996 0.000000 18.948298 147.548582 43.290236 320.000000 231.849895
48.186129 52.887009 64.000000 20.862919 45.726615 40.650320 256.000000 254.386495 59.400756 66.257655 0.000000 17.455324 53.912031 65.897824 256.000000 230.739845 186.581918 115.775871 64.000000 12.206249 187.352098 115.047849 320.000000 244.159405 36.623047 220.726891 0.000000 10.373376 38.544073 219.966227 256.000000 229.380249
120.131300 95.922253 64.000000 22.756028 119.344667 94.481144 256.000000 228.369157 159.988660 71.023185 64.000000 21.366314 159.249764 71.982489 256.000000 250.974597 24.845113 30.073053 0.000000 9.061107 16.153091 15.217713 256.000000 257.161620 24.227071 73.704742 0.000000 34.192126 21.174500 74.568956 256.000000 212.109933
132.948542 81.915120 0.000000 31.756900 129.881844 81.158320 256.000000 223.657897 126.487669 34.262180 0.000000 14.903929 124.454476 33.293100 256.000000 248.552278 0.716813 139.336753 64.000000 11.427493 0.494867 138.421009 320.000000 245.734127 105.010367 68.173749 64.000000 14.908232 121.629629 84.296958 256.000000 224.587241
