19.937707 88.025576 64.000000 31.064194 34.100991 77.072924 256.000000 232.353290 85.351931 103.371545 64.000000 32.178547 82.915269 98.333304 256.000000 227.194569 25.015069 101.253704 64.000000 11.134922 26.168918 103.840800 256.000000 235.231676 34.824840 95.730522 64.000000 17.098214 29.133589 101.166058 256.000000 234.095811
106.500104 13.520082 64.000000 10.278720 115.499509 4.555662 256.000000 237.886331 21.228198 11.986282 64.000000 36.980159 20.187813 11.556365 256.000000 216.958874 87.798120 159.362447 64.000000 12.214854 88.185938 158.725618 256.000000 256.107503 55.035293 48.505095 0.000000 21.732029 54.992909 57.312585 256.000000 243.681825
75.065669 73.987202 64.000000 13.148501 76.383904 71.513509 256.000000 254.618831 57.360456 121.384876 64.000000 12.386955 57.758487 120.599833 256.000000 236.677323 24.344376 34.909791 0.000000 10.437914 0.733487 29.365676 256.000000 234.921895 175.351345 64.527758 0.000000 19.727054 174.838480 67.673760 256.000000 229.380249
68.771984 151.948189 64.000000 27.234952 65.926095 148.043449 256.000000 234.758399 49.470816 13.199765 64.000000 14.391929 42.371545 5.497920 256.000000 246.512883 124.053538 53.369256 0.000000 48.472190 125.107080 52.732958 256.000000 220.525663 29.960755 154.808945 64.000000 43.911519 30.030216 151.290580 256.000000 221.837931
122.533220 122.046825 0.000000 11.371560 124.117011 117.390629 256.000000 233.695676 63.516565 130.275618 64.000000 13.673409 64.216416 128.633415 256.000000 238.764045 90.562525 96.541593 0.000000 33.150917 97.201045 96.559796 256.000000 229.887946 29.581025 78.863189 0.000000 18.612702 23.717509 86.783784 256.000000 231.845593
34.105015 226.791178 0.000000 10.394888 24.707860 234.605787 256.000000 237.309793 152.635251 39.261951 64.000000 15.011492 152.336173 39.033353 256.000000 266.300173 106.293267 73.439235 64.000000 16.969139 104.143700 71.778035 256.000000 235.941592 8.914515 57.462842 0.000000 9.078317 10.021540 59.149860 256.000000 243.169825
135.421536 60.449271 0.000000 15.575122 137.826645 65.887309 256.000000 234.375474 47.926016 99.294693 64.000000 14.921139 47.673933 95.688778 256.000000 240.007473 54.605349 30.149304 64.000000 16.577610 53.006735 30.230107 256.000000 243.057960 28.745509 26.369009 64.000000 20.312197 27.625155 29.692360 256.000000 220.917192
45.652651 95.032395 64.000000 13.823997 46.313815 91.802269 256.000000 238.333793 68.211758 90.391825 0.000000 20.763962 63.515220 114.711944 256.000000 246.568816 18.991613 68.448116 64.000000 16.809946 17.026829 62.690295 256.000000 232.310265 118.433591 133.047058 0.000000 10.024872 120.791416 130.985516 256.000000 232.951340
34.012198 13.216204 64.000000 24.773910 71.474385 5.651200 256.000000 235.636113 15.785791 225.167324 64.000000 29.325976 15.739805 223.739704 256.000000 230.800080 83.720505 137.598227 0.000000 32.230177 72.188998 146.475255 256.000000 223.778368 53.131975 182.546900 64.000000 23.934919 55.912305 181.438762 256.000000 232.297357
92.131244 112.625362 64.000000 19.425878 92.042005 112.283964 256.000000 242.593288 174.198398 35.695847 0.000000 9.469847 175.382056 32.866160 256.000000 245.019909 78.688636 209.415004 0.000000 25.759187 73.828622 205.086965 256.000000 225.744619 148.765993 7.334509 64.000000 18.939693 146.677049 2.459007 256.000000 242.920279
46.052729 118.608520 0.000000 15.678383 38.172271 119.564787 256.000000 226.544888 19.199209 174.966216 64.000000 14.581240 22.110704 177.375264 256.000000 227.973325 104.968340 48.248435 64.000000 28.594548 98.099460 49.973287 256.000000 230.197728 97.825793 170.093336 0.000000 10.459426 224.307900 225.397573 256.000000 251.589857
8.380000 40.071644 64.000000 10.123830 3.380902 40.818485 256.000000 248.715774 110.769693 129.124869 64.000000 10.257208 111.337471 129.250256 256.000000 235.343541 144.597144 107.601131 64.000000 19.520533 144.016987 107.317347 256.000000 239.676179 76.906100 223.473953 0.000000 17.033677 81.351725 223.329244 256.000000 240.162364
49.071382 121.038020 64.000000 22.807659 50.663762 119.031224 256.000000 238.161692 114.910576 61.105809 0.000000 30.608127 111.520813 63.836645 256.000000 216.365126 64.122562 120.417496 0.000000 10.751997 69.759885 122.276655 256.000000 243.608682 50.267040 9.643025 0.000000 20.699424 63.765180 8.912740 256.000000 240.222599
59.022624 124.950351 64.000000 25.475221 61.736745 119.810800 256.000000 233.798937 68.965715 173.786771 64.000000 12.739762 59.749856 182.907320 256.000000 223.442771 53.509220 93.366769 64.000000 12.658014 52.992551 92.115531 256.000000 235.743676 50.114744 29.301131 0.000000 22.588230 45.057295 26.449707 256.000000 244.150800
87.242880 76.875638 64.000000 19.632399 89.007936 69.747860 256.000000 215.676723 30.778744 83.552795 0.000000 13.415257 34.380373 80.334900 256.000000 250.105488 42.990698 68.049175 64.000000 15.958047 39.475462 70.606084 256.000000 250.286193 131.027647 169.788111 64.000000 54.297802 127.859631 168.259569 256.000000 202.661600
160.296611 75.350218 0.000000 14.052030 159.650173 75.749093 256.000000 243.724850 8.699338 188.126031 0.000000 14.654383 15.404667 191.257300 256.000000 238.544616 114.496018 120.833876 64.000000 16.018282 113.048436 126.113102 256.000000 232.835172 31.183676 172.661365 64.000000 40.374848 35.056627 171.065767 256.000000 215.091580
11.826329 76.868311 64.000000 48.541031 7.807198 75.444485 256.000000 218.395915 162.411309 109.305433 64.000000 15.992467 162.289307 110.974229 256.000000 243.810901 33.716545 44.753367 0.000000 8.815863 33.372135 46.024209 256.000000 247.752009 114.220584 108.074269 0.000000 10.016267 117.968395 112.939251 256.000000 234.538970
186.859489 93.003187 0.000000 13.651896 185.430091 95.549695 256.000000 224.776552 89.321740 155.343540 0.000000 17.240198 90.192105 153.414264 256.000000 249.507437 4.976124 184.436691 64.000000 24.644835 27.458049 186.315555 256.000000 233.114836 57.927736 67.144704 64.000000 10.141040 59.465233 62.418211 256.000000 248.091908
1.432409 13.183147 0.000000 23.754213 9.792784 13.175136 256.000000 242.274901 52.787342 221.776605 64.000000 27.587758 56.796698 219.929216 256.000000 247.790732 114.675327 2.663184 64.000000 21.929944 112.887947 2.878707 256.000000 255.591201 9.250653 11.833258 64.000000 17.089609 10.334025 12.598653 256.000000 248.040278
115.195935 46.579553 0.000000 20.368130 115.966793 58.107180 256.000000 229.582467 49.576649 73.565502 64.000000 17.197172 46.647031 70.089664 256.000000 226.544888 41.921765 182.197856 64.000000 51.707685 38.450113 182.291069 256.000000 201.861331 42.802107 196.119271 64.000000 11.685644 43.848618 196.549209 256.000000 256.051570
27.188191 22.442229 64.000000 23.263726 63.717607 37.750664 256.000000 237.968079 115.162349 88.949987 0.000000 33.766177 103.117051 112.694204 256.000000 242.391069 140.836731 74.120040 64.000000 32.677639 138.662240 74.737816 256.000000 219.075713 82.192055 221.843425 64.000000 15.609543 84.863675 220.734840 256.000000 238.587642
22.700373 50.045440 0.000000 10.399191 20.100607 53.185304 256.000000 219.604923 20.805662 95.547607 0.000000 12.399863 22.098913 94.096278 256.000000 228.541257 95.135831 195.090295 64.000000 9.818351 100.592029 196.401156 256.000000 237.021524 66.095044 137.107722 0.000000 20.114281 71.653827 134.339315 256.000000 238.669389
17.129778 56.386022 64.000000 8.979359 9.179476 50.325176 256.000000 253.108647 18.232676 63.399031 0.000000 13.079661 20.128116 61.627993 256.000000 269.217281 131.513282 59.005907 64.000000 9.753813 131.716716 59.707889 256.000000 236.406264 105.010367 68.173749 64.000000 14.908232 121.629629 84.296958 256.000000 224.587241
115.723735 117.316853 64.000000 26.094784 112.916596 118.088855 256.000000 238.819978 130.506791 127.606509 64.000000 26.064666 129.787873 126.545849 256.000000 245.949253 121.494436 120.092693 64.000000 16.504467 120.495371 121.384464 256.000000 264.699635 101.694889 61.367400 64.000000 29.287254 96.478349 57.961256 256.000000 231.643374
89.934624 78.981365 64.000000 32.333438 66.696462 86.533065 256.000000 229.083375 58.220095 174.707680 64.000000 11.384468 221.087651 253.837624 256.000000 209.494001 21.579144 194.973413 0.000000 29.803556 21.264591 192.494615 256.000000 212.888690 132.946947 144.205098 0.000000 20.312197 130.994229 144.956507 256.000000 240.226902
79.500758 214.649080 0.000000 34.540631 78.767962 213.942140 256.000000 211.223614 3.177293 18.759402 64.000000 23.465944 9.577495 21.976011 256.000000 224.268855 35.886185 179.490585 64.000000 12.034148 35.315335 178.429455 256.000000 231.505694 46.729082 82.186998 64.000000 11.431796 46.744396 85.291149 256.000000 261.804039
65.267047 158.935607 64.000000 36.644563 66.925573 152.108949 256.000000 220.934402 30.966696 108.239598 0.000000 12.795694 24.189013 115.099655 256.000000 237.477591 33.922991 27.599942 64.000000 25.225675 24.517049 36.471291 256.000000 233.579508 159.475629 62.099385 0.000000 12.391258 189.379187 45.749211 256.000000 231.548719
61.681987 19.305855 64.000000 16.457139 65.373782 23.141476 256.000000 245.566329 164.101411 93.101604 0.000000 31.718177 133.859329 96.997445 256.000000 222.238066 70.675113 96.419605 0.000000 11.074686 72.369653 104.238335 256.000000 242.270599 62.372371 9.236544 0.000000 13.398047 69.340824 10.412525 256.000000 239.443843
78.804971 81.486353 0.000000 13.944467 76.353407 86.730913 256.000000 236.526734 21.542098 106.465084 64.000000 9.215998 23.122022 107.514435 256.000000 259.463469 74.586067 104.770325 64.000000 54.577466 78.019969 104.089387 256.000000 226.656754 68.387075 108.106693 0.000000 19.757172 65.763811 106.050015 256.000000 235.326331
20.947749 107.246544 0.000000 16.857273 8.592305 120.092782 256.000000 250.152815 117.771189 84.190098 0.000000 17.214383 122.831749 87.467305 256.000000 235.932987 31.153305 176.368505 0.000000 21.056533 21.794084 181.319244 256.000000 240.657154 157.981211 93.558135 64.000000 37.147958 142.118635 87.302365 256.000000 206.159548
3.351105 168.902322 64.000000 29.549707 1.942275 168.299724 256.000000 228.166938 150.091502 110.363545 64.000000 22.252633 150.409635 105.560676 256.000000 236.556852 25.741325 83.203553 0.000000 12.632199 25.503578 84.724435 256.000000 263.929484 51.684540 110.577536 64.000000 14.572635 54.024842 110.175095 256.000000 230.529022
67.029325 42.250669 0.000000 9.327863 65.479020 42.162305 256.000000 256.912074 88.437036 23.932658 0.000000 13.832602 89.975596 25.366416 256.000000 241.861859 62.555984 214.410405 64.000000 19.735659 60.756411 214.733724 256.000000 251.232748 58.444822 107.412560 0.000000 27.290884 72.155915 92.379602 256.000000 231.583139
