61.478242 61.721951 64.000000 15.166383 58.795891 61.684858 256.000000 245.407136 115.685365 86.907631 0.000000 17.532769 114.181987 85.446993 256.000000 226.824552 45.653664 45.724671 64.000000 29.097943 48.362493 47.529960 256.000000 223.034032 45.748011 14.723320 64.000000 20.277777 47.710165 14.722842 256.000000 228.975812
183.018813 42.272142 64.000000 36.145471 181.357131 41.649071 256.000000 226.011376 111.787004 173.242725 0.000000 36.334781 110.296604 171.861860 256.000000 217.277260 22.728935 7.438796 64.000000 14.490887 17.331062 7.132329 256.000000 238.256348 145.046724 65.422791 0.000000 17.287525 144.160035 67.327484 256.000000 227.177359
85.985198 106.362442 0.000000 24.304935 85.139358 102.937055 256.000000 229.427576 27.555158 168.445885 0.000000 12.498821 12.534344 202.058020 256.000000 255.703066 83.658611 68.342885 64.000000 8.716906 83.869751 66.426515 256.000000 254.907100 112.226209 192.366913 64.000000 10.433611 117.396813 197.045798 256.000000 245.329690
165.275338 63.736209 64.000000 30.216598 164.019822 65.284109 256.000000 215.582067 29.087244 16.646427 64.000000 22.975457 32.816845 16.406905 256.000000 252.002899 79.047073 40.867598 0.000000 35.814176 23.629425 63.112305 256.000000 206.271414 16.255262 205.737585 64.000000 11.371560 17.506447 201.964678 256.000000 223.928956
85.808625 134.040855 0.000000 9.000872 86.307085 133.054605 256.000000 259.880813 109.178293 208.820035 0.000000 26.447590 116.202855 206.349249 256.000000 217.234235 168.227713 86.638702 64.000000 17.924298 166.219473 86.277838 256.000000 238.165995 26.462947 72.630391 0.000000 19.813105 25.329373 66.076705 256.000000 216.623277
88.100320 85.151018 64.000000 9.667762 87.544695 88.225415 256.000000 243.707640 110.724709 50.019300 64.000000 24.756700 107.803685 50.929584 256.000000 227.676451 151.416867 19.853464 64.000000 15.936534 152.022404 21.110580 320.000000 256.352747 81.532856 157.029420 64.000000 36.227218 58.154502 151.748836 256.000000 216.141395
17.120158 117.234462 64.000000 22.730213 10.013231 114.091522 256.000000 247.059303 21.004871 196.292951 64.000000 20.656399 18.750184 195.534818 256.000000 232.650164 59.400756 66.257655 0.000000 17.455324 53.912031 65.897824 256.000000 230.739845 131.240740 83.606082 0.000000 21.086651 129.436236 84.686356 256.000000 240.695876
78.580771 29.415876 0.000000 30.414514 41.367289 62.637673 256.000000 231.161492 115.162349 88.949987 0.000000 33.766177 103.117051 112.694204 256.000000 242.391069 79.500758 214.649080 0.000000 34.540631 78.767962 213.942140 256.000000 211.223614 164.055222 41.706422 64.000000 11.449006 164.696631 42.703036 256.000000 246.637656
52.606580 130.216540 0.000000 12.645106 54.430220 128.848576 256.000000 255.092108 19.939627 76.819885 0.000000 12.567661 7.207902 75.780896 256.000000 222.431679 73.251589 125.913316 0.000000 11.294115 73.610251 122.204698 256.000000 249.705353 44.914367 155.007224 64.000000 12.055661 45.701784 154.986567 256.000000 241.694061
31.460062 39.047487 64.000000 32.337740 31.038407 48.263547 256.000000 226.433023 185.639733 90.588958 0.000000 34.596563 166.404760 81.104022 256.000000 230.705425 84.919511 59.400660 0.000000 10.747695 93.667787 60.232098 256.000000 225.344485 40.958264 138.690184 64.000000 23.276633 49.830764 133.852236 256.000000 214.519345
97.946382 33.755636 64.000000 69.825597 101.721093 34.006345 256.000000 181.402848 16.786573 58.129567 0.000000 19.085979 5.849565 58.308158 256.000000 236.315911 13.797833 106.434813 0.000000 33.370345 8.943909 81.408900 256.000000 211.197799 45.783578 62.109553 0.000000 11.801812 42.982778 64.253960 256.000000 253.809957
138.750482 121.662789 64.000000 8.828771 210.475856 116.605287 256.000000 249.232076 154.001596 115.205582 0.000000 40.697537 127.524595 131.752545 256.000000 217.070739 55.396531 135.638424 64.000000 31.464329 47.782776 126.908989 256.000000 234.026970 33.074387 133.408133 0.000000 57.985062 37.764327 133.033509 256.000000 194.904156
147.366365 28.307665 64.000000 9.323561 134.817844 23.390409 256.000000 241.440212 77.653560 13.925771 0.000000 32.819623 79.164693 26.786733 256.000000 217.531109 107.606258 91.857258 64.000000 21.951457 109.809005 86.129151 256.000000 237.860516 3.605233 89.829051 0.000000 19.606584 1.326402 77.063624 256.000000 229.294198
17.837431 16.989916 0.000000 10.691762 14.855482 18.272404 256.000000 255.117923 50.206533 105.883635 64.000000 17.812433 52.442360 102.092095 256.000000 231.738030 114.899218 39.595875 0.000000 17.864063 111.727769 34.528125 256.000000 237.925053 77.853104 137.700196 0.000000 20.200331 71.287985 146.055700 256.000000 224.901325
140.305331 57.665624 0.000000 17.975929 141.904100 62.363633 256.000000 250.836916 141.656595 22.043058 64.000000 76.421360 146.198676 23.311813 256.000000 173.757270 105.702391 107.369560 64.000000 26.671321 105.828729 106.878744 256.000000 227.203174 79.423431 114.561280 0.000000 64.120456 76.715956 112.393089 256.000000 207.179246
169.906911 35.875727 0.000000 17.756500 169.583738 36.592620 256.000000 236.660113 110.636747 149.719025 0.000000 27.919052 98.778967 144.314042 256.000000 224.471073 139.347180 137.527115 64.000000 28.663388 145.918738 119.289540 256.000000 240.269927 9.379298 173.432851 0.000000 13.527123 12.155849 177.451769 256.000000 257.023940
131.383833 1.460915 0.000000 67.760387 82.822922 43.402340 256.000000 192.309736 18.645460 36.934367 0.000000 9.869981 18.154593 37.575458 256.000000 246.422530 46.831578 45.719949 64.000000 11.220972 42.747238 40.526605 256.000000 240.506565 67.383767 73.368402 0.000000 19.593676 67.861735 78.403900 256.000000 243.337624
151.802473 88.875567 64.000000 28.422447 150.382198 86.795460 256.000000 213.052185 56.003727 88.560378 0.000000 17.519861 60.262858 95.827624 256.000000 248.393085 152.579013 60.908165 64.000000 35.164496 146.175858 63.428571 256.000000 220.474032 34.931145 9.648905 64.000000 31.085707 38.173145 16.221518 256.000000 247.407808
21.185689 133.830636 64.000000 30.827556 29.023255 125.734742 256.000000 217.883915 100.621965 80.913535 0.000000 45.998241 103.110373 80.420998 256.000000 207.544960 42.330402 37.655415 0.000000 21.211424 56.758864 49.063316 256.000000 244.628380 96.000478 152.877460 0.000000 9.538687 109.635931 205.049907 256.000000 246.865690
21.322275 195.699245 0.000000 27.802884 2.009745 180.187549 256.000000 223.494401 129.892945 68.038500 64.000000 16.698080 128.010493 64.532669 256.000000 232.348988 142.379885 118.598629 0.000000 22.028902 139.141715 119.957005 320.000000 223.206133 42.548493 75.733609 0.000000 9.650552 46.900813 48.657265 256.000000 240.011776
141.146607 192.453520 0.000000 35.190311 141.858611 186.901264 256.000000 233.411710 52.915431 59.181100 0.000000 9.844166 51.823020 62.176018 256.000000 240.902397 41.700735 51.203125 0.000000 11.087594 35.239185 47.821978 256.000000 232.942735 9.267062 20.964173 0.000000 39.096999 148.260442 79.160940 256.000000 218.916520
108.507429 216.244851 0.000000 10.291628 106.661011 218.322564 256.000000 239.942935 18.793880 116.342107 64.000000 13.062451 20.429240 123.836580 256.000000 250.871336 13.711691 210.762631 64.000000 10.360468 15.981296 213.930169 256.000000 259.308578 88.265982 131.198687 0.000000 13.040938 83.687658 135.297049 256.000000 238.888818
87.384409 35.407878 0.000000 12.128804 89.055658 36.643133 256.000000 234.827239 130.506791 127.606509 64.000000 26.064666 129.787873 126.545849 256.000000 245.949253 79.022662 131.582060 0.000000 22.226818 78.345040 128.328071 256.000000 216.063949 124.774651 38.559727 64.000000 39.208865 118.427867 35.499958 256.000000 225.654266
186.581918 115.775871 64.000000 12.206249 187.352098 115.047849 320.000000 244.159405 65.103224 44.182833 64.000000 9.865678 64.819998 40.162247 256.000000 247.769219 28.628238 77.577960 64.000000 10.764905 28.183820 84.903264 256.000000 245.592144 54.093687 131.981395 64.000000 11.324233 64.100242 148.052280 256.000000 224.836788
60.758109 75.571449 64.000000 30.367186 22.447298 70.982722 256.000000 224.062334 3.351105 168.902322 64.000000 29.549707 1.942275 168.299724 256.000000 228.166938 114.967793 122.156824 0.000000 9.091225 115.208696 120.222082 256.000000 235.825424 21.791989 75.227451 0.000000 15.566517 26.627236 78.584315 256.000000 245.712615
123.165989 128.758367 0.000000 19.942180 119.408358 132.889098 256.000000 222.035847 60.524124 186.992545 64.000000 21.607255 61.289087 185.507338 256.000000 249.417084 118.763305 108.955202 64.000000 38.443016 104.512107 107.952105 256.000000 203.608154 42.037045 109.095725 0.000000 12.877442 47.470951 108.203542 256.000000 227.508653
67.546869 5.642018 0.000000 19.955088 64.991044 7.361489 256.000000 229.741660 93.060740 84.295367 64.000000 10.011964 93.294835 89.459287 256.000000 250.682025 39.130405 214.491964 64.000000 36.713403 36.783056 208.884767 256.000000 219.949125 25.086847 44.216236 0.000000 22.127860 22.591904 45.058098 256.000000 241.775809
150.671322 96.960249 64.000000 33.581169 122.653864 79.592762 256.000000 225.809157 18.289625 162.241207 64.000000 29.958447 49.035282 156.739616 256.000000 216.373731 27.188191 22.442229 64.000000 23.263726 63.717607 37.750664 256.000000 237.968079 31.174500 203.683615 64.000000 29.510985 26.053256 202.856484 256.000000 234.594903
162.430935 5.023344 0.000000 52.378878 160.999302 7.583491 256.000000 201.086877 47.033384 221.138976 64.000000 31.868766 49.608644 218.487205 256.000000 227.310737 105.769933 71.085262 64.000000 20.320802 104.874318 69.742893 256.000000 232.202702 70.799038 75.032696 64.000000 9.930216 69.181987 74.833878 256.000000 245.002699
21.228198 11.986282 64.000000 36.980159 20.187813 11.556365 256.000000 216.958874 5.911460 199.200055 64.000000 20.118584 9.231800 199.166485 256.000000 228.825224 5.028629 103.858620 0.000000 20.475693 9.703865 102.446484 256.000000 240.519473 55.891318 89.126193 0.000000 19.597979 48.841965 92.939464 256.000000 239.899910
16.064929 98.631024 0.000000 26.834817 17.581584 95.331318 256.000000 216.687815 1.033642 157.646918 0.000000 28.917237 7.657093 156.184027 256.000000 221.536755 11.251509 98.851951 64.000000 22.747423 12.914169 100.737233 256.000000 248.948110 106.293267 73.439235 64.000000 16.969139 104.143700 71.778035 256.000000 235.941592
14.933191 12.650040 0.000000 12.752669 7.379285 13.048869 256.000000 241.199271 87.539524 151.322829 0.000000 38.899083 73.146418 137.240216 256.000000 215.711143 14.363144 53.227544 0.000000 46.178947 9.928905 52.256224 256.000000 202.726137 29.956080 122.066191 0.000000 12.868837 32.562662 120.896256 256.000000 247.476648
