111.538225 49.414282 64.000000 11.315628 116.882809 42.972840 256.000000 248.354362 80.557082 100.517693 0.000000 21.874012 76.359676 99.274653 256.000000 248.573790 91.039027 30.508669 64.000000 29.584128 91.129353 31.471673 256.000000 219.505965 72.942876 174.510153 64.000000 8.678183 72.935331 175.652227 256.000000 243.307506
111.300944 53.693395 64.000000 12.692434 114.141347 59.735355 256.000000 240.304347 134.209729 79.948745 64.000000 10.704670 133.984449 78.910356 256.000000 237.404449 114.967793 122.156824 0.000000 9.091225 115.208696 120.222082 256.000000 235.825424 9.558311 51.145711 64.000000 10.403493 8.112055 52.238038 256.000000 257.720948
32.049758 4.973905 64.000000 9.891493 33.376600 4.871907 256.000000 236.944079 42.564785 119.297616 0.000000 13.634686 40.854129 121.134820 256.000000 243.561355 3.850358 56.808684 64.000000 13.544333 1.275049 50.796624 256.000000 238.828583 41.000551 62.106598 0.000000 40.245772 8.264296 70.235424 256.000000 202.467986
173.369822 30.360882 0.000000 20.230449 174.107036 30.669311 256.000000 201.663415 83.858400 77.567622 64.000000 44.707485 77.469244 83.440865 256.000000 203.590944 128.638389 69.605995 64.000000 80.607712 136.709815 77.394011 256.000000 173.830413 120.472304 78.864029 64.000000 16.698080 137.644362 59.180933 256.000000 259.923838
63.586318 161.313425 64.000000 19.322617 57.325229 161.803693 256.000000 241.930700 128.866589 82.499996 64.000000 35.917437 123.414240 75.571740 256.000000 233.239609 62.809771 192.068735 64.000000 27.708229 62.983555 190.124918 256.000000 224.927141 52.787342 221.776605 64.000000 27.587758 56.796698 219.929216 256.000000 247.790732
13.921880 27.833013 64.000000 8.695393 15.340996 28.094840 256.000000 247.657354 103.755598 46.055100 0.000000 34.493303 98.749391 50.232645 256.000000 227.108518 48.067818 140.240185 0.000000 21.000600 47.820120 137.225095 256.000000 219.647949 130.924116 96.402669 0.000000 21.465272 129.605998 96.426053 256.000000 249.150328
109.356896 214.496005 64.000000 16.822853 117.116356 210.535393 256.000000 250.187235 38.738609 10.988891 64.000000 14.331694 40.498031 11.968520 256.000000 229.814803 19.939627 76.819885 0.000000 12.567661 7.207902 75.780896 256.000000 222.431679 34.786049 72.602835 0.000000 20.036836 39.927136 63.342615 256.000000 236.255676
131.343136 101.392327 64.000000 17.554282 130.179824 103.665585 256.000000 250.363639 126.987675 119.396747 64.000000 17.463929 126.028576 118.636569 256.000000 248.100513 96.000478 152.877460 0.000000 9.538687 109.635931 205.049907 256.000000 246.865690 60.288956 46.268758 64.000000 27.579153 96.437015 52.291064 256.000000 227.358064
54.009875 119.562365 64.000000 18.135122 37.436749 213.492235 256.000000 242.743876 185.809175 80.042507 64.000000 42.513200 179.344753 75.887973 256.000000 229.909459 0.729242 123.579647 64.000000 15.635358 3.636278 125.899165 256.000000 237.972381 82.556413 223.352818 0.000000 19.838920 80.291540 223.642069 256.000000 230.993694
107.826658 49.240525 0.000000 21.086651 103.235115 53.739053 256.000000 234.005458 20.948491 153.372344 0.000000 21.779356 26.143158 150.250769 256.000000 226.286737 78.688636 209.415004 0.000000 25.759187 73.828622 205.086965 256.000000 225.744619 49.363851 83.144456 0.000000 14.572635 57.778165 84.433376 256.000000 229.939576
159.272715 149.674216 0.000000 40.034949 136.460920 146.499356 256.000000 211.559211 9.396180 188.165758 0.000000 11.156434 14.872656 194.839600 256.000000 230.249358 21.426833 71.801689 0.000000 13.178619 28.353511 73.046296 256.000000 238.682297 100.625847 18.063720 64.000000 35.048328 96.218631 13.133847 256.000000 224.660384
152.052822 84.103220 64.000000 26.210952 149.486902 91.305484 256.000000 227.934602 78.886762 117.724633 64.000000 12.227762 74.266924 122.461447 256.000000 244.077657 131.234224 15.926940 64.000000 12.886047 128.869653 11.524420 256.000000 246.246127 178.917331 101.052255 64.000000 13.148501 178.476764 100.169671 256.000000 242.640615
59.018656 41.933965 0.000000 29.162481 81.145153 39.994233 256.000000 228.166938 64.109078 170.855984 64.000000 31.675152 61.882016 169.720016 256.000000 224.182805 124.053538 53.369256 0.000000 48.472190 125.107080 52.732958 256.000000 220.525663 145.748951 134.024447 64.000000 29.248531 135.611013 147.474765 256.000000 215.250773
105.968753 36.521145 0.000000 79.166368 109.292409 39.140331 256.000000 185.210578 103.123578 77.453435 64.000000 14.383324 101.734740 79.157969 256.000000 245.777152 50.674956 121.829155 64.000000 24.253305 49.497775 118.063909 256.000000 218.210907 62.421984 47.819898 0.000000 40.641604 62.913573 45.673271 256.000000 215.754168
82.854584 159.863300 0.000000 37.604025 78.893164 153.371364 256.000000 224.570031 153.679927 103.589647 0.000000 26.968195 139.760867 104.106675 256.000000 219.338167 34.638475 92.951553 64.000000 16.285038 38.269567 95.297475 256.000000 250.273286 105.702391 107.369560 64.000000 26.671321 105.828729 106.878744 256.000000 227.203174
14.850287 95.366520 0.000000 9.319258 15.986207 98.273255 256.000000 249.791404 51.473053 77.515998 64.000000 14.387627 53.723489 76.070069 256.000000 241.780111 8.300127 89.801678 64.000000 19.296802 6.376993 99.236922 256.000000 255.556780 107.868685 160.927658 64.000000 40.904058 102.078180 158.922391 256.000000 225.030401
159.789004 167.861336 64.000000 43.390914 143.833838 152.643767 256.000000 220.749394 12.484849 59.108718 64.000000 20.918852 15.814996 57.915140 256.000000 239.284650 31.521409 76.369736 64.000000 15.992467 33.104307 80.159671 256.000000 253.741117 3.896344 97.206602 64.000000 32.178547 6.227873 81.358724 256.000000 224.027914
37.694705 131.867860 64.000000 37.651353 42.489371 128.005567 256.000000 211.434438 139.233920 86.963915 0.000000 32.565774 136.470338 90.050258 256.000000 224.578636 142.751244 152.214238 64.000000 23.969339 142.147807 150.697493 256.000000 228.941392 64.145658 214.262895 64.000000 28.125573 31.380571 216.915891 256.000000 224.965863
61.741060 151.034124 0.000000 33.688732 63.958778 142.013827 256.000000 227.418300 32.430438 5.650187 64.000000 9.431124 25.335587 2.515089 256.000000 249.133118 10.303135 4.294389 64.000000 28.190111 19.182160 3.171773 256.000000 225.826367 63.530215 180.970587 64.000000 13.264669 79.526607 196.449776 256.000000 250.131303
62.656262 147.225169 64.000000 21.065138 59.139804 147.653849 256.000000 246.121354 12.145396 150.095718 64.000000 33.142312 14.587684 148.143509 256.000000 221.816419 96.108780 132.438538 64.000000 27.196229 95.087256 131.429767 256.000000 232.839475 86.190631 213.149231 0.000000 10.988636 101.308224 219.073276 256.000000 261.537283
28.130504 153.594549 0.000000 19.765777 25.213433 152.043469 256.000000 228.562770 160.181080 40.569622 0.000000 13.355022 161.485309 42.465498 256.000000 225.688687 13.797833 106.434813 0.000000 33.370345 8.943909 81.408900 256.000000 211.197799 145.722400 107.301498 0.000000 26.490616 146.534785 98.552553 256.000000 249.305219
151.437395 175.897024 0.000000 24.107020 151.524140 171.948742 256.000000 207.032960 185.202273 106.348053 0.000000 9.000872 187.147735 105.299016 256.000000 233.076113 6.400200 12.614965 0.000000 43.872796 11.777736 26.763136 256.000000 233.144954 144.597144 107.601131 64.000000 19.520533 144.016987 107.317347 256.000000 239.676179
56.141729 198.529125 0.000000 21.202819 48.311473 201.478609 256.000000 255.475033 91.476133 161.349276 0.000000 35.844294 85.764629 158.032751 256.000000 218.658369 81.645942 35.124031 64.000000 11.819022 87.654585 37.427033 256.000000 239.805255 15.139136 9.200715 64.000000 9.099830 16.455402 9.461293 256.000000 236.608482
180.904105 87.902444 64.000000 37.406109 177.070344 86.695196 256.000000 218.593831 31.550964 69.746355 0.000000 12.120199 31.537958 75.051489 256.000000 228.050770 24.642498 12.323085 0.000000 22.635558 31.728138 13.537602 256.000000 240.678666 44.662424 27.565818 0.000000 85.374904 43.917420 25.724880 256.000000 167.918751
123.191898 58.099889 64.000000 9.568804 164.380047 16.179065 256.000000 235.334936 58.052636 225.685075 64.000000 49.466072 57.082967 224.507498 256.000000 231.884315 76.733167 40.926531 64.000000 36.222916 77.461407 53.732055 256.000000 230.748450 88.100320 85.151018 64.000000 9.667762 87.544695 88.225415 256.000000 243.707640
99.701680 43.436165 64.000000 24.339356 103.188205 47.995915 256.000000 246.560211 55.828980 34.006345 0.000000 11.986821 59.985369 35.944773 256.000000 238.927541 13.524527 207.070151 0.000000 19.993810 13.422815 206.461456 256.000000 240.545288 96.968420 41.387229 64.000000 14.938349 96.176529 41.394533 256.000000 236.617087
96.590756 108.846300 0.000000 17.033677 99.727211 102.094949 256.000000 227.637728 122.295560 143.283089 64.000000 13.105476 121.604047 144.447544 256.000000 236.608482 105.860751 90.166991 64.000000 20.574651 103.199769 85.817289 256.000000 230.012719 141.484129 59.406167 0.000000 8.669578 149.081049 63.577829 256.000000 252.239538
181.322598 52.368896 64.000000 33.043354 179.919560 52.637936 256.000000 204.700994 9.149860 87.675865 64.000000 20.131491 12.331047 86.876873 256.000000 229.832013 43.389196 15.282133 64.000000 10.343258 41.361282 16.054664 256.000000 238.148785 13.291520 77.492585 0.000000 15.773038 15.412796 75.082600 256.000000 230.929156
35.886185 179.490585 64.000000 12.034148 35.315335 178.429455 256.000000 231.505694 21.554542 105.589580 0.000000 9.835561 22.240209 114.830704 256.000000 249.494530 140.562364 84.719956 0.000000 10.721880 145.847924 92.889665 256.000000 239.572919 0.440200 153.838464 0.000000 30.629640 3.893111 148.620925 256.000000 212.118539
32.214858 144.679020 0.000000 9.577410 26.408335 148.205773 256.000000 240.386095 123.226035 80.912871 64.000000 20.191726 112.594496 97.330516 256.000000 253.285050 17.220373 120.998302 64.000000 26.210952 15.379213 121.959649 256.000000 211.744219 79.395465 119.694622 0.000000 11.539359 79.161347 119.904685 256.000000 255.900982
41.088935 22.458271 64.000000 24.292028 38.248191 24.667556 256.000000 231.690702 121.523498 163.905013 0.000000 17.476836 120.927553 163.397544 256.000000 234.741189 51.684540 110.577536 64.000000 14.572635 54.024842 110.175095 256.000000 230.529022 83.252893 77.560065 64.000000 30.625337 81.332967 78.212635 256.000000 210.638472
136.093627 72.736671 64.000000 38.541974 128.262949 73.783840 256.000000 223.980586 197.784171 80.955765 64.000000 23.689675 196.749293 77.894807 256.000000 244.275573 44.093327 1.906653 0.000000 18.487928 48.202262 1.155587 256.000000 254.029386 171.728115 68.792098 0.000000 28.650481 169.037522 70.539840 256.000000 214.717261
