46.665349 99.270213 64.000000 58.441129 45.774451 97.515585 256.000000 191.741804 160.687711 48.311495 0.000000 21.693306 160.940675 45.327355 256.000000 218.559411 19.806475 122.627095 64.000000 22.218213 27.312800 122.324742 256.000000 248.027370 101.655829 174.287745 64.000000 12.804300 99.576653 186.577687 256.000000 251.176815
39.346242 107.190235 64.000000 18.548164 38.393538 105.990764 256.000000 241.737086 136.559795 65.212080 64.000000 60.691347 134.796847 62.119131 256.000000 190.425233 60.896091 222.667844 0.000000 10.859560 67.294905 225.239976 256.000000 233.394500 3.850358 56.808684 64.000000 13.544333 1.275049 50.796624 256.000000 238.828583
155.531627 134.972767 0.000000 36.825269 148.151100 134.853240 256.000000 215.569160 75.312740 12.966951 64.000000 10.829443 78.306480 12.798785 256.000000 229.715845 24.682531 141.253156 64.000000 42.100158 26.303105 137.965091 256.000000 209.136892 171.756169 97.278235 64.000000 50.890207 173.679142 92.712084 256.000000 225.082031
55.518949 97.631336 0.000000 21.060835 16.074195 163.566962 256.000000 227.147241 16.463016 76.294175 64.000000 24.425406 29.132931 75.010307 256.000000 218.834772 13.478856 116.202302 64.000000 12.795694 15.892915 117.796398 256.000000 242.765388 12.039702 77.171676 64.000000 10.825140 8.762440 76.430444 256.000000 229.264081
34.373513 59.738171 64.000000 9.887191 36.184169 58.059960 256.000000 255.182461 3.012747 228.442109 0.000000 18.203962 1.309424 227.968338 256.000000 239.370700 25.916238 85.930833 64.000000 8.850284 26.179273 88.327044 256.000000 20.643491 44.464851 172.984720 0.000000 30.414514 48.782596 175.995935 256.000000 261.507166
106.430384 19.988685 0.000000 15.988164 103.174507 19.667445 256.000000 252.381521 118.639684 183.737096 0.000000 19.154819 115.838645 185.498747 256.000000 252.028714 141.420489 23.251624 64.000000 9.646250 142.977849 24.372416 256.000000 266.941248 72.748458 213.993187 64.000000 43.765233 68.714138 216.091451 256.000000 212.424017
11.388811 32.335258 0.000000 17.846853 19.680096 25.890320 256.000000 221.773393 85.443644 95.256945 64.000000 18.711659 85.115593 105.632136 256.000000 242.076985 82.678247 78.629227 64.000000 14.297274 91.618587 75.255325 256.000000 256.989520 182.806058 27.704853 0.000000 17.894181 182.008235 30.105338 256.000000 244.963976
162.396082 157.166169 64.000000 35.186009 159.418980 153.910520 256.000000 238.755440 97.939984 163.197009 64.000000 9.947426 100.180824 162.525302 256.000000 228.106703 62.919975 95.139313 0.000000 11.629712 66.446815 94.249202 256.000000 234.272214 54.150784 60.002016 64.000000 10.799325 57.001325 65.166235 256.000000 223.653595
111.657409 68.406251 64.000000 20.927457 112.543155 50.986387 256.000000 212.652051 37.687069 223.087689 64.000000 12.313812 37.629627 223.976485 256.000000 243.793691 80.180335 55.398258 0.000000 9.177275 78.581524 55.731649 256.000000 251.030529 3.284702 105.068487 64.000000 13.548635 4.367922 103.477844 256.000000 231.221727
111.787004 173.242725 0.000000 36.334781 110.296604 171.861860 256.000000 217.277260 6.051564 142.714784 64.000000 17.971626 10.664324 144.332764 256.000000 234.934802 44.901253 173.872824 0.000000 28.284766 28.675076 168.090245 256.000000 235.171441 33.666075 71.164695 64.000000 13.673409 40.102433 74.413885 256.000000 260.586426
134.747718 55.433624 0.000000 12.219157 137.303113 59.794524 256.000000 257.751066 57.617836 81.584022 64.000000 24.167255 58.257111 77.797447 256.000000 234.943407 76.733167 40.926531 64.000000 36.222916 77.461407 53.732055 256.000000 230.748450 10.676987 88.213555 64.000000 44.604225 17.375604 80.148707 256.000000 227.142938
77.842487 142.264985 0.000000 31.941908 74.468849 136.961349 256.000000 225.576821 84.155249 37.458182 0.000000 30.569405 85.198633 42.290051 256.000000 243.526935 95.294035 206.005509 64.000000 21.994482 96.741102 204.844753 256.000000 241.474632 173.985500 141.017144 0.000000 10.657342 180.057058 136.199664 256.000000 241.861859
167.235191 135.983467 64.000000 16.689475 165.646640 135.794740 256.000000 235.038063 35.509413 25.335669 0.000000 21.301777 18.160662 21.108951 256.000000 239.314767 163.367113 58.669175 64.000000 29.162481 160.824184 58.805540 256.000000 214.958202 110.549725 96.654342 0.000000 23.633742 109.261975 96.022325 256.000000 239.280347
113.474164 117.114655 64.000000 35.564630 106.710496 117.216562 256.000000 228.468115 137.583022 74.966907 64.000000 15.252433 136.801649 75.411773 256.000000 43.575923 63.482067 111.594022 0.000000 15.648265 67.518925 109.929460 256.000000 237.912146 71.392373 29.217498 0.000000 17.059492 77.115378 37.002013 256.000000 239.340583
5.305062 40.585373 64.000000 18.664332 6.465118 42.476422 256.000000 233.919407 29.946147 153.844311 64.000000 9.362284 31.836524 155.488087 256.000000 242.976212 111.450676 38.638220 0.000000 27.140296 103.887784 29.200589 256.000000 225.129359 142.048145 19.378118 0.000000 51.118240 138.303405 22.924809 256.000000 197.571718
80.822089 145.803753 0.000000 16.723895 82.602307 144.003569 256.000000 259.635569 161.774140 76.356115 64.000000 14.525308 160.938340 79.269695 256.000000 245.101657 53.143509 122.333893 0.000000 13.333509 47.979213 130.723204 256.000000 235.033760 76.791427 74.122149 0.000000 37.074815 74.646985 80.433176 256.000000 233.760214
27.088107 73.284698 64.000000 19.404365 24.444744 69.556618 256.000000 240.911002 5.524511 18.213415 64.000000 10.011964 7.779247 12.352327 256.000000 268.989248 101.455913 38.546889 0.000000 8.768536 101.687258 39.058967 256.000000 246.921623 20.805662 95.547607 0.000000 12.399863 22.098913 94.096278 256.000000 228.541257
131.229369 99.171653 0.000000 31.692362 124.735569 97.548769 256.000000 225.611241 85.885245 103.005378 64.000000 15.540702 88.346680 99.598531 256.000000 245.704010 132.946947 144.205098 0.000000 20.312197 130.994229 144.956507 256.000000 240.226902 74.284711 169.308493 0.000000 23.431524 71.546975 167.965365 256.000000 234.668046
18.645460 36.934367 0.000000 9.869981 18.154593 37.575458 256.000000 246.422530 44.628633 157.948949 64.000000 12.821510 41.575627 159.430987 256.000000 230.856013 100.265447 155.312098 0.000000 21.697608 42.005862 177.207344 256.000000 246.848480 16.270458 34.220911 0.000000 14.379022 17.385667 24.841049 256.000000 237.907843
20.710113 58.075004 64.000000 24.730885 29.373673 52.053996 256.000000 219.643646 31.660936 36.500387 0.000000 19.739962 41.366436 20.282347 256.000000 241.466027 55.710364 21.494082 64.000000 32.974513 59.813431 27.896309 256.000000 247.945623 174.894760 75.232791 64.000000 8.919124 181.177320 66.248387 256.000000 242.132918
26.688709 206.425647 0.000000 36.446647 21.504569 196.305678 256.000000 224.238737 38.465531 24.717051 0.000000 11.384468 38.233862 21.852053 256.000000 255.044781 5.911460 199.200055 64.000000 20.118584 9.231800 199.166485 256.000000 228.825224 146.758138 91.130095 64.000000 37.049000 140.427147 62.078965 256.000000 246.977556
21.325813 112.887322 0.000000 14.069240 5.971511 120.541265 256.000000 230.485996 53.122098 161.323955 0.000000 25.741977 53.728940 164.495255 256.000000 234.560483 80.250662 16.389656 64.000000 25.759187 84.776158 25.431627 256.000000 207.549262 42.265247 82.965505 64.000000 39.376663 56.664509 79.224098 256.000000 224.656082
132.915722 163.544320 64.000000 9.000872 133.550667 162.402296 256.000000 259.480679 66.957269 196.973951 64.000000 16.977744 76.775687 197.127349 256.000000 243.535540 70.718375 21.785533 0.000000 36.407924 59.130627 27.580813 256.000000 211.533396 119.179200 171.379149 64.000000 8.630855 119.548845 180.301878 256.000000 247.295942
128.638389 69.605995 64.000000 80.607712 136.709815 77.394011 256.000000 173.830413 52.117495 190.759996 64.000000 8.781443 50.349860 192.445073 256.000000 254.911402 6.523698 77.110531 0.000000 23.655255 10.385933 75.120715 256.000000 239.964448 140.734818 86.341296 0.000000 17.201475 139.336578 90.106462 256.000000 251.495202
136.011031 194.102156 0.000000 12.374048 140.654218 192.332324 256.000000 252.420243 142.760336 74.112133 64.000000 34.665404 80.735189 211.378449 256.000000 251.241353 13.476255 76.350595 64.000000 24.502851 19.089242 77.472098 256.000000 232.030601 46.049033 4.126431 64.000000 25.363355 42.629593 5.808533 256.000000 240.928212
57.986169 70.435680 0.000000 20.583256 68.104260 59.362458 256.000000 239.013591 22.302367 13.780002 64.000000 34.093168 21.065949 20.882975 256.000000 238.170297 138.967133 136.604111 64.000000 99.358094 145.510653 151.285293 256.000000 169.024498 47.923200 147.186665 0.000000 20.178819 78.240236 157.326622 256.000000 249.498832
163.437736 127.803005 0.000000 12.434283 162.399393 122.902498 256.000000 234.293727 22.016113 95.993664 64.000000 18.049071 26.542911 95.793658 256.000000 238.170297 73.212084 30.560016 64.000000 34.587958 55.060520 39.840009 256.000000 230.873223 64.906593 33.819460 0.000000 18.246987 59.952438 33.324735 256.000000 251.017622
52.352064 88.770836 0.000000 12.391258 52.619280 85.788418 256.000000 242.175943 164.055222 41.706422 64.000000 11.449006 164.696631 42.703036 256.000000 246.637656 58.760845 98.979018 64.000000 32.255992 45.742220 90.178942 256.000000 231.157190 180.867067 18.677649 64.000000 45.387283 177.914120 20.326091 256.000000 231.174400
110.796727 82.435969 0.000000 27.518918 106.904756 78.346173 256.000000 233.265424 65.552865 121.856040 0.000000 35.302177 60.589653 114.774555 256.000000 216.786773 7.657787 146.166144 0.000000 26.520733 5.554765 142.049376 256.000000 237.232348 62.347278 42.618509 0.000000 20.148701 65.784175 47.965584 256.000000 225.658569
149.080335 89.049538 0.000000 21.189911 151.826773 73.488038 256.000000 232.628651 26.767735 100.509040 64.000000 24.158650 34.611675 97.846275 256.000000 237.735743 90.623665 76.589364 0.000000 11.453308 89.523520 75.939436 256.000000 253.530294 14.217020 142.817329 0.000000 11.694249 19.934987 148.222665 256.000000 233.682769
29.013856 114.445456 64.000000 15.751526 31.069520 111.506675 256.000000 227.831342 36.803989 68.999505 64.000000 13.707829 32.946824 71.777545 256.000000 247.472345 56.216573 55.302718 64.000000 31.012564 49.895987 54.377133 256.000000 210.965463 47.497091 64.022865 64.000000 15.966652 49.005596 59.416231 256.000000 238.665087
59.264524 137.895904 64.000000 8.605040 59.049818 137.394698 320.000000 259.390326 71.587116 37.201785 0.000000 11.917980 66.870815 31.997116 256.000000 231.170097 12.145396 150.095718 64.000000 33.142312 14.587684 148.143509 256.000000 221.816419 103.818156 211.669955 0.000000 14.774854 107.793322 210.984502 256.000000 234.995037
