27.831724 197.234445 64.000000 19.421575 29.818404 197.280695 256.000000 242.606195 120.652931 161.395182 64.000000 46.217670 109.899380 139.272835 256.000000 203.547919 45.458933 138.201802 64.000000 60.080389 45.562527 137.298789 256.000000 200.247886 91.071400 93.339320 64.000000 14.968467 91.139722 91.120409 256.000000 240.140851
156.493513 129.362487 0.000000 11.797510 157.320113 129.277773 256.000000 257.742461 49.783260 208.878400 64.000000 30.685573 50.685013 206.853967 256.000000 224.440956 45.910551 70.757933 64.000000 32.965908 50.223469 38.376344 256.000000 226.760014 78.804971 81.486353 0.000000 13.944467 76.353407 86.730913 256.000000 236.526734
107.327693 20.001711 0.000000 10.859560 106.929507 22.111682 256.000000 223.339511 113.189873 176.416522 64.000000 20.763962 105.355531 184.973375 256.000000 243.230061 27.566324 203.639398 64.000000 13.957375 22.463764 206.709980 256.000000 232.112349 21.542098 106.465084 64.000000 9.215998 23.122022 107.514435 256.000000 259.463469
99.089029 73.494718 64.000000 39.114209 53.255862 54.557236 256.000000 229.517929 43.383162 163.400987 64.000000 13.114081 41.871965 161.594111 256.000000 246.702194 156.744635 59.425484 0.000000 9.525779 157.335645 60.656424 256.000000 242.834229 68.401271 95.283536 64.000000 10.885376 66.842531 96.287007 256.000000 231.548719
168.529113 91.601300 64.000000 13.053846 168.218013 90.800018 256.000000 251.903941 183.212531 99.909835 0.000000 17.438114 189.160625 89.402245 256.000000 220.491242 87.583602 49.363693 64.000000 15.622450 89.041685 53.979516 256.000000 236.952684 188.082965 59.999178 0.000000 31.941908 185.146349 58.989671 256.000000 212.049698
27.221782 46.299796 0.000000 10.485241 25.805585 46.842780 256.000000 238.325188 52.986509 59.531504 64.000000 27.338212 44.152635 63.194098 256.000000 224.092452 178.741449 95.182478 0.000000 17.050887 182.950575 86.786691 256.000000 239.224415 9.941307 54.943353 0.000000 11.427493 13.486249 50.052147 256.000000 219.656554
21.322275 195.699245 0.000000 27.802884 2.009745 180.187549 256.000000 223.494401 80.557082 100.517693 0.000000 21.874012 76.359676 99.274653 256.000000 248.573790 124.774651 38.559727 64.000000 39.208865 118.427867 35.499958 256.000000 225.654266 60.684555 58.460573 64.000000 11.642619 61.158209 51.818402 256.000000 226.772922
101.721022 62.361316 0.000000 36.369202 91.529267 65.450353 256.000000 229.707240 105.214025 71.984958 64.000000 36.162681 103.275215 75.369576 256.000000 203.405936 157.636865 128.740796 64.000000 12.653711 157.658216 128.167076 256.000000 244.645590 96.081151 63.830182 0.000000 21.835289 94.904789 65.244616 256.000000 233.639744
103.450771 205.792969 0.000000 9.233208 103.033980 207.822158 256.000000 235.334936 21.991518 89.476091 0.000000 20.208936 28.650509 87.545947 256.000000 234.211979 65.462491 119.861738 64.000000 13.002215 68.523924 117.247624 256.000000 240.179574 63.086496 102.322907 0.000000 91.630768 64.676442 101.286049 256.000000 159.937576
57.927736 67.144704 64.000000 10.141040 59.465233 62.418211 256.000000 248.091908 53.661955 28.600135 0.000000 15.110450 62.388900 31.115484 256.000000 254.851167 197.757524 60.892205 0.000000 42.065738 194.354502 59.938664 256.000000 206.869464 111.716733 20.589653 0.000000 40.589974 103.463605 23.205078 256.000000 206.602708
75.312740 12.966951 64.000000 10.829443 78.306480 12.798785 256.000000 229.715845 178.116747 60.423824 64.000000 8.768536 178.867496 59.178478 256.000000 253.405520 93.174325 147.782327 0.000000 11.066081 102.138087 147.492735 256.000000 247.115236 36.392487 32.921362 0.000000 8.695393 39.870353 31.158355 256.000000 268.602021
157.543418 117.825015 64.000000 12.713947 160.341291 115.621169 256.000000 243.569960 53.484460 165.016847 0.000000 34.725639 61.722278 153.786036 256.000000 198.440827 73.554002 46.150504 64.000000 10.721880 88.989300 35.631925 256.000000 45.473334 74.586067 104.770325 64.000000 54.577466 78.019969 104.089387 256.000000 226.656754
3.210391 109.571593 64.000000 34.123286 9.343884 110.192595 256.000000 232.417828 86.631647 30.014638 0.000000 31.851556 83.685418 31.022940 256.000000 237.232348 147.272880 38.159198 64.000000 51.518374 149.551562 21.901984 256.000000 214.192353 121.687253 144.548058 64.000000 45.778813 121.218380 138.053460 256.000000 213.168353
158.145115 134.419740 64.000000 19.288197 157.306040 133.287253 256.000000 229.401761 9.062067 88.602840 0.000000 13.768064 7.720695 91.371493 256.000000 212.531580 46.631578 21.601269 64.000000 31.761203 45.127693 31.239198 256.000000 226.609426 123.088153 165.292620 64.000000 16.513072 121.605984 165.592045 256.000000 232.228517
11.680253 70.392700 0.000000 19.486113 10.211235 63.082120 256.000000 231.389526 123.734142 91.028853 0.000000 31.361068 117.004102 102.132605 256.000000 225.985560 50.349764 117.879813 64.000000 23.612230 57.903593 115.000471 256.000000 244.791875 118.423085 100.320709 0.000000 15.372904 123.858064 95.498062 256.000000 226.144754
36.445185 155.893665 64.000000 71.185193 37.965918 144.714700 256.000000 185.391284 75.048467 92.262544 0.000000 12.016938 76.483789 90.420353 256.000000 250.634698 17.129778 56.386022 64.000000 8.979359 9.179476 50.325176 256.000000 253.108647 30.904289 102.899113 0.000000 35.568933 31.413405 92.519473 256.000000 238.729625
97.741644 158.649615 64.000000 19.778684 108.306293 157.300122 256.000000 248.698564 10.295047 160.512218 0.000000 53.970811 9.389993 157.989240 256.000000 200.931987 114.644173 195.086160 0.000000 9.999056 118.646240 195.334407 256.000000 236.173928 58.552840 68.627649 0.000000 14.168198 54.684716 66.679809 256.000000 243.862531
92.937716 60.582467 64.000000 22.824869 89.759685 56.411429 256.000000 218.017293 75.065669 73.987202 64.000000 13.148501 76.383904 71.513509 256.000000 254.618831 97.134275 46.614773 0.000000 32.957303 87.556209 55.701964 256.000000 208.409766 156.125245 116.726785 64.000000 34.015723 153.466513 115.334644 256.000000 231.531509
92.174264 98.764740 0.000000 29.971354 92.206942 133.457560 256.000000 221.850839 41.897587 199.609415 64.000000 29.881001 41.972384 197.465984 256.000000 250.897151 68.073929 116.671867 64.000000 12.098686 74.722451 130.924273 256.000000 242.042565 162.411309 109.305433 64.000000 15.992467 162.289307 110.974229 256.000000 243.810901
35.204924 5.215715 64.000000 24.515759 36.051058 6.800535 256.000000 239.439541 107.357842 164.456444 0.000000 16.409811 111.253740 163.561815 256.000000 224.841090 56.242111 42.000722 64.000000 12.817207 62.357973 41.430800 256.000000 249.386967 33.479500 165.327069 0.000000 56.375920 7.668302 148.384945 256.000000 214.063278
111.808555 161.640847 0.000000 32.927186 104.192224 161.358289 256.000000 223.541729 67.789969 163.448227 64.000000 24.584599 59.137147 163.196227 256.000000 235.851239 207.341722 47.929733 64.000000 29.579825 227.884289 22.640351 256.000000 225.292855 131.240740 83.606082 0.000000 21.086651 129.436236 84.686356 256.000000 240.695876
162.517513 130.771364 0.000000 13.867022 161.404485 133.102918 256.000000 219.312352 30.904484 44.759025 64.000000 22.923827 41.732453 52.470291 256.000000 206.193968 39.566238 99.110196 64.000000 28.848397 50.694376 89.868204 256.000000 227.934602 38.465531 24.717051 0.000000 11.384468 38.233862 21.852053 256.000000 255.044781
111.787004 173.242725 0.000000 36.334781 110.296604 171.861860 256.000000 217.277260 64.068427 31.294415 0.000000 27.893237 63.823462 34.800502 256.000000 213.908387 4.240124 193.735335 0.000000 9.018082 8.809062 196.803295 256.000000 221.825024 104.775002 99.918696 64.000000 28.973170 100.961689 96.864324 256.000000 231.432551
152.761169 36.093205 64.000000 40.241470 145.420842 35.643447 256.000000 212.647748 88.109875 36.412302 0.000000 52.877971 89.813898 26.285031 256.000000 204.799952 104.584565 154.030913 64.000000 24.838448 99.435751 157.263889 256.000000 236.006130 75.342238 149.479293 64.000000 11.165039 76.686276 148.235775 256.000000 234.491643
9.149860 87.675865 64.000000 20.131491 12.331047 86.876873 256.000000 229.832013 57.632387 160.330416 0.000000 19.111794 57.006187 156.714769 256.000000 241.087406 1.084342 89.236000 0.000000 27.613573 21.978064 82.761682 256.000000 217.952756 104.599913 202.186678 0.000000 9.517174 102.669380 204.977955 256.000000 241.861859
0.126284 78.851011 0.000000 17.653240 5.340129 78.475291 256.000000 252.820378 86.182885 73.409018 0.000000 27.174716 82.317402 46.179342 256.000000 235.007945 26.253964 21.813622 0.000000 25.961406 27.902885 25.961371 256.000000 224.032216 124.564520 70.362989 64.000000 19.464600 123.012136 70.618020 256.000000 239.951540
24.094909 156.069013 0.000000 18.595491 13.543698 147.584393 256.000000 234.637928 120.854078 28.714929 0.000000 10.906888 120.115735 26.942740 256.000000 246.641959 43.455135 158.099945 64.000000 26.886447 47.875031 157.688055 256.000000 237.055944 54.015744 9.430651 64.000000 37.909504 49.837976 14.793824 256.000000 220.005058
29.084955 189.013593 0.000000 21.456667 26.828367 188.390431 256.000000 243.402161 74.813996 90.356696 64.000000 13.376535 73.323875 88.126531 256.000000 248.801824 86.790564 11.581613 64.000000 17.554282 79.572135 6.318925 256.000000 219.333865 21.995098 196.324682 0.000000 36.308966 15.900965 192.580162 256.000000 207.575077
15.443827 173.900460 0.000000 11.965308 12.701275 174.388029 256.000000 235.627508 33.015522 41.874109 64.000000 21.035020 32.117800 44.377793 256.000000 245.652379 84.035451 70.293936 64.000000 17.709172 82.737115 69.356382 256.000000 217.931243 176.384225 55.683924 0.000000 13.656198 179.662362 48.764924 256.000000 238.174600
26.070609 150.403436 0.000000 17.644635 22.786273 150.544596 256.000000 234.125928 29.738524 93.756084 64.000000 24.907288 32.267204 92.387242 256.000000 227.956115 27.331929 65.996562 64.000000 13.742249 23.773544 67.504200 256.000000 258.551334 23.612231 94.760198 64.000000 24.421104 32.886558 107.965547 256.000000 231.286265
19.822600 176.154644 0.000000 19.180634 21.522284 174.915238 256.000000 237.976684 3.850358 56.808684 64.000000 13.544333 1.275049 50.796624 256.000000 238.828583 115.216925 89.329218 64.000000 9.104132 120.745680 85.800013 256.000000 252.880613 121.760667 161.875527 0.000000 15.398719 121.404045 161.797715 256.000000 239.189994
82.143225 172.209880 64.000000 15.187896 88.833345 171.622505 256.000000 235.747978 169.906911 35.875727 0.000000 17.756500 169.583738 36.592620 256.000000 236.660113 133.685800 147.539351 0.000000 22.011692 131.633365 148.516713 256.000000 251.323101 129.904482 76.413853 64.000000 24.249003 123.265073 55.015707 256.000000 235.907172
