57.436098 138.651549 0.000000 36.481067 63.257880 131.053529 256.000000 212.036791 178.917331 101.052255 64.000000 13.148501 178.476764 100.169671 256.000000 242.640615 98.456422 17.175013 0.000000 13.527123 97.023649 13.358880 256.000000 241.612313 79.423431 114.561280 0.000000 64.120456 76.715956 112.393089 256.000000 207.179246
34.472147 61.112440 64.000000 20.665004 22.999487 67.842980 256.000000 221.304419 76.002253 53.184062 64.000000 27.364027 75.529227 72.915515 256.000000 228.631610 0.056676 107.772167 64.000000 29.850884 4.112976 95.806347 256.000000 223.158805 121.646745 71.362347 64.000000 14.318787 121.262891 71.133645 256.000000 240.433423
111.450676 38.638220 0.000000 27.140296 103.887784 29.200589 256.000000 225.129359 162.615222 60.749904 64.000000 11.530754 175.362060 74.243671 256.000000 233.351475 86.915593 157.158807 64.000000 15.071728 84.865016 159.174618 256.000000 236.044852 106.783965 58.334618 0.000000 13.458283 111.159164 48.874620 256.000000 246.241825
42.557536 19.329831 64.000000 9.740905 41.343715 19.383675 256.000000 239.241625 23.079665 119.896364 64.000000 30.311253 22.858191 113.349829 256.000000 235.347844 52.606580 130.216540 0.000000 12.645106 54.430220 128.848576 256.000000 255.092108 65.251740 120.387402 0.000000 10.635829 60.711985 124.179115 256.000000 239.331978
60.550665 104.422058 0.000000 41.829099 57.400095 101.759451 256.000000 224.677594 28.491825 29.640015 0.000000 42.676696 24.693718 41.806180 256.000000 220.899982 137.357720 82.995456 64.000000 28.826884 134.777480 82.831547 256.000000 230.627980 3.583967 33.021016 64.000000 29.829371 26.459756 29.832671 256.000000 216.855613
45.653664 45.724671 64.000000 29.097943 48.362493 47.529960 256.000000 223.034032 19.252420 134.098738 64.000000 15.545005 8.807758 139.724531 256.000000 241.534868 137.946167 109.218802 0.000000 61.259280 126.656758 98.545716 256.000000 199.877869 75.577900 192.186353 64.000000 36.197101 78.581713 184.134404 256.000000 210.384623
153.116820 29.783218 64.000000 12.081476 153.689389 30.702705 256.000000 244.211035 4.976124 184.436691 64.000000 24.644835 27.458049 186.315555 256.000000 233.114836 106.164738 20.007655 0.000000 9.624737 202.340300 30.829687 256.000000 241.225086 38.120913 44.102691 64.000000 23.431524 29.927740 42.458340 256.000000 223.623477
53.140173 12.335458 64.000000 32.402278 52.753300 18.934149 256.000000 230.572047 78.419305 105.344575 0.000000 30.405909 77.906555 103.693584 256.000000 231.307778 66.651055 88.766507 64.000000 16.814248 64.189540 87.712175 256.000000 245.415741 101.273224 27.371656 64.000000 35.603353 96.889745 32.880524 256.000000 207.235178
188.751613 109.595669 0.000000 23.173373 189.521100 128.740815 256.000000 235.683441 38.465531 24.717051 0.000000 11.384468 38.233862 21.852053 256.000000 255.044781 77.964065 95.354667 64.000000 31.640732 54.589147 88.954742 256.000000 211.047211 99.180745 15.923224 0.000000 15.846181 92.159591 17.977493 256.000000 242.064078
24.969347 99.398673 0.000000 8.772838 25.026853 98.024476 256.000000 249.709656 35.751500 7.476555 64.000000 21.086651 35.085953 9.439985 256.000000 247.881085 58.760845 98.979018 64.000000 32.255992 45.742220 90.178942 256.000000 231.157190 131.511256 95.366715 64.000000 46.574779 135.294275 94.324384 256.000000 218.004386
98.408904 82.428738 0.000000 34.368530 96.186482 103.021316 256.000000 213.465227 50.040536 152.985855 0.000000 11.307023 58.641909 209.272485 256.000000 251.757655 13.553318 51.330640 64.000000 12.034148 10.946902 50.512678 256.000000 240.631339 125.836678 24.706549 64.000000 28.525708 123.879165 24.558331 256.000000 221.188251
70.904251 126.044671 0.000000 8.802956 69.204889 125.821742 256.000000 249.812916 115.162349 88.949987 0.000000 33.766177 103.117051 112.694204 256.000000 242.391069 47.679822 226.791865 64.000000 21.138281 54.550549 227.757656 256.000000 226.321157 70.177184 58.365538 64.000000 22.678583 67.081213 58.369976 256.000000 229.560955
75.998571 58.705878 64.000000 17.674752 73.947280 56.214180 256.000000 241.749994 167.699796 156.043395 0.000000 38.778613 165.708720 156.841102 256.000000 209.864018 178.741449 95.182478 0.000000 17.050887 182.950575 86.786691 256.000000 239.224415 16.412989 82.842938 0.000000 15.037307 11.401558 91.574504 256.000000 224.397931
45.930360 179.535455 0.000000 9.508569 43.202429 180.051138 256.000000 264.170425 22.586236 125.889958 64.000000 12.610686 21.454209 124.750631 256.000000 225.383208 159.815622 107.648411 64.000000 18.427693 159.003949 112.403364 256.000000 227.203174 132.946947 144.205098 0.000000 20.312197 130.994229 144.956507 256.000000 240.226902
77.082156 138.597982 64.000000 37.582512 81.091775 127.100889 256.000000 211.137564 14.950371 126.836633 64.000000 13.806787 5.596962 130.615396 256.000000 260.857485 119.767975 187.331020 64.000000 22.833474 113.900707 193.559456 256.000000 236.591272 130.133320 150.897453 0.000000 42.582040 128.896280 147.662304 256.000000 218.107646
103.032411 57.848993 0.000000 15.347089 101.988296 59.277973 256.000000 232.947038 163.437736 127.803005 0.000000 12.434283 162.399393 122.902498 256.000000 234.293727 93.966353 162.751149 64.000000 8.708300 94.984880 184.638104 256.000000 236.328819 33.074387 133.408133 0.000000 57.985062 37.764327 133.033509 256.000000 194.904156
169.631831 32.063429 64.000000 56.427550 169.293662 33.547340 256.000000 188.213737 142.077316 20.506860 0.000000 13.793879 144.545789 24.138209 256.000000 247.627236 15.931602 131.644269 64.000000 11.513544 13.473002 131.712433 256.000000 231.738030 49.687262 159.698338 64.000000 10.270115 51.537882 161.015209 256.000000 249.146026
180.808287 125.784229 64.000000 9.732300 182.452813 125.332305 256.000000 253.624949 131.086298 85.125702 64.000000 15.321274 136.713996 78.798156 256.000000 235.760886 137.515229 186.284080 0.000000 47.968795 127.094740 183.355207 256.000000 201.293398 180.910936 79.109511 0.000000 16.904601 182.440811 73.376618 256.000000 242.941792
88.705989 182.485582 64.000000 9.826956 88.678933 181.881818 320.000000 263.619703 4.482585 60.947360 0.000000 28.073943 9.253745 64.017365 256.000000 234.835844 55.602984 156.592947 64.000000 16.547492 60.414162 154.368520 256.000000 257.531637 32.467398 6.465049 64.000000 26.800397 40.849496 7.413896 256.000000 251.030529
109.178293 208.820035 0.000000 26.447590 116.202855 206.349249 256.000000 217.234235 76.872335 180.209191 0.000000 43.713603 53.170967 160.474029 256.000000 211.356992 45.384304 146.176827 0.000000 27.850212 42.212729 144.778989 256.000000 225.262737 69.700184 68.507944 0.000000 11.522149 72.931682 64.103827 256.000000 263.787501
117.541393 91.898880 0.000000 35.822782 115.092609 90.073316 256.000000 231.970366 44.917489 81.508751 0.000000 11.208065 42.461733 80.206185 256.000000 248.952412 84.281791 49.582184 64.000000 47.723552 73.992580 63.011451 256.000000 206.908187 82.556413 223.352818 0.000000 19.838920 80.291540 223.642069 256.000000 230.993694
69.959264 71.879987 0.000000 29.652968 64.929100 94.237744 256.000000 220.607410 102.085140 169.934447 64.000000 28.142783 98.116220 169.883702 256.000000 240.201087 124.957071 87.539965 64.000000 42.728326 120.507084 89.963536 256.000000 221.205461 61.681987 19.305855 64.000000 16.457139 65.373782 23.141476 256.000000 245.566329
71.112002 13.385680 64.000000 9.000872 82.755035 17.841580 256.000000 255.733184 166.705898 36.838571 64.000000 36.915622 166.252258 34.583029 256.000000 225.322972 50.864775 91.942558 0.000000 18.307223 44.109647 97.514236 256.000000 245.041422 16.590156 27.671845 64.000000 13.243157 9.357991 26.881149 256.000000 249.421387
58.044673 98.990267 64.000000 18.530954 61.916280 93.534705 256.000000 230.800080 142.983975 56.088962 0.000000 38.821638 141.218182 56.652962 256.000000 231.023811 95.033109 55.801145 0.000000 25.703254 93.563573 54.023420 256.000000 235.786701 142.760336 74.112133 64.000000 34.665404 80.735189 211.378449 256.000000 251.241353
24.769756 43.084249 64.000000 9.435426 28.619367 42.210684 256.000000 239.000683 118.789080 103.718982 0.000000 17.485441 117.735893 102.700645 256.000000 216.584554 96.194053 38.862358 64.000000 17.231593 97.670802 41.942775 256.000000 242.132918 159.475629 62.099385 0.000000 12.391258 189.379187 45.749211 256.000000 231.548719
4.693642 124.230309 0.000000 15.527795 7.162362 124.965491 256.000000 254.235907 174.797795 102.959762 64.000000 39.578881 171.058205 100.350580 256.000000 205.505565 1.841678 148.296351 64.000000 19.722752 3.164545 147.599755 256.000000 216.674907 26.098249 156.443296 64.000000 21.727726 27.913878 157.807282 256.000000 230.899038
72.709500 94.936333 0.000000 23.569205 69.644238 83.672320 256.000000 236.939776 2.544538 105.740947 0.000000 38.993739 23.165204 100.272358 256.000000 223.292183 104.937716 211.947691 64.000000 14.366114 102.734811 212.861200 256.000000 249.176143 141.061316 74.974935 64.000000 14.013308 169.625020 88.290347 256.000000 228.364854
146.758138 91.130095 64.000000 37.049000 140.427147 62.078965 256.000000 246.977556 31.552149 179.644831 0.000000 16.336668 28.310364 176.772607 256.000000 255.763301 22.899944 162.850936 64.000000 10.717577 22.832182 162.371427 256.000000 233.786029 131.601713 41.720162 64.000000 15.648265 131.012522 41.305907 256.000000 245.914833
22.016113 95.993664 64.000000 18.049071 26.542911 95.793658 256.000000 238.170297 44.914367 155.007224 64.000000 12.055661 45.701784 154.986567 256.000000 241.694061 163.367113 58.669175 64.000000 29.162481 160.824184 58.805540 256.000000 214.958202 63.482067 111.594022 0.000000 15.648265 67.518925 109.929460 256.000000 237.912146
134.561378 92.812820 64.000000 8.613645 139.149138 97.960269 256.000000 275.778624 85.443644 95.256945 64.000000 18.711659 85.115593 105.632136 256.000000 242.076985 22.483109 64.867433 64.000000 11.543661 23.275484 62.874809 256.000000 260.909115 174.838038 113.033160 0.000000 9.431124 175.789980 116.011880 256.000000 242.115708
160.843309 36.555700 0.000000 18.358853 159.768865 34.572924 256.000000 247.730497 97.134275 46.614773 0.000000 32.957303 87.556209 55.701964 256.000000 208.409766 117.135942 110.717293 0.000000 44.935519 103.205544 100.836855 256.000000 217.225630 107.455458 168.466191 64.000000 10.850955 107.225638 168.654633 256.000000 241.220784
29.956080 122.066191 0.000000 12.868837 32.562662 120.896256 256.000000 247.476648 148.740002 103.166345 64.000000 12.150316 150.509429 100.763251 256.000000 240.579708 31.153305 176.368505 0.000000 21.056533 21.794084 181.319244 256.000000 240.657154 57.912213 36.576029 0.000000 30.285438 33.289078 54.111567 256.000000 239.220112
