128.003165 19.445631 64.000000 51.092425 108.348384 21.324869 256.000000 211.791547 39.026744 92.786185 0.000000 16.229105 34.798407 91.434885 256.000000 243.294598 12.097740 184.303298 0.000000 16.013979 6.638180 185.440040 256.000000 226.596518 106.293267 73.439235 64.000000 16.969139 104.143700 71.778035 256.000000 235.941592
114.831311 200.624005 0.000000 31.059892 115.769215 192.039764 256.000000 225.383208 43.383265 120.411653 0.000000 11.410283 47.831362 132.017058 256.000000 261.425418 20.956245 184.605898 0.000000 19.305407 28.108864 184.591960 256.000000 228.033560 118.763305 108.955202 64.000000 38.443016 104.512107 107.952105 256.000000 203.608154
122.039611 64.502769 64.000000 16.547492 123.434231 67.466018 256.000000 240.657154 25.753415 139.159595 64.000000 14.477980 30.207600 141.713682 256.000000 239.237322 135.421536 60.449271 0.000000 15.575122 137.826645 65.887309 256.000000 234.375474 51.684540 110.577536 64.000000 14.572635 54.024842 110.175095 256.000000 230.529022
67.439509 115.580562 0.000000 12.649409 67.551038 111.647540 256.000000 220.258906 50.790584 35.975444 0.000000 71.723008 38.066687 30.414613 256.000000 183.889705 103.464347 23.560178 0.000000 12.335325 102.290080 21.920531 256.000000 258.465284 153.679927 103.589647 0.000000 26.968195 139.760867 104.106675 256.000000 219.338167
48.587464 195.872418 64.000000 23.285238 49.182605 193.615165 256.000000 244.365926 79.343991 159.104931 0.000000 30.560800 75.940213 154.874567 256.000000 237.882028 37.660340 87.401349 64.000000 13.497005 34.537213 87.956800 256.000000 269.647533 92.065840 214.577371 0.000000 23.698280 101.333080 211.969775 256.000000 251.336008
145.722400 107.301498 0.000000 26.490616 146.534785 98.552553 256.000000 249.305219 194.709915 55.586649 0.000000 28.839792 195.113953 59.811620 256.000000 231.041021 45.946125 33.033680 0.000000 27.635086 39.998651 32.524633 256.000000 229.341526 27.089453 195.296627 64.000000 25.273002 32.722991 193.365733 256.000000 220.779511
63.031642 191.715509 64.000000 25.819423 46.462198 196.692745 256.000000 224.574334 151.841298 165.223275 0.000000 11.857745 151.699791 170.095996 256.000000 228.532652 123.088153 165.292620 64.000000 16.513072 121.605984 165.592045 256.000000 232.228517 4.966942 141.416887 0.000000 14.077845 1.257238 139.361949 256.000000 238.273558
43.618418 62.736093 64.000000 25.376263 31.993635 57.415096 256.000000 232.680282 40.628485 32.672102 64.000000 9.198788 39.844358 32.795158 256.000000 229.350131 119.767975 187.331020 64.000000 22.833474 113.900707 193.559456 256.000000 236.591272 18.296187 71.388333 64.000000 9.271931 17.698105 72.988236 256.000000 254.115436
84.035451 70.293936 64.000000 17.709172 82.737115 69.356382 256.000000 217.931243 153.533331 17.327927 0.000000 18.255592 152.310335 15.746818 256.000000 243.251573 74.341785 116.062598 64.000000 15.140568 72.295789 115.678984 256.000000 256.847536 86.544967 118.230467 0.000000 21.942852 84.877275 117.538678 256.000000 246.194497
6.841082 177.779858 0.000000 17.799525 14.722051 187.105925 256.000000 243.488212 62.236318 165.995322 0.000000 28.839792 53.503720 161.958231 256.000000 212.165866 37.835218 61.834804 0.000000 13.707829 37.273224 66.981462 256.000000 246.710799 128.866589 82.499996 64.000000 35.917437 123.414240 75.571740 256.000000 233.239609
145.077609 25.702138 64.000000 46.191855 142.308993 25.561271 256.000000 200.884659 107.981827 157.480871 0.000000 23.237911 107.476584 152.200029 256.000000 234.689558 8.699338 188.126031 0.000000 14.654383 15.404667 191.257300 256.000000 238.544616 164.054404 50.850473 64.000000 34.433068 164.760091 53.032709 256.000000 228.222871
39.174573 23.124373 64.000000 26.503523 37.330111 25.536676 256.000000 230.726938 163.437736 127.803005 0.000000 12.434283 162.399393 122.902498 256.000000 234.293727 104.153620 173.283182 64.000000 11.302720 112.065464 171.966009 256.000000 246.327875 36.688633 231.815058 64.000000 20.600466 32.564958 232.072155 256.000000 246.271942
12.687660 105.952944 0.000000 8.987964 14.906531 107.180940 256.000000 237.899238 25.086847 44.216236 0.000000 22.127860 22.591904 45.058098 256.000000 241.775809 115.685365 86.907631 0.000000 17.532769 114.181987 85.446993 256.000000 226.824552 129.700002 87.811096 0.000000 17.993139 128.066664 88.977318 256.000000 227.771106
49.892187 37.287415 64.000000 30.164968 47.864904 39.811807 256.000000 232.848080 108.239642 97.626555 64.000000 8.979359 108.832544 96.815222 256.000000 253.607739 9.109938 103.188656 64.000000 59.615717 13.151340 101.263549 256.000000 182.327890 191.106342 29.566675 64.000000 9.310653 198.426309 12.826411 256.000000 251.594160
172.437149 31.840602 64.000000 26.464801 166.798153 26.700680 256.000000 224.363510 36.056585 76.513500 64.000000 17.842550 32.312773 74.734995 256.000000 254.885587 53.777518 44.234824 64.000000 9.994754 52.626722 44.290685 256.000000 252.084647 104.785604 18.724473 64.000000 21.663188 118.663820 26.782029 256.000000 239.740717
57.887167 74.034560 64.000000 30.969539 46.006238 74.499169 256.000000 219.174671 188.622940 109.204620 0.000000 37.668563 179.767475 107.473880 256.000000 207.992422 132.611718 39.715607 0.000000 26.886447 123.742133 25.307864 256.000000 246.814060 167.699796 156.043395 0.000000 38.778613 165.708720 156.841102 256.000000 209.864018
20.986631 82.386787 64.000000 11.474821 19.080433 80.518693 256.000000 249.929084 117.574671 112.150369 0.000000 16.211895 123.395164 106.296160 256.000000 243.204246 6.651124 103.185187 0.000000 18.070584 3.407520 93.443140 256.000000 240.528078 102.064362 148.479653 0.000000 10.523964 101.688049 158.656493 256.000000 248.758799
163.169618 162.807631 0.000000 24.511456 154.146571 178.700358 256.000000 211.757127 96.108780 132.438538 64.000000 27.196229 95.087256 131.429767 256.000000 232.839475 111.787004 173.242725 0.000000 36.334781 110.296604 171.861860 256.000000 217.277260 5.546067 68.419742 0.000000 17.476836 5.041155 76.078853 256.000000 229.720148
100.621965 80.913535 0.000000 45.998241 103.110373 80.420998 256.000000 207.544960 33.310655 104.446411 0.000000 25.113809 48.469173 96.168082 256.000000 227.745291 40.996749 33.131669 0.000000 36.635958 19.828495 57.781724 256.000000 217.685999 23.808085 126.217093 0.000000 9.839863 26.788376 127.805269 256.000000 230.344013
24.338945 104.556422 64.000000 15.007190 27.190507 103.239689 256.000000 258.017822 118.323649 0.285393 64.000000 27.333910 117.966153 3.391458 256.000000 222.603780 160.196462 118.540664 64.000000 17.373576 158.485171 124.654355 256.000000 232.805055 30.633320 147.416102 0.000000 10.227090 36.986136 150.178504 256.000000 231.402433
121.834673 90.374844 0.000000 14.684501 120.632485 88.024182 256.000000 233.058903 121.646745 71.362347 64.000000 14.318787 121.262891 71.133645 256.000000 240.433423 131.869556 115.976300 0.000000 20.445575 134.939680 112.544822 256.000000 236.815003 69.412076 71.001931 0.000000 9.048200 68.706918 71.620505 256.000000 256.456007
8.702293 178.268000 0.000000 35.762546 14.497282 171.700444 256.000000 201.616087 11.907249 75.571945 0.000000 12.434283 4.979411 76.533891 256.000000 237.283978 26.893675 14.432065 64.000000 17.700567 25.493556 17.304205 256.000000 233.687071 39.566238 99.110196 64.000000 28.848397 50.694376 89.868204 256.000000 227.934602
109.634384 164.132573 64.000000 17.919996 97.009676 187.852329 256.000000 238.226230 134.128107 110.190229 64.000000 27.660901 142.948925 105.582076 256.000000 236.186835 39.802667 160.423693 64.000000 23.934919 24.487031 157.056038 256.000000 230.662400 29.713513 92.919611 0.000000 25.113809 35.026853 91.475105 256.000000 235.438197
130.539300 70.144553 0.000000 8.802956 131.964300 74.734276 256.000000 250.608882 32.467398 6.465049 64.000000 26.800397 40.849496 7.413896 256.000000 251.030529 65.597255 150.177065 64.000000 13.759459 89.075273 162.729645 256.000000 253.177487 56.141729 198.529125 0.000000 21.202819 48.311473 201.478609 256.000000 255.475033
25.400269 132.593807 64.000000 13.092568 24.035295 130.919633 256.000000 255.539570 5.470371 185.947998 64.000000 20.449878 1.686704 180.753358 256.000000 242.180246 55.891318 89.126193 0.000000 19.597979 48.841965 92.939464 256.000000 239.899910 71.916251 75.374965 64.000000 25.049271 66.209195 78.252682 256.000000 232.254332
39.195789 25.976678 0.000000 17.068097 47.395004 38.782520 256.000000 228.739173 48.583065 153.667713 0.000000 14.262854 80.038453 169.902678 256.000000 232.934130 91.709065 69.476822 64.000000 10.863863 90.823562 68.257062 256.000000 248.672748 88.439415 91.243116 0.000000 17.136937 91.540305 85.807149 256.000000 240.308650
16.463016 76.294175 64.000000 24.425406 29.132931 75.010307 256.000000 218.834772 37.128682 209.947736 64.000000 42.637973 40.818209 200.328075 256.000000 224.875510 51.449187 130.878785 64.000000 18.776197 47.017778 129.563264 256.000000 234.280819 81.645942 35.124031 64.000000 11.819022 87.654585 37.427033 256.000000 239.805255
35.345242 30.536282 64.000000 28.723624 35.489909 35.892005 256.000000 211.369900 3.589807 96.712311 0.000000 33.662916 34.720880 107.478675 256.000000 234.771306 41.000551 62.106598 0.000000 40.245772 8.264296 70.235424 256.000000 202.467986 50.114744 29.301131 0.000000 22.588230 45.057295 26.449707 256.000000 244.150800
11.251509 98.851951 64.000000 22.747423 12.914169 100.737233 256.000000 248.948110 1.451038 67.424847 0.000000 14.323089 4.434645 68.756905 256.000000 252.480479 143.075353 68.552007 0.000000 17.330551 150.792107 70.077338 256.000000 228.179846 106.151464 67.056064 0.000000 35.706613 28.370449 102.971085 256.000000 226.828854
67.062444 184.588085 64.000000 39.815520 66.708545 178.657651 256.000000 216.317798 20.273304 132.337924 64.000000 13.497005 23.141575 151.243013 256.000000 247.480950 56.242111 42.000722 64.000000 12.817207 62.357973 41.430800 256.000000 249.386967 157.783367 171.103318 64.000000 38.064394 144.700933 149.692202 256.000000 215.474504
47.963940 6.511338 0.000000 39.815520 45.474304 18.112791 256.000000 228.519745 135.227167 25.662985 0.000000 39.522949 116.947284 35.087853 256.000000 216.309193 157.725207 52.121871 64.000000 24.339356 156.144424 53.131524 256.000000 222.960889 68.932429 169.682015 64.000000 20.045441 67.563140 168.974276 256.000000 215.431479
81.804113 37.236589 0.000000 32.083892 72.668318 25.988891 256.000000 230.757055 122.533220 122.046825 0.000000 11.371560 124.117011 117.390629 256.000000 233.695676 100.934615 51.768831 64.000000 17.532769 99.247660 50.494000 256.000000 231.793962 63.086496 102.322907 0.000000 91.630768 64.676442 101.286049 256.000000 159.937576
