167.626524 73.014195 0.000000 33.357438 164.684542 67.915265 256.000000 226.377090 74.577342 154.326542 0.000000 8.850284 75.917804 154.666678 256.000000 243.187035 146.553898 83.978105 64.000000 36.889806 138.145969 89.678995 256.000000 219.437125 75.048467 92.262544 0.000000 12.016938 76.483789 90.420353 256.000000 250.634698
163.349582 68.993985 0.000000 23.616532 163.795302 72.958098 256.000000 230.787173 70.432151 84.458938 64.000000 14.370417 71.337058 73.247193 256.000000 246.396715 75.998571 58.705878 64.000000 17.674752 73.947280 56.214180 256.000000 241.749994 25.439902 85.267993 64.000000 9.254721 26.206829 87.478611 256.000000 242.261994
167.235191 135.983467 64.000000 16.689475 165.646640 135.794740 256.000000 235.038063 122.023353 179.761607 0.000000 21.099558 122.151736 177.342455 256.000000 227.607611 23.966789 52.730016 64.000000 45.348561 25.986380 52.428940 256.000000 209.468186 48.995018 130.763958 64.000000 36.145471 40.533971 116.351689 256.000000 212.389597
31.174500 203.683615 64.000000 29.510985 26.053256 202.856484 256.000000 234.594903 72.942876 174.510153 64.000000 8.678183 72.935331 175.652227 256.000000 243.307506 83.858400 77.567622 64.000000 44.707485 77.469244 83.440865 256.000000 203.590944 19.199209 174.966216 64.000000 14.581240 22.110704 177.375264 256.000000 227.973325
16.678658 44.736020 0.000000 16.513072 15.393980 48.678627 256.000000 223.941863 100.805047 73.027649 0.000000 29.205506 85.628064 64.617882 256.000000 236.926869 128.743496 130.694305 0.000000 17.554282 122.366451 137.741678 256.000000 231.845593 46.650915 226.942393 0.000000 15.863391 51.632902 227.552911 256.000000 238.437053
72.207015 61.908698 0.000000 9.172973 72.561862 58.157789 256.000000 248.251101 16.937427 128.392409 0.000000 12.782787 21.097769 130.025502 256.000000 251.034832 105.815225 52.562211 64.000000 21.796566 103.997995 53.940725 256.000000 250.105488 31.998435 92.826351 64.000000 16.388299 18.975876 89.892718 256.000000 242.533052
16.777522 164.832005 64.000000 67.846438 17.061224 166.623873 256.000000 193.712358 58.135338 124.021133 0.000000 21.331894 58.102900 122.507627 256.000000 230.434366 22.411787 49.699065 64.000000 8.876099 18.584502 50.884507 256.000000 246.654867 145.296136 157.815900 64.000000 21.628768 147.863720 160.246347 256.000000 248.651236
25.753415 139.159595 64.000000 14.477980 30.207600 141.713682 256.000000 239.237322 69.534375 51.584762 0.000000 70.819479 90.166595 51.595124 256.000000 171.403792 93.684138 38.207685 64.000000 15.385812 99.126371 42.825204 256.000000 252.235235 6.400200 12.614965 0.000000 43.872796 11.777736 26.763136 256.000000 233.144954
76.954364 118.284642 64.000000 21.899827 71.157331 122.704824 256.000000 233.063206 69.700184 68.507944 0.000000 11.522149 72.931682 64.103827 256.000000 263.787501 116.927267 50.514565 64.000000 15.949442 116.425447 50.378444 256.000000 233.884987 106.772913 145.713851 64.000000 18.290013 104.826844 145.252331 256.000000 237.172112
39.762093 36.088331 0.000000 10.777813 41.876635 37.553860 256.000000 257.346629 40.391856 103.092458 0.000000 13.875627 39.582524 100.230753 256.000000 251.955571 13.478856 116.202302 64.000000 12.795694 15.892915 117.796398 256.000000 242.765388 49.867045 72.522993 64.000000 16.560399 52.914371 68.374784 256.000000 231.927341
91.193245 211.969540 0.000000 22.420432 59.338162 195.962605 256.000000 210.074842 74.729205 121.672260 0.000000 9.977544 84.987644 139.594825 256.000000 247.136749 73.554002 46.150504 64.000000 10.721880 88.989300 35.631925 256.000000 45.473334 22.380451 133.679298 64.000000 10.274418 21.531140 132.988784 256.000000 235.601693
54.665365 199.867115 0.000000 23.130348 66.437465 206.156253 256.000000 227.190266 1.233144 119.627404 0.000000 42.100158 7.022495 115.315484 256.000000 208.788388 74.443505 151.239495 0.000000 28.327792 85.114005 129.550442 256.000000 242.735271 78.432885 57.226304 64.000000 17.373576 76.665365 53.007984 256.000000 231.901525
130.133320 150.897453 0.000000 42.582040 128.896280 147.662304 256.000000 218.107646 34.341385 79.661265 0.000000 12.976400 37.365235 83.138824 256.000000 245.983673 111.787004 173.242725 0.000000 36.334781 110.296604 171.861860 256.000000 217.277260 85.596158 69.689751 64.000000 66.250203 83.733004 56.808225 256.000000 184.276932
24.642498 12.323085 0.000000 22.635558 31.728138 13.537602 256.000000 240.678666 42.037045 109.095725 0.000000 12.877442 47.470951 108.203542 256.000000 227.508653 27.247493 124.377405 64.000000 13.798182 35.322589 133.638278 256.000000 225.615544 161.442542 40.856015 64.000000 24.881473 159.380556 43.045298 256.000000 225.193897
47.926016 99.294693 64.000000 14.921139 47.673933 95.688778 256.000000 240.007473 58.780771 46.411242 0.000000 10.459426 62.190153 41.068938 256.000000 243.742061 50.790584 35.975444 0.000000 71.723008 38.066687 30.414613 256.000000 183.889705 13.024358 80.982916 64.000000 24.498549 12.151293 77.039136 256.000000 222.053057
74.049742 57.527575 0.000000 12.021241 72.133887 52.705895 256.000000 243.582867 62.421984 47.819898 0.000000 40.641604 62.913573 45.673271 256.000000 215.754168 54.922053 118.752878 0.000000 27.084363 51.834118 111.124515 256.000000 214.338639 83.130796 132.505002 64.000000 47.379350 184.208982 80.882924 256.000000 228.339039
93.082513 66.563940 64.000000 27.906145 95.025660 70.839235 256.000000 221.627108 124.808764 110.281867 0.000000 38.950714 115.917667 110.748651 256.000000 235.623205 56.939424 48.462965 0.000000 12.266485 67.427185 38.394342 256.000000 245.075842 13.921880 27.833013 64.000000 8.695393 15.340996 28.094840 256.000000 247.657354
57.632387 160.330416 0.000000 19.111794 57.006187 156.714769 256.000000 241.087406 185.373695 123.401415 64.000000 33.357438 183.118020 122.683873 256.000000 239.375003 110.401729 175.759833 64.000000 11.586686 109.389691 177.446720 256.000000 61.315213 18.229096 55.342155 64.000000 20.682214 21.285827 57.559944 256.000000 237.335608
60.758109 75.571449 64.000000 30.367186 22.447298 70.982722 256.000000 224.062334 48.733893 202.187538 64.000000 43.339284 51.565813 171.715415 256.000000 228.597190 100.625847 18.063720 64.000000 35.048328 96.218631 13.133847 256.000000 224.660384 16.284620 71.552735 64.000000 30.289741 19.257740 70.593173 256.000000 225.400418
181.322598 52.368896 64.000000 33.043354 179.919560 52.637936 256.000000 204.700994 18.645460 36.934367 0.000000 9.869981 18.154593 37.575458 256.000000 246.422530 16.407253 92.508484 64.000000 10.696065 17.107229 99.356711 256.000000 243.483909 148.765993 7.334509 64.000000 18.939693 146.677049 2.459007 256.000000 242.920279
98.870684 134.597911 0.000000 12.292300 97.568776 136.159311 256.000000 254.752209 41.282485 96.886015 64.000000 10.855258 42.372475 95.191016 256.000000 241.379977 21.995098 196.324682 0.000000 36.308966 15.900965 192.580162 256.000000 207.575077 69.447351 89.849331 64.000000 16.766920 67.641724 91.082913 256.000000 246.693589
119.058278 32.172189 0.000000 23.668163 117.019845 34.182271 256.000000 229.530837 93.836705 125.603573 64.000000 17.786618 103.904971 123.566700 256.000000 241.478935 110.210865 13.316127 0.000000 50.481467 116.592729 15.847740 256.000000 184.023083 60.797484 221.975636 0.000000 10.141040 62.128973 221.668316 256.000000 251.968479
120.652931 161.395182 64.000000 46.217670 109.899380 139.272835 256.000000 203.547919 43.618418 62.736093 64.000000 25.376263 31.993635 57.415096 256.000000 232.680282 60.862756 58.119538 0.000000 13.002215 67.261600 62.271905 256.000000 228.640215 28.935753 130.093869 0.000000 38.929201 38.129936 108.293460 256.000000 223.997796
41.971773 31.529531 0.000000 10.523964 51.826876 20.715309 256.000000 225.030401 97.946382 33.755636 64.000000 69.825597 101.721093 34.006345 256.000000 181.402848 106.875553 18.551487 0.000000 22.502180 108.435431 23.815624 256.000000 221.080688 166.791573 139.291882 0.000000 17.162752 166.364198 137.962089 256.000000 227.319342
138.782155 183.946978 0.000000 31.279320 138.003609 179.953180 256.000000 230.679610 82.519460 9.956218 64.000000 12.184737 80.994987 11.113695 256.000000 236.427777 80.988215 110.907913 64.000000 37.449134 75.722393 122.708896 256.000000 210.638472 76.791427 74.122149 0.000000 37.074815 74.646985 80.433176 256.000000 233.760214
23.079665 119.896364 64.000000 30.311253 22.858191 113.349829 256.000000 235.347844 62.491029 229.078062 64.000000 19.129004 60.651582 229.096087 256.000000 238.105759 124.827124 135.111280 0.000000 15.988164 119.556015 154.168536 256.000000 258.344813 58.093862 120.111551 64.000000 16.616332 57.811069 118.066047 256.000000 243.062262
70.799038 75.032696 64.000000 9.930216 69.181987 74.833878 256.000000 245.002699 13.553318 51.330640 64.000000 12.034148 10.946902 50.512678 256.000000 240.631339 70.732104 98.828684 0.000000 24.287725 62.098518 71.977811 256.000000 230.442971 155.662235 67.794187 64.000000 13.019426 155.675089 67.320353 256.000000 246.676379
9.379298 173.432851 0.000000 13.527123 12.155849 177.451769 256.000000 257.023940 19.063405 82.194638 0.000000 12.098686 18.735064 80.002362 256.000000 253.977756 101.618240 29.818133 64.000000 9.771023 100.472418 29.351200 256.000000 241.836044 101.452973 44.527807 64.000000 28.882817 96.066711 55.293458 256.000000 216.472689
108.507429 216.244851 0.000000 10.291628 106.661011 218.322564 256.000000 239.942935 0.729242 123.579647 64.000000 15.635358 3.636278 125.899165 256.000000 237.972381 132.424755 13.621927 64.000000 35.943252 142.069160 16.830816 256.000000 225.335880 26.734111 222.828575 0.000000 16.878786 30.150269 225.449875 256.000000 240.997053
110.636747 149.719025 0.000000 27.919052 98.778967 144.314042 256.000000 224.471073 9.547089 137.484202 0.000000 12.223459 10.597198 137.359013 256.000000 251.456479 14.031216 57.897829 64.000000 10.313140 15.922475 58.768669 256.000000 238.209020 54.215078 92.453676 0.000000 19.154819 74.975095 86.169638 256.000000 219.746906
113.917131 164.009985 64.000000 15.540702 115.621775 161.483602 256.000000 229.690030 86.190631 213.149231 0.000000 10.988636 101.308224 219.073276 256.000000 261.537283 82.122811 103.064245 64.000000 16.633542 89.065105 96.489956 256.000000 223.769763 106.548775 175.091702 0.000000 15.428837 107.809227 176.075142 256.000000 232.632954
94.309195 185.275762 64.000000 15.385812 94.662751 185.015647 256.000000 252.691302 186.581918 115.775871 64.000000 12.206249 187.352098 115.047849 320.000000 244.159405 44.464851 172.984720 0.000000 30.414514 48.782596 175.995935 256.000000 261.507166 15.517616 153.336365 64.000000 17.412298 4.977609 154.664753 256.000000 243.690430
