14.090802 56.578991 0.000000 11.535056 15.037084 57.992176 256.000000 259.429048 66.590053 51.500922 0.000000 15.054517 61.922827 52.807095 256.000000 233.248214 110.039216 123.293453 64.000000 27.518918 108.338700 120.161318 256.000000 225.021796 59.327098 68.003565 64.000000 12.189039 62.064053 63.624916 256.000000 251.129487
60.730109 78.543518 0.000000 11.143527 63.801280 77.804675 256.000000 231.716517 165.222055 14.368304 64.000000 46.144527 153.140287 8.989713 256.000000 214.459109 110.636747 149.719025 0.000000 27.919052 98.778967 144.314042 256.000000 224.471073 140.305331 57.665624 0.000000 17.975929 141.904100 62.363633 256.000000 250.836916
54.832407 188.552382 0.000000 27.592061 58.797882 184.788067 256.000000 228.012047 94.214467 218.486658 64.000000 10.855258 92.502009 219.813825 256.000000 243.049355 83.881080 179.399960 0.000000 35.874412 84.544349 174.426575 256.000000 213.749194 22.380451 133.679298 64.000000 10.274418 21.531140 132.988784 256.000000 235.601693
13.476255 76.350595 64.000000 24.502851 19.089242 77.472098 256.000000 232.030601 28.638122 53.041400 64.000000 27.015523 21.976753 55.859136 256.000000 251.434966 90.883716 17.381604 64.000000 14.671593 90.593196 7.693202 256.000000 238.781255 48.292851 12.385653 0.000000 27.161809 77.825796 82.409104 256.000000 229.375946
78.034207 16.350144 0.000000 17.352063 73.823249 7.188024 256.000000 240.454935 32.430438 5.650187 64.000000 9.431124 25.335587 2.515089 256.000000 249.133118 88.705989 182.485582 64.000000 9.826956 88.678933 181.881818 320.000000 263.619703 27.555158 168.445885 0.000000 12.498821 12.534344 202.058020 256.000000 255.703066
35.509413 25.335669 0.000000 21.301777 18.160662 21.108951 256.000000 239.314767 14.729805 113.737736 64.000000 24.571692 21.342771 110.310700 256.000000 237.481894 153.533331 17.327927 0.000000 18.255592 152.310335 15.746818 256.000000 243.251573 100.332040 95.078782 64.000000 14.671593 139.164876 90.035280 256.000000 218.813260
82.470347 151.365082 64.000000 23.147558 79.163060 152.174376 256.000000 256.942192 20.710113 58.075004 64.000000 24.730885 29.373673 52.053996 256.000000 219.643646 43.020565 34.320745 0.000000 19.645306 43.288682 37.976273 256.000000 229.023140 25.125196 95.443209 0.000000 9.573107 21.740880 93.200420 256.000000 244.615472
120.886653 25.189740 0.000000 24.016667 130.826069 32.251265 256.000000 240.781927 82.556413 223.352818 0.000000 19.838920 80.291540 223.642069 256.000000 230.993694 136.441284 23.169393 0.000000 91.080046 130.696847 27.582215 256.000000 168.232835 110.917571 84.519185 64.000000 38.395688 112.323393 80.582662 256.000000 230.103072
106.352396 19.300249 0.000000 13.802484 105.529300 19.672107 256.000000 249.571975 78.666462 203.862282 0.000000 18.294315 73.664729 207.155945 256.000000 217.664487 10.347745 217.035631 64.000000 11.986821 12.258838 218.012185 256.000000 269.187164 147.221033 52.833153 64.000000 10.747695 153.982162 39.153536 256.000000 229.535139
40.827058 48.406571 64.000000 14.125173 42.325915 43.132398 256.000000 239.904213 69.111173 115.141782 64.000000 23.332566 65.434929 111.732473 256.000000 237.172112 138.967133 136.604111 64.000000 99.358094 145.510653 151.285293 256.000000 169.024498 0.056676 107.772167 64.000000 29.850884 4.112976 95.806347 256.000000 223.158805
165.172747 84.081820 64.000000 44.470847 154.515055 75.733013 256.000000 201.603180 29.258447 27.519633 64.000000 20.609071 31.479393 29.339431 256.000000 249.679538 162.006562 36.291051 0.000000 21.275961 162.120491 39.549605 256.000000 240.579708 0.114007 130.674262 0.000000 20.144399 0.392925 127.542669 256.000000 236.991407
77.421467 108.178056 0.000000 28.607455 88.259784 89.769565 256.000000 237.524919 45.384304 146.176827 0.000000 27.850212 42.212729 144.778989 256.000000 225.262737 196.550525 79.651982 0.000000 14.391929 197.291256 75.224929 256.000000 219.553293 179.955591 65.637891 64.000000 36.442344 176.763462 68.254240 256.000000 205.742204
76.954364 118.284642 64.000000 21.899827 71.157331 122.704824 256.000000 233.063206 23.564007 163.445976 64.000000 12.701039 27.933562 167.245251 256.000000 266.687400 105.658153 47.655338 64.000000 25.987221 98.176578 33.380776 256.000000 237.051642 172.779940 31.047020 0.000000 38.847453 149.731725 12.036831 256.000000 225.262737
114.855331 29.471231 0.000000 36.300361 104.284420 45.244284 256.000000 237.382936 16.037755 41.911029 64.000000 26.852027 19.964680 46.211531 256.000000 219.019781 18.296187 71.388333 64.000000 9.271931 17.698105 72.988236 256.000000 254.115436 58.202858 46.666562 64.000000 11.023056 56.071733 45.895847 256.000000 250.122698
93.174325 147.782327 0.000000 11.066081 102.138087 147.492735 256.000000 247.115236 33.434273 104.462471 64.000000 14.546820 13.259400 112.166098 256.000000 233.394500 9.584278 79.470791 0.000000 18.909575 9.525158 85.441798 256.000000 237.107575 26.067302 148.799291 0.000000 28.603153 30.220965 146.584818 256.000000 232.959945
78.430249 16.906520 64.000000 22.790448 77.421595 19.867620 256.000000 256.933587 74.582333 137.709380 0.000000 19.924970 79.512129 144.779805 256.000000 240.566801 41.208278 19.752285 0.000000 30.479052 17.326915 21.184807 256.000000 217.122369 7.084416 120.624135 0.000000 20.621978 11.450804 120.421480 256.000000 254.188579
80.368753 80.796496 0.000000 9.052502 86.351784 80.322413 256.000000 247.795034 94.357235 14.574693 64.000000 10.932703 92.307151 11.642522 256.000000 260.138964 24.392829 105.426544 64.000000 9.091225 19.277140 109.523236 256.000000 245.097354 138.346880 106.933933 0.000000 9.934519 139.268758 107.970231 256.000000 250.484109
70.304011 111.025769 64.000000 33.013236 42.623371 115.488373 256.000000 240.932515 131.511256 95.366715 64.000000 46.574779 135.294275 94.324384 256.000000 218.004386 54.503698 94.686460 64.000000 18.522349 61.579213 97.908649 256.000000 236.139508 110.403438 120.472965 64.000000 18.070584 109.402216 125.930116 256.000000 220.667646
107.606258 91.857258 64.000000 21.951457 109.809005 86.129151 256.000000 237.860516 69.241518 79.585076 0.000000 17.997441 72.583980 90.443456 256.000000 229.040350 75.741973 65.245789 0.000000 13.191526 80.734222 72.442236 256.000000 242.141523 144.199602 176.502027 0.000000 40.848125 141.510327 175.496847 256.000000 212.871480
157.966233 41.789145 0.000000 12.524636 157.920071 42.034105 256.000000 248.255404 185.639733 90.588958 0.000000 34.596563 166.404760 81.104022 256.000000 230.705425 76.739367 192.612287 0.000000 29.054918 74.088898 196.664945 256.000000 231.359408 69.851945 80.169831 0.000000 17.382181 65.372311 61.783133 256.000000 220.878469
67.029325 42.250669 0.000000 9.327863 65.479020 42.162305 256.000000 256.912074 94.650325 193.325262 64.000000 12.649409 86.701016 214.280115 256.000000 241.121826 45.458933 138.201802 64.000000 60.080389 45.562527 137.298789 256.000000 200.247886 11.897767 45.138449 0.000000 16.414114 6.494055 48.661905 256.000000 237.271070
79.912536 79.472865 0.000000 9.568804 79.731082 81.174744 256.000000 239.852582 105.815225 52.562211 64.000000 21.796566 103.997995 53.940725 256.000000 250.105488 5.021276 203.031544 0.000000 29.321674 16.870344 197.765195 256.000000 244.503607 77.693225 143.632307 0.000000 8.901914 77.130242 142.372467 256.000000 256.335537
36.195558 138.182978 64.000000 52.873668 30.180204 108.928005 256.000000 213.189866 139.671945 185.229656 64.000000 15.936534 144.578418 191.684131 256.000000 231.256147 157.415973 160.637811 0.000000 8.751326 158.073685 162.645442 256.000000 262.139636 52.007027 47.781640 64.000000 18.410483 56.414258 28.284340 256.000000 245.385623
71.717305 132.805616 0.000000 18.191055 71.641555 133.757524 256.000000 256.309721 85.885245 103.005378 64.000000 15.540702 88.346680 99.598531 256.000000 245.704010 58.121231 92.188902 64.000000 54.577466 59.308316 96.001102 256.000000 202.248558 29.966969 21.006307 64.000000 11.109107 29.601756 21.458960 256.000000 241.160549
51.449187 130.878785 64.000000 18.776197 47.017778 129.563264 256.000000 234.280819 111.122611 36.102244 64.000000 19.064466 111.699647 38.990669 256.000000 217.634369 89.934624 78.981365 64.000000 32.333438 66.696462 86.533065 256.000000 229.083375 44.036709 154.400795 64.000000 14.095056 42.259165 154.117025 256.000000 232.860987
114.004929 196.884325 0.000000 16.762618 114.747185 195.806584 256.000000 237.400146 101.721022 62.361316 0.000000 36.369202 91.529267 65.450353 256.000000 229.707240 46.831578 45.719949 64.000000 11.220972 42.747238 40.526605 256.000000 240.506565 18.397005 116.335545 0.000000 40.387755 15.984515 116.203725 256.000000 215.216353
49.071382 121.038020 64.000000 22.807659 50.663762 119.031224 256.000000 238.161692 76.906100 223.473953 0.000000 17.033677 81.351725 223.329244 256.000000 240.162364 68.693144 110.341615 64.000000 11.952401 75.819742 109.619422 256.000000 227.994837 29.239680 149.739835 64.000000 12.821510 33.341464 150.186856 256.000000 257.191738
4.158878 4.415322 0.000000 21.267356 5.439978 7.520665 256.000000 218.215209 154.141022 74.239222 64.000000 82.974098 163.877820 79.589105 256.000000 183.055016 85.967036 190.469607 0.000000 23.397104 115.944211 178.732200 256.000000 229.122098 66.836358 42.210073 0.000000 29.003287 70.883471 56.940798 256.000000 219.781327
65.419469 153.279822 64.000000 21.822381 68.252616 152.761847 256.000000 219.940520 73.750447 135.177778 0.000000 26.124901 112.099833 88.185176 256.000000 217.952756 96.491229 200.211304 0.000000 20.346617 100.589638 197.788845 256.000000 240.300045 27.117231 199.187736 0.000000 23.504667 33.596487 198.629398 256.000000 243.471002
75.578382 88.042127 64.000000 25.191255 72.764747 92.560487 256.000000 249.227774 67.758640 82.435720 64.000000 31.090010 56.862264 72.994607 256.000000 233.437525 120.131300 95.922253 64.000000 22.756028 119.344667 94.481144 256.000000 228.369157 85.201038 94.137667 64.000000 52.159450 88.005147 90.100456 256.000000 200.790003
110.401729 175.759833 64.000000 11.586686 109.389691 177.446720 256.000000 61.315213 63.034380 44.855225 0.000000 40.379150 63.511016 45.605549 256.000000 214.678538 78.804971 81.486353 0.000000 13.944467 76.353407 86.730913 256.000000 236.526734 98.526733 100.014049 0.000000 42.104461 78.807127 90.335205 256.000000 227.534468
43.403442 61.256489 64.000000 42.465872 39.350971 95.857562 256.000000 218.748722 87.247485 28.948798 64.000000 11.973913 110.669560 31.571611 256.000000 227.173056 36.445185 155.893665 64.000000 71.185193 37.965918 144.714700 256.000000 185.391284 46.650915 226.942393 0.000000 15.863391 51.632902 227.552911 256.000000 238.437053
