128.743496 130.694305 0.000000 17.554282 122.366451 137.741678 256.000000 231.845593 93.684138 38.207685 64.000000 15.385812 99.126371 42.825204 256.000000 252.235235 45.748011 14.723320 64.000000 20.277777 47.710165 14.722842 256.000000 228.975812 147.384633 183.011729 64.000000 41.003016 101.998853 117.513596 256.000000 189.155989
76.523345 26.221851 0.000000 26.697137 73.309115 32.687840 256.000000 227.216081 89.705833 20.274925 64.000000 29.153876 87.514033 21.352495 256.000000 228.795106 164.611613 152.137153 0.000000 38.584999 159.378476 149.292578 256.000000 222.741460 63.772705 32.517511 64.000000 9.151460 63.739524 33.545211 256.000000 243.970094
64.662605 11.181360 0.000000 44.939821 55.699544 34.915304 256.000000 196.220727 62.555984 214.410405 64.000000 19.735659 60.756411 214.733724 256.000000 251.232748 5.378222 113.953811 64.000000 23.823053 19.588169 117.065044 256.000000 235.352147 167.235191 135.983467 64.000000 16.689475 165.646640 135.794740 256.000000 235.038063
48.888276 3.035969 0.000000 9.082620 57.285416 1.677244 256.000000 245.665287 126.234200 84.480582 64.000000 20.656399 124.116793 88.775825 256.000000 223.326603 169.166065 43.027625 64.000000 23.745608 166.498491 39.978662 256.000000 220.263209 12.484849 59.108718 64.000000 20.918852 15.814996 57.915140 256.000000 239.284650
48.990553 11.651075 64.000000 16.267828 47.664445 12.576215 256.000000 244.495002 55.847436 84.936347 0.000000 15.239526 52.912525 91.715135 256.000000 232.770635 82.854584 159.863300 0.000000 37.604025 78.893164 153.371364 256.000000 224.570031 8.852495 220.880264 0.000000 27.140296 7.600442 216.164395 256.000000 216.455479
185.639733 90.588958 0.000000 34.596563 166.404760 81.104022 256.000000 230.705425 15.328124 91.622364 0.000000 11.780300 18.447360 91.602898 256.000000 241.311137 188.464609 103.781004 64.000000 16.930416 187.818336 104.734460 256.000000 240.687271 133.393718 165.741291 0.000000 42.930545 129.989842 160.935971 256.000000 232.026299
40.217449 80.783911 64.000000 14.039123 41.231451 96.204969 256.000000 223.812788 120.854078 28.714929 0.000000 10.906888 120.115735 26.942740 256.000000 246.641959 45.848940 97.579100 64.000000 30.930816 52.911318 88.678998 256.000000 250.023740 106.617827 35.059389 64.000000 24.511456 96.387822 12.585675 256.000000 229.040350
13.461918 213.016715 0.000000 15.816064 7.276304 213.228458 256.000000 241.259506 29.956080 122.066191 0.000000 12.868837 32.562662 120.896256 256.000000 247.476648 124.456796 20.712153 64.000000 13.944467 126.527349 10.190551 256.000000 243.402161 73.071093 179.538155 64.000000 31.696665 77.068580 184.090500 256.000000 231.888618
17.220373 120.998302 64.000000 26.210952 15.379213 121.959649 256.000000 211.744219 120.131300 95.922253 64.000000 22.756028 119.344667 94.481144 256.000000 228.369157 81.532856 157.029420 64.000000 36.227218 58.154502 151.748836 256.000000 216.141395 143.075353 68.552007 0.000000 17.330551 150.792107 70.077338 256.000000 228.179846
155.531627 134.972767 0.000000 36.825269 148.151100 134.853240 256.000000 215.569160 101.719409 23.537553 64.000000 15.557912 100.411595 21.564780 256.000000 260.199200 79.631989 10.382756 0.000000 26.499221 75.923649 12.036235 256.000000 238.316583 140.845993 43.208095 0.000000 20.492903 146.430696 58.017540 256.000000 213.770706
131.240740 83.606082 0.000000 21.086651 129.436236 84.686356 256.000000 240.695876 117.135942 110.717293 0.000000 44.935519 103.205544 100.836855 256.000000 217.225630 78.034207 16.350144 0.000000 17.352063 73.823249 7.188024 256.000000 240.454935 27.198942 179.437367 64.000000 47.375048 29.440520 175.246562 256.000000 219.234907
43.874738 162.946385 0.000000 42.891822 37.417649 128.111991 256.000000 247.110934 69.754976 100.307191 0.000000 18.436298 74.462145 97.452338 256.000000 235.597390 41.312635 159.526489 64.000000 9.465544 43.598678 160.349695 256.000000 243.699035 111.581669 146.014815 0.000000 51.045097 106.470185 143.044705 256.000000 226.045796
6.239802 53.172285 64.000000 35.913134 124.684022 49.834662 256.000000 224.970166 113.468633 84.096015 64.000000 12.688131 115.961493 88.334045 256.000000 222.272486 118.323649 0.285393 64.000000 27.333910 117.966153 3.391458 256.000000 222.603780 106.496340 54.105207 0.000000 31.584799 103.714418 54.746687 256.000000 241.375675
118.433591 133.047058 0.000000 10.024872 120.791416 130.985516 256.000000 232.951340 130.329238 148.849509 0.000000 15.261038 130.940582 141.934791 256.000000 232.314567 77.918525 134.758082 0.000000 18.780500 111.121629 132.958445 256.000000 221.278604 23.248864 228.949076 64.000000 27.923355 25.105575 224.136253 256.000000 215.564857
10.372089 99.610429 0.000000 14.619963 10.666113 93.862015 256.000000 213.667446 99.186547 201.844549 0.000000 24.352263 99.869831 199.700635 256.000000 243.234363 101.694889 61.367400 64.000000 29.287254 96.478349 57.961256 256.000000 231.643374 19.986335 87.858624 0.000000 25.285910 34.566704 61.353236 256.000000 228.975812
114.831311 200.624005 0.000000 31.059892 115.769215 192.039764 256.000000 225.383208 142.760336 74.112133 64.000000 34.665404 80.735189 211.378449 256.000000 251.241353 16.678658 44.736020 0.000000 16.513072 15.393980 48.678627 256.000000 223.941863 73.750447 135.177778 0.000000 26.124901 112.099833 88.185176 256.000000 217.952756
58.120975 109.854256 0.000000 12.412770 64.847978 109.772811 256.000000 249.503135 71.908678 133.023389 0.000000 8.932032 70.130027 134.287373 256.000000 243.281691 78.329767 199.098889 64.000000 29.222716 71.789960 196.888847 256.000000 236.827911 78.845967 25.296516 64.000000 11.362955 79.713209 26.011787 256.000000 232.163979
14.045885 184.637504 64.000000 39.183050 12.424127 178.620307 256.000000 222.238066 30.904289 102.899113 0.000000 35.568933 31.413405 92.519473 256.000000 238.729625 20.958000 70.497027 64.000000 23.534784 14.896584 68.157991 256.000000 218.899310 51.189600 88.129040 0.000000 9.654855 55.022227 94.940976 256.000000 255.315839
39.566238 99.110196 64.000000 28.848397 50.694376 89.868204 256.000000 227.934602 97.770882 177.678844 0.000000 24.868566 97.492076 165.598325 256.000000 222.074570 89.529402 214.700113 64.000000 9.512872 87.640271 216.671535 256.000000 249.029858 132.621142 47.638173 64.000000 12.193342 132.793142 48.535264 256.000000 246.607539
72.458542 81.759647 0.000000 12.645106 69.238944 81.793969 256.000000 228.816619 72.044024 126.393365 64.000000 16.797038 70.978047 123.051473 256.000000 238.209020 115.935044 106.047860 0.000000 10.119527 114.212253 112.037613 256.000000 241.513355 37.660340 87.401349 64.000000 13.497005 34.537213 87.956800 256.000000 269.647533
89.450833 99.594858 64.000000 37.367386 75.292851 100.659282 256.000000 224.062334 35.479602 214.118636 64.000000 15.902114 40.362047 214.904998 256.000000 239.671877 32.825522 90.663962 64.000000 11.565174 30.812882 88.473876 256.000000 256.073083 148.740002 103.166345 64.000000 12.150316 150.509429 100.763251 256.000000 240.579708
0.527938 131.834005 64.000000 13.423862 15.571369 178.060720 256.000000 233.170769 133.226416 129.285793 64.000000 19.826012 132.518765 129.250275 256.000000 225.615544 38.483122 82.871542 0.000000 14.017610 43.642791 77.601478 256.000000 230.692517 163.367113 58.669175 64.000000 29.162481 160.824184 58.805540 256.000000 214.958202
168.265993 66.234905 0.000000 15.342786 168.765796 69.914485 256.000000 262.367670 75.862753 79.106033 64.000000 12.025543 92.114047 40.877536 256.000000 243.453792 37.034860 29.058287 64.000000 17.386483 38.017929 31.147805 256.000000 223.339511 78.331831 218.536478 0.000000 22.644163 75.434613 220.440415 256.000000 228.072283
20.947749 107.246544 0.000000 16.857273 8.592305 120.092782 256.000000 250.152815 74.158989 95.495547 0.000000 27.510313 116.420849 77.183544 256.000000 214.373059 130.749885 73.917576 0.000000 12.417073 137.001333 86.876558 256.000000 234.134533 50.707769 80.554858 64.000000 19.550651 45.507407 81.994980 256.000000 227.827039
56.242111 42.000722 64.000000 12.817207 62.357973 41.430800 256.000000 249.386967 58.552840 68.627649 0.000000 14.168198 54.684716 66.679809 256.000000 243.862531 9.250653 11.833258 64.000000 17.089609 10.334025 12.598653 256.000000 248.040278 31.153305 176.368505 0.000000 21.056533 21.794084 181.319244 256.000000 240.657154
68.458456 97.072009 64.000000 12.860232 76.500327 102.528635 256.000000 237.701322 55.396531 135.638424 64.000000 31.464329 47.782776 126.908989 256.000000 234.026970 30.904484 44.759025 64.000000 22.923827 41.732453 52.470291 256.000000 206.193968 28.227093 67.502085 0.000000 26.890750 35.349875 59.047953 256.000000 230.632282
21.024187 192.143004 64.000000 29.123758 15.268413 190.704620 256.000000 236.948381 29.280545 128.312682 0.000000 28.861304 19.087105 106.726178 256.000000 235.025155 33.922991 27.599942 64.000000 25.225675 24.517049 36.471291 256.000000 233.579508 11.251509 98.851951 64.000000 22.747423 12.914169 100.737233 256.000000 248.948110
108.143104 5.791636 64.000000 43.821166 100.061705 37.654520 256.000000 199.679953 84.101858 151.321804 0.000000 12.477308 84.344827 150.229436 256.000000 241.543473 132.299351 112.659469 64.000000 10.394888 132.538487 111.445355 256.000000 223.550334 33.884593 99.436165 0.000000 9.667762 35.840022 97.529395 256.000000 248.874967
49.139158 156.175842 0.000000 25.797910 53.660927 151.327691 256.000000 237.834701 76.011825 165.580747 0.000000 32.273203 78.301642 166.587213 256.000000 231.243240 43.299495 198.557840 0.000000 79.945124 49.760851 197.568384 256.000000 183.549806 36.422422 150.738224 0.000000 9.771023 31.242305 153.318320 256.000000 253.831470
117.976671 81.323738 64.000000 12.270787 115.243102 83.453418 256.000000 236.513827 165.479765 29.813153 0.000000 8.914821 166.030249 26.809551 256.000000 231.716517 64.751418 137.416467 0.000000 12.666619 71.910505 137.682371 256.000000 244.383136 95.135831 195.090295 64.000000 9.818351 100.592029 196.401156 256.000000 237.021524
59.277985 172.028795 0.000000 12.868837 78.513427 183.170325 256.000000 255.823537 101.081582 100.192813 64.000000 29.054918 97.308027 97.135184 256.000000 237.098970 157.981211 93.558135 64.000000 37.147958 142.118635 87.302365 256.000000 206.159548 12.512856 120.806447 0.000000 25.647322 13.590209 118.693925 256.000000 221.790603
126.685978 52.513716 64.000000 13.049543 127.249775 47.647140 256.000000 225.125056 80.368753 80.796496 0.000000 9.052502 86.351784 80.322413 256.000000 247.795034 50.924882 101.907676 64.000000 42.749839 55.708311 110.575976 256.000000 207.415884 107.327693 20.001711 0.000000 10.859560 106.929507 22.111682 256.000000 223.339511
