150.402936 184.500958 64.000000 63.298674 132.952382 163.588293 256.000000 181.050042 84.758864 108.953011 0.000000 11.565174 91.747073 106.610056 256.000000 251.017622 142.048145 19.378118 0.000000 51.118240 138.303405 22.924809 256.000000 197.571718 56.620029 43.182800 0.000000 10.429308 61.308098 45.757582 256.000000 226.239409
188.159351 57.394378 64.000000 27.824397 182.440475 56.088122 256.000000 238.953356 96.612778 173.789153 0.000000 19.202147 96.363655 172.467482 256.000000 254.562898 64.670518 69.867222 0.000000 14.060635 62.682458 69.769160 256.000000 247.123841 68.932429 169.682015 64.000000 20.045441 67.563140 168.974276 256.000000 215.431479
149.650309 1.519524 64.000000 13.436770 149.853516 1.891102 256.000000 241.861859 136.248000 144.723802 0.000000 13.746551 134.835607 145.342985 256.000000 217.152487 114.004929 196.884325 0.000000 16.762618 114.747185 195.806584 256.000000 237.400146 68.408193 128.905455 0.000000 12.309510 78.928942 113.861480 256.000000 245.996581
16.937427 128.392409 0.000000 12.782787 21.097769 130.025502 256.000000 251.034832 88.433700 77.243691 64.000000 14.843694 87.421540 77.315740 256.000000 210.595446 96.968420 41.387229 64.000000 14.938349 96.176529 41.394533 256.000000 236.617087 70.351082 23.945053 64.000000 60.329935 66.278331 28.147976 256.000000 208.254876
32.866305 33.283258 64.000000 18.909575 31.789291 34.250825 256.000000 233.187979 20.999393 119.279558 64.000000 17.102517 17.046145 117.726627 256.000000 227.280619 69.806155 115.182895 64.000000 27.351120 69.585222 121.251102 256.000000 243.152615 84.919511 59.400660 0.000000 10.747695 93.667787 60.232098 256.000000 225.344485
207.341722 47.929733 64.000000 29.579825 227.884289 22.640351 256.000000 225.292855 38.052011 117.575047 64.000000 9.388099 37.053775 120.109520 256.000000 260.995166 69.754976 100.307191 0.000000 18.436298 74.462145 97.452338 256.000000 235.597390 172.779940 31.047020 0.000000 38.847453 149.731725 12.036831 256.000000 225.262737
78.265722 62.911685 0.000000 27.269372 72.669253 66.207731 256.000000 227.211779 79.896958 84.966682 64.000000 18.539559 76.528782 81.907047 256.000000 215.332521 32.262931 135.378324 0.000000 21.602953 36.568178 135.071553 256.000000 231.264753 27.221782 46.299796 0.000000 10.485241 25.805585 46.842780 256.000000 238.325188
69.959264 71.879987 0.000000 29.652968 64.929100 94.237744 256.000000 220.607410 62.564709 172.780478 0.000000 28.986077 59.449529 170.570662 256.000000 237.826096 115.171384 132.500165 0.000000 11.590989 114.915982 131.948744 256.000000 237.154902 97.825793 170.093336 0.000000 10.459426 224.307900 225.397573 256.000000 251.589857
8.012373 17.407404 64.000000 24.481339 20.014867 16.045113 256.000000 216.958874 37.660340 87.401349 64.000000 13.497005 34.537213 87.956800 256.000000 269.647533 102.872460 23.274853 0.000000 17.549979 101.235611 24.527093 256.000000 255.031873 26.688709 206.425647 0.000000 36.446647 21.504569 196.305678 256.000000 224.238737
31.552149 179.644831 0.000000 16.336668 28.310364 176.772607 256.000000 255.763301 24.132382 176.895027 64.000000 33.404765 21.194095 174.309673 256.000000 219.376890 142.953402 96.998153 0.000000 15.807458 155.708320 80.019495 256.000000 243.324716 45.448820 219.410891 64.000000 39.712260 52.658175 217.205107 256.000000 208.573262
4.992951 181.424720 0.000000 19.202147 20.148673 187.752198 256.000000 249.240681 83.095093 53.948709 64.000000 16.685173 84.520042 45.816391 256.000000 217.242840 93.725875 97.012562 0.000000 35.121471 49.353600 102.354915 256.000000 225.873695 187.493262 113.331791 64.000000 13.230249 189.867745 111.154818 256.000000 230.860316
170.600222 104.232847 64.000000 17.524164 172.744616 99.252076 256.000000 243.152615 64.019231 151.090075 0.000000 35.448462 61.520258 145.173715 256.000000 222.268183 1.841678 148.296351 64.000000 19.722752 3.164545 147.599755 256.000000 216.674907 23.447707 29.184693 64.000000 12.554753 23.139860 31.034224 256.000000 260.293855
96.261216 102.240560 0.000000 9.689275 101.467100 117.393053 256.000000 244.374531 80.501973 55.022824 64.000000 19.864735 77.042729 56.004935 256.000000 238.226230 18.388684 126.678331 0.000000 16.693778 21.662318 125.724860 256.000000 231.892920 139.347180 137.527115 64.000000 28.663388 145.918738 119.289540 256.000000 240.269927
101.081582 100.192813 64.000000 29.054918 97.308027 97.135184 256.000000 237.098970 116.549295 113.902927 64.000000 31.322346 96.423324 114.643404 256.000000 231.574534 38.015253 5.082533 64.000000 16.831458 32.586729 4.569671 256.000000 239.762230 71.302495 108.580689 64.000000 23.952129 70.795615 101.881067 256.000000 215.280891
119.290305 87.546973 0.000000 14.288669 118.817613 89.562053 256.000000 257.923166 111.300944 53.693395 64.000000 12.692434 114.141347 59.735355 256.000000 240.304347 8.714680 23.891709 0.000000 70.135379 16.421069 25.945640 256.000000 192.266711 14.869778 19.332051 64.000000 10.941308 17.178911 17.355649 256.000000 257.875839
69.241518 79.585076 0.000000 17.997441 72.583980 90.443456 256.000000 229.040350 148.548847 96.899904 64.000000 16.895996 150.210502 95.991184 256.000000 232.125257 73.662196 49.694669 64.000000 22.910919 75.720978 53.985982 256.000000 233.101929 72.882442 94.234165 64.000000 15.910719 97.727387 91.469945 256.000000 240.876582
88.303782 98.725160 64.000000 78.284351 89.951273 98.323362 256.000000 167.213137 131.229369 99.171653 0.000000 31.692362 124.735569 97.548769 256.000000 225.611241 29.656916 94.649611 64.000000 17.567189 39.809969 88.065207 256.000000 244.606867 62.898238 61.292500 64.000000 34.622378 59.497456 64.661307 256.000000 220.413797
63.032120 138.717289 0.000000 18.935391 54.930244 147.083993 256.000000 244.809085 60.758109 75.571449 64.000000 30.367186 22.447298 70.982722 256.000000 224.062334 15.931602 131.644269 64.000000 11.513544 13.473002 131.712433 256.000000 231.738030 24.438327 108.965918 0.000000 10.962821 18.804429 115.202533 256.000000 249.124513
1.451038 67.424847 0.000000 14.323089 4.434645 68.756905 256.000000 252.480479 60.770935 166.243429 0.000000 15.523492 51.212524 175.573658 256.000000 259.484981 29.262478 204.425760 0.000000 17.631727 32.984402 205.756916 256.000000 253.883100 120.131300 95.922253 64.000000 22.756028 119.344667 94.481144 256.000000 228.369157
100.282307 78.513936 0.000000 10.338956 102.562902 83.556682 256.000000 246.564514 148.576569 79.538273 64.000000 16.001072 145.584018 82.853556 256.000000 230.103072 175.543178 85.086227 0.000000 19.963693 174.736551 86.618920 256.000000 235.455407 49.783260 208.878400 64.000000 30.685573 50.685013 206.853967 256.000000 224.440956
23.808085 126.217093 0.000000 9.839863 26.788376 127.805269 256.000000 230.344013 86.345122 194.990869 64.000000 24.016667 45.345547 218.577109 256.000000 220.676251 82.643898 29.463705 64.000000 9.981846 82.203918 14.767780 256.000000 248.823337 26.662476 56.202618 0.000000 10.377678 30.467562 51.099275 256.000000 247.046396
33.506224 54.487496 0.000000 11.827627 26.313100 52.038780 256.000000 248.634026 142.077316 20.506860 0.000000 13.793879 144.545789 24.138209 256.000000 247.627236 77.259071 36.252785 0.000000 24.756700 79.858482 43.144155 256.000000 236.823608 131.027647 169.788111 64.000000 54.297802 127.859631 168.259569 256.000000 202.661600
13.621989 86.889236 0.000000 14.774854 13.987833 80.907378 256.000000 238.058432 57.363764 78.455084 0.000000 12.546148 59.067907 85.094033 256.000000 233.424618 10.208516 124.995578 64.000000 17.584399 10.256913 131.662200 256.000000 233.708584 103.068551 190.441102 64.000000 22.747423 92.310358 208.247235 256.000000 229.724450
37.452625 69.032404 64.000000 11.905073 44.365120 68.353469 256.000000 248.879269 97.554780 137.052558 0.000000 61.986406 98.580233 137.763589 256.000000 199.124928 98.870684 134.597911 0.000000 12.292300 97.568776 136.159311 256.000000 254.752209 25.288271 88.044671 64.000000 43.300561 32.465227 79.979704 256.000000 206.684456
97.943598 18.903022 64.000000 19.034348 98.183809 21.661776 256.000000 242.184548 12.039702 77.171676 64.000000 10.825140 8.762440 76.430444 256.000000 229.264081 3.670638 119.854302 0.000000 18.165239 12.205184 130.190871 256.000000 239.271742 51.711527 53.298933 64.000000 13.574451 52.733547 57.017896 256.000000 219.256419
96.081151 63.830182 0.000000 21.835289 94.904789 65.244616 256.000000 233.639744 28.774467 37.713642 64.000000 10.571292 27.133800 38.544455 256.000000 241.922095 180.657716 95.593322 0.000000 60.820423 186.636842 97.896493 256.000000 178.124328 84.957700 22.063360 0.000000 50.386812 80.985255 24.727738 256.000000 197.898710
40.556811 37.664125 64.000000 23.827356 45.506375 39.457124 256.000000 234.633626 130.924116 96.402669 0.000000 21.465272 129.605998 96.426053 256.000000 249.150328 73.212084 30.560016 64.000000 34.587958 55.060520 39.840009 256.000000 230.873223 5.524511 18.213415 64.000000 10.011964 7.779247 12.352327 256.000000 268.989248
10.378567 145.445604 64.000000 13.944467 12.352271 146.608091 256.000000 241.956515 55.833224 50.972642 64.000000 9.499964 58.986071 50.294145 256.000000 260.027099 119.561009 13.491424 0.000000 33.249875 89.587496 9.213684 256.000000 223.903141 176.533204 109.459564 0.000000 12.042753 178.785904 115.100145 256.000000 267.763030
10.891485 114.408235 0.000000 8.807258 4.643218 118.886333 256.000000 244.925254 160.181080 40.569622 0.000000 13.355022 161.485309 42.465498 256.000000 225.688687 71.112002 13.385680 64.000000 9.000872 82.755035 17.841580 256.000000 255.733184 122.533220 122.046825 0.000000 11.371560 124.117011 117.390629 256.000000 233.695676
157.415973 160.637811 0.000000 8.751326 158.073685 162.645442 256.000000 262.139636 65.552865 121.856040 0.000000 35.302177 60.589653 114.774555 256.000000 216.786773 79.870527 175.644660 64.000000 33.043354 88.389307 173.444984 256.000000 226.316855 44.162804 58.553685 64.000000 22.067625 60.232049 63.278105 256.000000 231.006601
20.034225 35.666987 0.000000 32.105404 30.527764 29.790598 256.000000 218.395915 124.822409 151.767805 0.000000 42.603553 118.568738 142.587767 256.000000 211.847480 121.494436 120.092693 64.000000 16.504467 120.495371 121.384464 256.000000 264.699635 118.789080 103.718982 0.000000 17.485441 117.735893 102.700645 256.000000 216.584554
14.370065 126.734165 64.000000 26.864935 23.108011 83.295036 256.000000 240.954028 86.209215 166.836916 0.000000 26.417473 83.775091 165.548505 256.000000 218.120554 96.062287 105.025673 64.000000 10.201275 95.346236 105.518513 256.000000 225.675779 20.955538 71.859676 64.000000 15.841879 26.423864 72.204293 256.000000 228.803711
