147.297891 124.143489 64.000000 20.720936 147.060984 122.271573 256.000000 251.370428 20.708456 100.869973 0.000000 12.253577 17.106507 98.555240 256.000000 250.996109 3.050340 42.109927 0.000000 64.572220 9.617251 45.424149 256.000000 182.775352 49.885091 119.559242 64.000000 26.340027 47.290105 115.830956 256.000000 230.034232
31.460062 39.047487 64.000000 32.337740 31.038407 48.263547 256.000000 226.433023 121.867304 35.997375 0.000000 20.957575 122.641545 37.634295 256.000000 251.645790 104.584565 154.030913 64.000000 24.838448 99.435751 157.263889 256.000000 236.006130 138.877693 121.401920 64.000000 40.886848 130.541631 101.905971 256.000000 208.078472
45.371458 191.393325 64.000000 32.548564 45.944835 189.269635 256.000000 237.146297 166.631605 128.515858 64.000000 37.337269 162.924893 128.156316 256.000000 219.239209 118.427195 143.747207 64.000000 43.816864 111.607353 141.160785 256.000000 203.276860 157.199038 90.543456 0.000000 9.396704 159.097991 95.104860 256.000000 244.150800
30.214258 168.062596 64.000000 19.425878 33.672060 165.910695 256.000000 231.596047 8.012373 17.407404 64.000000 24.481339 20.014867 16.045113 256.000000 216.958874 5.205269 66.485267 64.000000 10.042082 3.189556 63.327524 256.000000 243.914161 49.780922 40.245220 64.000000 54.990508 62.544525 52.060309 256.000000 213.495345
154.655360 156.803089 64.000000 28.370817 150.622560 159.133275 256.000000 200.006945 165.753133 84.286129 64.000000 20.755356 164.058055 80.330836 256.000000 241.866162 72.709500 94.936333 0.000000 23.569205 69.644238 83.672320 256.000000 236.939776 68.045887 55.349971 64.000000 12.442888 71.854453 56.422498 256.000000 253.840075
146.404731 78.182707 0.000000 10.222788 148.831656 82.190160 256.000000 228.511140 73.258085 84.299040 64.000000 21.400734 72.378600 77.572285 256.000000 233.596718 93.893076 64.336336 64.000000 29.618548 91.993124 59.600613 256.000000 256.172041 100.316613 197.790725 0.000000 12.059964 99.980967 198.044084 256.000000 254.541386
64.919264 32.561102 0.000000 10.773510 70.359025 32.777520 256.000000 251.714630 37.655033 153.227924 64.000000 13.234552 33.636993 154.167338 256.000000 224.853998 191.845936 82.146535 0.000000 19.972298 193.118609 109.752218 256.000000 236.819306 34.472147 61.112440 64.000000 20.665004 22.999487 67.842980 256.000000 221.304419
46.178275 29.422133 0.000000 11.031661 54.897660 25.254749 256.000000 247.812244 79.792593 21.662415 0.000000 38.060092 76.584016 24.394293 256.000000 211.615144 121.158158 70.727585 0.000000 24.003759 119.187722 80.728087 256.000000 230.584954 89.705833 20.274925 64.000000 29.153876 87.514033 21.352495 256.000000 228.795106
30.347891 39.125967 64.000000 14.551123 23.225496 46.690949 256.000000 227.379577 110.549725 96.654342 0.000000 23.633742 109.261975 96.022325 256.000000 239.280347 77.918525 134.758082 0.000000 18.780500 111.121629 132.958445 256.000000 221.278604 119.648467 40.002355 0.000000 20.157306 117.670491 40.960775 256.000000 242.911674
86.855347 117.892760 64.000000 14.172501 85.076131 118.514053 256.000000 234.332449 44.179345 103.693007 0.000000 12.589174 43.950387 101.742444 256.000000 223.034032 20.955538 71.859676 64.000000 15.841879 26.423864 72.204293 256.000000 228.803711 109.356896 214.496005 64.000000 16.822853 117.116356 210.535393 256.000000 250.187235
78.886762 117.724633 64.000000 12.227762 74.266924 122.461447 256.000000 244.077657 104.500402 85.448445 64.000000 19.765777 103.286240 84.321731 256.000000 246.986161 88.394333 141.505998 0.000000 22.984062 86.661536 143.775362 256.000000 205.707784 68.408193 128.905455 0.000000 12.309510 78.928942 113.861480 256.000000 245.996581
52.212576 60.657311 64.000000 14.323089 58.825680 59.606633 256.000000 239.960145 20.273304 132.337924 64.000000 13.497005 23.141575 151.243013 256.000000 247.480950 69.963349 98.712593 0.000000 8.932032 68.749775 99.264402 256.000000 243.797993 23.966789 52.730016 64.000000 45.348561 25.986380 52.428940 256.000000 209.468186
34.012198 13.216204 64.000000 24.773910 71.474385 5.651200 256.000000 235.636113 177.348696 51.803649 64.000000 33.374648 173.744682 54.154771 256.000000 210.337295 44.816851 94.994595 64.000000 33.030446 40.199949 81.098571 256.000000 218.529293 56.620029 43.182800 0.000000 10.429308 61.308098 45.757582 256.000000 226.239409
62.993362 60.839411 0.000000 9.736603 69.209945 61.415104 256.000000 246.211707 179.207438 18.132211 0.000000 34.669706 163.233793 19.172838 256.000000 228.644518 135.388784 85.391753 0.000000 11.350048 142.696445 94.082167 256.000000 246.280547 163.169618 162.807631 0.000000 24.511456 154.146571 178.700358 256.000000 211.757127
10.054915 71.765058 0.000000 18.152332 2.047698 67.981571 256.000000 249.133118 13.291520 77.492585 0.000000 15.773038 15.412796 75.082600 256.000000 230.929156 88.323542 100.934291 0.000000 9.947426 86.655818 100.619905 256.000000 254.433823 182.368996 133.143409 64.000000 17.593004 181.107029 138.294527 256.000000 243.363439
69.754976 100.307191 0.000000 18.436298 74.462145 97.452338 256.000000 235.597390 98.324007 109.864767 0.000000 9.310653 127.810304 128.243756 256.000000 260.969351 9.280864 66.225465 0.000000 17.029374 6.905862 63.754227 256.000000 237.628180 31.316693 133.275080 64.000000 45.331351 22.293304 130.921407 256.000000 219.673764
54.605349 30.149304 64.000000 16.577610 53.006735 30.230107 256.000000 243.057960 78.714431 81.779155 64.000000 9.379494 77.498058 85.266055 256.000000 249.735471 95.033109 55.801145 0.000000 25.703254 93.563573 54.023420 256.000000 235.786701 121.687253 144.548058 64.000000 45.778813 121.218380 138.053460 256.000000 213.168353
146.026838 26.506289 64.000000 9.043897 146.104756 25.603136 256.000000 251.443571 104.937716 211.947691 64.000000 14.366114 102.734811 212.861200 256.000000 249.176143 28.130504 153.594549 0.000000 19.765777 25.213433 152.043469 256.000000 228.562770 107.981827 157.480871 0.000000 23.237911 107.476584 152.200029 256.000000 234.689558
26.462947 72.630391 0.000000 19.813105 25.329373 66.076705 256.000000 216.623277 16.407253 92.508484 64.000000 10.696065 17.107229 99.356711 256.000000 243.483909 12.074464 143.144422 0.000000 16.013979 7.312744 141.304293 256.000000 224.307578 11.949418 12.573405 0.000000 38.352663 10.449798 17.283447 256.000000 233.592416
121.971251 188.831256 0.000000 27.372632 118.645749 190.643704 256.000000 229.388854 99.229991 206.418760 0.000000 54.616189 84.117907 202.048698 256.000000 180.649907 150.043907 177.554867 0.000000 13.329207 149.310547 178.797511 256.000000 261.412510 160.059382 14.989656 0.000000 9.164368 159.984398 13.662815 256.000000 246.177287
56.149380 29.693233 64.000000 57.167583 53.212555 49.145013 256.000000 196.857500 80.628125 184.905969 0.000000 13.690619 74.208142 199.010944 256.000000 247.016278 185.639733 90.588958 0.000000 34.596563 166.404760 81.104022 256.000000 230.705425 24.338945 104.556422 64.000000 15.007190 27.190507 103.239689 256.000000 258.017822
180.904105 87.902444 64.000000 37.406109 177.070344 86.695196 256.000000 218.593831 71.153607 160.700920 64.000000 11.117712 70.956113 160.993973 256.000000 245.381321 79.896958 84.966682 64.000000 18.539559 76.528782 81.907047 256.000000 215.332521 121.905204 149.244460 64.000000 9.499964 123.538280 148.079947 256.000000 251.469386
48.495924 154.585929 64.000000 37.001672 46.166982 153.873549 256.000000 216.601764 67.758640 82.435720 64.000000 31.090010 56.862264 72.994607 256.000000 233.437525 12.881842 105.930407 64.000000 11.608199 8.669916 114.052153 256.000000 220.951612 68.731215 108.770493 0.000000 13.359325 65.598336 113.315849 256.000000 246.289152
24.212991 100.730153 64.000000 9.401006 28.501140 101.350276 256.000000 256.761486 8.320491 47.894367 64.000000 12.666619 4.747907 49.654144 256.000000 254.696276 85.856175 89.203447 64.000000 25.526851 82.553251 91.437209 256.000000 236.010432 24.025065 138.670669 0.000000 13.815392 8.837680 150.414669 256.000000 241.999540
58.901455 58.625909 0.000000 17.175660 63.461391 62.997573 256.000000 239.598734 19.205027 211.750049 64.000000 44.802141 15.435109 203.913884 256.000000 199.271214 155.531627 134.972767 0.000000 36.825269 148.151100 134.853240 256.000000 215.569160 78.454029 50.187958 64.000000 22.213911 78.492311 56.937940 256.000000 227.973325
147.421227 130.641256 64.000000 23.896196 146.411138 129.105055 256.000000 220.624621 65.642622 131.641896 64.000000 10.205577 67.518142 130.515493 256.000000 234.999340 168.240135 11.302418 0.000000 41.906545 157.115229 6.542258 256.000000 206.370372 2.795878 91.286278 0.000000 12.369745 2.705380 84.749860 256.000000 236.100785
74.642213 148.151905 0.000000 27.979288 71.921322 146.025013 256.000000 237.679810 138.750482 121.662789 64.000000 8.828771 210.475856 116.605287 256.000000 249.232076 16.173502 114.324422 64.000000 34.471790 14.021638 107.167040 256.000000 225.989863 73.750447 135.177778 0.000000 26.124901 112.099833 88.185176 256.000000 217.952756
10.276265 48.949949 0.000000 24.649137 8.105729 56.923951 256.000000 242.989120 38.785744 0.852631 0.000000 23.263726 43.076189 3.907884 256.000000 229.926669 56.218849 151.250540 0.000000 15.153475 56.268862 150.566485 256.000000 233.928012 31.331076 199.680395 64.000000 20.953272 30.419884 197.903995 256.000000 222.513427
146.594469 184.003395 0.000000 25.776397 144.065484 184.331687 256.000000 233.403105 151.941876 50.780047 64.000000 21.882617 150.941267 53.180915 256.000000 243.815203 56.500242 102.336145 64.000000 12.206249 59.234082 99.523696 256.000000 256.890562 100.056744 194.164093 0.000000 53.613702 96.817725 193.252284 256.000000 205.875582
33.234049 110.014884 64.000000 17.872668 33.733976 105.940980 256.000000 235.649020 55.828980 34.006345 0.000000 11.986821 59.985369 35.944773 256.000000 238.927541 63.086496 102.322907 0.000000 91.630768 64.676442 101.286049 256.000000 159.937576 86.631647 30.014638 0.000000 31.851556 83.685418 31.022940 256.000000 237.232348
55.396531 135.638424 64.000000 31.464329 47.782776 126.908989 256.000000 234.026970 158.082002 61.954004 0.000000 35.160193 155.160453 63.927415 256.000000 236.393356 83.858400 77.567622 64.000000 44.707485 77.469244 83.440865 256.000000 203.590944 81.532856 157.029420 64.000000 36.227218 58.154502 151.748836 256.000000 216.141395
124.053538 53.369256 0.000000 48.472190 125.107080 52.732958 256.000000 220.525663 49.417305 79.917485 64.000000 36.653168 61.903573 58.233155 256.000000 212.768219 195.208287 94.690565 64.000000 17.248803 194.819473 95.400975 256.000000 242.477120 10.891887 71.017107 64.000000 14.826484 4.004833 64.198100 256.000000 252.360008
