75.998571 58.705878 64.000000 17.674752 73.947280 56.214180 256.000000 241.749994 53.759091 104.932195 0.000000 21.960062 44.897562 106.000480 256.000000 220.172856 44.914367 155.007224 64.000000 12.055661 45.701784 154.986567 256.000000 241.694061 94.448531 17.315880 64.000000 12.890350 116.428391 12.718378 256.000000 248.539370
104.449642 160.840587 64.000000 11.935190 106.281931 159.681196 320.000000 246.818362 94.251376 167.531333 64.000000 37.294243 83.970120 166.409493 256.000000 216.390941 35.886185 179.490585 64.000000 12.034148 35.315335 178.429455 256.000000 231.505694 19.986335 87.858624 0.000000 25.285910 34.566704 61.353236 256.000000 228.975812
114.910576 61.105809 0.000000 30.608127 111.520813 63.836645 256.000000 216.365126 52.965127 133.767973 64.000000 38.348361 45.092216 125.377133 256.000000 223.236250 151.391944 36.772813 0.000000 16.048400 151.930191 41.185549 256.000000 243.514027 0.476515 82.515269 64.000000 10.816535 2.513855 87.710658 256.000000 263.976812
105.897573 56.397411 64.000000 11.165039 108.012365 53.540315 256.000000 240.945423 78.845967 25.296516 64.000000 11.362955 79.713209 26.011787 256.000000 232.163979 19.538933 112.978591 0.000000 8.927729 16.000482 122.827129 256.000000 246.185892 107.327693 20.001711 0.000000 10.859560 106.929507 22.111682 256.000000 223.339511
80.411007 29.077860 0.000000 22.046112 77.330587 28.273902 256.000000 215.607882 54.142391 72.779409 0.000000 29.024800 47.639385 67.197124 256.000000 219.940520 119.897605 12.175644 0.000000 26.008733 116.501420 14.585964 256.000000 232.620046 100.520978 195.631129 64.000000 16.323761 98.756440 196.658058 256.000000 244.658497
171.840149 95.520485 0.000000 13.492703 175.012815 89.762778 256.000000 239.172784 34.453484 82.291742 0.000000 15.226618 29.613811 84.743878 256.000000 236.311608 102.064362 148.479653 0.000000 10.523964 101.688049 158.656493 256.000000 248.758799 0.527938 131.834005 64.000000 13.423862 15.571369 178.060720 256.000000 233.170769
59.022624 124.950351 64.000000 25.475221 61.736745 119.810800 256.000000 233.798937 180.657716 95.593322 0.000000 60.820423 186.636842 97.896493 256.000000 178.124328 107.826658 49.240525 0.000000 21.086651 103.235115 53.739053 256.000000 234.005458 137.357720 82.995456 64.000000 28.826884 134.777480 82.831547 256.000000 230.627980
16.407253 92.508484 64.000000 10.696065 17.107229 99.356711 256.000000 243.483909 87.242880 76.875638 64.000000 19.632399 89.007936 69.747860 256.000000 215.676723 82.402404 136.001809 64.000000 37.685773 85.010120 159.570407 256.000000 225.903813 11.766098 120.078949 64.000000 19.391458 16.382707 123.211927 256.000000 249.800009
16.590156 27.671845 64.000000 13.243157 9.357991 26.881149 256.000000 249.421387 120.854078 28.714929 0.000000 10.906888 120.115735 26.942740 256.000000 246.641959 104.937716 211.947691 64.000000 14.366114 102.734811 212.861200 256.000000 249.176143 26.767735 100.509040 64.000000 24.158650 34.611675 97.846275 256.000000 237.735743
17.550233 91.741271 64.000000 14.516702 16.074480 97.997413 256.000000 251.835101 46.241369 178.547485 64.000000 15.136265 34.600342 192.275784 256.000000 263.624005 41.971773 31.529531 0.000000 10.523964 51.826876 20.715309 256.000000 225.030401 114.810162 205.461840 64.000000 22.261238 114.999440 204.624811 256.000000 235.528550
50.790584 35.975444 0.000000 71.723008 38.066687 30.414613 256.000000 183.889705 32.627616 38.468147 64.000000 19.873340 35.252684 38.644676 256.000000 240.523776 41.208278 19.752285 0.000000 30.479052 17.326915 21.184807 256.000000 217.122369 77.889853 85.567953 64.000000 16.285038 80.469011 80.094949 256.000000 244.641287
34.824840 95.730522 64.000000 17.098214 29.133589 101.166058 256.000000 234.095811 63.849415 16.428629 64.000000 11.771695 65.285344 17.258493 256.000000 249.451505 68.490182 196.402231 64.000000 18.711659 69.354405 194.976616 256.000000 239.099641 9.558311 51.145711 64.000000 10.403493 8.112055 52.238038 256.000000 257.720948
39.090456 122.459375 0.000000 22.274146 44.244333 116.993493 256.000000 251.516714 58.448844 58.321016 0.000000 12.189039 53.860471 58.270782 256.000000 229.397459 91.606991 187.165151 64.000000 33.856530 77.316733 181.319904 256.000000 233.992550 110.342593 176.102935 64.000000 10.691762 110.248924 176.638753 256.000000 245.148985
161.041867 5.844724 64.000000 15.966652 160.556184 4.353704 256.000000 252.080344 172.155673 106.013233 64.000000 31.731085 166.980262 108.404240 256.000000 209.562842 89.366560 36.870142 0.000000 18.638517 89.898964 40.459925 256.000000 238.131574 97.505313 206.358736 0.000000 44.750511 89.411362 196.387076 256.000000 217.995781
70.432151 84.458938 64.000000 14.370417 71.337058 73.247193 256.000000 246.396715 76.739367 192.612287 0.000000 29.054918 74.088898 196.664945 256.000000 231.359408 75.990789 20.417165 64.000000 18.092097 74.838164 21.240980 256.000000 220.349259 32.466309 42.197318 0.000000 24.253305 40.271478 43.071835 256.000000 237.770163
20.708456 100.869973 0.000000 12.253577 17.106507 98.555240 256.000000 250.996109 156.749382 58.024435 64.000000 31.434211 153.765280 57.189662 256.000000 226.041493 82.006600 64.011020 0.000000 23.160465 70.984858 56.617796 256.000000 233.058903 124.053538 53.369256 0.000000 48.472190 125.107080 52.732958 256.000000 220.525663
124.382680 104.121811 64.000000 34.846109 120.939525 98.889824 256.000000 207.312624 65.966607 108.024138 0.000000 92.740819 66.438907 108.865060 256.000000 162.355592 32.522851 108.533384 64.000000 20.333710 34.882400 105.742916 256.000000 243.471002 7.629267 101.391305 0.000000 21.486785 9.283584 97.280656 256.000000 238.669389
87.798120 159.362447 64.000000 12.214854 88.185938 158.725618 256.000000 256.107503 29.696965 61.576584 0.000000 31.808530 35.435462 58.682685 256.000000 230.954971 128.497947 54.051878 0.000000 18.466416 130.733885 67.674793 256.000000 246.431136 13.797833 106.434813 0.000000 33.370345 8.943909 81.408900 256.000000 211.197799
174.198398 35.695847 0.000000 9.469847 175.382056 32.866160 256.000000 245.019909 52.253673 218.870271 0.000000 36.240126 39.232549 210.818764 256.000000 226.837459 83.247120 133.500016 0.000000 23.668163 80.855547 133.305169 256.000000 217.673092 114.050225 138.351149 64.000000 23.483154 115.022115 135.786033 256.000000 254.993150
105.214025 71.984958 64.000000 36.162681 103.275215 75.369576 256.000000 203.405936 88.705989 182.485582 64.000000 9.826956 88.678933 181.881818 320.000000 263.619703 38.531262 139.901615 0.000000 9.009477 32.591716 147.580916 256.000000 261.507166 52.063596 202.047165 64.000000 25.948498 50.290705 199.790916 256.000000 221.313024
34.012198 13.216204 64.000000 24.773910 71.474385 5.651200 256.000000 235.636113 114.810940 161.103371 0.000000 51.070912 114.397065 164.275742 256.000000 187.452191 104.147424 158.642073 64.000000 17.894181 105.577182 158.112356 256.000000 244.133590 140.516238 76.090400 0.000000 12.193342 142.077456 72.650993 256.000000 257.428377
2.183447 106.188162 64.000000 36.334781 14.056255 102.728391 256.000000 211.653866 104.153620 173.283182 64.000000 11.302720 112.065464 171.966009 256.000000 246.327875 18.666580 114.842220 64.000000 42.857402 26.320069 109.683573 256.000000 207.153430 172.045913 72.252447 64.000000 18.660029 170.577453 76.519153 256.000000 235.963104
28.136462 186.115193 0.000000 18.918180 37.678809 191.971800 256.000000 228.842434 96.336289 155.169251 0.000000 16.065610 97.191987 153.944267 256.000000 248.186564 85.116804 153.250075 0.000000 63.049128 73.346547 178.325209 256.000000 200.992222 10.891416 96.755140 0.000000 9.491359 11.330620 95.539007 256.000000 232.701794
40.963700 114.317300 64.000000 26.477708 35.802769 113.961044 256.000000 233.101929 89.881287 165.504169 0.000000 14.572635 97.509929 164.477176 256.000000 228.123913 18.065640 105.683287 64.000000 20.376735 16.410825 102.677824 256.000000 239.766532 33.506224 54.487496 0.000000 11.827627 26.313100 52.038780 256.000000 248.634026
98.219449 154.243025 64.000000 234.840147 96.511273 150.019949 256.000000 27.097271 104.160093 115.248535 64.000000 35.121471 122.232162 106.482204 256.000000 227.482837 99.180745 15.923224 0.000000 15.846181 92.159591 17.977493 256.000000 242.064078 34.344556 177.771985 64.000000 42.216326 28.940898 177.457331 256.000000 214.588185
46.820093 42.518704 0.000000 9.151460 48.596529 34.339673 256.000000 233.536483 146.621844 103.780524 0.000000 38.240798 149.053042 103.225982 256.000000 207.428792 32.287727 37.178633 64.000000 10.618619 31.692405 30.165527 256.000000 241.823137 72.654287 146.215085 0.000000 22.386012 56.808718 154.967075 256.000000 229.397459
80.501973 55.022824 64.000000 19.864735 77.042729 56.004935 256.000000 238.226230 188.464609 103.781004 64.000000 16.930416 187.818336 104.734460 256.000000 240.687271 144.845696 61.023578 0.000000 45.120527 143.464936 55.287875 256.000000 213.598605 50.140871 30.609815 0.000000 17.360668 53.412189 31.141480 256.000000 240.119339
74.586067 104.770325 64.000000 54.577466 78.019969 104.089387 256.000000 226.656754 72.956655 12.436527 64.000000 23.900499 66.317969 16.953136 256.000000 241.573590 194.709915 55.586649 0.000000 28.839792 195.113953 59.811620 256.000000 231.041021 39.878509 137.871575 64.000000 27.794279 44.134831 135.943985 256.000000 215.693933
106.875553 18.551487 0.000000 22.502180 108.435431 23.815624 256.000000 221.080688 82.519460 9.956218 64.000000 12.184737 80.994987 11.113695 256.000000 236.427777 75.475818 19.049284 0.000000 13.957375 74.825027 22.295689 256.000000 233.786029 60.288956 46.268758 64.000000 27.579153 96.437015 52.291064 256.000000 227.358064
135.399129 23.478411 64.000000 44.797838 119.473100 32.817096 256.000000 221.906772 35.345242 30.536282 64.000000 28.723624 35.489909 35.892005 256.000000 211.369900 72.768691 183.442273 0.000000 22.540902 85.008535 179.415085 256.000000 236.380449 49.466924 6.033058 0.000000 10.007662 45.242300 4.444564 256.000000 240.282834
110.149944 84.583931 0.000000 16.254921 116.037622 75.123989 256.000000 254.571503 156.493513 129.362487 0.000000 11.797510 157.320113 129.277773 256.000000 257.742461 79.792593 21.662415 0.000000 38.060092 76.584016 24.394293 256.000000 211.615144 94.576822 59.458844 0.000000 20.518718 95.000007 66.685713 256.000000 245.316783
70.511225 63.814355 0.000000 24.481339 67.401758 68.055002 256.000000 231.105559 162.430935 5.023344 0.000000 52.378878 160.999302 7.583491 256.000000 201.086877 133.756925 68.398456 64.000000 17.339156 133.293251 69.241476 256.000000 240.799137 100.328793 66.761618 64.000000 16.878786 106.856829 58.299467 256.000000 263.731568
