21.024187 192.143004 64.000000 29.123758 15.268413 190.704620 256.000000 236.948381 94.667820 102.690209 64.000000 33.671522 95.388856 90.139018 256.000000 227.938905 44.816851 94.994595 64.000000 33.030446 40.199949 81.098571 256.000000 218.529293 19.657180 125.890749 64.000000 28.228834 20.797471 121.354067 256.000000 226.927812
139.238309 175.074536 64.000000 33.189639 134.848182 175.626096 256.000000 228.016350 31.153305 176.368505 0.000000 21.056533 21.794084 181.319244 256.000000 240.657154 136.951713 124.568604 0.000000 11.547964 145.408365 117.690829 256.000000 253.439941 40.958264 138.690184 64.000000 23.276633 49.830764 133.852236 256.000000 214.519345
35.588591 58.633684 0.000000 19.357037 39.532822 60.909033 256.000000 239.805255 43.838033 58.717905 64.000000 18.010349 44.789135 46.405373 256.000000 226.923510 14.090802 56.578991 0.000000 11.535056 15.037084 57.992176 256.000000 259.429048 16.590156 27.671845 64.000000 13.243157 9.357991 26.881149 256.000000 249.421387
79.903707 99.402847 64.000000 10.119527 77.978391 101.918524 256.000000 252.136277 30.214258 168.062596 64.000000 19.425878 33.672060 165.910695 256.000000 231.596047 142.048145 19.378118 0.000000 51.118240 138.303405 22.924809 256.000000 197.571718 5.071325 68.272918 64.000000 19.714147 8.970362 70.132353 256.000000 234.345357
9.152967 130.897638 64.000000 21.861104 14.392218 131.789358 256.000000 227.736686 33.682318 171.988120 64.000000 72.880386 35.508538 169.716615 256.000000 178.941807 156.493513 129.362487 0.000000 11.797510 157.320113 129.277773 256.000000 257.742461 36.056585 76.513500 64.000000 17.842550 32.312773 74.734995 256.000000 254.885587
46.178275 29.422133 0.000000 11.031661 54.897660 25.254749 256.000000 247.812244 24.642498 12.323085 0.000000 22.635558 31.728138 13.537602 256.000000 240.678666 93.438420 50.090544 64.000000 14.817879 93.646816 43.526962 256.000000 245.699707 109.178293 208.820035 0.000000 26.447590 116.202855 206.349249 256.000000 217.234235
45.174371 94.850118 0.000000 41.213839 58.268271 91.865520 256.000000 205.793834 94.723938 119.518218 0.000000 43.653368 82.232989 132.856856 256.000000 208.478607 29.258447 27.519633 64.000000 20.609071 31.479393 29.339431 256.000000 249.679538 141.710329 23.462576 64.000000 29.652968 141.023771 31.559071 256.000000 228.937089
41.282485 96.886015 64.000000 10.855258 42.372475 95.191016 256.000000 241.379977 97.499765 36.890596 0.000000 19.438785 92.297222 32.846067 256.000000 234.069996 141.221475 44.428722 0.000000 31.980631 125.657727 44.355827 256.000000 208.568960 97.134275 46.614773 0.000000 32.957303 87.556209 55.701964 256.000000 208.409766
59.277985 172.028795 0.000000 12.868837 78.513427 183.170325 256.000000 255.823537 44.134824 213.181225 0.000000 14.185408 37.592673 217.151091 256.000000 256.477520 13.291520 77.492585 0.000000 15.773038 15.412796 75.082600 256.000000 230.929156 18.103691 4.592351 64.000000 213.981530 16.426576 2.806809 256.000000 47.680527
9.884460 14.019413 0.000000 18.642819 15.113724 13.098302 256.000000 222.814603 25.675795 61.913976 64.000000 9.456939 29.558096 61.259249 256.000000 244.968279 2.317280 151.081180 64.000000 22.248331 1.006342 149.302020 256.000000 210.388925 42.596765 186.016191 0.000000 19.967995 38.965478 184.887505 256.000000 237.851911
73.343100 11.098700 64.000000 9.990451 72.430671 11.060415 256.000000 234.332449 137.395960 34.404835 0.000000 21.138281 136.424262 38.703382 256.000000 233.153559 100.509338 178.095718 0.000000 33.288597 100.295702 168.861435 256.000000 226.910602 49.544925 30.558664 0.000000 12.331022 49.022853 31.148525 256.000000 240.364582
77.334853 72.742089 64.000000 14.723223 80.683835 61.928562 256.000000 238.630667 134.209729 79.948745 64.000000 10.704670 133.984449 78.910356 256.000000 237.404449 137.978304 82.724676 0.000000 16.211895 147.448305 105.106871 256.000000 233.484853 162.615222 60.749904 64.000000 11.530754 175.362060 74.243671 256.000000 233.351475
34.799767 138.618947 0.000000 22.639860 52.441535 132.254211 256.000000 232.994366 26.825164 115.401944 0.000000 10.992939 23.260849 115.711682 256.000000 243.978699 57.986169 70.435680 0.000000 20.583256 68.104260 59.362458 256.000000 239.013591 145.046724 65.422791 0.000000 17.287525 144.160035 67.327484 256.000000 227.177359
10.276265 48.949949 0.000000 24.649137 8.105729 56.923951 256.000000 242.989120 121.210825 78.310902 64.000000 38.434411 89.520587 103.407829 256.000000 205.832557 101.081582 100.192813 64.000000 29.054918 97.308027 97.135184 256.000000 237.098970 78.714431 81.779155 64.000000 9.379494 77.498058 85.266055 256.000000 249.735471
169.816267 20.145122 64.000000 23.250818 169.491811 22.667358 256.000000 207.932187 166.879475 35.832795 0.000000 16.349576 165.410560 34.923787 256.000000 251.942664 21.185689 133.830636 64.000000 30.827556 29.023255 125.734742 256.000000 217.883915 84.997438 7.137920 0.000000 37.363084 88.223882 13.056756 256.000000 220.159948
82.847173 178.615924 64.000000 19.787289 79.850164 178.240405 256.000000 217.488083 58.190895 106.960424 0.000000 13.372232 65.077900 105.858507 256.000000 263.615400 124.178229 198.738962 0.000000 24.438314 126.459202 193.708084 256.000000 248.900782 45.371458 191.393325 64.000000 32.548564 45.944835 189.269635 256.000000 237.146297
60.770935 166.243429 0.000000 15.523492 51.212524 175.573658 256.000000 259.484981 8.500004 194.436164 0.000000 8.940637 3.697340 198.214171 256.000000 247.635841 138.782155 183.946978 0.000000 31.279320 138.003609 179.953180 256.000000 230.679610 10.934598 140.493740 0.000000 19.804500 10.474267 136.759464 256.000000 240.317255
56.547967 91.962195 0.000000 15.592332 68.678662 90.769460 256.000000 224.428048 35.017213 23.356598 0.000000 11.074686 38.275025 17.827604 256.000000 244.538027 13.995740 66.305984 64.000000 40.013436 51.781107 24.213858 256.000000 230.382736 43.428876 76.231756 64.000000 13.634686 42.648049 72.821784 256.000000 252.033017
14.482218 67.183765 64.000000 47.650409 15.189240 61.694305 256.000000 224.036519 20.740631 54.454364 64.000000 14.895324 23.587220 53.190880 256.000000 253.620646 48.990553 11.651075 64.000000 16.267828 47.664445 12.576215 256.000000 244.495002 35.951702 153.881042 0.000000 24.773910 26.162945 148.092684 256.000000 204.894607
96.261216 102.240560 0.000000 9.689275 101.467100 117.393053 256.000000 244.374531 53.470845 194.254196 0.000000 52.460626 54.168636 194.971727 256.000000 214.953899 146.444667 37.685045 64.000000 38.851756 106.277769 39.989149 256.000000 195.583954 128.952976 147.381224 64.000000 20.114281 131.898395 143.924013 256.000000 234.921895
61.189087 59.670809 0.000000 20.944667 89.657305 53.948840 256.000000 240.278532 108.862473 157.229380 0.000000 12.954888 106.402300 159.318560 256.000000 244.348716 92.125876 171.729896 64.000000 26.301305 86.615889 169.568402 256.000000 211.782942 132.299351 112.659469 64.000000 10.394888 132.538487 111.445355 256.000000 223.550334
124.053538 53.369256 0.000000 48.472190 125.107080 52.732958 256.000000 220.525663 161.686467 80.874689 0.000000 30.698480 169.642727 76.135938 256.000000 223.180317 50.033649 161.175104 0.000000 14.163896 46.902880 161.201298 256.000000 260.306763 44.036709 154.400795 64.000000 14.095056 42.259165 154.117025 256.000000 232.860987
104.599913 202.186678 0.000000 9.517174 102.669380 204.977955 256.000000 241.861859 157.415973 160.637811 0.000000 8.751326 158.073685 162.645442 256.000000 262.139636 44.517056 49.237293 64.000000 14.641476 40.114182 49.017720 256.000000 227.198871 47.657336 37.843978 0.000000 11.612501 45.787087 38.885891 256.000000 247.149656
65.558524 67.818427 0.000000 53.041467 76.095796 57.282760 256.000000 205.617431 132.025476 43.446855 0.000000 23.014179 130.472587 43.472065 256.000000 247.175471 72.768691 183.442273 0.000000 22.540902 85.008535 179.415085 256.000000 236.380449 185.563185 99.238276 64.000000 46.346745 180.505309 101.188209 256.000000 202.657297
58.373785 77.497036 0.000000 20.828499 53.697153 80.490620 256.000000 244.538027 178.365764 18.641527 64.000000 12.012636 185.600584 21.865107 256.000000 232.628651 117.012438 150.770460 64.000000 13.578753 118.677687 152.242700 256.000000 226.906300 13.553318 51.330640 64.000000 12.034148 10.946902 50.512678 256.000000 240.631339
41.312635 159.526489 64.000000 9.465544 43.598678 160.349695 256.000000 243.699035 137.809202 3.423889 0.000000 19.331222 139.935402 7.296002 256.000000 215.311008 93.061676 42.108484 64.000000 15.803156 123.553629 31.814822 256.000000 228.506837 122.348936 110.995287 0.000000 11.143527 119.890209 113.292418 256.000000 244.447674
86.182885 73.409018 0.000000 27.174716 82.317402 46.179342 256.000000 235.007945 75.518304 171.905247 0.000000 21.590045 74.835389 170.914315 256.000000 235.184348 7.657787 146.166144 0.000000 26.520733 5.554765 142.049376 256.000000 237.232348 65.966607 108.024138 0.000000 92.740819 66.438907 108.865060 256.000000 162.355592
125.519156 40.587600 64.000000 67.252690 126.723318 55.885340 256.000000 193.897366 118.593547 84.944075 64.000000 9.035292 117.103122 84.730100 256.000000 258.323301 71.302495 108.580689 64.000000 23.952129 70.795615 101.881067 256.000000 215.280891 68.731215 108.770493 0.000000 13.359325 65.598336 113.315849 256.000000 246.289152
172.045913 72.252447 64.000000 18.660029 170.577453 76.519153 256.000000 235.963104 24.752631 164.304925 0.000000 35.672193 26.991518 159.301218 256.000000 225.675779 161.041867 5.844724 64.000000 15.966652 160.556184 4.353704 256.000000 252.080344 89.560045 183.848382 64.000000 10.747695 88.494069 183.940885 256.000000 226.355577
71.717305 132.805616 0.000000 18.191055 71.641555 133.757524 256.000000 256.309721 106.875553 18.551487 0.000000 22.502180 108.435431 23.815624 256.000000 221.080688 104.785604 18.724473 64.000000 21.663188 118.663820 26.782029 256.000000 239.740717 5.546067 68.419742 0.000000 17.476836 5.041155 76.078853 256.000000 229.720148
81.242320 48.158545 64.000000 17.132635 79.009900 47.323480 256.000000 239.878398 58.072520 28.000818 64.000000 29.601338 62.689567 31.190162 256.000000 254.102529 63.032120 138.717289 0.000000 18.935391 54.930244 147.083993 256.000000 244.809085 117.771189 84.190098 0.000000 17.214383 122.831749 87.467305 256.000000 235.932987
19.475255 101.299287 64.000000 18.061979 23.248405 103.874829 256.000000 233.192281 38.498740 70.830453 64.000000 17.012164 33.762356 69.470255 256.000000 236.991407 86.790564 11.581613 64.000000 17.554282 79.572135 6.318925 256.000000 219.333865 168.240135 11.302418 0.000000 41.906545 157.115229 6.542258 256.000000 206.370372
