34.896258 182.892593 64.000000 25.311725 36.549535 181.657213 256.000000 224.307578 54.609775 137.292407 64.000000 8.936334 49.852000 143.404751 256.000000 246.512883 53.661955 28.600135 0.000000 15.110450 62.388900 31.115484 256.000000 254.851167 54.009875 119.562365 64.000000 18.135122 37.436749 213.492235 256.000000 242.743876
156.828725 23.579238 64.000000 55.003416 155.217329 24.364844 256.000000 193.630610 104.785604 18.724473 64.000000 21.663188 118.663820 26.782029 256.000000 239.740717 62.098900 194.153253 0.000000 13.182921 61.542473 196.333678 256.000000 241.960817 55.739924 45.150205 0.000000 9.401006 54.220564 44.331655 256.000000 249.356849
154.655360 156.803089 64.000000 28.370817 150.622560 159.133275 256.000000 200.006945 109.291585 121.746875 64.000000 21.753541 105.462065 125.780195 256.000000 23.422919 25.599495 85.417035 64.000000 11.522149 24.066764 82.741711 256.000000 257.402562 34.438675 212.674455 64.000000 10.029174 35.939467 213.739004 256.000000 239.331978
23.642853 40.564773 64.000000 11.483426 20.955455 24.413289 256.000000 227.039678 4.982144 93.900595 0.000000 8.755628 1.953247 97.335833 256.000000 253.315168 48.039015 153.966207 0.000000 8.622250 47.479100 153.263924 256.000000 252.428848 102.872460 23.274853 0.000000 17.549979 101.235611 24.527093 256.000000 255.031873
86.182885 73.409018 0.000000 27.174716 82.317402 46.179342 256.000000 235.007945 72.882442 94.234165 64.000000 15.910719 97.727387 91.469945 256.000000 240.876582 2.701676 129.711416 0.000000 33.671522 9.942500 118.365160 256.000000 229.354434 33.015522 41.874109 64.000000 21.035020 32.117800 44.377793 256.000000 245.652379
30.803400 141.084089 64.000000 24.313541 40.990182 140.551540 256.000000 235.360752 18.536084 145.631444 0.000000 24.386683 21.125956 148.255602 256.000000 238.217625 44.914367 155.007224 64.000000 12.055661 45.701784 154.986567 256.000000 241.694061 84.957700 22.063360 0.000000 50.386812 80.985255 24.727738 256.000000 197.898710
103.818156 211.669955 0.000000 14.774854 107.793322 210.984502 256.000000 234.995037 127.679980 168.588975 0.000000 32.419488 127.414318 166.252578 256.000000 240.394700 17.617282 4.553747 64.000000 12.967795 16.764169 4.981395 256.000000 250.600277 8.380000 40.071644 64.000000 10.123830 3.380902 40.818485 256.000000 248.715774
57.931995 87.793324 64.000000 11.208065 59.263595 91.552607 256.000000 248.930900 88.481100 11.678998 64.000000 10.653040 90.163145 12.399587 256.000000 234.095811 22.380451 133.679298 64.000000 10.274418 21.531140 132.988784 256.000000 235.601693 57.907642 151.998678 0.000000 18.543861 60.751596 153.092665 256.000000 246.607539
2.544538 105.740947 0.000000 38.993739 23.165204 100.272358 256.000000 223.292183 130.133320 150.897453 0.000000 42.582040 128.896280 147.662304 256.000000 218.107646 61.478242 61.721951 64.000000 15.166383 58.795891 61.684858 256.000000 245.407136 85.116804 153.250075 0.000000 63.049128 73.346547 178.325209 256.000000 200.992222
64.068427 31.294415 0.000000 27.893237 63.823462 34.800502 256.000000 213.908387 60.706916 138.540953 64.000000 11.922283 60.495215 137.696773 256.000000 238.221927 44.405127 58.302631 64.000000 12.068569 46.370195 61.319327 256.000000 248.939505 79.498115 93.164222 64.000000 20.277777 80.716235 87.634195 256.000000 246.869993
97.214907 118.392118 0.000000 28.108363 98.051027 114.005069 256.000000 212.247614 78.329767 199.098889 64.000000 29.222716 71.789960 196.888847 256.000000 236.827911 151.437395 175.897024 0.000000 24.107020 151.524140 171.948742 256.000000 207.032960 54.605349 30.149304 64.000000 16.577610 53.006735 30.230107 256.000000 243.057960
135.564816 60.733785 64.000000 50.485770 126.600527 61.435467 256.000000 220.349259 39.181495 122.603773 64.000000 15.403022 43.709013 123.401373 256.000000 252.742932 14.933191 12.650040 0.000000 12.752669 7.379285 13.048869 256.000000 241.199271 5.546067 68.419742 0.000000 17.476836 5.041155 76.078853 256.000000 229.720148
31.550964 69.746355 0.000000 12.120199 31.537958 75.051489 256.000000 228.050770 40.658213 76.527298 64.000000 8.893309 39.447316 75.319222 256.000000 257.677923 91.212784 12.167238 0.000000 8.906216 97.531929 10.358689 256.000000 252.626764 136.530042 62.118431 64.000000 15.458954 140.978960 54.573778 256.000000 253.491571
176.284393 112.187231 0.000000 9.383796 177.389271 111.464811 256.000000 240.949725 89.321740 155.343540 0.000000 17.240198 90.192105 153.414264 256.000000 249.507437 173.383827 54.054785 0.000000 19.064466 173.347960 55.717825 256.000000 230.369828 14.363144 53.227544 0.000000 46.178947 9.928905 52.256224 256.000000 202.726137
41.971773 31.529531 0.000000 10.523964 51.826876 20.715309 256.000000 225.030401 33.310655 104.446411 0.000000 25.113809 48.469173 96.168082 256.000000 227.745291 20.708456 100.869973 0.000000 12.253577 17.106507 98.555240 256.000000 250.996109 3.589807 96.712311 0.000000 33.662916 34.720880 107.478675 256.000000 234.771306
1.583180 74.269195 64.000000 21.275961 20.620696 82.690951 256.000000 226.248014 75.568415 138.576705 64.000000 26.770279 79.276976 134.921578 256.000000 243.466699 34.373513 59.738171 64.000000 9.887191 36.184169 58.059960 256.000000 255.182461 111.122611 36.102244 64.000000 19.064466 111.699647 38.990669 256.000000 217.634369
26.067302 148.799291 0.000000 28.603153 30.220965 146.584818 256.000000 232.959945 73.651193 77.663751 64.000000 11.965308 72.752651 74.122364 256.000000 251.052042 159.475629 62.099385 0.000000 12.391258 189.379187 45.749211 256.000000 231.548719 9.941307 54.943353 0.000000 11.427493 13.486249 50.052147 256.000000 219.656554
25.086847 44.216236 0.000000 22.127860 22.591904 45.058098 256.000000 241.775809 10.891485 114.408235 0.000000 8.807258 4.643218 118.886333 256.000000 244.925254 26.070609 150.403436 0.000000 17.644635 22.786273 150.544596 256.000000 234.125928 133.226416 129.285793 64.000000 19.826012 132.518765 129.250275 256.000000 225.615544
135.399129 23.478411 64.000000 44.797838 119.473100 32.817096 256.000000 221.906772 55.942131 43.230262 64.000000 29.244228 61.755340 54.428833 256.000000 18.117912 93.438420 50.090544 64.000000 14.817879 93.646816 43.526962 256.000000 245.699707 98.556075 118.918944 0.000000 32.656127 91.653058 116.681853 256.000000 208.784086
112.060669 36.213835 0.000000 30.646850 101.057571 42.127413 256.000000 219.622133 130.749885 73.917576 0.000000 12.417073 137.001333 86.876558 256.000000 234.134533 57.211716 129.462455 64.000000 30.702783 51.195489 129.361476 256.000000 231.277660 125.042436 23.217098 64.000000 15.897811 133.630949 29.161769 256.000000 239.297557
75.518304 171.905247 0.000000 21.590045 74.835389 170.914315 256.000000 235.184348 21.416464 102.447558 64.000000 18.410483 13.344551 104.592464 256.000000 236.019037 100.920725 116.924640 64.000000 12.279392 110.426282 128.914495 256.000000 251.052042 89.461985 209.755156 0.000000 28.499892 86.891244 203.354164 256.000000 247.911202
142.983975 56.088962 0.000000 38.821638 141.218182 56.652962 256.000000 231.023811 130.924116 96.402669 0.000000 21.465272 129.605998 96.426053 256.000000 249.150328 154.141022 74.239222 64.000000 82.974098 163.877820 79.589105 256.000000 183.055016 44.533098 208.825487 0.000000 8.794351 47.987598 211.600984 256.000000 263.103401
40.341053 154.911600 64.000000 8.768536 33.807640 164.238951 256.000000 243.118195 60.061962 136.356849 64.000000 14.370417 49.133547 148.239076 256.000000 238.449961 15.443827 173.900460 0.000000 11.965308 12.701275 174.388029 256.000000 235.627508 141.484129 59.406167 0.000000 8.669578 149.081049 63.577829 256.000000 252.239538
42.719627 182.608671 0.000000 44.845166 46.420798 184.730540 256.000000 202.493801 118.427195 143.747207 64.000000 43.816864 111.607353 141.160785 256.000000 203.276860 43.219804 154.735115 64.000000 10.059292 44.747007 154.264742 256.000000 246.874295 51.628005 115.314165 64.000000 23.973641 56.216255 113.246545 256.000000 257.333721
35.204924 5.215715 64.000000 24.515759 36.051058 6.800535 256.000000 239.439541 16.316124 59.340291 64.000000 12.477308 19.086815 56.692578 256.000000 226.893392 74.284711 169.308493 0.000000 23.431524 71.546975 167.965365 256.000000 234.668046 75.008098 139.277693 0.000000 35.822782 61.855535 131.404798 256.000000 229.156518
24.836069 121.766304 64.000000 31.696665 22.029535 114.847582 256.000000 211.886202 104.547949 218.759707 64.000000 18.500836 109.318347 217.412349 256.000000 238.781255 109.555258 68.136449 64.000000 15.334181 107.701353 64.161651 256.000000 236.647205 50.080778 83.394193 64.000000 11.715762 52.459424 81.479516 256.000000 255.242696
78.789209 38.798069 64.000000 40.899755 69.968349 42.150224 256.000000 224.286065 48.733893 202.187538 64.000000 43.339284 51.565813 171.715415 256.000000 228.597190 13.553318 51.330640 64.000000 12.034148 10.946902 50.512678 256.000000 240.631339 38.531262 139.901615 0.000000 9.009477 32.591716 147.580916 256.000000 261.507166
87.966331 128.340711 64.000000 18.900970 76.491693 135.948353 256.000000 230.791475 139.238309 175.074536 64.000000 33.189639 134.848182 175.626096 256.000000 228.016350 141.710329 23.462576 64.000000 29.652968 141.023771 31.559071 256.000000 228.937089 3.781776 49.709664 0.000000 10.334653 1.319605 52.413598 256.000000 245.368413
27.835733 119.233418 0.000000 14.697408 18.385471 123.348791 256.000000 229.952484 28.185555 105.637638 0.000000 30.775926 35.167456 96.739195 256.000000 222.784486 71.408536 20.798018 0.000000 23.659557 65.144698 20.323435 256.000000 215.990807 21.047604 93.199838 0.000000 16.530282 20.598718 86.734373 256.000000 250.367941
11.372622 198.468335 0.000000 15.622450 8.677087 197.582853 256.000000 236.453592 82.519460 9.956218 64.000000 12.184737 80.994987 11.113695 256.000000 236.427777 141.061316 74.974935 64.000000 14.013308 169.625020 88.290347 256.000000 228.364854 20.740631 54.454364 64.000000 14.895324 23.587220 53.190880 256.000000 253.620646
15.139136 9.200715 64.000000 9.099830 16.455402 9.461293 256.000000 236.608482 5.356402 55.670316 64.000000 41.661301 12.051458 56.211045 256.000000 225.279947 38.120913 44.102691 64.000000 23.431524 29.927740 42.458340 256.000000 223.623477 9.264344 178.469880 0.000000 18.754685 5.300609 175.881178 256.000000 228.050770
185.639733 90.588958 0.000000 34.596563 166.404760 81.104022 256.000000 230.705425 18.065640 105.683287 64.000000 20.376735 16.410825 102.677824 256.000000 239.766532 75.578382 88.042127 64.000000 25.191255 72.764747 92.560487 256.000000 249.227774 60.736013 29.296227 0.000000 9.482754 64.182224 23.320040 256.000000 258.250158
