109.952689 33.821436 0.000000 10.674552 108.853456 31.638195 256.000000 238.574734 66.263842 52.552549 64.000000 27.394145 25.908942 33.592498 256.000000 224.217225 66.403798 222.730384 0.000000 38.167655 54.441831 219.630693 256.000000 222.070267 156.488882 52.032149 64.000000 8.884704 157.298800 52.601982 256.000000 245.226430
68.731215 108.770493 0.000000 13.359325 65.598336 113.315849 256.000000 246.289152 76.775320 121.437031 0.000000 39.329335 66.930407 116.192222 256.000000 227.865762 81.419949 72.489691 64.000000 20.084163 87.647044 48.056416 256.000000 235.020852 150.379762 136.279678 64.000000 35.125773 145.195724 136.252169 256.000000 224.122569
96.491229 200.211304 0.000000 20.346617 100.589638 197.788845 256.000000 240.300045 13.324131 58.957018 64.000000 32.888463 3.053933 54.555411 256.000000 225.206804 58.780771 46.411242 0.000000 10.459426 62.190153 41.068938 256.000000 243.742061 79.387222 110.213298 64.000000 10.072199 89.735778 115.339491 256.000000 243.759271
52.999216 60.084933 64.000000 14.568333 56.043005 49.738511 256.000000 272.728138 69.470871 80.403971 0.000000 30.087522 52.945062 85.563296 256.000000 222.883444 112.257698 202.126671 0.000000 70.931345 112.812018 201.719435 256.000000 195.127887 107.981827 157.480871 0.000000 23.237911 107.476584 152.200029 256.000000 234.689558
80.322173 28.327384 64.000000 67.635614 80.861215 30.046551 256.000000 189.543216 4.693642 124.230309 0.000000 15.527795 7.162362 124.965491 256.000000 254.235907 5.744835 54.428362 64.000000 14.585543 5.269593 56.770425 256.000000 229.866434 91.709065 69.476822 64.000000 10.863863 90.823562 68.257062 256.000000 248.672748
36.195558 138.182978 64.000000 52.873668 30.180204 108.928005 256.000000 213.189866 80.983925 61.557275 64.000000 23.293843 75.659500 56.919067 256.000000 236.952684 18.536084 145.631444 0.000000 24.386683 21.125956 148.255602 256.000000 238.217625 180.657716 95.593322 0.000000 60.820423 186.636842 97.896493 256.000000 178.124328
8.714680 23.891709 0.000000 70.135379 16.421069 25.945640 256.000000 192.266711 72.590818 166.390344 0.000000 12.881745 71.052045 166.887513 256.000000 245.428648 48.039015 153.966207 0.000000 8.622250 47.479100 153.263924 256.000000 252.428848 150.091502 110.363545 64.000000 22.252633 150.409635 105.560676 256.000000 236.556852
125.762238 30.841602 64.000000 9.753813 130.985618 35.231709 256.000000 245.639472 50.790584 35.975444 0.000000 71.723008 38.066687 30.414613 256.000000 183.889705 55.035293 48.505095 0.000000 21.732029 54.992909 57.312585 256.000000 243.681825 44.134824 213.181225 0.000000 14.185408 37.592673 217.151091 256.000000 256.477520
124.822409 151.767805 0.000000 42.603553 118.568738 142.587767 256.000000 211.847480 38.234715 101.464567 0.000000 11.771695 33.615055 104.709889 256.000000 249.597790 73.343100 11.098700 64.000000 9.990451 72.430671 11.060415 256.000000 234.332449 91.039027 30.508669 64.000000 29.584128 91.129353 31.471673 256.000000 219.505965
85.856175 89.203447 64.000000 25.526851 82.553251 91.437209 256.000000 236.010432 17.934540 60.642004 0.000000 17.128332 19.568229 55.065742 256.000000 254.300445 51.449187 130.878785 64.000000 18.776197 47.017778 129.563264 256.000000 234.280819 87.583602 49.363693 64.000000 15.622450 89.041685 53.979516 256.000000 236.952684
52.965127 133.767973 64.000000 38.348361 45.092216 125.377133 256.000000 223.236250 9.941307 54.943353 0.000000 11.427493 13.486249 50.052147 256.000000 219.656554 188.622940 109.204620 0.000000 37.668563 179.767475 107.473880 256.000000 207.992422 141.041827 75.185195 64.000000 15.097543 140.389524 76.721962 256.000000 253.741117
9.484584 97.905080 64.000000 29.300161 13.292531 95.409595 256.000000 246.246127 139.658076 88.439284 64.000000 58.677768 137.926760 90.201202 256.000000 201.366541 81.544158 118.756469 0.000000 12.429980 94.701584 138.016618 256.000000 235.042365 21.416464 102.447558 64.000000 18.410483 13.344551 104.592464 256.000000 236.019037
172.135624 27.147853 0.000000 11.212367 172.859731 21.144073 256.000000 235.575878 39.174573 23.124373 64.000000 26.503523 37.330111 25.536676 256.000000 230.726938 68.045887 55.349971 64.000000 12.442888 71.854453 56.422498 256.000000 253.840075 44.662424 27.565818 0.000000 85.374904 43.917420 25.724880 256.000000 167.918751
23.808085 126.217093 0.000000 9.839863 26.788376 127.805269 256.000000 230.344013 46.650915 226.942393 0.000000 15.863391 51.632902 227.552911 256.000000 238.437053 91.606991 187.165151 64.000000 33.856530 77.316733 181.319904 256.000000 233.992550 77.329744 59.770865 0.000000 15.979559 75.291253 35.729687 256.000000 249.916177
141.710329 23.462576 64.000000 29.652968 141.023771 31.559071 256.000000 228.937089 25.546158 87.999747 64.000000 17.360668 28.325422 90.837595 256.000000 261.782527 85.596158 69.689751 64.000000 66.250203 83.733004 56.808225 256.000000 184.276932 174.797795 102.959762 64.000000 39.578881 171.058205 100.350580 256.000000 205.505565
97.726187 48.260627 0.000000 21.620163 111.064000 58.825716 256.000000 231.901525 72.675980 95.396744 0.000000 14.607055 72.508698 92.366136 256.000000 244.856413 134.561378 92.812820 64.000000 8.613645 139.149138 97.960269 256.000000 275.778624 75.578382 88.042127 64.000000 25.191255 72.764747 92.560487 256.000000 249.227774
112.365862 35.180280 0.000000 26.748767 114.968247 39.595618 256.000000 224.643174 84.758864 108.953011 0.000000 11.565174 91.747073 106.610056 256.000000 251.017622 76.739367 192.612287 0.000000 29.054918 74.088898 196.664945 256.000000 231.359408 2.952198 191.266567 64.000000 9.878586 9.291698 206.502578 256.000000 242.313624
106.783965 58.334618 0.000000 13.458283 111.159164 48.874620 256.000000 246.241825 43.672933 52.850082 0.000000 17.997441 64.132855 53.001762 256.000000 228.739173 19.986335 87.858624 0.000000 25.285910 34.566704 61.353236 256.000000 228.975812 6.121129 50.540804 64.000000 24.386683 4.619609 37.717415 256.000000 253.013991
148.740002 103.166345 64.000000 12.150316 150.509429 100.763251 256.000000 240.579708 117.710613 9.279713 64.000000 17.855458 157.173002 11.948053 256.000000 247.941320 55.891318 89.126193 0.000000 19.597979 48.841965 92.939464 256.000000 239.899910 126.487669 34.262180 0.000000 14.903929 124.454476 33.293100 256.000000 248.552278
102.155133 31.163438 64.000000 10.390586 102.148633 26.658016 256.000000 247.188379 169.166065 43.027625 64.000000 23.745608 166.498491 39.978662 256.000000 220.263209 104.989685 57.777318 0.000000 23.052902 109.966716 71.230445 256.000000 238.213322 11.376520 82.770564 0.000000 21.448062 18.509400 87.987765 256.000000 246.577421
105.122256 95.676531 0.000000 9.474149 129.927760 111.348411 256.000000 250.036647 53.783345 117.106716 0.000000 12.825812 57.387602 115.798205 256.000000 243.118195 1.413891 173.300456 64.000000 23.108835 39.278069 187.473482 256.000000 220.254604 137.583022 74.966907 64.000000 15.252433 136.801649 75.411773 256.000000 43.575923
57.596967 26.205858 64.000000 10.493846 55.812840 22.991004 256.000000 248.956715 146.444667 37.685045 64.000000 38.851756 106.277769 39.989149 256.000000 195.583954 86.054456 21.124729 64.000000 39.690747 54.594147 39.677087 256.000000 218.361495 37.687069 223.087689 64.000000 12.313812 37.629627 223.976485 256.000000 243.793691
186.859489 93.003187 0.000000 13.651896 185.430091 95.549695 256.000000 224.776552 129.561271 81.551875 0.000000 12.989308 130.515015 85.484807 256.000000 236.552550 30.214258 168.062596 64.000000 19.425878 33.672060 165.910695 256.000000 231.596047 53.484460 165.016847 0.000000 34.725639 61.722278 153.786036 256.000000 198.440827
78.432885 57.226304 64.000000 17.373576 76.665365 53.007984 256.000000 231.901525 59.264524 137.895904 64.000000 8.605040 59.049818 137.394698 320.000000 259.390326 24.077493 152.098011 0.000000 10.278720 16.234184 155.936204 256.000000 252.273958 122.039611 64.502769 64.000000 16.547492 123.434231 67.466018 256.000000 240.657154
65.966607 108.024138 0.000000 92.740819 66.438907 108.865060 256.000000 162.355592 29.656916 94.649611 64.000000 17.567189 39.809969 88.065207 256.000000 244.606867 100.299384 151.551629 64.000000 17.016467 111.467009 149.942698 256.000000 245.420043 51.339338 60.796651 0.000000 13.591661 51.084987 54.647935 256.000000 233.635441
66.530349 104.166664 0.000000 11.479123 63.793651 105.098335 256.000000 230.997996 165.222055 14.368304 64.000000 46.144527 153.140287 8.989713 256.000000 214.459109 10.341504 108.867940 0.000000 15.648265 7.227878 103.253080 256.000000 242.799809 63.289105 16.359409 64.000000 26.675624 74.311955 20.541496 256.000000 222.707040
116.901824 55.167865 64.000000 18.948298 128.195413 77.873984 256.000000 246.999068 57.986245 112.348387 0.000000 42.999385 68.109024 104.944884 256.000000 211.516186 50.924882 101.907676 64.000000 42.749839 55.708311 110.575976 256.000000 207.415884 92.278616 86.103753 64.000000 10.270115 94.610516 82.934858 256.000000 234.887474
63.304462 2.971869 0.000000 18.573979 63.876173 5.497211 256.000000 237.546432 100.805047 73.027649 0.000000 29.205506 85.628064 64.617882 256.000000 236.926869 58.714687 33.720707 64.000000 11.780300 58.401382 35.642218 256.000000 211.856085 50.134136 3.463867 0.000000 10.958518 51.506767 3.544225 256.000000 254.188579
89.529402 214.700113 64.000000 9.512872 87.640271 216.671535 256.000000 249.029858 91.301173 86.562120 64.000000 26.925170 12.670382 85.198067 256.000000 218.172184 73.360764 53.173465 64.000000 15.902114 74.362509 53.423875 256.000000 225.069124 39.362096 172.338411 64.000000 14.155291 34.278104 172.827585 256.000000 226.510468
146.292069 150.770733 0.000000 37.139353 135.884571 152.432076 256.000000 217.053529 20.604051 212.788242 64.000000 41.932360 22.452251 202.415471 256.000000 217.100857 74.284711 169.308493 0.000000 23.431524 71.546975 167.965365 256.000000 234.668046 161.946647 42.646807 64.000000 26.572364 161.525224 43.618820 256.000000 237.370028
103.123578 77.453435 64.000000 14.383324 101.734740 79.157969 256.000000 245.777152 34.972565 132.696405 0.000000 17.524164 41.282658 130.684051 256.000000 229.178030 19.252420 134.098738 64.000000 15.545005 8.807758 139.724531 256.000000 241.534868 36.697475 76.571371 0.000000 46.772695 33.326629 75.521553 256.000000 216.291983
49.935911 89.968020 64.000000 18.857945 42.513369 88.536138 256.000000 251.064950 27.924545 199.728842 64.000000 12.507426 37.471269 208.744664 256.000000 243.754968 40.658213 76.527298 64.000000 8.893309 39.447316 75.319222 256.000000 257.677923 54.605349 30.149304 64.000000 16.577610 53.006735 30.230107 256.000000 243.057960
