16.206691 55.065833 64.000000 21.465272 8.386422 57.140327 256.000000 235.231676 52.117495 190.759996 64.000000 8.781443 50.349860 192.445073 256.000000 254.911402 28.279951 124.210575 0.000000 22.480667 28.494655 121.001169 256.000000 242.735271 159.655249 45.624331 64.000000 17.941508 158.225095 45.414704 256.000000 238.643574
72.768691 183.442273 0.000000 22.540902 85.008535 179.415085 256.000000 236.380449 79.489549 124.826296 64.000000 17.623122 78.620104 123.338245 256.000000 233.123441 157.195813 84.070553 0.000000 9.022384 157.625667 85.818222 256.000000 246.852782 101.694889 61.367400 64.000000 29.287254 96.478349 57.961256 256.000000 231.643374
76.733167 40.926531 64.000000 36.222916 77.461407 53.732055 256.000000 230.748450 105.158660 101.630282 0.000000 9.517174 103.047302 104.545667 256.000000 247.949925 181.194167 137.123191 0.000000 37.406109 181.992664 130.967693 256.000000 233.213794 45.652651 95.032395 64.000000 13.823997 46.313815 91.802269 256.000000 238.333793
5.378222 113.953811 64.000000 23.823053 19.588169 117.065044 256.000000 235.352147 28.601515 115.262644 64.000000 30.255321 34.710469 104.515171 256.000000 210.285665 28.424735 113.891418 0.000000 18.156634 24.725631 112.322067 256.000000 248.139236 67.180845 88.996735 0.000000 8.738418 69.785591 85.458329 256.000000 247.928412
48.235713 18.860096 64.000000 21.689003 48.195111 21.396524 256.000000 250.195841 48.067818 140.240185 0.000000 21.000600 47.820120 137.225095 256.000000 219.647949 41.208278 19.752285 0.000000 30.479052 17.326915 21.184807 256.000000 217.122369 136.611689 161.142276 0.000000 10.162552 136.830715 161.401247 256.000000 243.212851
31.262835 31.744555 64.000000 19.817407 32.138045 35.180987 256.000000 222.001427 92.174264 98.764740 0.000000 29.971354 92.206942 133.457560 256.000000 221.850839 59.022624 124.950351 64.000000 25.475221 61.736745 119.810800 256.000000 233.798937 31.550964 69.746355 0.000000 12.120199 31.537958 75.051489 256.000000 228.050770
31.460062 39.047487 64.000000 32.337740 31.038407 48.263547 256.000000 226.433023 158.883605 148.252447 64.000000 24.829843 158.129485 147.413400 256.000000 229.406064 106.227833 199.847202 0.000000 9.594620 111.299551 200.618505 256.000000 240.321557 181.193525 85.773851 64.000000 9.521477 184.777184 82.159216 256.000000 238.058432
138.346880 106.933933 0.000000 9.934519 139.268758 107.970231 256.000000 250.484109 82.678247 78.629227 64.000000 14.297274 91.618587 75.255325 256.000000 256.989520 126.851396 14.740515 64.000000 23.422919 125.088982 12.192540 256.000000 226.346972 44.662424 27.565818 0.000000 85.374904 43.917420 25.724880 256.000000 167.918751
17.559000 9.267256 0.000000 29.807859 22.767720 22.227191 256.000000 217.453663 60.653371 57.813364 0.000000 11.100502 67.828415 55.356360 256.000000 237.856213 31.318065 140.058853 0.000000 45.262510 40.614947 143.040667 256.000000 205.660456 114.045678 69.214302 64.000000 9.913006 113.976055 69.028915 256.000000 259.975468
114.879025 144.677905 64.000000 16.061307 113.676151 145.417282 256.000000 252.764445 67.383767 73.368402 0.000000 19.593676 67.861735 78.403900 256.000000 243.337624 185.496556 132.705613 64.000000 32.415186 184.539244 130.231300 256.000000 224.780855 131.383833 1.460915 0.000000 67.760387 82.822922 43.402340 256.000000 192.309736
172.744796 113.400751 64.000000 33.421975 170.967255 113.522273 256.000000 240.067708 35.509413 25.335669 0.000000 21.301777 18.160662 21.108951 256.000000 239.314767 24.282778 121.690191 0.000000 28.379422 19.602264 117.243742 256.000000 218.507781 29.529542 16.034480 64.000000 9.413914 27.816971 16.065698 256.000000 243.019237
78.044680 161.285582 0.000000 16.900299 69.572356 165.528936 256.000000 243.027842 48.612869 53.563091 64.000000 40.133907 48.428425 55.623624 256.000000 207.162035 47.404124 56.782093 0.000000 27.867422 47.423016 61.003991 256.000000 215.668118 26.688709 206.425647 0.000000 36.446647 21.504569 196.305678 256.000000 224.238737
22.338982 52.499553 0.000000 16.736803 30.623811 55.126027 256.000000 224.501191 63.289105 16.359409 64.000000 26.675624 74.311955 20.541496 256.000000 222.707040 14.950371 126.836633 64.000000 13.806787 5.596962 130.615396 256.000000 260.857485 24.969347 99.398673 0.000000 8.772838 25.026853 98.024476 256.000000 249.709656
114.072673 36.623033 0.000000 36.025000 99.112085 39.936271 256.000000 232.632954 162.517513 130.771364 0.000000 13.867022 161.404485 133.102918 256.000000 219.312352 23.612231 94.760198 64.000000 24.421104 32.886558 107.965547 256.000000 231.286265 39.304918 95.981740 0.000000 16.861576 30.724207 98.526136 256.000000 236.892449
40.938371 146.721080 0.000000 16.964836 40.622140 145.364995 256.000000 253.551806 16.412989 82.842938 0.000000 15.037307 11.401558 91.574504 256.000000 224.397931 21.937913 -0.000004 0.000000 14.194013 16.653593 0.043845 256.000000 232.753424 93.769435 43.266522 0.000000 46.028359 65.008236 48.115425 256.000000 232.955643
25.675795 61.913976 64.000000 9.456939 29.558096 61.259249 256.000000 244.968279 58.120975 109.854256 0.000000 12.412770 64.847978 109.772811 256.000000 249.503135 65.267047 158.935607 64.000000 36.644563 66.925573 152.108949 256.000000 220.934402 41.282485 96.886015 64.000000 10.855258 42.372475 95.191016 256.000000 241.379977
114.548991 102.580769 64.000000 33.727454 143.441762 109.170031 256.000000 192.460325 37.452625 69.032404 64.000000 11.905073 44.365120 68.353469 256.000000 248.879269 39.733024 143.936327 0.000000 16.758315 37.658924 140.843585 256.000000 244.989791 157.981211 93.558135 64.000000 37.147958 142.118635 87.302365 256.000000 206.159548
31.064222 113.639178 0.000000 21.366314 26.660300 112.214151 256.000000 236.776281 83.080105 52.841676 64.000000 10.588502 85.822713 56.711007 256.000000 254.524176 48.157249 144.147985 64.000000 12.146014 47.918496 142.553751 256.000000 249.920479 151.416867 19.853464 64.000000 15.936534 152.022404 21.110580 320.000000 256.352747
89.487287 147.545038 64.000000 37.462042 79.760413 132.315362 256.000000 211.077329 64.919264 32.561102 0.000000 10.773510 70.359025 32.777520 256.000000 251.714630 114.181805 87.695629 64.000000 9.792536 114.121525 88.979365 256.000000 246.259035 114.810162 205.461840 64.000000 22.261238 114.999440 204.624811 256.000000 235.528550
32.105822 101.001431 0.000000 43.524292 36.515749 70.466213 256.000000 223.563242 184.279813 124.049638 0.000000 40.443688 180.430545 115.849658 256.000000 204.145969 137.580589 85.048947 64.000000 51.341971 136.812022 86.169258 256.000000 195.429063 49.734855 31.232984 0.000000 24.378078 47.512440 38.642784 256.000000 216.838403
77.329744 59.770865 0.000000 15.979559 75.291253 35.729687 256.000000 249.916177 42.733471 98.508684 64.000000 20.436970 43.264304 93.270805 256.000000 242.270599 85.461275 127.703453 0.000000 35.241941 78.345653 127.214587 256.000000 195.028929 10.934598 140.493740 0.000000 19.804500 10.474267 136.759464 256.000000 240.317255
73.554002 46.150504 64.000000 10.721880 88.989300 35.631925 256.000000 45.473334 46.052729 118.608520 0.000000 15.678383 38.172271 119.564787 256.000000 226.544888 11.949418 12.573405 0.000000 38.352663 10.449798 17.283447 256.000000 233.592416 37.620591 145.142318 64.000000 9.852771 39.259738 151.701467 256.000000 244.284178
25.823909 87.685482 0.000000 12.176132 29.892762 87.371789 256.000000 223.141595 121.880149 176.596587 0.000000 14.138081 123.869029 175.964525 256.000000 251.955571 43.672933 52.850082 0.000000 17.997441 64.132855 53.001762 256.000000 228.739173 108.173004 161.623525 64.000000 10.067897 112.719587 161.493844 256.000000 225.064821
48.715444 102.749345 64.000000 11.134922 50.791027 104.315775 256.000000 248.010160 138.005691 60.712909 0.000000 11.147829 139.299060 62.237858 256.000000 246.439741 187.323293 46.449589 0.000000 20.862919 187.892516 49.807495 256.000000 227.801224 155.503529 103.224636 0.000000 12.253577 155.578818 103.241340 256.000000 245.949253
178.917331 101.052255 64.000000 13.148501 178.476764 100.169671 256.000000 242.640615 55.833224 50.972642 64.000000 9.499964 58.986071 50.294145 256.000000 260.027099 105.702391 107.369560 64.000000 26.671321 105.828729 106.878744 256.000000 227.203174 93.654445 193.146858 64.000000 28.998985 95.606309 190.996396 256.000000 234.883172
14.654011 82.802125 0.000000 17.545677 15.830796 77.265029 256.000000 254.119739 15.325745 54.599267 0.000000 16.607727 16.104395 57.975176 256.000000 229.410366 30.803400 141.084089 64.000000 24.313541 40.990182 140.551540 256.000000 235.360752 110.636747 149.719025 0.000000 27.919052 98.778967 144.314042 256.000000 224.471073
156.198555 143.840356 0.000000 16.513072 159.704675 138.990362 256.000000 244.671405 77.772633 95.398865 64.000000 9.715090 82.387287 93.358367 256.000000 242.881557 139.233920 86.963915 0.000000 32.565774 136.470338 90.050258 256.000000 224.578636 32.627616 38.468147 64.000000 19.873340 35.252684 38.644676 256.000000 240.523776
44.599467 160.775507 0.000000 29.652968 46.367947 156.202273 256.000000 210.066236 87.349344 199.347393 64.000000 14.353207 84.865456 200.911107 256.000000 226.803039 82.786665 81.488080 64.000000 57.227819 83.202158 82.519247 256.000000 195.923853 50.080778 83.394193 64.000000 11.715762 52.459424 81.479516 256.000000 255.242696
43.871360 15.724200 0.000000 64.172086 45.776309 12.874615 256.000000 181.790075 12.687660 105.952944 0.000000 8.987964 14.906531 107.180940 256.000000 237.899238 78.065762 97.425749 64.000000 19.266685 86.170007 92.296347 256.000000 232.361895 90.196784 40.513240 64.000000 12.765577 88.165184 39.900018 256.000000 246.388110
64.019231 151.090075 0.000000 35.448462 61.520258 145.173715 256.000000 222.268183 98.408904 82.428738 0.000000 34.368530 96.186482 103.021316 256.000000 213.465227 93.966353 162.751149 64.000000 8.708300 94.984880 184.638104 256.000000 236.328819 61.638742 65.037853 64.000000 10.717577 60.493549 67.282913 256.000000 245.949253
54.832407 188.552382 0.000000 27.592061 58.797882 184.788067 256.000000 228.012047 46.312676 99.113305 0.000000 10.356166 49.729480 98.056218 256.000000 253.766932 23.367335 23.716629 64.000000 48.777669 36.381840 43.230727 256.000000 217.389126 131.191438 72.384127 0.000000 11.732972 131.514380 71.377284 256.000000 249.425689
71.916251 75.374965 64.000000 25.049271 66.209195 78.252682 256.000000 232.254332 8.914515 57.462842 0.000000 9.078317 10.021540 59.149860 256.000000 243.169825 100.299384 151.551629 64.000000 17.016467 111.467009 149.942698 256.000000 245.420043 73.750447 135.177778 0.000000 26.124901 112.099833 88.185176 256.000000 217.952756
