61.638742 65.037853 64.000000 10.717577 60.493549 67.282913 256.000000 245.949253 86.667785 87.552242 64.000000 15.811761 85.409189 85.295095 256.000000 241.487540 151.446165 152.719489 0.000000 31.391186 142.381887 154.908320 256.000000 230.408551 26.893675 14.432065 64.000000 17.700567 25.493556 17.304205 256.000000 233.687071
16.412989 82.842938 0.000000 15.037307 11.401558 91.574504 256.000000 224.397931 50.674956 121.829155 64.000000 24.253305 49.497775 118.063909 256.000000 218.210907 157.201389 74.905749 0.000000 10.420703 158.467556 74.513027 256.000000 246.921623 56.192825 170.607891 64.000000 24.855658 55.774116 169.459795 256.000000 231.772450
58.052636 225.685075 64.000000 49.466072 57.082967 224.507498 256.000000 231.884315 63.086496 102.322907 0.000000 91.630768 64.676442 101.286049 256.000000 159.937576 109.057264 50.377209 64.000000 9.796838 109.973702 50.032700 256.000000 244.787573 13.921880 27.833013 64.000000 8.695393 15.340996 28.094840 256.000000 247.657354
145.748951 134.024447 64.000000 29.248531 135.611013 147.474765 256.000000 215.250773 156.955900 96.356809 64.000000 24.132835 156.297120 97.753695 256.000000 239.375003 111.895833 86.860556 64.000000 38.309638 102.186047 90.160902 256.000000 226.553493 36.819338 206.405027 64.000000 41.540831 32.576715 201.103616 256.000000 216.713630
93.061676 42.108484 64.000000 15.803156 123.553629 31.814822 256.000000 228.506837 106.500104 13.520082 64.000000 10.278720 115.499509 4.555662 256.000000 237.886331 53.484460 165.016847 0.000000 34.725639 61.722278 153.786036 256.000000 198.440827 150.402936 184.500958 64.000000 63.298674 132.952382 163.588293 256.000000 181.050042
26.652920 118.370676 64.000000 9.775325 22.983507 116.779675 256.000000 233.884987 27.331929 65.996562 64.000000 13.742249 23.773544 67.504200 256.000000 258.551334 188.475942 75.457798 0.000000 16.676568 195.724895 67.573100 256.000000 249.021253 74.049742 57.527575 0.000000 12.021241 72.133887 52.705895 256.000000 243.582867
68.693144 110.341615 64.000000 11.952401 75.819742 109.619422 256.000000 227.994837 17.633907 60.549369 64.000000 9.938821 18.487422 61.504064 256.000000 259.149385 69.470871 80.403971 0.000000 30.087522 52.945062 85.563296 256.000000 222.883444 132.442878 41.438422 64.000000 14.822181 134.209129 43.463771 256.000000 261.782527
44.464851 172.984720 0.000000 30.414514 48.782596 175.995935 256.000000 261.507166 97.989898 143.792695 64.000000 43.089738 96.881940 135.548073 256.000000 226.755712 131.601713 41.720162 64.000000 15.648265 131.012522 41.305907 256.000000 245.914833 153.679927 103.589647 0.000000 26.968195 139.760867 104.106675 256.000000 219.338167
128.975316 9.342176 64.000000 32.918581 129.588589 10.907895 256.000000 236.875239 39.196789 49.265453 0.000000 32.617404 47.321415 69.309607 256.000000 221.084990 47.963940 6.511338 0.000000 39.815520 45.474304 18.112791 256.000000 228.519745 159.815622 107.648411 64.000000 18.427693 159.003949 112.403364 256.000000 227.203174
165.545651 67.371949 64.000000 28.852699 161.488829 63.384355 256.000000 227.525863 170.316742 44.902938 0.000000 33.895253 166.304284 56.071504 256.000000 231.690702 156.604135 42.756353 64.000000 12.602081 157.266504 42.951296 256.000000 243.647405 172.451571 40.298064 0.000000 11.664132 173.004613 39.114371 256.000000 233.958130
13.097144 69.428396 0.000000 15.157778 16.155373 66.858851 256.000000 219.777024 77.889853 85.567953 64.000000 16.285038 80.469011 80.094949 256.000000 244.641287 164.969500 56.547204 64.000000 28.327792 161.786822 57.578282 256.000000 226.983745 75.312740 12.966951 64.000000 10.829443 78.306480 12.798785 256.000000 229.715845
28.112242 6.829707 64.000000 22.011692 30.253731 9.195540 256.000000 232.456551 28.310162 230.440775 0.000000 45.744393 29.945107 225.035724 256.000000 218.559411 52.253673 218.870271 0.000000 36.240126 39.232549 210.818764 256.000000 226.837459 11.278489 29.342864 64.000000 16.624937 15.689805 27.581660 256.000000 233.058903
73.115662 177.791065 64.000000 35.478580 113.752104 141.925847 256.000000 213.516858 110.276427 103.907011 0.000000 59.228490 110.634889 107.782682 256.000000 192.434510 44.149500 90.699769 64.000000 13.170014 48.481331 93.808324 256.000000 236.247071 61.972640 51.469189 0.000000 32.225875 63.134298 68.245576 256.000000 228.838131
65.730865 56.223460 64.000000 18.423391 77.502529 53.352165 256.000000 243.492514 146.701682 106.894422 64.000000 14.353207 147.582804 106.098587 256.000000 237.395844 121.646745 71.362347 64.000000 14.318787 121.262891 71.133645 256.000000 240.433423 49.227076 7.000147 64.000000 20.097071 49.274504 7.262571 256.000000 255.599806
31.183676 172.661365 64.000000 40.374848 35.056627 171.065767 256.000000 215.091580 132.424755 13.621927 64.000000 35.943252 142.069160 16.830816 256.000000 225.335880 16.732105 103.885873 64.000000 12.787089 10.233678 105.868785 256.000000 257.893049 11.200864 93.048440 0.000000 14.736131 9.096205 102.741642 256.000000 257.806998
57.617836 81.584022 64.000000 24.167255 58.257111 77.797447 256.000000 234.943407 59.277985 172.028795 0.000000 12.868837 78.513427 183.170325 256.000000 255.823537 79.896958 84.966682 64.000000 18.539559 76.528782 81.907047 256.000000 215.332521 94.258531 41.483262 0.000000 9.439729 197.872493 80.437365 256.000000 251.456479
24.282778 121.690191 0.000000 28.379422 19.602264 117.243742 256.000000 218.507781 92.374869 204.941980 0.000000 32.230177 96.575704 202.006015 256.000000 206.710271 44.966851 99.179104 64.000000 13.195829 41.515000 101.531329 256.000000 233.622533 22.435744 139.690320 64.000000 21.043625 21.471347 138.413524 256.000000 230.447274
21.104158 47.340460 64.000000 25.032061 75.702991 62.634087 256.000000 232.921223 58.202858 46.666562 64.000000 11.023056 56.071733 45.895847 256.000000 250.122698 21.143962 32.566358 64.000000 26.426078 17.679482 40.231813 256.000000 237.490499 29.888629 62.214222 64.000000 14.426350 36.590316 58.375109 256.000000 233.532181
64.906593 33.819460 0.000000 18.246987 59.952438 33.324735 256.000000 251.017622 84.373558 175.106660 0.000000 32.006446 82.464393 173.531896 256.000000 232.353290 1.413891 173.300456 64.000000 23.108835 39.278069 187.473482 256.000000 220.254604 132.254745 95.617764 64.000000 18.586886 132.288778 102.900625 256.000000 218.765932
58.535091 204.942804 64.000000 22.192398 56.708960 204.681511 256.000000 241.500448 149.490084 172.727353 0.000000 20.406852 147.461636 174.041707 256.000000 240.033288 172.896900 89.484569 64.000000 13.570148 175.293160 83.119973 320.000000 234.771306 70.059447 40.627078 0.000000 10.416401 67.387935 37.223835 256.000000 243.471002
1.639402 42.378987 0.000000 30.844766 17.879560 26.650825 256.000000 230.481694 10.676987 88.213555 64.000000 44.604225 17.375604 80.148707 256.000000 227.142938 10.891887 71.017107 64.000000 14.826484 4.004833 64.198100 256.000000 252.360008 14.869778 19.332051 64.000000 10.941308 17.178911 17.355649 256.000000 257.875839
50.967238 62.188538 64.000000 8.699695 49.592733 59.912065 256.000000 255.251302 109.952689 33.821436 0.000000 10.674552 108.853456 31.638195 256.000000 238.574734 114.050225 138.351149 64.000000 23.483154 115.022115 135.786033 256.000000 254.993150 4.763985 131.091376 0.000000 11.337140 8.067956 133.378438 256.000000 252.859100
82.590565 68.732560 0.000000 8.936334 82.512684 70.822567 256.000000 247.528278 176.384225 55.683924 0.000000 13.656198 179.662362 48.764924 256.000000 238.174600 123.379702 20.324593 0.000000 30.741505 120.601033 21.062765 256.000000 222.380049 94.449082 5.554682 64.000000 15.463257 94.114471 11.698147 256.000000 219.450033
1.227775 55.553544 64.000000 21.594348 0.440296 61.168384 256.000000 247.924110 66.950535 217.729205 64.000000 19.864735 63.386671 219.008933 256.000000 239.039406 48.995018 130.763958 64.000000 36.145471 40.533971 116.351689 256.000000 212.389597 151.300249 153.870095 0.000000 12.756972 146.854976 152.464176 256.000000 228.687543
57.927736 67.144704 64.000000 10.141040 59.465233 62.418211 256.000000 248.091908 146.553898 83.978105 64.000000 36.889806 138.145969 89.678995 256.000000 219.437125 6.752664 144.168171 64.000000 43.928729 8.539953 131.567016 256.000000 208.168825 131.027647 169.788111 64.000000 54.297802 127.859631 168.259569 256.000000 202.661600
91.709065 69.476822 64.000000 10.863863 90.823562 68.257062 256.000000 248.672748 65.251740 120.387402 0.000000 10.635829 60.711985 124.179115 256.000000 239.331978 30.347891 39.125967 64.000000 14.551123 23.225496 46.690949 256.000000 227.379577 65.720940 79.588853 64.000000 11.849140 72.781016 83.275278 256.000000 65.432724
100.282307 78.513936 0.000000 10.338956 102.562902 83.556682 256.000000 246.564514 1.841678 148.296351 64.000000 19.722752 3.164545 147.599755 256.000000 216.674907 24.475782 165.971629 0.000000 12.236367 27.233280 166.993496 256.000000 232.310265 137.395960 34.404835 0.000000 21.138281 136.424262 38.703382 256.000000 233.153559
184.485104 22.577491 0.000000 8.729813 246.110587 47.141845 256.000000 250.858429 80.180335 55.398258 0.000000 9.177275 78.581524 55.731649 256.000000 251.030529 71.321093 45.964907 0.000000 11.935190 67.544124 38.777178 256.000000 255.023268 36.803989 68.999505 64.000000 13.707829 32.946824 71.777545 256.000000 247.472345
139.988422 153.281815 0.000000 10.786418 144.404969 151.643400 256.000000 244.817691 103.032411 57.848993 0.000000 15.347089 101.988296 59.277973 256.000000 232.947038 91.212784 12.167238 0.000000 8.906216 97.531929 10.358689 256.000000 252.626764 47.404124 56.782093 0.000000 27.867422 47.423016 61.003991 256.000000 215.668118
31.863636 86.683547 64.000000 14.688803 27.179562 84.842451 256.000000 240.652851 126.722202 34.362833 64.000000 9.000872 126.344235 32.906193 256.000000 251.989991 40.889696 50.948538 0.000000 11.388770 43.166911 53.849415 256.000000 245.183405 58.448844 58.321016 0.000000 12.189039 53.860471 58.270782 256.000000 229.397459
69.932511 41.632251 64.000000 18.298618 73.251469 45.407082 256.000000 240.300045 20.710113 58.075004 64.000000 24.730885 29.373673 52.053996 256.000000 219.643646 96.447595 41.145758 0.000000 15.243828 95.498624 39.183069 256.000000 219.019781 77.604131 78.768571 64.000000 22.738818 73.498882 85.034535 256.000000 244.357321
126.487669 34.262180 0.000000 14.903929 124.454476 33.293100 256.000000 248.552278 34.373513 59.738171 64.000000 9.887191 36.184169 58.059960 256.000000 255.182461 42.796324 158.781738 0.000000 17.515559 44.187855 158.107242 256.000000 254.068109 115.935044 106.047860 0.000000 10.119527 114.212253 112.037613 256.000000 241.513355
