53.140173 12.335458 64.000000 32.402278 52.753300 18.934149 256.000000 230.572047 77.918525 134.758082 0.000000 18.780500 111.121629 132.958445 256.000000 221.278604 83.658611 68.342885 64.000000 8.716906 83.869751 66.426515 256.000000 254.907100 130.833116 153.031973 0.000000 14.598450 130.255984 152.440907 256.000000 235.498432
73.327024 68.915895 0.000000 56.767449 71.376355 66.825856 256.000000 198.600021 154.284380 91.101927 64.000000 9.035292 154.077087 92.738536 256.000000 248.414597 156.309765 105.320293 0.000000 10.016267 157.380147 103.466429 256.000000 223.640687 105.968753 36.521145 0.000000 79.166368 109.292409 39.140331 256.000000 185.210578
77.497938 88.985891 0.000000 30.715690 72.875505 99.521111 256.000000 225.099241 110.549889 125.502767 0.000000 19.546348 118.739296 128.139656 256.000000 239.202902 21.361878 76.456105 64.000000 12.709644 18.311453 80.054353 256.000000 257.350931 46.521562 71.949578 0.000000 11.586686 52.977847 64.880971 256.000000 245.970766
97.134275 46.614773 0.000000 32.957303 87.556209 55.701964 256.000000 208.409766 125.762238 30.841602 64.000000 9.753813 130.985618 35.231709 256.000000 245.639472 30.359931 154.112727 64.000000 11.853443 28.870515 153.343060 256.000000 248.513555 73.429309 17.338060 0.000000 9.444031 72.857562 17.730107 256.000000 229.565257
48.649087 129.827682 64.000000 11.457611 50.764484 128.594678 256.000000 256.894864 82.143225 172.209880 64.000000 15.187896 88.833345 171.622505 256.000000 235.747978 29.381960 81.991144 64.000000 18.961206 39.770824 76.293391 256.000000 217.599949 124.564520 70.362989 64.000000 19.464600 123.012136 70.618020 256.000000 239.951540
31.460062 39.047487 64.000000 32.337740 31.038407 48.263547 256.000000 226.433023 5.749620 26.921704 0.000000 22.433339 13.165391 27.051478 256.000000 225.417628 138.750482 121.662789 64.000000 8.828771 210.475856 116.605287 256.000000 249.232076 70.304011 111.025769 64.000000 33.013236 42.623371 115.488373 256.000000 240.932515
137.580589 85.048947 64.000000 51.341971 136.812022 86.169258 256.000000 195.429063 119.029505 138.226840 64.000000 17.562887 118.002580 137.358964 256.000000 223.580452 88.323542 100.934291 0.000000 9.947426 86.655818 100.619905 256.000000 254.433823 113.475704 67.711318 0.000000 38.017067 107.703027 58.502596 256.000000 215.220655
111.745724 31.557656 64.000000 9.465544 111.742745 32.154975 256.000000 261.804039 11.200864 93.048440 0.000000 14.736131 9.096205 102.741642 256.000000 257.806998 114.879025 144.677905 64.000000 16.061307 113.676151 145.417282 256.000000 252.764445 81.361473 204.010049 0.000000 20.277777 76.136909 205.684436 256.000000 239.340583
20.805662 95.547607 0.000000 12.399863 22.098913 94.096278 256.000000 228.541257 53.470845 194.254196 0.000000 52.460626 54.168636 194.971727 256.000000 214.953899 46.665349 99.270213 64.000000 58.441129 45.774451 97.515585 256.000000 191.741804 52.271455 39.228616 64.000000 13.845509 54.465058 41.480085 256.000000 249.146026
53.122098 161.323955 0.000000 25.741977 53.728940 164.495255 256.000000 234.560483 166.705898 36.838571 64.000000 36.915622 166.252258 34.583029 256.000000 225.322972 98.719675 17.192345 0.000000 9.207393 104.946087 19.220536 256.000000 243.354834 97.499765 36.890596 0.000000 19.438785 92.297222 32.846067 256.000000 234.069996
83.858400 77.567622 64.000000 44.707485 77.469244 83.440865 256.000000 203.590944 180.867067 18.677649 64.000000 45.387283 177.914120 20.326091 256.000000 231.174400 19.706342 165.206973 64.000000 26.533641 15.966849 161.911420 256.000000 232.508181 72.207015 61.908698 0.000000 9.172973 72.561862 58.157789 256.000000 248.251101
116.901824 55.167865 64.000000 18.948298 128.195413 77.873984 256.000000 246.999068 22.716860 50.697636 0.000000 11.504938 25.135127 49.011104 256.000000 234.272214 40.807118 137.074545 0.000000 29.158178 38.125115 131.977849 256.000000 230.477391 83.431289 49.861398 64.000000 12.933375 86.793682 37.441764 256.000000 238.703810
153.877229 162.902711 64.000000 62.291885 153.651149 164.894435 256.000000 181.011319 21.325813 112.887322 0.000000 14.069240 5.971511 120.541265 256.000000 230.485996 87.242880 76.875638 64.000000 19.632399 89.007936 69.747860 256.000000 215.676723 170.281976 118.606555 64.000000 40.168327 165.353196 116.893511 256.000000 208.470002
35.597676 70.812565 64.000000 16.328063 31.774456 69.988342 256.000000 242.989120 70.248993 139.091529 0.000000 9.357981 69.767495 139.003267 256.000000 270.103601 38.531262 139.901615 0.000000 9.009477 32.591716 147.580916 256.000000 261.507166 96.000478 152.877460 0.000000 9.538687 109.635931 205.049907 256.000000 246.865690
48.400620 206.119347 0.000000 9.603225 60.396851 215.309384 256.000000 257.768276 13.995740 66.305984 64.000000 40.013436 51.781107 24.213858 256.000000 230.382736 142.456384 114.602956 0.000000 23.857473 148.095938 97.537513 256.000000 236.105088 7.181407 91.196636 64.000000 72.157563 5.112496 89.648982 256.000000 178.120025
38.894698 8.981445 0.000000 10.416401 20.254798 0.551256 256.000000 237.283978 19.538933 112.978591 0.000000 8.927729 16.000482 122.827129 256.000000 246.185892 152.951329 130.691862 64.000000 58.798238 147.542842 132.309549 256.000000 191.651451 99.870884 142.082678 64.000000 15.962349 139.385895 235.262789 256.000000 230.051442
27.104142 141.954716 64.000000 12.658014 32.343491 146.555096 256.000000 258.994494 110.648220 15.079884 64.000000 20.178819 108.106245 14.347255 256.000000 228.339039 30.904484 44.759025 64.000000 22.923827 41.732453 52.470291 256.000000 206.193968 177.650442 4.594627 0.000000 35.078446 174.132042 4.972740 256.000000 228.063678
69.447351 89.849331 64.000000 16.766920 67.641724 91.082913 256.000000 246.693589 24.475782 165.971629 0.000000 12.236367 27.233280 166.993496 256.000000 232.310265 9.062067 88.602840 0.000000 13.768064 7.720695 91.371493 256.000000 212.531580 93.654445 193.146858 64.000000 28.998985 95.606309 190.996396 256.000000 234.883172
132.164051 73.277193 64.000000 30.156363 127.060567 81.047305 256.000000 221.102200 94.357235 14.574693 64.000000 10.932703 92.307151 11.642522 256.000000 260.138964 72.544691 92.294555 64.000000 16.715290 73.480340 87.675265 256.000000 230.714030 131.436475 132.259433 0.000000 13.406652 128.352876 132.859693 256.000000 268.133046
73.554002 46.150504 64.000000 10.721880 88.989300 35.631925 256.000000 45.473334 62.564709 172.780478 0.000000 28.986077 59.449529 170.570662 256.000000 237.826096 111.787004 173.242725 0.000000 36.334781 110.296604 171.861860 256.000000 217.277260 66.598675 69.759415 0.000000 28.671993 57.290647 64.069295 256.000000 205.410910
137.827935 171.202647 0.000000 44.862376 134.974913 162.018784 256.000000 204.029801 56.470044 56.806998 64.000000 9.164368 56.512636 58.554900 256.000000 237.722835 62.951735 51.813664 0.000000 11.552266 66.781045 51.882369 256.000000 255.926797 19.063405 82.194638 0.000000 12.098686 18.735064 80.002362 256.000000 253.977756
20.224455 122.869455 0.000000 19.658214 21.056564 121.324204 256.000000 234.082903 52.007027 47.781640 64.000000 18.410483 56.414258 28.284340 256.000000 245.385623 79.395465 119.694622 0.000000 11.539359 79.161347 119.904685 256.000000 255.900982 160.181080 40.569622 0.000000 13.355022 161.485309 42.465498 256.000000 225.688687
66.530349 104.166664 0.000000 11.479123 63.793651 105.098335 256.000000 230.997996 166.202660 71.847038 64.000000 16.775525 166.689165 75.093273 256.000000 246.882900 71.717305 132.805616 0.000000 18.191055 71.641555 133.757524 256.000000 256.309721 105.214025 71.984958 64.000000 36.162681 103.275215 75.369576 256.000000 203.405936
12.074464 143.144422 0.000000 16.013979 7.312744 141.304293 256.000000 224.307578 97.726187 48.260627 0.000000 21.620163 111.064000 58.825716 256.000000 231.901525 29.946147 153.844311 64.000000 9.362284 31.836524 155.488087 256.000000 242.976212 148.597149 59.613845 64.000000 11.750182 148.617985 56.966515 256.000000 256.305419
155.503529 103.224636 0.000000 12.253577 155.578818 103.241340 256.000000 245.949253 53.973185 170.981429 64.000000 23.556297 69.816095 171.340127 256.000000 238.277860 3.583967 33.021016 64.000000 29.829371 26.459756 29.832671 256.000000 216.855613 41.897587 199.609415 64.000000 29.881001 41.972384 197.465984 256.000000 250.897151
33.015522 41.874109 64.000000 21.035020 32.117800 44.377793 256.000000 245.652379 55.833224 50.972642 64.000000 9.499964 58.986071 50.294145 256.000000 260.027099 147.272424 172.545504 64.000000 22.020297 150.909822 171.355885 256.000000 255.900982 91.071400 93.339320 64.000000 14.968467 91.139722 91.120409 256.000000 240.140851
27.623780 135.372816 0.000000 14.594148 31.704938 135.985402 256.000000 226.970838 77.762618 145.790369 64.000000 35.654983 96.157613 103.171665 256.000000 198.604323 92.490693 191.286667 0.000000 13.058148 114.015182 190.539340 256.000000 230.335408 36.882024 141.057731 64.000000 10.541174 32.254927 151.515064 256.000000 249.326731
161.566547 118.253775 0.000000 17.730685 161.588829 116.331696 256.000000 240.708784 74.341785 116.062598 64.000000 15.140568 72.295789 115.678984 256.000000 256.847536 68.932429 169.682015 64.000000 20.045441 67.563140 168.974276 256.000000 215.431479 49.014716 74.386191 0.000000 12.429980 42.592236 84.119576 256.000000 246.082631
22.851545 50.075529 0.000000 43.735116 13.478780 44.748844 256.000000 185.296629 73.226153 125.661675 64.000000 17.373576 97.698358 126.813696 256.000000 252.041622 62.985836 151.033058 0.000000 22.725911 69.647449 147.308520 256.000000 231.854198 46.052729 118.608520 0.000000 15.678383 38.172271 119.564787 256.000000 226.544888
72.869818 92.369965 0.000000 17.846853 72.768142 83.334385 256.000000 238.062734 164.233749 155.660415 0.000000 23.422919 159.875860 163.635224 256.000000 221.003242 52.063596 202.047165 64.000000 25.948498 50.290705 199.790916 256.000000 221.313024 59.823938 43.006298 0.000000 23.788633 66.575558 77.741669 256.000000 231.841290
179.304738 43.537873 64.000000 22.928129 179.420475 33.922804 256.000000 223.898838 170.842029 23.821291 0.000000 46.669434 167.617171 17.426333 256.000000 229.720148 6.121129 50.540804 64.000000 24.386683 4.619609 37.717415 256.000000 253.013991 165.545651 67.371949 64.000000 28.852699 161.488829 63.384355 256.000000 227.525863
116.741838 106.678200 0.000000 24.085507 115.533627 104.107596 256.000000 236.660113 57.820882 88.390396 64.000000 16.177475 55.099602 88.418733 256.000000 247.136749 50.080778 83.394193 64.000000 11.715762 52.459424 81.479516 256.000000 255.242696 35.345242 30.536282 64.000000 28.723624 35.489909 35.892005 256.000000 211.369900
