89.934624 78.981365 64.000000 32.333438 66.696462 86.533065 256.000000 229.083375 115.723735 117.316853 64.000000 26.094784 112.916596 118.088855 256.000000 238.819978 75.747816 185.336402 64.000000 18.505139 72.733284 186.129804 256.000000 232.271542 80.628125 184.905969 0.000000 13.690619 74.208142 199.010944 256.000000 247.016278
48.765582 93.008555 0.000000 19.886247 85.212809 75.825755 256.000000 242.008145 185.202273 106.348053 0.000000 9.000872 187.147735 105.299016 256.000000 233.076113 86.345122 194.990869 64.000000 24.016667 45.345547 218.577109 256.000000 220.676251 27.823949 63.949616 0.000000 8.841679 25.778944 65.926809 256.000000 242.649220
22.328273 46.549096 64.000000 24.563087 11.323225 51.715009 256.000000 224.397931 82.114258 189.108198 64.000000 14.611358 82.421942 188.768529 320.000000 237.456079 63.516565 130.275618 64.000000 13.673409 64.216416 128.633415 256.000000 238.764045 71.587116 37.201785 0.000000 11.917980 66.870815 31.997116 256.000000 231.170097
62.555984 214.410405 64.000000 19.735659 60.756411 214.733724 256.000000 251.232748 130.691471 114.655087 0.000000 18.281407 130.434216 113.352582 256.000000 240.553893 14.090802 56.578991 0.000000 11.535056 15.037084 57.992176 256.000000 259.429048 45.119973 83.292022 0.000000 10.472334 45.390269 81.160973 256.000000 272.840003
50.134136 3.463867 0.000000 10.958518 51.506767 3.544225 256.000000 254.188579 65.720940 79.588853 64.000000 11.849140 72.781016 83.275278 256.000000 65.432724 108.239642 97.626555 64.000000 8.979359 108.832544 96.815222 256.000000 253.607739 45.384304 146.176827 0.000000 27.850212 42.212729 144.778989 256.000000 225.262737
92.504467 61.062667 64.000000 69.455580 93.207616 63.989582 256.000000 189.719619 83.188865 8.827915 0.000000 39.195957 84.687878 27.426624 256.000000 235.291911 48.036545 135.838311 64.000000 46.536056 50.327805 129.741871 256.000000 213.159748 77.391462 12.222647 0.000000 22.885104 75.507789 17.225609 256.000000 225.615544
109.634384 164.132573 64.000000 17.919996 97.009676 187.852329 256.000000 238.226230 78.265722 62.911685 0.000000 27.269372 72.669253 66.207731 256.000000 227.211779 25.392820 133.274922 0.000000 9.482754 26.938238 133.834724 256.000000 253.883100 124.456796 20.712153 64.000000 13.944467 126.527349 10.190551 256.000000 243.402161
105.702391 107.369560 64.000000 26.671321 105.828729 106.878744 256.000000 227.203174 135.740096 67.877742 0.000000 19.963693 132.309369 68.482191 256.000000 235.145626 5.286307 5.892498 0.000000 13.772367 1.775676 6.862902 256.000000 236.638600 9.884460 14.019413 0.000000 18.642819 15.113724 13.098302 256.000000 222.814603
24.212991 100.730153 64.000000 9.401006 28.501140 101.350276 256.000000 256.761486 43.123520 194.401458 64.000000 42.220629 51.298576 181.461762 256.000000 218.421730 90.350904 11.028051 0.000000 20.406852 85.184633 9.819584 256.000000 233.747307 94.653415 35.642247 0.000000 9.082620 123.034724 23.979405 256.000000 244.073355
172.155673 106.013233 64.000000 31.731085 166.980262 108.404240 256.000000 209.562842 126.987675 119.396747 64.000000 17.463929 126.028576 118.636569 256.000000 248.100513 25.916238 85.930833 64.000000 8.850284 26.179273 88.327044 256.000000 20.643491 85.443644 95.256945 64.000000 18.711659 85.115593 105.632136 256.000000 242.076985
164.055222 41.706422 64.000000 11.449006 164.696631 42.703036 256.000000 246.637656 75.900980 129.781500 0.000000 20.979088 69.855029 132.813835 256.000000 251.172513 46.665349 99.270213 64.000000 58.441129 45.774451 97.515585 256.000000 191.741804 18.961227 190.167156 0.000000 14.632871 33.268118 197.655020 256.000000 218.103344
64.134102 44.910782 0.000000 9.164368 70.862358 39.742631 256.000000 241.887674 65.391489 178.651325 64.000000 13.892837 77.305909 187.586278 256.000000 281.918320 143.966589 124.482551 64.000000 32.552866 140.858622 129.037945 256.000000 232.697492 117.845560 128.212204 64.000000 18.092097 110.823287 146.537649 256.000000 223.984889
2.372933 169.499325 0.000000 31.980631 6.331631 167.897811 256.000000 217.729025 89.312647 44.078720 64.000000 76.133091 87.619060 43.496507 256.000000 186.621805 153.533331 17.327927 0.000000 18.255592 152.310335 15.746818 256.000000 243.251573 57.436098 138.651549 0.000000 36.481067 63.257880 131.053529 256.000000 212.036791
113.468633 84.096015 64.000000 12.688131 115.961493 88.334045 256.000000 222.272486 29.656916 94.649611 64.000000 17.567189 39.809969 88.065207 256.000000 244.606867 156.955900 96.356809 64.000000 24.132835 156.297120 97.753695 256.000000 239.375003 70.432151 84.458938 64.000000 14.370417 71.337058 73.247193 256.000000 246.396715
53.672684 91.742720 0.000000 45.580897 48.315011 93.181129 256.000000 215.031345 3.837027 65.600167 64.000000 16.564702 6.565978 60.927544 256.000000 244.081960 9.558311 51.145711 64.000000 10.403493 8.112055 52.238038 256.000000 257.720948 133.226416 129.285793 64.000000 19.826012 132.518765 129.250275 256.000000 225.615544
39.346242 107.190235 64.000000 18.548164 38.393538 105.990764 256.000000 241.737086 93.725875 97.012562 0.000000 35.121471 49.353600 102.354915 256.000000 225.873695 18.338807 183.024289 0.000000 26.413170 21.886427 181.749320 256.000000 230.696820 76.838942 181.165769 64.000000 18.483626 75.656056 180.336693 256.000000 235.347844
4.976124 184.436691 64.000000 24.644835 27.458049 186.315555 256.000000 233.114836 51.145773 39.748740 0.000000 9.697880 56.182845 40.607776 256.000000 248.801824 66.581571 87.358213 64.000000 10.833745 67.119818 95.958876 256.000000 235.816819 34.621905 144.374791 64.000000 12.318115 64.273525 194.261818 256.000000 267.900710
139.003009 131.048435 0.000000 23.285238 134.918113 121.755336 256.000000 240.407608 59.545993 127.158145 0.000000 30.207993 58.410516 122.168515 256.000000 225.219712 163.169618 162.807631 0.000000 24.511456 154.146571 178.700358 256.000000 211.757127 59.725165 220.897838 0.000000 35.306479 61.405193 215.350700 256.000000 222.414469
75.405413 96.421722 64.000000 17.610214 74.174098 96.916300 256.000000 241.655338 18.388684 126.678331 0.000000 16.693778 21.662318 125.724860 256.000000 231.892920 85.896895 32.699375 0.000000 14.335997 94.612844 46.565147 256.000000 234.732584 134.815598 195.551707 64.000000 30.956631 133.252640 194.638884 256.000000 217.522504
58.121231 92.188902 64.000000 54.577466 59.308316 96.001102 256.000000 202.248558 16.333580 59.693760 64.000000 11.066081 18.148891 62.566540 256.000000 234.405592 56.192825 170.607891 64.000000 24.855658 55.774116 169.459795 256.000000 231.772450 24.752631 164.304925 0.000000 35.672193 26.991518 159.301218 256.000000 225.675779
2.895782 173.840875 0.000000 39.970411 2.415033 170.281002 256.000000 213.185563 91.709065 69.476822 64.000000 10.863863 90.823562 68.257062 256.000000 248.672748 122.535047 162.632760 0.000000 36.321874 120.550358 157.172467 256.000000 207.751481 48.612869 53.563091 64.000000 40.133907 48.428425 55.623624 256.000000 207.162035
16.518871 58.171058 64.000000 23.203490 21.380204 59.078296 256.000000 230.159005 35.017213 23.356598 0.000000 11.074686 38.275025 17.827604 256.000000 244.538027 50.153591 84.448087 0.000000 13.759459 46.883793 84.825035 256.000000 257.282091 46.695131 22.464902 0.000000 23.990852 32.772991 29.688725 256.000000 252.093252
39.362096 172.338411 64.000000 14.155291 34.278104 172.827585 256.000000 226.510468 7.657787 146.166144 0.000000 26.520733 5.554765 142.049376 256.000000 237.232348 17.695435 158.722247 0.000000 12.619291 20.932733 161.241327 256.000000 228.941392 23.352513 102.057207 64.000000 17.941508 26.549416 100.385138 256.000000 242.838531
64.471196 29.882858 64.000000 20.075558 62.858795 33.901947 256.000000 233.471945 63.649609 45.218336 0.000000 23.427221 61.558869 44.521273 256.000000 241.840347 17.336764 130.080367 0.000000 24.890078 25.744127 126.834776 256.000000 245.712615 103.068551 190.441102 64.000000 22.747423 92.310358 208.247235 256.000000 229.724450
141.146607 192.453520 0.000000 35.190311 141.858611 186.901264 256.000000 233.411710 49.459344 201.804356 64.000000 11.173644 45.796444 203.579418 256.000000 241.246599 19.513436 125.517320 64.000000 18.302920 17.792036 122.378102 256.000000 222.276788 0.605618 34.451922 0.000000 11.268300 2.386611 35.956529 256.000000 244.460581
104.970118 135.263640 64.000000 21.069440 149.060313 131.708565 256.000000 222.861931 72.044024 126.393365 64.000000 16.797038 70.978047 123.051473 256.000000 238.209020 106.164738 20.007655 0.000000 9.624737 202.340300 30.829687 256.000000 241.225086 25.971676 219.507631 0.000000 21.275961 27.021558 218.214795 256.000000 245.574934
170.489527 69.569338 0.000000 32.221572 166.560180 74.591991 256.000000 220.289024 14.950371 126.836633 64.000000 13.806787 5.596962 130.615396 256.000000 260.857485 13.621989 86.889236 0.000000 14.774854 13.987833 80.907378 256.000000 238.058432 26.652920 118.370676 64.000000 9.775325 22.983507 116.779675 256.000000 233.884987
20.254105 134.187629 0.000000 25.552666 24.077431 128.917960 256.000000 210.229732 20.273304 132.337924 64.000000 13.497005 23.141575 151.243013 256.000000 247.480950 94.214467 218.486658 64.000000 10.855258 92.502009 219.813825 256.000000 243.049355 27.198942 179.437367 64.000000 47.375048 29.440520 175.246562 256.000000 219.234907
69.380018 139.367293 0.000000 18.354550 72.203704 137.328740 256.000000 248.896479 58.052636 225.685075 64.000000 49.466072 57.082967 224.507498 256.000000 231.884315 145.046724 65.422791 0.000000 17.287525 144.160035 67.327484 256.000000 227.177359 2.507265 170.963735 0.000000 43.825469 4.644995 166.098387 256.000000 207.433094
21.995098 196.324682 0.000000 36.308966 15.900965 192.580162 256.000000 207.575077 41.173127 95.000767 0.000000 8.867494 58.922311 117.388111 256.000000 222.896351 83.130796 132.505002 64.000000 47.379350 184.208982 80.882924 256.000000 228.339039 31.460062 39.047487 64.000000 32.337740 31.038407 48.263547 256.000000 226.433023
72.238771 101.133478 64.000000 14.404837 75.927527 98.108040 256.000000 52.477836 149.650309 1.519524 64.000000 13.436770 149.853516 1.891102 256.000000 241.861859 41.657442 37.392520 64.000000 21.947155 42.290584 41.641018 256.000000 236.888146 35.509413 25.335669 0.000000 21.301777 18.160662 21.108951 256.000000 239.314767
148.236722 4.904602 0.000000 27.863120 142.849525 8.796605 256.000000 224.139779 69.963349 98.712593 0.000000 8.932032 68.749775 99.264402 256.000000 243.797993 163.979844 115.131871 0.000000 39.178747 158.267951 114.744727 256.000000 225.972653 8.852495 220.880264 0.000000 27.140296 7.600442 216.164395 256.000000 216.455479
