151.705800 11.905265 0.000000 23.194885 150.335380 15.406575 256.000000 245.222127 51.445296 69.475296 0.000000 9.237510 58.519256 65.565896 256.000000 242.317926 80.822089 145.803753 0.000000 16.723895 82.602307 144.003569 256.000000 259.635569 13.711691 210.762631 64.000000 10.360468 15.981296 213.930169 256.000000 259.308578
88.394333 141.505998 0.000000 22.984062 86.661536 143.775362 256.000000 205.707784 106.783965 58.334618 0.000000 13.458283 111.159164 48.874620 256.000000 246.241825 114.220584 108.074269 0.000000 10.016267 117.968395 112.939251 256.000000 234.538970 97.989898 143.792695 64.000000 43.089738 96.881940 135.548073 256.000000 226.755712
131.343136 101.392327 64.000000 17.554282 130.179824 103.665585 256.000000 250.363639 53.783345 117.106716 0.000000 12.825812 57.387602 115.798205 256.000000 243.118195 173.383827 54.054785 0.000000 19.064466 173.347960 55.717825 256.000000 230.369828 73.320389 15.663595 64.000000 10.016267 74.424591 16.025498 256.000000 241.096011
79.498115 93.164222 64.000000 20.277777 80.716235 87.634195 256.000000 246.869993 103.906342 0.936804 64.000000 52.159450 89.145633 39.366002 256.000000 212.669261 53.470845 194.254196 0.000000 52.460626 54.168636 194.971727 256.000000 214.953899 2.768664 166.534965 0.000000 13.010820 2.371824 165.215427 256.000000 248.332849
148.656927 72.465880 64.000000 13.858417 150.339022 66.545442 256.000000 252.415941 42.799125 150.224695 0.000000 16.887391 46.191645 148.552109 256.000000 234.255004 122.913582 62.388816 0.000000 16.401206 123.580084 59.200880 256.000000 218.215209 21.995098 196.324682 0.000000 36.308966 15.900965 192.580162 256.000000 207.575077
24.392829 105.426544 64.000000 9.091225 19.277140 109.523236 256.000000 245.097354 45.174371 94.850118 0.000000 41.213839 58.268271 91.865520 256.000000 205.793834 40.827058 48.406571 64.000000 14.125173 42.325915 43.132398 256.000000 239.904213 4.285720 177.997860 0.000000 14.404837 4.489453 181.195715 256.000000 240.657154
58.552840 68.627649 0.000000 14.168198 54.684716 66.679809 256.000000 243.862531 180.400020 37.103678 64.000000 42.267956 177.416622 37.804056 256.000000 209.928556 61.972640 51.469189 0.000000 32.225875 63.134298 68.245576 256.000000 228.838131 98.865836 79.969220 0.000000 20.419760 102.049502 72.049715 256.000000 222.384351
117.386418 167.907178 64.000000 21.572835 117.691358 170.376167 256.000000 243.178430 22.586236 125.889958 64.000000 12.610686 21.454209 124.750631 256.000000 225.383208 64.145658 214.262895 64.000000 28.125573 31.380571 216.915891 256.000000 224.965863 84.155249 37.458182 0.000000 30.569405 85.198633 42.290051 256.000000 243.526935
148.274682 141.929867 0.000000 30.242413 132.176822 131.090789 256.000000 224.832485 128.975316 9.342176 64.000000 32.918581 129.588589 10.907895 256.000000 236.875239 187.348636 27.720556 64.000000 10.717577 188.270122 25.712145 256.000000 235.369357 90.386780 130.897556 64.000000 50.034005 92.475251 139.258216 256.000000 230.365526
168.265993 66.234905 0.000000 15.342786 168.765796 69.914485 256.000000 262.367670 31.466451 111.848115 64.000000 14.047728 33.644885 110.475518 256.000000 246.323573 52.958107 148.508600 64.000000 35.069841 57.502473 147.311713 256.000000 214.695748 79.022662 131.582060 0.000000 22.226818 78.345040 128.328071 256.000000 216.063949
79.788011 128.326651 0.000000 19.752869 78.554109 127.227833 256.000000 232.211307 98.038500 73.187562 0.000000 10.463729 97.768451 72.748764 256.000000 238.303675 85.091258 65.101065 64.000000 28.452565 81.591024 65.294395 256.000000 249.442900 44.816851 94.994595 64.000000 33.030446 40.199949 81.098571 256.000000 218.529293
96.081151 63.830182 0.000000 21.835289 94.904789 65.244616 256.000000 233.639744 49.734855 31.232984 0.000000 24.378078 47.512440 38.642784 256.000000 216.838403 100.282307 78.513936 0.000000 10.338956 102.562902 83.556682 256.000000 246.564514 128.497947 54.051878 0.000000 18.466416 130.733885 67.674793 256.000000 246.431136
93.769435 43.266522 0.000000 46.028359 65.008236 48.115425 256.000000 232.955643 75.149773 150.736220 64.000000 45.933704 74.603380 143.938525 256.000000 220.332049 113.475704 67.711318 0.000000 38.017067 107.703027 58.502596 256.000000 215.220655 153.565556 25.487793 64.000000 19.348432 152.803716 26.241675 256.000000 235.081088
68.408193 128.905455 0.000000 12.309510 78.928942 113.861480 256.000000 245.996581 1.227538 160.930384 64.000000 27.759859 3.992445 160.228025 256.000000 240.622734 3.781776 49.709664 0.000000 10.334653 1.319605 52.413598 256.000000 245.368413 54.605349 30.149304 64.000000 16.577610 53.006735 30.230107 256.000000 243.057960
60.969207 61.452349 64.000000 38.090210 65.407462 99.406040 256.000000 223.799880 135.696373 116.789975 0.000000 27.419960 128.959089 123.292525 256.000000 205.780927 195.208287 94.690565 64.000000 17.248803 194.819473 95.400975 256.000000 242.477120 167.958551 102.734515 64.000000 35.074143 169.665905 86.873975 256.000000 11.096199
81.645942 35.124031 64.000000 11.819022 87.654585 37.427033 256.000000 239.805255 161.442542 40.856015 64.000000 24.881473 159.380556 43.045298 256.000000 225.193897 50.023753 84.927885 0.000000 23.754213 44.734071 89.999855 256.000000 230.679610 57.363764 78.455084 0.000000 12.546148 59.067907 85.094033 256.000000 233.424618
70.718375 21.785533 0.000000 36.407924 59.130627 27.580813 256.000000 211.533396 81.712804 55.989925 64.000000 14.594148 86.219473 59.345944 256.000000 237.589457 26.881496 170.209958 64.000000 18.668634 27.413098 167.638395 256.000000 233.734399 126.987675 119.396747 64.000000 17.463929 126.028576 118.636569 256.000000 248.100513
50.661320 13.343282 0.000000 94.427406 50.759442 17.372767 256.000000 154.550821 62.738049 59.141696 64.000000 43.111250 52.687965 61.073667 256.000000 216.614672 97.108227 106.781964 64.000000 8.747023 97.141222 105.962004 256.000000 256.210763 135.388784 85.391753 0.000000 11.350048 142.696445 94.082167 256.000000 246.280547
111.966315 66.729235 64.000000 15.841879 112.118400 69.714047 256.000000 251.525319 17.874247 199.284860 0.000000 14.718921 30.161476 201.143727 256.000000 228.524047 39.733024 143.936327 0.000000 16.758315 37.658924 140.843585 256.000000 244.989791 93.893076 64.336336 64.000000 29.618548 91.993124 59.600613 256.000000 256.172041
111.434924 88.846395 64.000000 26.090481 108.329645 88.081482 256.000000 230.985089 83.658611 68.342885 64.000000 8.716906 83.869751 66.426515 256.000000 254.907100 121.210825 78.310902 64.000000 38.434411 89.520587 103.407829 256.000000 205.832557 42.265247 82.965505 64.000000 39.376663 56.664509 79.224098 256.000000 224.656082
140.305331 57.665624 0.000000 17.975929 141.904100 62.363633 256.000000 250.836916 30.601027 64.010555 0.000000 24.128532 25.637467 51.931947 256.000000 234.074298 100.332040 95.078782 64.000000 14.671593 139.164876 90.035280 256.000000 218.813260 151.148724 58.828400 0.000000 74.829428 148.539413 62.815736 256.000000 182.108462
94.434027 171.674604 0.000000 36.210008 62.868331 154.969798 256.000000 215.960689 82.143225 172.209880 64.000000 15.187896 88.833345 171.622505 256.000000 235.747978 30.713104 21.143996 64.000000 24.950313 31.315673 24.876609 256.000000 239.383608 16.284620 71.552735 64.000000 30.289741 19.257740 70.593173 256.000000 225.400418
37.660340 87.401349 64.000000 13.497005 34.537213 87.956800 256.000000 269.647533 5.524511 18.213415 64.000000 10.011964 7.779247 12.352327 256.000000 268.989248 44.599467 160.775507 0.000000 29.652968 46.367947 156.202273 256.000000 210.066236 114.089773 108.639991 64.000000 16.414114 113.902411 106.606358 256.000000 231.303475
17.878158 45.282936 0.000000 55.128189 27.035513 65.937796 256.000000 192.339854 28.424735 113.891418 0.000000 18.156634 24.725631 112.322067 256.000000 248.139236 96.336289 155.169251 0.000000 16.065610 97.191987 153.944267 256.000000 248.186564 103.634538 165.620035 64.000000 19.103189 98.331653 169.306302 256.000000 209.136892
16.615855 91.183125 64.000000 9.413914 17.478371 91.528740 256.000000 249.606395 103.818156 211.669955 0.000000 14.774854 107.793322 210.984502 256.000000 234.995037 6.523698 77.110531 0.000000 23.655255 10.385933 75.120715 256.000000 239.964448 26.067302 148.799291 0.000000 28.603153 30.220965 146.584818 256.000000 232.959945
38.128180 68.294196 0.000000 35.525908 36.802040 68.853938 256.000000 214.519345 10.742836 27.627824 0.000000 9.284838 7.385667 28.892633 256.000000 258.680410 49.071382 121.038020 64.000000 22.807659 50.663762 119.031224 256.000000 238.161692 79.489549 124.826296 64.000000 17.623122 78.620104 123.338245 256.000000 233.123441
94.650325 193.325262 64.000000 12.649409 86.701016 214.280115 256.000000 241.121826 61.681987 19.305855 64.000000 16.457139 65.373782 23.141476 256.000000 245.566329 144.215498 19.641382 0.000000 10.063594 139.672693 12.737285 256.000000 230.115980 41.921765 182.197856 64.000000 51.707685 38.450113 182.291069 256.000000 201.861331
46.155164 184.400431 64.000000 9.035292 48.500418 187.267662 256.000000 249.103000 154.722829 30.315882 0.000000 24.033877 151.791002 25.546089 256.000000 236.354634 21.024187 192.143004 64.000000 29.123758 15.268413 190.704620 256.000000 236.948381 88.202884 102.429004 64.000000 9.353678 94.212578 103.139895 256.000000 274.522289
115.685365 86.907631 0.000000 17.532769 114.181987 85.446993 256.000000 226.824552 98.456422 17.175013 0.000000 13.527123 97.023649 13.358880 256.000000 241.612313 110.728531 118.487585 64.000000 65.062707 108.628373 114.099815 256.000000 201.727953 26.767735 100.509040 64.000000 24.158650 34.611675 97.846275 256.000000 237.735743
11.421742 95.545187 0.000000 12.907560 6.978993 95.032204 256.000000 245.381321 16.113522 170.543471 64.000000 30.100430 18.432255 166.783500 256.000000 236.178230 158.824398 44.124885 0.000000 29.751926 158.506927 46.618871 256.000000 233.299844 134.561378 92.812820 64.000000 8.613645 139.149138 97.960269 256.000000 275.778624
12.574342 115.355069 64.000000 14.120871 2.905271 112.718682 256.000000 232.843777 69.221236 71.078984 64.000000 25.935591 63.253809 65.758380 256.000000 232.314567 39.181495 122.603773 64.000000 15.403022 43.709013 123.401373 256.000000 252.742932 153.679927 103.589647 0.000000 26.968195 139.760867 104.106675 256.000000 219.338167
196.550525 79.651982 0.000000 14.391929 197.291256 75.224929 256.000000 219.553293 104.795047 126.890469 64.000000 41.777469 106.481107 127.444922 256.000000 229.449089 82.519460 9.956218 64.000000 12.184737 80.994987 11.113695 256.000000 236.427777 34.931145 9.648905 64.000000 31.085707 38.173145 16.221518 256.000000 247.407808
