96.261216 102.240560 0.000000 9.689275 101.467100 117.393053 256.000000 244.374531 12.097740 184.303298 0.000000 16.013979 6.638180 185.440040 256.000000 226.596518 138.719820 131.456416 0.000000 19.950785 140.865015 127.971267 256.000000 227.168753 3.284702 105.068487 64.000000 13.548635 4.367922 103.477844 256.000000 231.221727
116.525573 176.648889 64.000000 9.267628 115.742251 177.558209 256.000000 236.944079 31.998435 92.826351 64.000000 16.388299 18.975876 89.892718 256.000000 242.533052 155.531627 134.972767 0.000000 36.825269 148.151100 134.853240 256.000000 215.569160 107.455458 168.466191 64.000000 10.850955 107.225638 168.654633 256.000000 241.220784
92.174264 98.764740 0.000000 29.971354 92.206942 133.457560 256.000000 221.850839 65.558524 67.818427 0.000000 53.041467 76.095796 57.282760 256.000000 205.617431 124.564520 70.362989 64.000000 19.464600 123.012136 70.618020 256.000000 239.951540 158.178264 174.542102 64.000000 14.938349 153.535516 196.122684 256.000000 247.868177
70.222724 60.143493 0.000000 15.562215 67.047804 62.929629 256.000000 222.530637 104.584565 154.030913 64.000000 24.838448 99.435751 157.263889 256.000000 236.006130 11.262676 102.087404 0.000000 12.675224 14.866496 105.854640 256.000000 251.998596 80.628125 184.905969 0.000000 13.690619 74.208142 199.010944 256.000000 247.016278
111.808555 161.640847 0.000000 32.927186 104.192224 161.358289 256.000000 223.541729 80.216907 191.181555 64.000000 12.567661 92.987369 203.947911 256.000000 256.722763 185.563185 99.238276 64.000000 46.346745 180.505309 101.188209 256.000000 202.657297 185.373695 123.401415 64.000000 33.357438 183.118020 122.683873 256.000000 239.375003
11.118744 72.995644 64.000000 21.443760 11.578755 75.608025 256.000000 241.573590 80.501973 55.022824 64.000000 19.864735 77.042729 56.004935 256.000000 238.226230 41.897587 199.609415 64.000000 29.881001 41.972384 197.465984 256.000000 250.897151 6.854051 201.030160 0.000000 9.835561 7.654138 200.552518 256.000000 243.694733
142.456384 114.602956 0.000000 23.857473 148.095938 97.537513 256.000000 236.105088 55.828980 34.006345 0.000000 11.986821 59.985369 35.944773 256.000000 238.927541 186.494567 66.827056 64.000000 13.987493 187.780115 63.350522 256.000000 246.233220 5.305062 40.585373 64.000000 18.664332 6.465118 42.476422 256.000000 233.919407
52.274480 107.104035 64.000000 22.773238 46.845367 106.007445 256.000000 231.583139 15.403065 129.376216 0.000000 42.564830 19.625831 131.507342 256.000000 205.406607 170.489527 69.569338 0.000000 32.221572 166.560180 74.591991 256.000000 220.289024 110.403438 120.472965 64.000000 18.070584 109.402216 125.930116 256.000000 220.667646
75.852800 73.298258 0.000000 9.469847 71.886007 75.617285 256.000000 235.679138 152.951329 130.691862 64.000000 58.798238 147.542842 132.309549 256.000000 191.651451 109.178293 208.820035 0.000000 26.447590 116.202855 206.349249 256.000000 217.234235 90.722300 206.812796 64.000000 13.471190 93.482000 206.273115 256.000000 242.580380
71.829467 61.462331 64.000000 16.904601 69.284693 56.986518 256.000000 231.157190 26.767735 100.509040 64.000000 24.158650 34.611675 97.846275 256.000000 237.735743 132.254745 95.617764 64.000000 18.586886 132.288778 102.900625 256.000000 218.765932 63.031642 191.715509 64.000000 25.819423 46.462198 196.692745 256.000000 224.574334
97.770882 177.678844 0.000000 24.868566 97.492076 165.598325 256.000000 222.074570 172.779940 31.047020 0.000000 38.847453 149.731725 12.036831 256.000000 225.262737 54.150784 60.002016 64.000000 10.799325 57.001325 65.166235 256.000000 223.653595 28.227093 67.502085 0.000000 26.890750 35.349875 59.047953 256.000000 230.632282
148.548847 96.899904 64.000000 16.895996 150.210502 95.991184 256.000000 232.125257 6.400200 12.614965 0.000000 43.872796 11.777736 26.763136 256.000000 233.144954 28.706753 121.950285 64.000000 31.429909 54.737324 132.565645 256.000000 244.176615 178.365764 18.641527 64.000000 12.012636 185.600584 21.865107 256.000000 232.628651
168.529113 91.601300 64.000000 13.053846 168.218013 90.800018 256.000000 251.903941 165.275338 63.736209 64.000000 30.216598 164.019822 65.284109 256.000000 215.582067 64.529318 124.844564 0.000000 10.102317 77.772925 131.697300 256.000000 244.951069 54.616044 0.193547 0.000000 26.383053 46.917902 11.652038 256.000000 215.461597
84.387898 16.284607 0.000000 28.340699 91.824376 27.616747 256.000000 231.996181 46.665349 99.270213 64.000000 58.441129 45.774451 97.515585 256.000000 191.741804 121.647325 125.253231 0.000000 16.590517 119.820315 127.809096 256.000000 229.758871 52.540149 188.787756 0.000000 23.711188 20.196544 194.739711 256.000000 239.951540
84.136582 220.560169 64.000000 31.507354 88.539269 218.636056 256.000000 234.078601 147.272880 38.159198 64.000000 51.518374 149.551562 21.901984 256.000000 214.192353 19.538933 112.978591 0.000000 8.927729 16.000482 122.827129 256.000000 246.185892 53.661955 28.600135 0.000000 15.110450 62.388900 31.115484 256.000000 254.851167
97.499765 36.890596 0.000000 19.438785 92.297222 32.846067 256.000000 234.069996 73.523582 162.914169 64.000000 17.584399 57.941073 177.223365 256.000000 222.500519 60.969207 61.452349 64.000000 38.090210 65.407462 99.406040 256.000000 223.799880 146.553898 83.978105 64.000000 36.889806 138.145969 89.678995 256.000000 219.437125
51.337493 55.841242 64.000000 25.113809 70.824207 57.257882 256.000000 249.610698 30.904289 102.899113 0.000000 35.568933 31.413405 92.519473 256.000000 238.729625 85.351931 103.371545 64.000000 32.178547 82.915269 98.333304 256.000000 227.194569 13.656287 63.185929 0.000000 10.532569 11.295011 66.024895 256.000000 237.714230
19.252420 134.098738 64.000000 15.545005 8.807758 139.724531 256.000000 241.534868 27.188191 22.442229 64.000000 23.263726 63.717607 37.750664 256.000000 237.968079 106.151464 67.056064 0.000000 35.706613 28.370449 102.971085 256.000000 226.828854 48.888276 3.035969 0.000000 9.082620 57.285416 1.677244 256.000000 245.665287
94.309195 185.275762 64.000000 15.385812 94.662751 185.015647 256.000000 252.691302 24.752631 164.304925 0.000000 35.672193 26.991518 159.301218 256.000000 225.675779 79.395465 119.694622 0.000000 11.539359 79.161347 119.904685 256.000000 255.900982 121.399242 60.704349 0.000000 16.491559 124.812651 66.438678 256.000000 237.916448
46.903309 71.728085 64.000000 11.909375 52.831480 67.899195 256.000000 245.587842 17.837431 16.989916 0.000000 10.691762 14.855482 18.272404 256.000000 255.117923 11.897767 45.138449 0.000000 16.414114 6.494055 48.661905 256.000000 237.271070 96.430342 108.813653 64.000000 9.375191 95.302742 110.362271 256.000000 239.276045
33.234049 110.014884 64.000000 17.872668 33.733976 105.940980 256.000000 235.649020 73.258085 84.299040 64.000000 21.400734 72.378600 77.572285 256.000000 233.596718 41.414605 50.706958 64.000000 14.916837 35.294895 48.668585 256.000000 242.279204 175.323685 111.663289 64.000000 13.578753 182.135367 105.025462 256.000000 242.877254
67.207098 114.751053 0.000000 18.543861 67.195098 111.633829 256.000000 248.694261 124.552331 18.643693 0.000000 15.699895 125.816549 21.362898 256.000000 242.773994 97.741644 158.649615 64.000000 19.778684 108.306293 157.300122 256.000000 248.698564 13.893111 20.264813 0.000000 25.354750 5.259384 26.044336 256.000000 236.298701
153.700075 142.762785 64.000000 23.706885 151.518924 146.614142 256.000000 234.655138 71.465160 125.027213 0.000000 14.602753 69.091344 123.160171 320.000000 213.564185 46.049033 4.126431 64.000000 25.363355 42.629593 5.808533 256.000000 240.928212 77.334853 72.742089 64.000000 14.723223 80.683835 61.928562 256.000000 238.630667
35.479602 214.118636 64.000000 15.902114 40.362047 214.904998 256.000000 239.671877 129.884696 33.697445 64.000000 24.984734 127.836040 34.679527 256.000000 237.679810 64.670518 69.867222 0.000000 14.060635 62.682458 69.769160 256.000000 247.123841 165.287056 55.697962 0.000000 13.114081 166.013711 56.938884 256.000000 259.764645
14.782733 167.770560 64.000000 11.629712 7.310220 172.142651 256.000000 242.382464 187.493262 113.331791 64.000000 13.230249 189.867745 111.154818 256.000000 230.860316 43.564235 88.838036 0.000000 50.623450 44.300958 79.105024 256.000000 217.075042 105.122256 95.676531 0.000000 9.474149 129.927760 111.348411 256.000000 250.036647
126.685978 52.513716 64.000000 13.049543 127.249775 47.647140 256.000000 225.125056 117.835844 146.331633 64.000000 10.657342 135.091704 160.822471 256.000000 243.088077 43.403442 61.256489 64.000000 42.465872 39.350971 95.857562 256.000000 218.748722 157.201389 74.905749 0.000000 10.420703 158.467556 74.513027 256.000000 246.921623
15.452033 95.977913 64.000000 9.504267 14.754636 101.175480 256.000000 232.878198 7.667649 30.992782 64.000000 26.008733 24.016235 29.354564 256.000000 234.418500 41.282485 96.886015 64.000000 10.855258 42.372475 95.191016 256.000000 241.379977 94.284065 63.992133 0.000000 15.704198 91.327338 60.708511 256.000000 235.851239
34.453484 82.291742 0.000000 15.226618 29.613811 84.743878 256.000000 236.311608 149.345276 98.645715 0.000000 23.323961 149.706871 94.562565 256.000000 247.726194 63.531215 46.181540 64.000000 25.875355 51.510355 44.914173 256.000000 237.000012 131.527216 122.963213 64.000000 38.305336 122.757565 103.821824 256.000000 219.738301
72.675980 95.396744 0.000000 14.607055 72.508698 92.366136 256.000000 244.856413 48.292851 12.385653 0.000000 27.161809 77.825796 82.409104 256.000000 229.375946 92.617525 64.051267 0.000000 20.996298 89.065522 54.712675 256.000000 231.359408 35.588591 58.633684 0.000000 19.357037 39.532822 60.909033 256.000000 239.805255
10.988336 68.355613 0.000000 9.228905 11.368115 70.763780 256.000000 242.236179 27.699311 223.360496 64.000000 12.804300 28.403422 223.432184 256.000000 236.031945 37.005765 21.943620 64.000000 13.230249 36.310262 23.348309 256.000000 237.770163 43.185227 26.159485 64.000000 18.100702 48.098829 27.993369 256.000000 243.729153
84.035451 70.293936 64.000000 17.709172 82.737115 69.356382 256.000000 217.931243 36.445185 155.893665 64.000000 71.185193 37.965918 144.714700 256.000000 185.391284 10.155067 131.231324 64.000000 28.573035 14.609642 128.645198 256.000000 217.849495 36.652802 95.104833 64.000000 9.792536 41.236985 95.820011 256.000000 240.442028
4.654775 52.965800 0.000000 12.778484 6.345891 55.615051 256.000000 254.575806 138.346880 106.933933 0.000000 9.934519 139.268758 107.970231 256.000000 250.484109 145.046724 65.422791 0.000000 17.287525 144.160035 67.327484 256.000000 227.177359 100.934615 51.768831 64.000000 17.532769 99.247660 50.494000 256.000000 231.793962
