5.470371 185.947998 64.000000 20.449878 1.686704 180.753358 256.000000 242.180246 34.341385 79.661265 0.000000 12.976400 37.365235 83.138824 256.000000 245.983673 117.919722 159.897760 0.000000 27.359725 138.322982 138.570109 256.000000 226.592216 20.224455 122.869455 0.000000 19.658214 21.056564 121.324204 256.000000 234.082903
114.496018 120.833876 64.000000 16.018282 113.048436 126.113102 256.000000 232.835172 29.280545 128.312682 0.000000 28.861304 19.087105 106.726178 256.000000 235.025155 170.281976 118.606555 64.000000 40.168327 165.353196 116.893511 256.000000 208.470002 141.612211 79.407922 0.000000 11.565174 148.297515 88.217416 256.000000 234.001155
82.590565 68.732560 0.000000 8.936334 82.512684 70.822567 256.000000 247.528278 168.783373 140.140029 0.000000 50.541702 161.636398 134.392633 256.000000 204.580523 69.470871 80.403971 0.000000 30.087522 52.945062 85.563296 256.000000 222.883444 91.212784 12.167238 0.000000 8.906216 97.531929 10.358689 256.000000 252.626764
42.335064 13.234591 0.000000 71.727311 42.084591 9.950822 256.000000 192.778711 172.045913 72.252447 64.000000 18.660029 170.577453 76.519153 256.000000 235.963104 34.766696 108.665462 0.000000 27.269372 35.709822 102.247949 256.000000 227.685056 159.272715 149.674216 0.000000 40.034949 136.460920 146.499356 256.000000 211.559211
4.482585 60.947360 0.000000 28.073943 9.253745 64.017365 256.000000 234.835844 6.051564 142.714784 64.000000 17.971626 10.664324 144.332764 256.000000 234.934802 5.744835 54.428362 64.000000 14.585543 5.269593 56.770425 256.000000 229.866434 153.700075 142.762785 64.000000 23.706885 151.518924 146.614142 256.000000 234.655138
124.774651 38.559727 64.000000 39.208865 118.427867 35.499958 256.000000 225.654266 36.676265 179.422151 64.000000 29.519590 44.708624 174.545935 256.000000 254.395100 67.207098 114.751053 0.000000 18.543861 67.195098 111.633829 256.000000 248.694261 92.960904 110.383084 0.000000 37.449134 83.805651 108.003365 256.000000 210.655682
13.324131 58.957018 64.000000 32.888463 3.053933 54.555411 256.000000 225.206804 156.488882 52.032149 64.000000 8.884704 157.298800 52.601982 256.000000 245.226430 6.752664 144.168171 64.000000 43.928729 8.539953 131.567016 256.000000 208.168825 16.451427 70.838936 0.000000 17.442416 17.785898 77.314669 256.000000 245.230732
122.841618 56.583229 0.000000 26.606784 118.281218 45.986187 256.000000 242.795506 41.346738 188.365358 0.000000 12.442888 41.895271 190.523922 256.000000 252.166395 15.443827 173.900460 0.000000 11.965308 12.701275 174.388029 256.000000 235.627508 156.828725 23.579238 64.000000 55.003416 155.217329 24.364844 256.000000 193.630610
4.763985 131.091376 0.000000 11.337140 8.067956 133.378438 256.000000 252.859100 13.476255 76.350595 64.000000 24.502851 19.089242 77.472098 256.000000 232.030601 77.604131 78.768571 64.000000 22.738818 73.498882 85.034535 256.000000 244.357321 43.020565 34.320745 0.000000 19.645306 43.288682 37.976273 256.000000 229.023140
92.757333 191.152113 0.000000 15.033005 95.058691 191.437778 256.000000 236.776281 97.108227 106.781964 64.000000 8.747023 97.141222 105.962004 256.000000 256.210763 133.065567 43.853702 64.000000 36.102445 128.945265 44.125162 256.000000 207.544960 103.464347 23.560178 0.000000 12.335325 102.290080 21.920531 256.000000 258.465284
110.884967 134.383600 64.000000 25.957103 103.539127 142.088709 256.000000 229.896551 76.739367 192.612287 0.000000 29.054918 74.088898 196.664945 256.000000 231.359408 147.170053 100.481864 64.000000 24.868566 163.232475 84.439664 256.000000 229.307106 58.172944 40.653816 0.000000 9.181578 63.734391 37.319909 256.000000 233.824752
65.552865 121.856040 0.000000 35.302177 60.589653 114.774555 256.000000 216.786773 60.770935 166.243429 0.000000 15.523492 51.212524 175.573658 256.000000 259.484981 63.314353 129.041467 64.000000 33.921068 71.427120 130.157224 256.000000 211.258035 43.219804 154.735115 64.000000 10.059292 44.747007 154.264742 256.000000 246.874295
29.696965 61.576584 0.000000 31.808530 35.435462 58.682685 256.000000 230.954971 139.988422 153.281815 0.000000 10.786418 144.404969 151.643400 256.000000 244.817691 67.046991 127.827973 0.000000 16.564702 65.176187 129.762689 256.000000 233.467643 16.316124 59.340291 64.000000 12.477308 19.086815 56.692578 256.000000 226.893392
73.327024 68.915895 0.000000 56.767449 71.376355 66.825856 256.000000 198.600021 157.199038 90.543456 0.000000 9.396704 159.097991 95.104860 256.000000 244.150800 76.011825 165.580747 0.000000 32.273203 78.301642 166.587213 256.000000 231.243240 81.962985 53.185318 0.000000 18.371760 81.113389 50.663324 256.000000 258.555637
80.469416 185.926373 0.000000 37.513672 78.412244 181.744404 256.000000 225.598334 57.429002 47.882036 64.000000 15.867694 55.856078 50.611480 256.000000 236.617087 162.018649 173.535336 64.000000 38.227890 159.539758 173.632935 256.000000 219.914705 42.596765 186.016191 0.000000 19.967995 38.965478 184.887505 256.000000 237.851911
48.157249 144.147985 64.000000 12.146014 47.918496 142.553751 256.000000 249.920479 119.400125 137.492704 64.000000 11.698552 120.175245 137.461687 256.000000 260.590729 38.894698 8.981445 0.000000 10.416401 20.254798 0.551256 256.000000 237.283978 173.890985 37.565131 64.000000 12.877442 180.354458 20.076735 256.000000 249.485925
146.404731 78.182707 0.000000 10.222788 148.831656 82.190160 256.000000 228.511140 91.618011 96.077042 64.000000 41.368730 63.049875 83.136140 256.000000 195.975483 82.811735 48.119747 0.000000 36.678983 62.570049 64.930675 256.000000 214.291311 17.934540 60.642004 0.000000 17.128332 19.568229 55.065742 256.000000 254.300445
82.122811 103.064245 64.000000 16.633542 89.065105 96.489956 256.000000 223.769763 30.359931 154.112727 64.000000 11.853443 28.870515 153.343060 256.000000 248.513555 93.082513 66.563940 64.000000 27.906145 95.025660 70.839235 256.000000 221.627108 77.082156 138.597982 64.000000 37.582512 81.091775 127.100889 256.000000 211.137564
17.695435 158.722247 0.000000 12.619291 20.932733 161.241327 256.000000 228.941392 1.413891 173.300456 64.000000 23.108835 39.278069 187.473482 256.000000 220.254604 24.338945 104.556422 64.000000 15.007190 27.190507 103.239689 256.000000 258.017822 68.693144 110.341615 64.000000 11.952401 75.819742 109.619422 256.000000 227.994837
104.160093 115.248535 64.000000 35.121471 122.232162 106.482204 256.000000 227.482837 91.625231 59.369316 0.000000 9.710788 97.144800 63.579778 256.000000 248.083303 2.372933 169.499325 0.000000 31.980631 6.331631 167.897811 256.000000 217.729025 52.346904 132.246356 0.000000 20.948970 60.052349 128.208524 256.000000 247.321757
73.523582 162.914169 64.000000 17.584399 57.941073 177.223365 256.000000 222.500519 53.833235 131.236007 0.000000 11.763090 57.473884 132.427791 256.000000 250.488412 100.707513 154.660242 0.000000 37.556697 99.041516 149.591811 256.000000 237.000012 115.171384 132.500165 0.000000 11.590989 114.915982 131.948744 256.000000 237.154902
36.195558 138.182978 64.000000 52.873668 30.180204 108.928005 256.000000 213.189866 78.666462 203.862282 0.000000 18.294315 73.664729 207.155945 256.000000 217.664487 96.194053 38.862358 64.000000 17.231593 97.670802 41.942775 256.000000 242.132918 86.209215 166.836916 0.000000 26.417473 83.775091 165.548505 256.000000 218.120554
13.750282 10.684022 64.000000 22.420432 23.384805 11.923582 256.000000 240.549591 188.622940 109.204620 0.000000 37.668563 179.767475 107.473880 256.000000 207.992422 106.500104 13.520082 64.000000 10.278720 115.499509 4.555662 256.000000 237.886331 30.423956 11.874464 0.000000 22.876499 30.590880 15.805967 256.000000 260.655267
91.039027 30.508669 64.000000 29.584128 91.129353 31.471673 256.000000 219.505965 103.818156 211.669955 0.000000 14.774854 107.793322 210.984502 256.000000 234.995037 90.196784 40.513240 64.000000 12.765577 88.165184 39.900018 256.000000 246.388110 25.697802 177.816249 0.000000 18.492231 23.762302 175.991015 256.000000 226.510468
138.203596 158.412851 64.000000 36.524092 135.302318 156.882522 256.000000 208.543144 118.668445 202.129833 0.000000 23.371289 118.867307 198.428758 256.000000 223.231948 28.185555 105.637638 0.000000 30.775926 35.167456 96.739195 256.000000 222.784486 72.956655 12.436527 64.000000 23.900499 66.317969 16.953136 256.000000 241.573590
77.558213 67.133800 64.000000 16.039795 75.250956 67.667193 256.000000 241.956515 45.545256 14.155000 0.000000 33.705942 46.548500 20.307518 256.000000 222.160620 30.363607 19.849955 0.000000 12.339627 31.059984 21.458738 256.000000 236.371844 72.458542 81.759647 0.000000 12.645106 69.238944 81.793969 256.000000 228.816619
56.218849 151.250540 0.000000 15.153475 56.268862 150.566485 256.000000 233.928012 45.453065 152.157955 0.000000 22.717306 45.933856 151.730485 256.000000 231.238937 10.676987 88.213555 64.000000 44.604225 17.375604 80.148707 256.000000 227.142938 59.453129 229.706502 64.000000 19.120399 62.289287 218.725742 256.000000 233.394500
114.879025 144.677905 64.000000 16.061307 113.676151 145.417282 256.000000 252.764445 0.921738 79.650640 64.000000 9.276233 0.921295 77.923387 256.000000 245.260850 121.760667 161.875527 0.000000 15.398719 121.404045 161.797715 256.000000 239.189994 73.750447 135.177778 0.000000 26.124901 112.099833 88.185176 256.000000 217.952756
20.604051 212.788242 64.000000 41.932360 22.452251 202.415471 256.000000 217.100857 48.715444 102.749345 64.000000 11.134922 50.791027 104.315775 256.000000 248.010160 14.045885 184.637504 64.000000 39.183050 12.424127 178.620307 256.000000 222.238066 97.304304 12.048496 64.000000 16.065610 91.853062 15.975922 256.000000 237.916448
42.400482 22.586820 0.000000 11.513544 54.436205 10.226076 256.000000 225.976955 48.292851 12.385653 0.000000 27.161809 77.825796 82.409104 256.000000 229.375946 141.018589 73.088109 64.000000 8.850284 133.899555 72.077964 256.000000 236.939776 28.136462 186.115193 0.000000 18.918180 37.678809 191.971800 256.000000 228.842434
39.566238 99.110196 64.000000 28.848397 50.694376 89.868204 256.000000 227.934602 107.477842 197.815785 64.000000 44.247116 105.497600 190.272575 256.000000 203.659784 155.426913 160.143784 64.000000 11.978216 155.783631 159.557398 256.000000 256.180646 14.852133 105.945835 0.000000 20.914550 28.529904 97.159033 256.000000 231.824080
137.946167 109.218802 0.000000 61.259280 126.656758 98.545716 256.000000 199.877869 29.860005 138.089495 0.000000 16.775525 20.709164 146.977416 256.000000 247.924110 22.667435 74.932415 0.000000 18.888063 27.659396 76.015916 256.000000 210.212522 179.207438 18.132211 0.000000 34.669706 163.233793 19.172838 256.000000 228.644518
