41.631918 93.208747 0.000000 29.265741 31.009296 90.580989 256.000000 225.989863 96.108780 132.438538 64.000000 27.196229 95.087256 131.429767 256.000000 232.839475 65.966607 108.024138 0.000000 92.740819 66.438907 108.865060 256.000000 162.355592 143.966589 124.482551 64.000000 32.552866 140.858622 129.037945 256.000000 232.697492
41.894729 128.676638 0.000000 26.770279 55.655640 115.037045 256.000000 214.334336 34.638475 92.951553 64.000000 16.285038 38.269567 95.297475 256.000000 250.273286 87.006205 105.639373 64.000000 14.155291 86.594949 105.020378 256.000000 243.234363 19.711635 99.622204 0.000000 16.857273 26.087296 102.134556 256.000000 234.194769
110.637009 40.931269 0.000000 29.300161 102.668438 38.463215 256.000000 213.030673 130.924116 96.402669 0.000000 21.465272 129.605998 96.426053 256.000000 249.150328 51.449187 130.878785 64.000000 18.776197 47.017778 129.563264 256.000000 234.280819 151.300249 153.870095 0.000000 12.756972 146.854976 152.464176 256.000000 228.687543
27.823949 63.949616 0.000000 8.841679 25.778944 65.926809 256.000000 242.649220 89.529402 214.700113 64.000000 9.512872 87.640271 216.671535 256.000000 249.029858 16.411013 69.167498 0.000000 32.187152 39.747429 69.893911 256.000000 229.363039 100.509338 178.095718 0.000000 33.288597 100.295702 168.861435 256.000000 226.910602
35.597676 70.812565 64.000000 16.328063 31.774456 69.988342 256.000000 242.989120 61.638742 65.037853 64.000000 10.717577 60.493549 67.282913 256.000000 245.949253 13.995740 66.305984 64.000000 40.013436 51.781107 24.213858 256.000000 230.382736 28.935753 130.093869 0.000000 38.929201 38.129936 108.293460 256.000000 223.997796
156.125245 116.726785 64.000000 34.015723 153.466513 115.334644 256.000000 231.531509 121.158158 70.727585 0.000000 24.003759 119.187722 80.728087 256.000000 230.584954 24.132382 176.895027 64.000000 33.404765 21.194095 174.309673 256.000000 219.376890 4.479284 105.573858 64.000000 22.110650 6.219300 103.285645 256.000000 240.975540
84.136582 220.560169 64.000000 31.507354 88.539269 218.636056 256.000000 234.078601 73.907073 85.199971 64.000000 9.676367 83.206198 82.148160 256.000000 250.832613 57.986169 70.435680 0.000000 20.583256 68.104260 59.362458 256.000000 239.013591 107.173578 85.154125 0.000000 20.613373 104.785133 85.571400 256.000000 232.271542
23.367335 23.716629 64.000000 48.777669 36.381840 43.230727 256.000000 217.389126 185.639733 90.588958 0.000000 34.596563 166.404760 81.104022 256.000000 230.705425 169.481160 114.341538 64.000000 41.743049 162.836040 107.508276 256.000000 228.278804 137.735602 108.646315 0.000000 16.745408 140.418202 104.396458 256.000000 235.472617
10.742836 27.627824 0.000000 9.284838 7.385667 28.892633 256.000000 258.680410 21.426833 71.801689 0.000000 13.178619 28.353511 73.046296 256.000000 238.682297 111.538225 49.414282 64.000000 11.315628 116.882809 42.972840 256.000000 248.354362 132.611718 39.715607 0.000000 26.886447 123.742133 25.307864 256.000000 246.814060
59.913495 58.316842 0.000000 23.534784 54.736604 57.767262 256.000000 233.325660 59.684571 142.837867 64.000000 20.819894 68.654338 146.831145 256.000000 232.318870 101.409915 51.733402 0.000000 12.627896 99.888958 49.800718 256.000000 242.825624 118.441589 48.513993 0.000000 11.388770 118.479262 43.487067 256.000000 239.392213
191.845936 82.146535 0.000000 19.972298 193.118609 109.752218 256.000000 236.819306 73.327024 68.915895 0.000000 56.767449 71.376355 66.825856 256.000000 198.600021 8.320491 47.894367 64.000000 12.666619 4.747907 49.654144 256.000000 254.696276 48.995018 130.763958 64.000000 36.145471 40.533971 116.351689 256.000000 212.389597
69.572307 135.447705 64.000000 16.160265 88.086982 124.405600 256.000000 229.272686 42.265247 82.965505 64.000000 39.376663 56.664509 79.224098 256.000000 224.656082 35.928876 80.603860 64.000000 39.639117 39.274893 88.138258 256.000000 206.869464 93.836705 125.603573 64.000000 17.786618 103.904971 123.566700 256.000000 241.478935
43.971589 9.083276 64.000000 43.283351 52.534462 21.499160 256.000000 219.290839 80.353758 53.508256 0.000000 17.326248 78.369678 45.292502 256.000000 234.440012 118.323649 0.285393 64.000000 27.333910 117.966153 3.391458 256.000000 222.603780 61.546524 207.216045 0.000000 22.355894 62.516567 206.207231 256.000000 230.313896
131.527216 122.963213 64.000000 38.305336 122.757565 103.821824 256.000000 219.738301 48.607022 190.166471 64.000000 15.084635 44.677344 189.900267 256.000000 222.160620 110.987427 86.211798 0.000000 27.979288 107.569058 73.634915 256.000000 231.953156 104.022325 99.088260 0.000000 24.902986 104.811847 94.821456 256.000000 244.340111
77.772633 95.398865 64.000000 9.715090 82.387287 93.358367 256.000000 242.881557 156.828725 23.579238 64.000000 55.003416 155.217329 24.364844 256.000000 193.630610 144.215498 19.641382 0.000000 10.063594 139.672693 12.737285 256.000000 230.115980 12.097740 184.303298 0.000000 16.013979 6.638180 185.440040 256.000000 226.596518
131.601713 41.720162 64.000000 15.648265 131.012522 41.305907 256.000000 245.914833 53.833235 131.236007 0.000000 11.763090 57.473884 132.427791 256.000000 250.488412 5.988435 179.693427 0.000000 15.962349 11.974409 188.253905 256.000000 246.667774 104.989685 57.777318 0.000000 23.052902 109.966716 71.230445 256.000000 238.213322
39.568313 77.333111 0.000000 11.070384 39.902313 74.306769 256.000000 250.957387 142.202940 85.072442 0.000000 10.214182 141.535887 85.068822 256.000000 251.103672 92.678140 121.839024 0.000000 26.314212 92.213302 116.312642 256.000000 233.351475 36.803989 68.999505 64.000000 13.707829 32.946824 71.777545 256.000000 247.472345
71.302495 108.580689 64.000000 23.952129 70.795615 101.881067 256.000000 215.280891 52.965127 133.767973 64.000000 38.348361 45.092216 125.377133 256.000000 223.236250 26.067302 148.799291 0.000000 28.603153 30.220965 146.584818 256.000000 232.959945 101.455913 38.546889 0.000000 8.768536 101.687258 39.058967 256.000000 246.921623
14.850287 95.366520 0.000000 9.319258 15.986207 98.273255 256.000000 249.791404 77.842487 142.264985 0.000000 31.941908 74.468849 136.961349 256.000000 225.576821 83.080105 52.841676 64.000000 10.588502 85.822713 56.711007 256.000000 254.524176 39.366278 134.066078 0.000000 37.913806 52.126691 122.604282 256.000000 214.700051
82.396724 102.091376 0.000000 10.330351 80.729275 103.111909 256.000000 237.765860 76.011825 165.580747 0.000000 32.273203 78.301642 166.587213 256.000000 231.243240 58.718605 173.916425 64.000000 27.514615 53.293745 173.070125 256.000000 222.246671 29.616918 21.785802 64.000000 24.773910 25.552400 22.861838 256.000000 243.612985
98.456422 17.175013 0.000000 13.527123 97.023649 13.358880 256.000000 241.612313 24.845113 30.073053 0.000000 9.061107 16.153091 15.217713 256.000000 257.161620 49.719665 43.831056 64.000000 27.308094 52.056500 51.723853 256.000000 239.086734 3.781776 49.709664 0.000000 10.334653 1.319605 52.413598 256.000000 245.368413
24.682531 141.253156 64.000000 42.100158 26.303105 137.965091 256.000000 209.136892 65.642622 131.641896 64.000000 10.205577 67.518142 130.515493 256.000000 234.999340 6.239802 53.172285 64.000000 35.913134 124.684022 49.834662 256.000000 224.970166 48.829115 50.525087 0.000000 20.531625 48.732893 55.363551 256.000000 240.183876
110.884967 134.383600 64.000000 25.957103 103.539127 142.088709 256.000000 229.896551 101.452973 44.527807 64.000000 28.882817 96.066711 55.293458 256.000000 216.472689 20.254105 134.187629 0.000000 25.552666 24.077431 128.917960 256.000000 210.229732 20.740631 54.454364 64.000000 14.895324 23.587220 53.190880 256.000000 253.620646
79.788011 128.326651 0.000000 19.752869 78.554109 127.227833 256.000000 232.211307 50.707769 80.554858 64.000000 19.550651 45.507407 81.994980 256.000000 227.827039 96.590756 108.846300 0.000000 17.033677 99.727211 102.094949 256.000000 227.637728 100.441116 150.600907 64.000000 13.983190 99.909655 151.824033 256.000000 242.842834
2.895782 173.840875 0.000000 39.970411 2.415033 170.281002 256.000000 213.185563 72.044024 126.393365 64.000000 16.797038 70.978047 123.051473 256.000000 238.209020 3.670638 119.854302 0.000000 18.165239 12.205184 130.190871 256.000000 239.271742 31.022807 172.318958 64.000000 38.098815 37.522900 158.186909 256.000000 221.553965
175.303536 11.550082 64.000000 12.481611 175.001291 3.088404 256.000000 230.636585 38.785744 0.852631 0.000000 23.263726 43.076189 3.907884 256.000000 229.926669 69.111173 115.141782 64.000000 23.332566 65.434929 111.732473 256.000000 237.172112 19.475255 101.299287 64.000000 18.061979 23.248405 103.874829 256.000000 233.192281
142.348431 126.465167 64.000000 24.094112 141.456529 124.016318 256.000000 242.214666 183.212531 99.909835 0.000000 17.438114 189.160625 89.402245 256.000000 220.491242 98.408904 82.428738 0.000000 34.368530 96.186482 103.021316 256.000000 213.465227 10.918882 72.038024 0.000000 24.928801 19.156651 43.661551 256.000000 225.340182
119.290305 87.546973 0.000000 14.288669 118.817613 89.562053 256.000000 257.923166 51.145773 39.748740 0.000000 9.697880 56.182845 40.607776 256.000000 248.801824 161.316227 38.948985 64.000000 34.523420 161.523695 43.058760 256.000000 217.810772 110.276427 103.907011 0.000000 59.228490 110.634889 107.782682 256.000000 192.434510
40.827058 48.406571 64.000000 14.125173 42.325915 43.132398 256.000000 239.904213 164.054404 50.850473 64.000000 34.433068 164.760091 53.032709 256.000000 228.222871 137.515229 186.284080 0.000000 47.968795 127.094740 183.355207 256.000000 201.293398 62.113027 119.317091 0.000000 13.570148 68.498178 117.974380 256.000000 252.631067
106.430384 19.988685 0.000000 15.988164 103.174507 19.667445 256.000000 252.381521 32.262931 135.378324 0.000000 21.602953 36.568178 135.071553 256.000000 231.264753 8.238425 154.979611 0.000000 8.622250 3.976993 155.641309 256.000000 247.928412 23.230136 222.937356 0.000000 9.314956 26.485918 226.674858 256.000000 260.698292
101.618240 29.818133 64.000000 9.771023 100.472418 29.351200 256.000000 241.836044 113.899640 112.931518 64.000000 25.436498 114.622802 109.898144 256.000000 234.470130 31.660936 36.500387 0.000000 19.739962 41.366436 20.282347 256.000000 241.466027 84.477769 86.978847 64.000000 18.776197 85.290113 82.619273 256.000000 243.230061
154.653144 98.069504 0.000000 27.239254 145.645758 96.071140 256.000000 218.473361 12.039702 77.171676 64.000000 10.825140 8.762440 76.430444 256.000000 229.264081 57.927736 67.144704 64.000000 10.141040 59.465233 62.418211 256.000000 248.091908 58.535515 21.703302 0.000000 25.440801 55.598349 27.464729 256.000000 221.674435
