10.891887 71.017107 64.000000 14.826484 4.004833 64.198100 256.000000 252.360008 43.185227 26.159485 64.000000 18.100702 48.098829 27.993369 256.000000 243.729153 16.270458 34.220911 0.000000 14.379022 17.385667 24.841049 256.000000 237.907843 77.653560 13.925771 0.000000 32.819623 79.164693 26.786733 256.000000 217.531109
92.374869 204.941980 0.000000 32.230177 96.575704 202.006015 256.000000 206.710271 125.398836 164.350667 0.000000 16.693778 121.587555 167.779255 256.000000 227.745291 141.146607 192.453520 0.000000 35.190311 141.858611 186.901264 256.000000 233.411710 27.247493 124.377405 64.000000 13.798182 35.322589 133.638278 256.000000 225.615544
35.342480 21.728395 64.000000 17.984534 42.766215 21.570473 256.000000 234.263609 5.524511 18.213415 64.000000 10.011964 7.779247 12.352327 256.000000 268.989248 153.533331 17.327927 0.000000 18.255592 152.310335 15.746818 256.000000 243.251573 14.852133 105.945835 0.000000 20.914550 28.529904 97.159033 256.000000 231.824080
8.852495 220.880264 0.000000 27.140296 7.600442 216.164395 256.000000 216.455479 48.829115 50.525087 0.000000 20.531625 48.732893 55.363551 256.000000 240.183876 31.118965 34.032187 64.000000 21.882617 33.962080 35.908582 256.000000 234.603508 43.324318 43.309385 0.000000 33.421975 40.050900 45.835367 256.000000 223.666502
98.526733 100.014049 0.000000 42.104461 78.807127 90.335205 256.000000 227.534468 42.557536 19.329831 64.000000 9.740905 41.343715 19.383675 256.000000 239.241625 5.071325 68.272918 64.000000 19.714147 8.970362 70.132353 256.000000 234.345357 60.758109 75.571449 64.000000 30.367186 22.447298 70.982722 256.000000 224.062334
34.344556 177.771985 64.000000 42.216326 28.940898 177.457331 256.000000 214.588185 17.559000 9.267256 0.000000 29.807859 22.767720 22.227191 256.000000 217.453663 48.587464 195.872418 64.000000 23.285238 49.182605 193.615165 256.000000 244.365926 54.150784 60.002016 64.000000 10.799325 57.001325 65.166235 256.000000 223.653595
146.542284 144.357918 64.000000 18.354550 146.778833 143.178253 256.000000 246.074026 138.180147 146.572015 64.000000 31.270715 134.197495 147.151211 256.000000 216.253260 70.732104 98.828684 0.000000 24.287725 62.098518 71.977811 256.000000 230.442971 7.181407 91.196636 64.000000 72.157563 5.112496 89.648982 256.000000 178.120025
48.888276 3.035969 0.000000 9.082620 57.285416 1.677244 256.000000 245.665287 49.611911 134.480593 0.000000 18.956903 46.229509 132.916825 256.000000 238.531709 63.611240 48.527891 0.000000 12.326720 58.643733 49.366709 256.000000 233.347172 186.494567 66.827056 64.000000 13.987493 187.780115 63.350522 256.000000 246.233220
154.539476 126.376269 0.000000 39.402478 149.851107 131.688956 256.000000 225.692989 160.181080 40.569622 0.000000 13.355022 161.485309 42.465498 256.000000 225.688687 107.981827 157.480871 0.000000 23.237911 107.476584 152.200029 256.000000 234.689558 67.789505 37.951442 64.000000 21.387827 70.713189 44.353738 256.000000 242.941792
99.964427 65.037027 64.000000 8.794351 102.680489 66.606560 256.000000 256.864747 45.458933 138.201802 64.000000 60.080389 45.562527 137.298789 256.000000 200.247886 65.223040 58.899631 0.000000 35.039723 57.230173 57.425175 256.000000 217.359008 50.267040 9.643025 0.000000 20.699424 63.765180 8.912740 256.000000 240.222599
68.387075 108.106693 0.000000 19.757172 65.763811 106.050015 256.000000 235.326331 53.833235 131.236007 0.000000 11.763090 57.473884 132.427791 256.000000 250.488412 73.320389 15.663595 64.000000 10.016267 74.424591 16.025498 256.000000 241.096011 18.397005 116.335545 0.000000 40.387755 15.984515 116.203725 256.000000 215.216353
37.318147 52.695351 0.000000 15.510585 32.938264 54.333778 256.000000 231.105559 10.303135 4.294389 64.000000 28.190111 19.182160 3.171773 256.000000 225.826367 8.914515 57.462842 0.000000 9.078317 10.021540 59.149860 256.000000 243.169825 90.209698 154.280555 64.000000 32.866950 88.473269 151.284313 256.000000 216.008017
92.617525 64.051267 0.000000 20.996298 89.065522 54.712675 256.000000 231.359408 21.279987 50.342884 64.000000 10.007662 17.944264 50.554445 256.000000 252.045924 52.915431 59.181100 0.000000 9.844166 51.823020 62.176018 256.000000 240.902397 64.134102 44.910782 0.000000 9.164368 70.862358 39.742631 256.000000 241.887674
56.987635 76.629335 64.000000 22.011692 50.135184 67.344780 256.000000 250.015135 26.053915 137.631820 0.000000 11.010149 30.503336 140.961449 256.000000 240.549591 177.832591 120.504453 0.000000 13.092568 176.914733 128.518749 256.000000 235.322029 96.612778 173.789153 0.000000 19.202147 96.363655 172.467482 256.000000 254.562898
166.202660 71.847038 64.000000 16.775525 166.689165 75.093273 256.000000 246.882900 1.917722 166.973631 0.000000 38.791520 5.371216 165.772051 256.000000 223.137292 161.442542 40.856015 64.000000 24.881473 159.380556 43.045298 256.000000 225.193897 178.741449 95.182478 0.000000 17.050887 182.950575 86.786691 256.000000 239.224415
31.174500 203.683615 64.000000 29.510985 26.053256 202.856484 256.000000 234.594903 178.917331 101.052255 64.000000 13.148501 178.476764 100.169671 256.000000 242.640615 13.750282 10.684022 64.000000 22.420432 23.384805 11.923582 256.000000 240.549591 147.993624 116.040238 0.000000 37.926714 140.706900 112.123869 256.000000 239.138364
77.391462 12.222647 0.000000 22.885104 75.507789 17.225609 256.000000 225.615544 24.682531 141.253156 64.000000 42.100158 26.303105 137.965091 256.000000 209.136892 144.199602 176.502027 0.000000 40.848125 141.510327 175.496847 256.000000 212.871480 156.140636 97.274996 0.000000 24.709372 154.839058 99.725629 256.000000 228.446602
30.904289 102.899113 0.000000 35.568933 31.413405 92.519473 256.000000 238.729625 39.346242 107.190235 64.000000 18.548164 38.393538 105.990764 256.000000 241.737086 110.648220 15.079884 64.000000 20.178819 108.106245 14.347255 256.000000 228.339039 2.808724 151.635740 0.000000 23.009877 3.930593 148.924642 256.000000 253.031201
121.442291 181.548744 0.000000 32.970211 120.713916 180.451158 256.000000 227.185964 77.762618 145.790369 64.000000 35.654983 96.157613 103.171665 256.000000 198.604323 110.917571 84.519185 64.000000 38.395688 112.323393 80.582662 256.000000 230.103072 146.292069 150.770733 0.000000 37.139353 135.884571 152.432076 256.000000 217.053529
11.388811 32.335258 0.000000 17.846853 19.680096 25.890320 256.000000 221.773393 2.372933 169.499325 0.000000 31.980631 6.331631 167.897811 256.000000 217.729025 53.140138 90.721827 0.000000 11.449006 49.790127 94.767793 256.000000 248.909387 68.037273 80.097335 0.000000 8.635158 71.657493 76.931622 256.000000 256.378562
107.455458 168.466191 64.000000 10.850955 107.225638 168.654633 256.000000 241.220784 78.432885 57.226304 64.000000 17.373576 76.665365 53.007984 256.000000 231.901525 156.744635 59.425484 0.000000 9.525779 157.335645 60.656424 256.000000 242.834229 68.401271 95.283536 64.000000 10.885376 66.842531 96.287007 256.000000 231.548719
22.899944 162.850936 64.000000 10.717577 22.832182 162.371427 256.000000 233.786029 3.012747 228.442109 0.000000 18.203962 1.309424 227.968338 256.000000 239.370700 62.098900 194.153253 0.000000 13.182921 61.542473 196.333678 256.000000 241.960817 21.004871 196.292951 64.000000 20.656399 18.750184 195.534818 256.000000 232.650164
37.655033 153.227924 64.000000 13.234552 33.636993 154.167338 256.000000 224.853998 164.969500 56.547204 64.000000 28.327792 161.786822 57.578282 256.000000 226.983745 11.262676 102.087404 0.000000 12.675224 14.866496 105.854640 256.000000 251.998596 38.326205 91.274842 0.000000 13.811089 40.443640 88.092249 256.000000 254.683369
129.700002 87.811096 0.000000 17.993139 128.066664 88.977318 256.000000 227.771106 66.590053 51.500922 0.000000 15.054517 61.922827 52.807095 256.000000 233.248214 15.443827 173.900460 0.000000 11.965308 12.701275 174.388029 256.000000 235.627508 183.926145 28.614742 64.000000 30.517774 182.609365 32.762067 256.000000 224.479678
90.196784 40.513240 64.000000 12.765577 88.165184 39.900018 256.000000 246.388110 162.615222 60.749904 64.000000 11.530754 175.362060 74.243671 256.000000 233.351475 151.901049 56.908913 0.000000 26.116296 147.997085 62.667525 256.000000 215.039950 180.081069 10.016422 0.000000 10.807930 180.960084 5.652020 256.000000 255.036176
64.471196 29.882858 64.000000 20.075558 62.858795 33.901947 256.000000 233.471945 57.211716 129.462455 64.000000 30.702783 51.195489 129.361476 256.000000 231.277660 140.305331 57.665624 0.000000 17.975929 141.904100 62.363633 256.000000 250.836916 107.868685 160.927658 64.000000 40.904058 102.078180 158.922391 256.000000 225.030401
84.281791 49.582184 64.000000 47.723552 73.992580 63.011451 256.000000 206.908187 141.656595 22.043058 64.000000 76.421360 146.198676 23.311813 256.000000 173.757270 84.373558 175.106660 0.000000 32.006446 82.464393 173.531896 256.000000 232.353290 17.550233 91.741271 64.000000 14.516702 16.074480 97.997413 256.000000 251.835101
15.537536 151.938358 0.000000 12.223459 12.329438 151.787907 256.000000 233.403105 106.783965 58.334618 0.000000 13.458283 111.159164 48.874620 256.000000 246.241825 31.318065 140.058853 0.000000 45.262510 40.614947 143.040667 256.000000 205.660456 31.460062 39.047487 64.000000 32.337740 31.038407 48.263547 256.000000 226.433023
107.477842 197.815785 64.000000 44.247116 105.497600 190.272575 256.000000 203.659784 121.399242 60.704349 0.000000 16.491559 124.812651 66.438678 256.000000 237.916448 31.550964 69.746355 0.000000 12.120199 31.537958 75.051489 256.000000 228.050770 93.356744 85.838062 64.000000 15.742921 91.269049 87.936707 256.000000 225.503678
120.888104 38.837805 64.000000 37.591117 125.576500 46.390669 256.000000 219.445730 114.220584 108.074269 0.000000 10.016267 117.968395 112.939251 256.000000 234.538970 24.845113 30.073053 0.000000 9.061107 16.153091 15.217713 256.000000 257.161620 52.253673 218.870271 0.000000 36.240126 39.232549 210.818764 256.000000 226.837459
48.939193 121.161293 64.000000 18.784802 66.084849 120.823855 256.000000 232.417828 37.996775 99.937085 0.000000 18.487928 29.872171 97.319225 256.000000 247.205589 86.182885 73.409018 0.000000 27.174716 82.317402 46.179342 256.000000 235.007945 75.862753 79.106033 64.000000 12.025543 92.114047 40.877536 256.000000 243.453792
131.234224 15.926940 64.000000 12.886047 128.869653 11.524420 256.000000 246.246127 89.450833 99.594858 64.000000 37.367386 75.292851 100.659282 256.000000 224.062334 86.240676 107.697598 0.000000 17.567189 75.580435 136.538080 256.000000 241.651036 104.795047 126.890469 64.000000 41.777469 106.481107 127.444922 256.000000 229.449089
