27.835733 119.233418 0.000000 14.697408 18.385471 123.348791 256.000000 229.952484 36.819338 206.405027 64.000000 41.540831 32.576715 201.103616 256.000000 216.713630 33.434273 104.462471 64.000000 14.546820 13.259400 112.166098 256.000000 233.394500 91.301173 86.562120 64.000000 26.925170 12.670382 85.198067 256.000000 218.172184
154.284380 91.101927 64.000000 9.035292 154.077087 92.738536 256.000000 248.414597 37.452625 69.032404 64.000000 11.905073 44.365120 68.353469 256.000000 248.879269 27.823949 63.949616 0.000000 8.841679 25.778944 65.926809 256.000000 242.649220 168.529113 91.601300 64.000000 13.053846 168.218013 90.800018 256.000000 251.903941
44.214676 38.340507 0.000000 12.008333 39.051442 34.188320 256.000000 259.364511 101.901313 115.930475 64.000000 16.629240 101.016635 114.754202 256.000000 245.549119 95.033109 55.801145 0.000000 25.703254 93.563573 54.023420 256.000000 235.786701 97.929387 131.742087 0.000000 23.762818 109.110260 119.680545 256.000000 242.907372
27.331929 65.996562 64.000000 13.742249 23.773544 67.504200 256.000000 258.551334 150.990085 103.558278 0.000000 30.500564 148.470456 100.893235 256.000000 237.043037 66.156738 46.784796 64.000000 20.062651 56.415729 34.631129 256.000000 225.094939 94.653415 35.642247 0.000000 9.082620 123.034724 23.979405 256.000000 244.073355
2.795878 91.286278 0.000000 12.369745 2.705380 84.749860 256.000000 236.100785 116.760175 30.452893 0.000000 32.380766 116.362685 36.902824 256.000000 246.646262 36.652802 95.104833 64.000000 9.792536 41.236985 95.820011 256.000000 240.442028 3.605233 89.829051 0.000000 19.606584 1.326402 77.063624 256.000000 229.294198
18.760407 124.633198 64.000000 16.452836 20.437058 125.197842 256.000000 236.311608 158.317913 63.045402 64.000000 15.114753 158.071907 62.875995 256.000000 254.584411 165.479765 29.813153 0.000000 8.914821 166.030249 26.809551 256.000000 231.716517 15.161838 201.886393 0.000000 12.782787 20.434082 206.082456 256.000000 245.454463
85.201038 94.137667 64.000000 52.159450 88.005147 90.100456 256.000000 200.790003 178.917331 101.052255 64.000000 13.148501 178.476764 100.169671 256.000000 242.640615 156.198555 143.840356 0.000000 16.513072 159.704675 138.990362 256.000000 244.671405 72.044024 126.393365 64.000000 16.797038 70.978047 123.051473 256.000000 238.209020
18.065640 105.683287 64.000000 20.376735 16.410825 102.677824 256.000000 239.766532 19.832740 68.273069 0.000000 21.525508 22.135431 69.780500 256.000000 226.519073 141.221475 44.428722 0.000000 31.980631 125.657727 44.355827 256.000000 208.568960 62.347278 42.618509 0.000000 20.148701 65.784175 47.965584 256.000000 225.658569
154.653144 98.069504 0.000000 27.239254 145.645758 96.071140 256.000000 218.473361 97.770882 177.678844 0.000000 24.868566 97.492076 165.598325 256.000000 222.074570 5.676447 16.418711 0.000000 20.944667 16.208029 15.957409 256.000000 230.757055 29.581025 78.863189 0.000000 18.612702 23.717509 86.783784 256.000000 231.845593
185.862455 76.177904 64.000000 18.135122 184.838684 75.613564 256.000000 225.817762 119.058278 32.172189 0.000000 23.668163 117.019845 34.182271 256.000000 229.530837 45.940813 73.010498 64.000000 32.165640 47.056675 80.176718 256.000000 220.904284 60.594265 28.603562 64.000000 12.812905 65.239616 30.453502 256.000000 230.485996
130.875251 17.905333 64.000000 22.596835 130.069482 18.780515 256.000000 229.862131 91.193245 211.969540 0.000000 22.420432 59.338162 195.962605 256.000000 210.074842 173.826325 86.343700 64.000000 40.293100 164.016867 75.063773 256.000000 206.641431 36.333775 108.164769 0.000000 13.015123 41.984209 110.498958 256.000000 221.708856
13.921880 27.833013 64.000000 8.695393 15.340996 28.094840 256.000000 247.657354 30.162336 15.381273 64.000000 62.618876 31.658516 16.504993 256.000000 211.322572 110.724709 50.019300 64.000000 24.756700 107.803685 50.929584 256.000000 227.676451 30.214258 168.062596 64.000000 19.425878 33.672060 165.910695 256.000000 231.596047
63.314353 129.041467 64.000000 33.921068 71.427120 130.157224 256.000000 211.258035 46.894709 99.521938 0.000000 10.205577 44.141733 101.486815 256.000000 253.607739 62.491029 229.078062 64.000000 19.129004 60.651582 229.096087 256.000000 238.105759 19.058364 203.735855 0.000000 15.562215 23.494800 205.882587 256.000000 223.571847
19.711635 99.622204 0.000000 16.857273 26.087296 102.134556 256.000000 234.194769 140.194304 180.407896 64.000000 8.643763 140.747471 180.718395 256.000000 261.722292 50.674956 121.829155 64.000000 24.253305 49.497775 118.063909 256.000000 218.210907 113.917131 164.009985 64.000000 15.540702 115.621775 161.483602 256.000000 229.690030
41.897587 199.609415 64.000000 29.881001 41.972384 197.465984 256.000000 250.897151 60.143769 149.743200 64.000000 25.010549 59.805822 147.700695 256.000000 227.805526 90.623665 76.589364 0.000000 11.453308 89.523520 75.939436 256.000000 253.530294 47.033384 221.138976 64.000000 31.868766 49.608644 218.487205 256.000000 227.310737
79.423431 114.561280 0.000000 64.120456 76.715956 112.393089 256.000000 207.179246 114.910947 89.062380 64.000000 11.436098 117.663478 85.707142 256.000000 257.630595 1.078058 55.351053 64.000000 10.597107 3.034707 56.710411 256.000000 232.189794 98.556075 118.918944 0.000000 32.656127 91.653058 116.681853 256.000000 208.784086
52.787342 221.776605 64.000000 27.587758 56.796698 219.929216 256.000000 247.790732 57.835878 184.764602 64.000000 8.665275 55.818347 187.807615 256.000000 245.037119 135.751795 60.646900 64.000000 13.518518 135.577196 58.976056 256.000000 261.786829 38.081918 160.600520 0.000000 14.249946 39.261840 159.307067 256.000000 243.002027
0.729242 123.579647 64.000000 15.635358 3.636278 125.899165 256.000000 237.972381 178.058829 77.974862 64.000000 18.135122 168.864556 77.221022 256.000000 246.986161 167.626524 73.014195 0.000000 33.357438 164.684542 67.915265 256.000000 226.377090 175.323685 111.663289 64.000000 13.578753 182.135367 105.025462 256.000000 242.877254
100.707513 154.660242 0.000000 37.556697 99.041516 149.591811 256.000000 237.000012 3.781776 49.709664 0.000000 10.334653 1.319605 52.413598 256.000000 245.368413 48.715444 102.749345 64.000000 11.134922 50.791027 104.315775 256.000000 248.010160 67.180845 88.996735 0.000000 8.738418 69.785591 85.458329 256.000000 247.928412
31.164604 111.595116 64.000000 21.951457 23.532365 109.004453 256.000000 247.369085 56.234613 87.309071 0.000000 13.152804 51.210769 84.225020 256.000000 238.531709 14.290525 96.595356 64.000000 14.301576 5.753976 98.987444 256.000000 242.812716 132.442878 41.438422 64.000000 14.822181 134.209129 43.463771 256.000000 261.782527
143.202071 16.856749 0.000000 28.990380 139.576935 15.368255 256.000000 222.083175 43.310329 174.969855 0.000000 34.114681 41.746644 169.990013 256.000000 215.169025 182.978391 40.796069 0.000000 46.863048 172.038967 38.126495 256.000000 205.505565 67.523829 61.390669 0.000000 9.512872 66.101738 61.937565 256.000000 243.587170
127.376418 97.344549 0.000000 15.484769 127.829604 94.594200 256.000000 220.267511 25.871275 116.916893 64.000000 14.060635 24.233776 114.469169 256.000000 245.802968 39.362096 172.338411 64.000000 14.155291 34.278104 172.827585 256.000000 226.510468 170.842029 23.821291 0.000000 46.669434 167.617171 17.426333 256.000000 229.720148
58.760845 98.979018 64.000000 32.255992 45.742220 90.178942 256.000000 231.157190 18.229096 55.342155 64.000000 20.682214 21.285827 57.559944 256.000000 237.335608 85.856175 89.203447 64.000000 25.526851 82.553251 91.437209 256.000000 236.010432 45.545256 14.155000 0.000000 33.705942 46.548500 20.307518 256.000000 222.160620
173.199235 127.235856 64.000000 29.889606 165.315213 132.759365 256.000000 229.199543 62.749395 68.768475 64.000000 16.870181 68.445724 69.464407 256.000000 229.268383 100.282307 78.513936 0.000000 10.338956 102.562902 83.556682 256.000000 246.564514 58.190895 106.960424 0.000000 13.372232 65.077900 105.858507 256.000000 263.615400
39.733024 143.936327 0.000000 16.758315 37.658924 140.843585 256.000000 244.989791 10.891416 96.755140 0.000000 9.491359 11.330620 95.539007 256.000000 232.701794 61.327762 97.307067 64.000000 9.577410 62.191680 95.845491 256.000000 239.736414 60.684555 58.460573 64.000000 11.642619 61.158209 51.818402 256.000000 226.772922
138.388160 88.469353 64.000000 21.869709 137.630013 89.454436 256.000000 235.205861 17.633907 60.549369 64.000000 9.938821 18.487422 61.504064 256.000000 259.149385 140.460662 34.401173 64.000000 13.088266 140.896133 34.964665 256.000000 254.283235 67.383767 73.368402 0.000000 19.593676 67.861735 78.403900 256.000000 243.337624
180.081069 10.016422 0.000000 10.807930 180.960084 5.652020 256.000000 255.036176 95.044875 213.140416 64.000000 13.015123 87.753533 222.686820 256.000000 250.182933 10.972191 26.816889 64.000000 22.459154 13.603804 27.367676 256.000000 222.384351 110.403438 120.472965 64.000000 18.070584 109.402216 125.930116 256.000000 220.667646
93.243122 127.429802 64.000000 14.968467 93.942469 125.669111 256.000000 248.930900 26.793016 228.415191 64.000000 35.895924 30.495076 226.003158 256.000000 222.513427 10.378567 145.445604 64.000000 13.944467 12.352271 146.608091 256.000000 241.956515 29.860005 138.089495 0.000000 16.775525 20.709164 146.977416 256.000000 247.924110
124.774651 38.559727 64.000000 39.208865 118.427867 35.499958 256.000000 225.654266 165.287056 55.697962 0.000000 13.114081 166.013711 56.938884 256.000000 259.764645 24.338945 104.556422 64.000000 15.007190 27.190507 103.239689 256.000000 258.017822 12.687660 105.952944 0.000000 8.987964 14.906531 107.180940 256.000000 237.899238
124.770665 151.260411 64.000000 13.677711 126.822055 150.330655 256.000000 240.424818 51.945402 152.580724 0.000000 8.854586 57.146653 154.970947 256.000000 276.738086 168.220205 67.506122 64.000000 57.847381 155.965465 65.607033 256.000000 194.719148 156.749382 58.024435 64.000000 31.434211 153.765280 57.189662 256.000000 226.041493
34.327855 164.249140 64.000000 23.642347 36.126685 161.737185 256.000000 242.317926 67.046991 127.827973 0.000000 16.564702 65.176187 129.762689 256.000000 233.467643 51.711527 53.298933 64.000000 13.574451 52.733547 57.017896 256.000000 219.256419 70.222724 60.143493 0.000000 15.562215 67.047804 62.929629 256.000000 222.530637
68.211758 90.391825 0.000000 20.763962 63.515220 114.711944 256.000000 246.568816 28.130504 153.594549 0.000000 19.765777 25.213433 152.043469 256.000000 228.562770 164.988636 74.973093 0.000000 20.570348 165.097602 77.915595 256.000000 240.480750 84.373558 175.106660 0.000000 32.006446 82.464393 173.531896 256.000000 232.353290
