170.281976 118.606555 64.000000 40.168327 165.353196 116.893511 256.000000 208.470002 17.267704 103.464891 0.000000 34.996698 32.604165 90.571778 256.000000 220.943007 88.437036 23.932658 0.000000 13.832602 89.975596 25.366416 256.000000 241.861859 6.121129 50.540804 64.000000 24.386683 4.619609 37.717415 256.000000 253.013991
10.988336 68.355613 0.000000 9.228905 11.368115 70.763780 256.000000 242.236179 35.886185 179.490585 64.000000 12.034148 35.315335 178.429455 256.000000 231.505694 24.025065 138.670669 0.000000 13.815392 8.837680 150.414669 256.000000 241.999540 105.968753 36.521145 0.000000 79.166368 109.292409 39.140331 256.000000 185.210578
74.341785 116.062598 64.000000 15.140568 72.295789 115.678984 256.000000 256.847536 97.134275 46.614773 0.000000 32.957303 87.556209 55.701964 256.000000 208.409766 75.065669 73.987202 64.000000 13.148501 76.383904 71.513509 256.000000 254.618831 129.813982 89.579080 0.000000 10.257208 130.975567 85.667891 256.000000 225.959745
78.331831 218.536478 0.000000 22.644163 75.434613 220.440415 256.000000 228.072283 86.345122 194.990869 64.000000 24.016667 45.345547 218.577109 256.000000 220.676251 82.122811 103.064245 64.000000 16.633542 89.065105 96.489956 256.000000 223.769763 136.559795 65.212080 64.000000 60.691347 134.796847 62.119131 256.000000 190.425233
88.673895 31.046265 64.000000 31.124430 89.829105 38.183251 256.000000 226.101729 82.350756 61.347507 64.000000 14.387627 88.450467 51.017342 256.000000 241.939305 13.711691 210.762631 64.000000 10.360468 15.981296 213.930169 256.000000 259.308578 41.971773 31.529531 0.000000 10.523964 51.826876 20.715309 256.000000 225.030401
29.013856 114.445456 64.000000 15.751526 31.069520 111.506675 256.000000 227.831342 93.082513 66.563940 64.000000 27.906145 95.025660 70.839235 256.000000 221.627108 59.327098 68.003565 64.000000 12.189039 62.064053 63.624916 256.000000 251.129487 39.195789 25.976678 0.000000 17.068097 47.395004 38.782520 256.000000 228.739173
2.183447 106.188162 64.000000 36.334781 14.056255 102.728391 256.000000 211.653866 16.299518 166.911809 64.000000 12.417073 20.312733 173.376262 256.000000 231.066837 142.328973 114.009949 0.000000 9.740905 148.152027 109.648893 256.000000 260.698292 47.886696 57.237067 0.000000 22.218213 48.257762 64.277667 256.000000 216.180117
62.098900 194.153253 0.000000 13.182921 61.542473 196.333678 256.000000 241.960817 98.324007 109.864767 0.000000 9.310653 127.810304 128.243756 256.000000 260.969351 30.576245 129.767600 64.000000 13.725039 31.886511 128.416784 256.000000 235.976012 132.299351 112.659469 64.000000 10.394888 132.538487 111.445355 256.000000 223.550334
25.561853 129.749089 64.000000 17.377878 31.072649 127.752660 256.000000 225.082031 100.920725 116.924640 64.000000 12.279392 110.426282 128.914495 256.000000 251.052042 109.575876 19.426349 64.000000 11.522149 108.179529 16.076033 256.000000 253.508781 32.475382 6.541356 64.000000 9.302048 29.503955 3.167431 256.000000 244.688615
44.917489 81.508751 0.000000 11.208065 42.461733 80.206185 256.000000 248.952412 3.850358 56.808684 64.000000 13.544333 1.275049 50.796624 256.000000 238.828583 39.878509 137.871575 64.000000 27.794279 44.134831 135.943985 256.000000 215.693933 81.972538 36.510020 0.000000 22.958247 73.752098 23.289231 256.000000 247.786429
38.483122 82.871542 0.000000 14.017610 43.642791 77.601478 256.000000 230.692517 87.247485 28.948798 64.000000 11.973913 110.669560 31.571611 256.000000 227.173056 24.094909 156.069013 0.000000 18.595491 13.543698 147.584393 256.000000 234.637928 128.866589 82.499996 64.000000 35.917437 123.414240 75.571740 256.000000 233.239609
49.417665 14.894240 64.000000 13.079661 46.301440 8.690918 256.000000 234.233491 66.530349 104.166664 0.000000 11.479123 63.793651 105.098335 256.000000 230.997996 24.392829 105.426544 64.000000 9.091225 19.277140 109.523236 256.000000 245.097354 142.077316 20.506860 0.000000 13.793879 144.545789 24.138209 256.000000 247.627236
4.240124 193.735335 0.000000 9.018082 8.809062 196.803295 256.000000 221.825024 90.623620 190.319689 0.000000 10.795023 88.310375 195.452025 256.000000 231.596047 114.810940 161.103371 0.000000 51.070912 114.397065 164.275742 256.000000 187.452191 78.886762 117.724633 64.000000 12.227762 74.266924 122.461447 256.000000 244.077657
65.103224 44.182833 64.000000 9.865678 64.819998 40.162247 256.000000 247.769219 139.988422 153.281815 0.000000 10.786418 144.404969 151.643400 256.000000 244.817691 127.753355 144.554524 0.000000 10.239998 132.674204 143.144071 256.000000 233.837659 102.974115 17.591987 64.000000 14.964165 100.458969 9.297940 256.000000 243.234363
19.058364 203.735855 0.000000 15.562215 23.494800 205.882587 256.000000 223.571847 122.039611 64.502769 64.000000 16.547492 123.434231 67.466018 256.000000 240.657154 116.420562 176.236607 0.000000 46.755485 102.588656 151.522051 256.000000 212.368085 22.016113 95.993664 64.000000 18.049071 26.542911 95.793658 256.000000 238.170297
65.995273 17.603931 64.000000 34.626681 53.849513 26.514911 256.000000 201.310608 101.901313 115.930475 64.000000 16.629240 101.016635 114.754202 256.000000 245.549119 20.604051 212.788242 64.000000 41.932360 22.452251 202.415471 256.000000 217.100857 137.268584 15.051349 64.000000 21.099558 134.575720 14.226598 256.000000 235.760886
172.700120 105.203080 64.000000 17.618819 173.383487 111.564767 256.000000 251.576949 11.826329 76.868311 64.000000 48.541031 7.807198 75.444485 256.000000 218.395915 91.071400 93.339320 64.000000 14.968467 91.139722 91.120409 256.000000 240.140851 60.758109 75.571449 64.000000 30.367186 22.447298 70.982722 256.000000 224.062334
137.216629 17.402938 64.000000 18.634214 135.695451 15.337847 256.000000 233.897895 88.439415 91.243116 0.000000 17.136937 91.540305 85.807149 256.000000 240.308650 23.582365 2.665527 0.000000 36.674680 31.145773 6.892045 256.000000 242.675036 86.544967 118.230467 0.000000 21.942852 84.877275 117.538678 256.000000 246.194497
41.867091 90.432611 0.000000 18.900970 53.292344 97.276129 256.000000 233.820449 128.743496 130.694305 0.000000 17.554282 122.366451 137.741678 256.000000 231.845593 35.509058 54.475393 0.000000 10.450821 38.037085 58.809929 256.000000 231.755240 149.345276 98.645715 0.000000 23.323961 149.706871 94.562565 256.000000 247.726194
47.963940 6.511338 0.000000 39.815520 45.474304 18.112791 256.000000 228.519745 30.214258 168.062596 64.000000 19.425878 33.672060 165.910695 256.000000 231.596047 124.382680 104.121811 64.000000 34.846109 120.939525 98.889824 256.000000 207.312624 11.766098 120.078949 64.000000 19.391458 16.382707 123.211927 256.000000 249.800009
85.572673 23.943569 64.000000 14.594148 84.446675 24.315627 256.000000 205.415212 1.451038 67.424847 0.000000 14.323089 4.434645 68.756905 256.000000 252.480479 38.498740 70.830453 64.000000 17.012164 33.762356 69.470255 256.000000 236.991407 96.194053 38.862358 64.000000 17.231593 97.670802 41.942775 256.000000 242.132918
76.686089 94.682004 64.000000 13.376535 74.836489 95.817151 256.000000 233.381592 25.599495 85.417035 64.000000 11.522149 24.066764 82.741711 256.000000 257.402562 14.045885 184.637504 64.000000 39.183050 12.424127 178.620307 256.000000 222.238066 178.116747 60.423824 64.000000 8.768536 178.867496 59.178478 256.000000 253.405520
9.379298 173.432851 0.000000 13.527123 12.155849 177.451769 256.000000 257.023940 89.881287 165.504169 0.000000 14.572635 97.509929 164.477176 256.000000 228.123913 154.976873 53.046124 0.000000 43.631855 152.827073 49.478507 256.000000 233.644046 107.926615 194.824993 64.000000 19.881945 110.190704 192.663433 256.000000 235.235978
84.981818 25.383867 64.000000 41.489200 93.577064 51.111898 256.000000 222.324116 78.034207 16.350144 0.000000 17.352063 73.823249 7.188024 256.000000 240.454935 24.564615 98.704742 0.000000 14.211224 18.134645 108.095731 256.000000 237.942264 49.969625 179.041080 0.000000 15.626753 49.405216 177.409455 256.000000 236.225558
58.052636 225.685075 64.000000 49.466072 57.082967 224.507498 256.000000 231.884315 131.191438 72.384127 0.000000 11.732972 131.514380 71.377284 256.000000 249.425689 27.924545 199.728842 64.000000 12.507426 37.471269 208.744664 256.000000 243.754968 12.039702 77.171676 64.000000 10.825140 8.762440 76.430444 256.000000 229.264081
134.867638 175.733113 64.000000 29.756228 131.278053 170.870835 256.000000 212.294942 36.747171 90.241693 64.000000 18.987021 39.445645 88.666615 256.000000 257.475704 132.131129 44.134942 64.000000 19.834617 130.912258 41.784644 256.000000 216.606067 137.580589 85.048947 64.000000 51.341971 136.812022 86.169258 256.000000 195.429063
147.170053 100.481864 64.000000 24.868566 163.232475 84.439664 256.000000 229.307106 92.617525 64.051267 0.000000 20.996298 89.065522 54.712675 256.000000 231.359408 106.617827 35.059389 64.000000 24.511456 96.387822 12.585675 256.000000 229.040350 18.388684 126.678331 0.000000 16.693778 21.662318 125.724860 256.000000 231.892920
20.034225 35.666987 0.000000 32.105404 30.527764 29.790598 256.000000 218.395915 34.373513 59.738171 64.000000 9.887191 36.184169 58.059960 256.000000 255.182461 100.545325 54.909860 0.000000 53.768592 98.397525 57.010196 256.000000 199.697163 30.256831 25.515425 0.000000 15.321274 25.947367 28.371718 256.000000 241.642431
12.970364 27.963718 64.000000 8.699695 14.876144 26.065920 256.000000 238.673692 168.725611 43.962753 0.000000 31.812833 165.283189 42.737645 256.000000 226.665359 0.921738 79.650640 64.000000 9.276233 0.921295 77.923387 256.000000 245.260850 142.751244 152.214238 64.000000 23.969339 142.147807 150.697493 256.000000 228.941392
58.373785 77.497036 0.000000 20.828499 53.697153 80.490620 256.000000 244.538027 40.807118 137.074545 0.000000 29.158178 38.125115 131.977849 256.000000 230.477391 7.790649 12.633595 64.000000 14.865207 14.198675 9.394529 256.000000 235.756583 67.062444 184.588085 64.000000 39.815520 66.708545 178.657651 256.000000 216.317798
129.904482 76.413853 64.000000 24.249003 123.265073 55.015707 256.000000 235.907172 10.322749 26.049905 64.000000 63.780556 8.297311 27.259727 256.000000 204.348187 65.918182 120.615969 0.000000 13.139896 65.741402 118.790269 256.000000 241.255204 14.482218 67.183765 64.000000 47.650409 15.189240 61.694305 256.000000 224.036519
11.376520 82.770564 0.000000 21.448062 18.509400 87.987765 256.000000 246.577421 93.587807 185.023909 0.000000 10.326048 94.026664 184.636433 256.000000 236.651508 100.265447 155.312098 0.000000 21.697608 42.005862 177.207344 256.000000 246.848480 42.796324 158.781738 0.000000 17.515559 44.187855 158.107242 256.000000 254.068109
