54.015744 9.430651 64.000000 37.909504 49.837976 14.793824 256.000000 220.005058 29.084955 189.013593 0.000000 21.456667 26.828367 188.390431 256.000000 243.402161 11.907249 75.571945 0.000000 12.434283 4.979411 76.533891 256.000000 237.283978 81.361473 204.010049 0.000000 20.277777 76.136909 205.684436 256.000000 239.340583
106.414075 104.362025 0.000000 24.705070 103.753538 109.786471 256.000000 246.900110 115.162349 88.949987 0.000000 33.766177 103.117051 112.694204 256.000000 242.391069 165.994309 95.377364 64.000000 45.361468 138.321240 111.177962 256.000000 212.307849 31.811362 222.804000 0.000000 16.013979 34.245715 222.999044 256.000000 253.435638
79.469556 116.580662 0.000000 15.273946 80.211518 115.131736 256.000000 266.790660 55.891318 89.126193 0.000000 19.597979 48.841965 92.939464 256.000000 239.899910 24.195180 91.397847 0.000000 17.068097 27.868476 107.730669 256.000000 214.618303 57.912033 139.387105 0.000000 21.448062 67.389184 129.254851 256.000000 229.918064
185.496556 132.705613 64.000000 32.415186 184.539244 130.231300 256.000000 224.780855 14.363144 53.227544 0.000000 46.178947 9.928905 52.256224 256.000000 202.726137 15.799413 62.172425 64.000000 14.865207 6.166602 61.106196 256.000000 253.465756 136.011031 194.102156 0.000000 12.374048 140.654218 192.332324 256.000000 252.420243
114.496018 120.833876 64.000000 16.018282 113.048436 126.113102 256.000000 232.835172 52.995762 162.969340 0.000000 25.638717 54.114371 157.959747 256.000000 252.325588 22.964184 132.653222 64.000000 11.078989 18.934851 133.467976 256.000000 251.654395 49.227076 7.000147 64.000000 20.097071 49.274504 7.262571 256.000000 255.599806
109.178293 208.820035 0.000000 26.447590 116.202855 206.349249 256.000000 217.234235 29.050013 77.110142 64.000000 10.235695 32.195473 79.972753 256.000000 269.406592 43.383265 120.411653 0.000000 11.410283 47.831362 132.017058 256.000000 261.425418 119.879175 70.464253 0.000000 22.515087 117.308413 73.066993 256.000000 227.280619
118.423085 100.320709 0.000000 15.372904 123.858064 95.498062 256.000000 226.144754 77.263780 164.090958 64.000000 12.524636 70.943175 169.606653 256.000000 236.259978 8.320491 47.894367 64.000000 12.666619 4.747907 49.654144 256.000000 254.696276 41.942809 94.164776 0.000000 18.130819 12.363785 97.294225 256.000000 250.677723
29.696965 61.576584 0.000000 31.808530 35.435462 58.682685 256.000000 230.954971 33.682318 171.988120 64.000000 72.880386 35.508538 169.716615 256.000000 178.941807 115.171384 132.500165 0.000000 11.590989 114.915982 131.948744 256.000000 237.154902 19.252420 134.098738 64.000000 15.545005 8.807758 139.724531 256.000000 241.534868
126.987675 119.396747 64.000000 17.463929 126.028576 118.636569 256.000000 248.100513 39.366278 134.066078 0.000000 37.913806 52.126691 122.604282 256.000000 214.700051 134.867638 175.733113 64.000000 29.756228 131.278053 170.870835 256.000000 212.294942 76.523345 26.221851 0.000000 26.697137 73.309115 32.687840 256.000000 227.216081
47.497091 64.022865 64.000000 15.966652 49.005596 59.416231 256.000000 238.665087 43.299495 198.557840 0.000000 79.945124 49.760851 197.568384 256.000000 183.549806 179.304738 43.537873 64.000000 22.928129 179.420475 33.922804 256.000000 223.898838 105.658153 47.655338 64.000000 25.987221 98.176578 33.380776 256.000000 237.051642
31.538922 7.244607 64.000000 31.640732 29.229636 12.810291 256.000000 225.641359 55.847436 84.936347 0.000000 15.239526 52.912525 91.715135 256.000000 232.770635 85.201038 94.137667 64.000000 52.159450 88.005147 90.100456 256.000000 200.790003 20.986631 82.386787 64.000000 11.474821 19.080433 80.518693 256.000000 249.929084
87.798120 159.362447 64.000000 12.214854 88.185938 158.725618 256.000000 256.107503 143.075353 68.552007 0.000000 17.330551 150.792107 70.077338 256.000000 228.179846 121.953300 110.042387 64.000000 11.109107 124.862451 107.788007 256.000000 269.608811 9.379298 173.432851 0.000000 13.527123 12.155849 177.451769 256.000000 257.023940
45.371458 191.393325 64.000000 32.548564 45.944835 189.269635 256.000000 237.146297 73.226153 125.661675 64.000000 17.373576 97.698358 126.813696 256.000000 252.041622 18.837535 24.747693 64.000000 10.214182 14.520191 22.318515 256.000000 241.268112 5.911460 199.200055 64.000000 20.118584 9.231800 199.166485 256.000000 228.825224
148.548847 96.899904 64.000000 16.895996 150.210502 95.991184 256.000000 232.125257 1.227538 160.930384 64.000000 27.759859 3.992445 160.228025 256.000000 240.622734 110.549725 96.654342 0.000000 23.633742 109.261975 96.022325 256.000000 239.280347 69.407207 148.833780 0.000000 19.425878 60.431453 153.939020 256.000000 238.733927
37.318147 52.695351 0.000000 15.510585 32.938264 54.333778 256.000000 231.105559 61.546524 207.216045 0.000000 22.355894 62.516567 206.207231 256.000000 230.313896 90.623665 76.589364 0.000000 11.453308 89.523520 75.939436 256.000000 253.530294 114.050225 138.351149 64.000000 23.483154 115.022115 135.786033 256.000000 254.993150
121.687253 144.548058 64.000000 45.778813 121.218380 138.053460 256.000000 213.168353 44.252789 159.678071 64.000000 34.303992 43.113545 157.416382 256.000000 224.221527 54.832407 188.552382 0.000000 27.592061 58.797882 184.788067 256.000000 228.012047 44.226613 81.267673 64.000000 10.614317 46.529649 79.916935 256.000000 260.345485
45.940813 73.010498 64.000000 32.165640 47.056675 80.176718 256.000000 220.904284 114.072673 36.623033 0.000000 36.025000 99.112085 39.936271 256.000000 232.632954 131.133447 30.647740 64.000000 12.240669 133.877187 34.384493 256.000000 242.455607 14.850287 95.366520 0.000000 9.319258 15.986207 98.273255 256.000000 249.791404
18.229096 55.342155 64.000000 20.682214 21.285827 57.559944 256.000000 237.335608 162.430935 5.023344 0.000000 52.378878 160.999302 7.583491 256.000000 201.086877 30.594424 117.150195 64.000000 42.267956 30.510105 123.355755 256.000000 208.069867 38.642693 106.380775 64.000000 43.593133 34.592095 102.946591 256.000000 214.132118
23.367335 23.716629 64.000000 48.777669 36.381840 43.230727 256.000000 217.389126 27.089453 195.296627 64.000000 25.273002 32.722991 193.365733 256.000000 220.779511 130.749885 73.917576 0.000000 12.417073 137.001333 86.876558 256.000000 234.134533 29.860005 138.089495 0.000000 16.775525 20.709164 146.977416 256.000000 247.924110
12.615616 41.570536 0.000000 21.753541 11.283289 45.913340 256.000000 239.159877 18.536084 145.631444 0.000000 24.386683 21.125956 148.255602 256.000000 238.217625 79.284345 74.961604 0.000000 12.059964 92.453340 65.939716 256.000000 250.324916 38.483122 82.871542 0.000000 14.017610 43.642791 77.601478 256.000000 230.692517
97.741644 158.649615 64.000000 19.778684 108.306293 157.300122 256.000000 248.698564 73.409611 37.843327 64.000000 9.448334 73.742413 31.072615 256.000000 240.041893 47.507925 102.150264 64.000000 17.330551 48.798951 96.072462 256.000000 232.013391 63.179915 146.470889 0.000000 16.302248 69.227951 144.200251 256.000000 211.890505
15.452033 95.977913 64.000000 9.504267 14.754636 101.175480 256.000000 232.878198 34.144845 123.532260 0.000000 19.081676 37.672464 127.908742 256.000000 235.640415 127.376418 97.344549 0.000000 15.484769 127.829604 94.594200 256.000000 220.267511 40.391856 103.092458 0.000000 13.875627 39.582524 100.230753 256.000000 251.955571
183.926145 28.614742 64.000000 30.517774 182.609365 32.762067 256.000000 224.479678 32.262931 135.378324 0.000000 21.602953 36.568178 135.071553 256.000000 231.264753 54.609775 137.292407 64.000000 8.936334 49.852000 143.404751 256.000000 246.512883 87.384409 35.407878 0.000000 12.128804 89.055658 36.643133 256.000000 234.827239
45.848940 97.579100 64.000000 30.930816 52.911318 88.678998 256.000000 250.023740 85.516996 85.848455 64.000000 11.750182 87.561415 91.661093 256.000000 250.264681 71.465160 125.027213 0.000000 14.602753 69.091344 123.160171 320.000000 213.564185 28.361702 143.574813 0.000000 10.042082 32.654680 146.927524 256.000000 251.396244
57.415845 152.323236 0.000000 29.967052 57.303964 145.593122 256.000000 213.594303 174.797795 102.959762 64.000000 39.578881 171.058205 100.350580 256.000000 205.505565 83.881080 179.399960 0.000000 35.874412 84.544349 174.426575 256.000000 213.749194 101.719409 23.537553 64.000000 15.557912 100.411595 21.564780 256.000000 260.199200
49.624867 137.102402 64.000000 17.670450 67.491335 147.298295 256.000000 236.879541 14.319947 211.071262 0.000000 11.651224 21.839251 215.318816 256.000000 252.562227 164.969500 56.547204 64.000000 28.327792 161.786822 57.578282 256.000000 226.983745 27.117231 199.187736 0.000000 23.504667 33.596487 198.629398 256.000000 243.471002
83.858400 77.567622 64.000000 44.707485 77.469244 83.440865 256.000000 203.590944 24.845113 30.073053 0.000000 9.061107 16.153091 15.217713 256.000000 257.161620 100.508065 13.801982 0.000000 23.668163 99.291687 16.992275 256.000000 221.356049 22.040473 100.999555 0.000000 13.595963 10.449438 101.290744 256.000000 241.001355
44.140782 44.708616 64.000000 11.216670 46.614640 40.100553 256.000000 260.500376 8.732173 177.810320 0.000000 72.914806 13.220344 185.585609 256.000000 183.179789 34.218727 67.049482 64.000000 22.411827 32.220713 52.927222 256.000000 233.394500 91.606991 187.165151 64.000000 33.856530 77.316733 181.319904 256.000000 233.992550
98.829856 81.614907 64.000000 35.560328 97.698396 91.313265 256.000000 236.939776 56.192825 170.607891 64.000000 24.855658 55.774116 169.459795 256.000000 231.772450 173.383827 54.054785 0.000000 19.064466 173.347960 55.717825 256.000000 230.369828 160.296611 75.350218 0.000000 14.052030 159.650173 75.749093 256.000000 243.724850
142.965671 185.970033 0.000000 23.990852 128.374420 198.523238 256.000000 234.599206 97.354965 76.647569 64.000000 33.077774 102.223376 75.692107 256.000000 221.016150 135.421536 60.449271 0.000000 15.575122 137.826645 65.887309 256.000000 234.375474 92.937716 60.582467 64.000000 22.824869 89.759685 56.411429 256.000000 218.017293
64.141738 204.197344 0.000000 10.003359 56.645269 210.446476 256.000000 245.742732 80.592340 84.442149 0.000000 14.718921 77.998862 87.980136 256.000000 229.978299 46.984007 231.106142 64.000000 25.488128 50.700480 227.337616 256.000000 238.243440 51.711527 53.298933 64.000000 13.574451 52.733547 57.017896 256.000000 219.256419
110.276427 103.907011 0.000000 59.228490 110.634889 107.782682 256.000000 192.434510 84.697391 224.212200 64.000000 16.706685 88.005298 224.987984 256.000000 230.864618 38.531262 139.901615 0.000000 9.009477 32.591716 147.580916 256.000000 261.507166 105.122256 95.676531 0.000000 9.474149 129.927760 111.348411 256.000000 250.036647
