153.207136 13.822047 64.000000 18.875155 152.823493 13.408478 256.000000 236.126600 124.696375 37.843847 64.000000 39.944596 149.004498 191.801185 256.000000 230.331106 151.416867 19.853464 64.000000 15.936534 152.022404 21.110580 320.000000 256.352747 4.240124 193.735335 0.000000 9.018082 8.809062 196.803295 256.000000 221.825024
160.296611 75.350218 0.000000 14.052030 159.650173 75.749093 256.000000 243.724850 21.104158 47.340460 64.000000 25.032061 75.702991 62.634087 256.000000 232.921223 105.158660 101.630282 0.000000 9.517174 103.047302 104.545667 256.000000 247.949925 70.675113 96.419605 0.000000 11.074686 72.369653 104.238335 256.000000 242.270599
92.504467 61.062667 64.000000 69.455580 93.207616 63.989582 256.000000 189.719619 58.535091 204.942804 64.000000 22.192398 56.708960 204.681511 256.000000 241.500448 92.313202 199.718473 64.000000 10.093712 91.044607 201.676736 256.000000 239.753624 147.500175 161.464844 0.000000 25.277305 147.454253 158.061136 256.000000 228.016350
39.566238 99.110196 64.000000 28.848397 50.694376 89.868204 256.000000 227.934602 103.157171 43.395056 64.000000 43.231721 98.445544 42.642645 256.000000 211.800152 30.256831 25.515425 0.000000 15.321274 25.947367 28.371718 256.000000 241.642431 92.960904 110.383084 0.000000 37.449134 83.805651 108.003365 256.000000 210.655682
21.554542 105.589580 0.000000 9.835561 22.240209 114.830704 256.000000 249.494530 16.463016 76.294175 64.000000 24.425406 29.132931 75.010307 256.000000 218.834772 98.865836 79.969220 0.000000 20.419760 102.049502 72.049715 256.000000 222.384351 104.708433 0.756931 64.000000 13.733644 104.629253 0.596242 256.000000 246.986161
9.267062 20.964173 0.000000 39.096999 148.260442 79.160940 256.000000 218.916520 70.904251 126.044671 0.000000 8.802956 69.204889 125.821742 256.000000 249.812916 97.499765 36.890596 0.000000 19.438785 92.297222 32.846067 256.000000 234.069996 76.523345 26.221851 0.000000 26.697137 73.309115 32.687840 256.000000 227.216081
36.127033 232.691675 64.000000 23.685373 44.791056 230.726385 256.000000 258.456679 117.574671 112.150369 0.000000 16.211895 123.395164 106.296160 256.000000 243.204246 131.234224 15.926940 64.000000 12.886047 128.869653 11.524420 256.000000 246.246127 132.164051 73.277193 64.000000 30.156363 127.060567 81.047305 256.000000 221.102200
22.076067 155.262211 64.000000 30.913606 27.291138 152.517435 256.000000 231.811173 34.896258 182.892593 64.000000 25.311725 36.549535 181.657213 256.000000 224.307578 37.620591 145.142318 64.000000 9.852771 39.259738 151.701467 256.000000 244.284178 89.705833 20.274925 64.000000 29.153876 87.514033 21.352495 256.000000 228.795106
14.869778 19.332051 64.000000 10.941308 17.178911 17.355649 256.000000 257.875839 122.348936 110.995287 0.000000 11.143527 119.890209 113.292418 256.000000 244.447674 65.552865 121.856040 0.000000 35.302177 60.589653 114.774555 256.000000 216.786773 29.966969 21.006307 64.000000 11.109107 29.601756 21.458960 256.000000 241.160549
55.739924 45.150205 0.000000 9.401006 54.220564 44.331655 256.000000 249.356849 115.216925 89.329218 64.000000 9.104132 120.745680 85.800013 256.000000 252.880613 106.430384 19.988685 0.000000 15.988164 103.174507 19.667445 256.000000 252.381521 44.966851 99.179104 64.000000 13.195829 41.515000 101.531329 256.000000 233.622533
28.638122 53.041400 64.000000 27.015523 21.976753 55.859136 256.000000 251.434966 62.656262 147.225169 64.000000 21.065138 59.139804 147.653849 256.000000 246.121354 104.989685 57.777318 0.000000 23.052902 109.966716 71.230445 256.000000 238.213322 38.120913 44.102691 64.000000 23.431524 29.927740 42.458340 256.000000 223.623477
132.299351 112.659469 64.000000 10.394888 132.538487 111.445355 256.000000 223.550334 106.772913 145.713851 64.000000 18.290013 104.826844 145.252331 256.000000 237.172112 7.938798 104.321625 0.000000 22.622650 13.311209 97.605391 256.000000 218.150672 59.913495 58.316842 0.000000 23.534784 54.736604 57.767262 256.000000 233.325660
45.174371 94.850118 0.000000 41.213839 58.268271 91.865520 256.000000 205.793834 156.828725 23.579238 64.000000 55.003416 155.217329 24.364844 256.000000 193.630610 45.804642 150.757478 0.000000 47.822510 27.596793 121.606171 256.000000 205.789532 132.915722 163.544320 64.000000 9.000872 133.550667 162.402296 256.000000 259.480679
48.611135 84.537205 0.000000 15.213711 47.496384 82.312307 256.000000 242.911674 63.482067 111.594022 0.000000 15.648265 67.518925 109.929460 256.000000 237.912146 30.803400 141.084089 64.000000 24.313541 40.990182 140.551540 256.000000 235.360752 99.530796 66.998975 64.000000 20.905945 97.359785 66.493645 256.000000 223.903141
9.280864 66.225465 0.000000 17.029374 6.905862 63.754227 256.000000 237.628180 124.822409 151.767805 0.000000 42.603553 118.568738 142.587767 256.000000 211.847480 105.214025 71.984958 64.000000 36.162681 103.275215 75.369576 256.000000 203.405936 14.700300 100.951720 64.000000 14.994282 19.043924 109.312164 256.000000 243.892649
72.918265 70.390338 0.000000 13.815392 116.049187 104.100233 256.000000 245.949253 72.130456 52.445524 64.000000 11.767392 68.567898 42.176740 256.000000 246.267640 180.808287 125.784229 64.000000 9.732300 182.452813 125.332305 256.000000 253.624949 149.856107 180.420089 0.000000 20.479995 147.349976 180.802047 256.000000 229.793291
13.299925 106.700336 0.000000 14.792064 18.575325 98.003398 256.000000 242.885859 154.655360 156.803089 64.000000 28.370817 150.622560 159.133275 256.000000 200.006945 178.116747 60.423824 64.000000 8.768536 178.867496 59.178478 256.000000 253.405520 107.926615 194.824993 64.000000 19.881945 110.190704 192.663433 256.000000 235.235978
54.093687 131.981395 64.000000 11.324233 64.100242 148.052280 256.000000 224.836788 72.104104 58.358636 0.000000 12.782787 71.608455 60.779049 256.000000 232.921223 53.661955 28.600135 0.000000 15.110450 62.388900 31.115484 256.000000 254.851167 136.011031 194.102156 0.000000 12.374048 140.654218 192.332324 256.000000 252.420243
88.303782 98.725160 64.000000 78.284351 89.951273 98.323362 256.000000 167.213137 48.310635 71.409182 0.000000 13.922955 39.374124 71.066660 256.000000 246.826967 62.827416 69.142785 0.000000 15.936534 69.344147 63.137593 256.000000 241.754296 1.227538 160.930384 64.000000 27.759859 3.992445 160.228025 256.000000 240.622734
67.523829 61.390669 0.000000 9.512872 66.101738 61.937565 256.000000 243.587170 82.678247 78.629227 64.000000 14.297274 91.618587 75.255325 256.000000 256.989520 108.143104 5.791636 64.000000 43.821166 100.061705 37.654520 256.000000 199.679953 178.058829 77.974862 64.000000 18.135122 168.864556 77.221022 256.000000 246.986161
90.883716 17.381604 64.000000 14.671593 90.593196 7.693202 256.000000 238.781255 49.935911 89.968020 64.000000 18.857945 42.513369 88.536138 256.000000 251.064950 5.419447 133.556233 0.000000 11.827627 7.827202 145.847087 256.000000 239.207204 99.908520 95.095236 0.000000 15.906416 98.586711 103.165316 256.000000 229.044652
105.847369 116.797478 64.000000 11.276905 104.499575 115.858493 256.000000 268.369685 188.082965 59.999178 0.000000 31.941908 185.146349 58.989671 256.000000 212.049698 124.827124 135.111280 0.000000 15.988164 119.556015 154.168536 256.000000 258.344813 128.003165 19.445631 64.000000 51.092425 108.348384 21.324869 256.000000 211.791547
116.420562 176.236607 0.000000 46.755485 102.588656 151.522051 256.000000 212.368085 40.217449 80.783911 64.000000 14.039123 41.231451 96.204969 256.000000 223.812788 124.569900 103.935353 64.000000 27.424262 123.782749 97.970835 256.000000 54.930273 9.062067 88.602840 0.000000 13.768064 7.720695 91.371493 256.000000 212.531580
16.590156 27.671845 64.000000 13.243157 9.357991 26.881149 256.000000 249.421387 54.605349 30.149304 64.000000 16.577610 53.006735 30.230107 256.000000 243.057960 141.221475 44.428722 0.000000 31.980631 125.657727 44.355827 256.000000 208.568960 3.781776 49.709664 0.000000 10.334653 1.319605 52.413598 256.000000 245.368413
180.904105 87.902444 64.000000 37.406109 177.070344 86.695196 256.000000 218.593831 110.884967 134.383600 64.000000 25.957103 103.539127 142.088709 256.000000 229.896551 57.632387 160.330416 0.000000 19.111794 57.006187 156.714769 256.000000 241.087406 66.263842 52.552549 64.000000 27.394145 25.908942 33.592498 256.000000 224.217225
166.992813 62.228682 64.000000 21.542718 170.942407 87.973335 256.000000 234.874567 103.068551 190.441102 64.000000 22.747423 92.310358 208.247235 256.000000 229.724450 137.946167 109.218802 0.000000 61.259280 126.656758 98.545716 256.000000 199.877869 15.732433 71.100818 0.000000 36.993067 34.618465 56.096369 256.000000 210.629867
48.583065 153.667713 0.000000 14.262854 80.038453 169.902678 256.000000 232.934130 97.825793 170.093336 0.000000 10.459426 224.307900 225.397573 256.000000 251.589857 52.522338 110.110553 64.000000 11.754485 61.592113 121.634275 256.000000 241.293927 39.835785 75.258318 64.000000 8.884704 41.575896 75.208858 256.000000 253.229117
165.753133 84.286129 64.000000 20.755356 164.058055 80.330836 256.000000 241.866162 42.053733 42.138829 64.000000 27.910447 49.382280 46.503724 256.000000 225.301460 5.470371 185.947998 64.000000 20.449878 1.686704 180.753358 256.000000 242.180246 154.976873 53.046124 0.000000 43.631855 152.827073 49.478507 256.000000 233.644046
9.250653 11.833258 64.000000 17.089609 10.334025 12.598653 256.000000 248.040278 93.795107 199.928233 64.000000 25.109507 83.412109 202.157756 256.000000 32.187152 72.706282 91.703349 0.000000 21.060835 71.305342 90.104680 256.000000 236.935474 55.396531 135.638424 64.000000 31.464329 47.782776 126.908989 256.000000 234.026970
66.747329 138.622520 64.000000 40.125302 73.366047 150.043260 256.000000 212.991950 31.956840 86.672991 0.000000 20.445575 45.048389 90.714458 256.000000 221.683040 144.405364 68.272315 0.000000 18.453508 141.194669 66.344664 256.000000 211.073026 8.429744 189.357575 0.000000 15.600938 4.623798 188.966193 256.000000 218.344285
18.338807 183.024289 0.000000 26.413170 21.886427 181.749320 256.000000 230.696820 180.196642 60.515404 64.000000 18.264197 179.836416 59.963793 256.000000 265.151400 27.857740 83.771762 64.000000 82.165224 33.385389 87.815365 256.000000 194.671820 113.449831 20.605591 64.000000 13.626081 112.626104 18.324498 256.000000 242.752481
59.812391 80.055664 64.000000 16.069912 56.701885 77.541724 256.000000 249.576278 125.017922 11.136875 64.000000 21.787961 125.068467 11.186591 256.000000 241.616616 128.975316 9.342176 64.000000 32.918581 129.588589 10.907895 256.000000 236.875239 0.527938 131.834005 64.000000 13.423862 15.571369 178.060720 256.000000 233.170769
