97.304304 12.048496 64.000000 16.065610 91.853062 15.975922 256.000000 237.916448 176.284393 112.187231 0.000000 9.383796 177.389271 111.464811 256.000000 240.949725 51.077496 152.710075 0.000000 9.091225 59.288522 156.780133 256.000000 246.125657 105.071569 14.634342 64.000000 30.431724 108.495265 20.784867 256.000000 206.826439
106.414075 104.362025 0.000000 24.705070 103.753538 109.786471 256.000000 246.900110 49.417665 14.894240 64.000000 13.079661 46.301440 8.690918 256.000000 234.233491 73.360764 53.173465 64.000000 15.902114 74.362509 53.423875 256.000000 225.069124 16.732105 103.885873 64.000000 12.787089 10.233678 105.868785 256.000000 257.893049
159.475629 62.099385 0.000000 12.391258 189.379187 45.749211 256.000000 231.548719 18.793880 116.342107 64.000000 13.062451 20.429240 123.836580 256.000000 250.871336 164.054404 50.850473 64.000000 34.433068 164.760091 53.032709 256.000000 228.222871 105.743756 7.283765 64.000000 30.582312 100.690031 6.537680 256.000000 221.893864
35.204924 5.215715 64.000000 24.515759 36.051058 6.800535 256.000000 239.439541 160.470915 29.340304 64.000000 49.349904 146.298467 31.481889 256.000000 196.965063 144.215498 19.641382 0.000000 10.063594 139.672693 12.737285 256.000000 230.115980 16.113522 170.543471 64.000000 30.100430 18.432255 166.783500 256.000000 236.178230
65.223040 58.899631 0.000000 35.039723 57.230173 57.425175 256.000000 217.359008 73.244876 91.695735 64.000000 12.675224 77.167969 92.537776 256.000000 252.131975 168.725611 43.962753 0.000000 31.812833 165.283189 42.737645 256.000000 226.665359 73.839067 175.622813 64.000000 22.433339 74.441098 174.214558 256.000000 230.124585
153.319971 57.742800 0.000000 24.911591 151.904069 78.449427 256.000000 239.607339 142.048145 19.378118 0.000000 51.118240 138.303405 22.924809 256.000000 197.571718 98.728236 132.672549 64.000000 25.651624 103.194885 125.272420 256.000000 244.094867 54.922053 118.752878 0.000000 27.084363 51.834118 111.124515 256.000000 214.338639
175.033747 134.367053 64.000000 82.634199 175.373647 134.322947 256.000000 190.786644 93.893076 64.336336 64.000000 29.618548 91.993124 59.600613 256.000000 256.172041 43.299495 198.557840 0.000000 79.945124 49.760851 197.568384 256.000000 183.549806 119.845491 67.785267 0.000000 19.821710 140.649409 2.973449 256.000000 225.430535
8.914515 57.462842 0.000000 9.078317 10.021540 59.149860 256.000000 243.169825 114.045678 69.214302 64.000000 9.913006 113.976055 69.028915 256.000000 259.975468 119.648467 40.002355 0.000000 20.157306 117.670491 40.960775 256.000000 242.911674 20.583493 70.354220 64.000000 13.299089 17.056438 69.830698 256.000000 251.856613
41.414605 50.706958 64.000000 14.916837 35.294895 48.668585 256.000000 242.279204 39.669145 36.135285 0.000000 10.743392 38.885196 37.179896 256.000000 231.264753 163.169618 162.807631 0.000000 24.511456 154.146571 178.700358 256.000000 211.757127 87.539524 151.322829 0.000000 38.899083 73.146418 137.240216 256.000000 215.711143
170.317200 45.992345 0.000000 25.501036 168.730695 44.934558 256.000000 235.593088 50.140871 30.609815 0.000000 17.360668 53.412189 31.141480 256.000000 240.119339 114.675327 2.663184 64.000000 21.929944 112.887947 2.878707 256.000000 255.591201 6.523698 77.110531 0.000000 23.655255 10.385933 75.120715 256.000000 239.964448
23.230136 222.937356 0.000000 9.314956 26.485918 226.674858 256.000000 260.698292 94.653415 35.642247 0.000000 9.082620 123.034724 23.979405 256.000000 244.073355 49.935911 89.968020 64.000000 18.857945 42.513369 88.536138 256.000000 251.064950 89.366560 36.870142 0.000000 18.638517 89.898964 40.459925 256.000000 238.131574
30.347891 39.125967 64.000000 14.551123 23.225496 46.690949 256.000000 227.379577 26.711402 229.198815 0.000000 19.232264 33.897320 230.493016 256.000000 225.464956 68.676755 97.329518 0.000000 10.893981 80.071449 97.603189 256.000000 262.789317 141.146607 192.453520 0.000000 35.190311 141.858611 186.901264 256.000000 233.411710
8.380000 40.071644 64.000000 10.123830 3.380902 40.818485 256.000000 248.715774 148.597149 59.613845 64.000000 11.750182 148.617985 56.966515 256.000000 256.305419 170.281976 118.606555 64.000000 40.168327 165.353196 116.893511 256.000000 208.470002 150.369575 122.179767 64.000000 10.377678 152.552218 121.064765 256.000000 249.658026
56.456469 88.981484 64.000000 12.283695 55.094705 94.549540 256.000000 255.139436 14.350007 117.136873 64.000000 11.195157 12.633284 115.492778 256.000000 235.507037 25.086847 44.216236 0.000000 22.127860 22.591904 45.058098 256.000000 241.775809 114.855331 29.471231 0.000000 36.300361 104.284420 45.244284 256.000000 237.382936
24.845113 30.073053 0.000000 9.061107 16.153091 15.217713 256.000000 257.161620 20.501976 123.457187 0.000000 13.359325 24.101935 125.610425 256.000000 233.919407 21.143962 32.566358 64.000000 26.426078 17.679482 40.231813 256.000000 237.490499 26.864447 56.054575 0.000000 21.861104 38.404309 35.697082 256.000000 229.139308
123.734142 91.028853 0.000000 31.361068 117.004102 102.132605 256.000000 225.985560 66.836358 42.210073 0.000000 29.003287 70.883471 56.940798 256.000000 219.781327 157.199038 90.543456 0.000000 9.396704 159.097991 95.104860 256.000000 244.150800 30.778744 83.552795 0.000000 13.415257 34.380373 80.334900 256.000000 250.105488
3.781776 49.709664 0.000000 10.334653 1.319605 52.413598 256.000000 245.368413 89.487287 147.545038 64.000000 37.462042 79.760413 132.315362 256.000000 211.077329 158.883605 148.252447 64.000000 24.829843 158.129485 147.413400 256.000000 229.406064 166.791573 139.291882 0.000000 17.162752 166.364198 137.962089 256.000000 227.319342
146.404731 78.182707 0.000000 10.222788 148.831656 82.190160 256.000000 228.511140 61.189087 59.670809 0.000000 20.944667 89.657305 53.948840 256.000000 240.278532 18.388684 126.678331 0.000000 16.693778 21.662318 125.724860 256.000000 231.892920 57.360456 121.384876 64.000000 12.386955 57.758487 120.599833 256.000000 236.677323
45.910551 70.757933 64.000000 32.965908 50.223469 38.376344 256.000000 226.760014 70.304011 111.025769 64.000000 33.013236 42.623371 115.488373 256.000000 240.932515 51.145773 39.748740 0.000000 9.697880 56.182845 40.607776 256.000000 248.801824 21.361878 76.456105 64.000000 12.709644 18.311453 80.054353 256.000000 257.350931
134.575671 128.971527 64.000000 26.770279 193.060105 57.957691 256.000000 249.348244 24.769756 43.084249 64.000000 9.435426 28.619367 42.210684 256.000000 239.000683 134.209729 79.948745 64.000000 10.704670 133.984449 78.910356 256.000000 237.404449 130.133320 150.897453 0.000000 42.582040 128.896280 147.662304 256.000000 218.107646
12.593742 25.548544 0.000000 10.054989 9.894156 19.598156 256.000000 241.995237 11.897767 45.138449 0.000000 16.414114 6.494055 48.661905 256.000000 237.271070 131.511256 95.366715 64.000000 46.574779 135.294275 94.324384 256.000000 218.004386 9.884460 14.019413 0.000000 18.642819 15.113724 13.098302 256.000000 222.814603
52.999216 60.084933 64.000000 14.568333 56.043005 49.738511 256.000000 272.728138 35.886185 179.490585 64.000000 12.034148 35.315335 178.429455 256.000000 231.505694 30.633320 147.416102 0.000000 10.227090 36.986136 150.178504 256.000000 231.402433 5.911460 199.200055 64.000000 20.118584 9.231800 199.166485 256.000000 228.825224
106.500104 13.520082 64.000000 10.278720 115.499509 4.555662 256.000000 237.886331 99.964427 65.037027 64.000000 8.794351 102.680489 66.606560 256.000000 256.864747 34.105015 226.791178 0.000000 10.394888 24.707860 234.605787 256.000000 237.309793 121.760667 161.875527 0.000000 15.398719 121.404045 161.797715 256.000000 239.189994
129.168147 107.378253 0.000000 19.705542 126.218671 90.826649 256.000000 243.772178 79.489549 124.826296 64.000000 17.623122 78.620104 123.338245 256.000000 233.123441 143.202071 16.856749 0.000000 28.990380 139.576935 15.368255 256.000000 222.083175 102.085140 169.934447 64.000000 28.142783 98.116220 169.883702 256.000000 240.201087
116.549295 113.902927 64.000000 31.322346 96.423324 114.643404 256.000000 231.574534 64.109078 170.855984 64.000000 31.675152 61.882016 169.720016 256.000000 224.182805 83.858400 77.567622 64.000000 44.707485 77.469244 83.440865 256.000000 203.590944 97.939984 163.197009 64.000000 9.947426 100.180824 162.525302 256.000000 228.106703
140.194304 180.407896 64.000000 8.643763 140.747471 180.718395 256.000000 261.722292 14.363144 53.227544 0.000000 46.178947 9.928905 52.256224 256.000000 202.726137 25.672889 38.700316 64.000000 14.482282 30.230127 31.554785 256.000000 245.833085 54.832407 188.552382 0.000000 27.592061 58.797882 184.788067 256.000000 228.012047
138.967133 136.604111 64.000000 99.358094 145.510653 151.285293 256.000000 169.024498 111.538225 49.414282 64.000000 11.315628 116.882809 42.972840 256.000000 248.354362 29.669936 126.116858 64.000000 18.044769 33.509651 126.609618 256.000000 231.316383 1.583180 74.269195 64.000000 21.275961 20.620696 82.690951 256.000000 226.248014
93.725875 97.012562 0.000000 35.121471 49.353600 102.354915 256.000000 225.873695 180.400020 37.103678 64.000000 42.267956 177.416622 37.804056 256.000000 209.928556 22.728935 7.438796 64.000000 14.490887 17.331062 7.132329 256.000000 238.256348 10.303135 4.294389 64.000000 28.190111 19.182160 3.171773 256.000000 225.826367
114.910576 61.105809 0.000000 30.608127 111.520813 63.836645 256.000000 216.365126 103.464347 23.560178 0.000000 12.335325 102.290080 21.920531 256.000000 258.465284 166.265589 153.914276 64.000000 24.244700 161.746900 150.841364 256.000000 219.493058 45.848940 97.579100 64.000000 30.930816 52.911318 88.678998 256.000000 250.023740
42.057367 86.834884 0.000000 11.539359 45.510091 90.364731 256.000000 232.684584 187.348636 27.720556 64.000000 10.717577 188.270122 25.712145 256.000000 235.369357 85.896895 32.699375 0.000000 14.335997 94.612844 46.565147 256.000000 234.732584 80.531773 195.532182 64.000000 40.039251 76.005631 198.973893 256.000000 179.242983
79.770724 217.950949 0.000000 20.763962 85.337900 215.953082 256.000000 241.276717 63.651904 31.388651 64.000000 26.198044 64.316944 33.089840 256.000000 228.377762 26.734111 222.828575 0.000000 16.878786 30.150269 225.449875 256.000000 240.997053 152.171862 46.451996 0.000000 18.948298 147.548582 43.290236 320.000000 231.849895
20.034225 35.666987 0.000000 32.105404 30.527764 29.790598 256.000000 218.395915 94.576822 59.458844 0.000000 20.518718 95.000007 66.685713 256.000000 245.316783 110.987427 86.211798 0.000000 27.979288 107.569058 73.634915 256.000000 231.953156 37.005765 21.943620 64.000000 13.230249 36.310262 23.348309 256.000000 237.770163
