114.810940 161.103371 0.000000 51.070912 114.397065 164.275742 256.000000 187.452191 53.783345 117.106716 0.000000 12.825812 57.387602 115.798205 256.000000 243.118195 3.781776 49.709664 0.000000 10.334653 1.319605 52.413598 256.000000 245.368413 115.171384 132.500165 0.000000 11.590989 114.915982 131.948744 256.000000 237.154902
154.379218 70.814216 64.000000 10.631527 155.689215 68.435035 256.000000 245.114564 77.842487 142.264985 0.000000 31.941908 74.468849 136.961349 256.000000 225.576821 111.350638 94.720345 64.000000 36.962949 104.243275 98.867615 256.000000 226.691174 180.565675 49.925264 0.000000 35.599050 175.744987 52.588249 256.000000 218.103344
105.122256 95.676531 0.000000 9.474149 129.927760 111.348411 256.000000 250.036647 166.992813 62.228682 64.000000 21.542718 170.942407 87.973335 256.000000 234.874567 174.894760 75.232791 64.000000 8.919124 181.177320 66.248387 256.000000 242.132918 100.227675 25.756709 64.000000 19.154819 97.630991 24.695044 256.000000 250.342126
134.451662 190.570024 0.000000 28.788161 134.307729 186.378338 256.000000 230.847408 157.783367 171.103318 64.000000 38.064394 144.700933 149.692202 256.000000 215.474504 104.022325 99.088260 0.000000 24.902986 104.811847 94.821456 256.000000 244.340111 58.053496 40.486815 64.000000 36.511185 29.940960 51.480869 256.000000 216.472689
84.597991 144.566538 0.000000 20.798382 80.620395 146.643769 256.000000 255.999940 36.426589 71.039609 0.000000 19.395760 28.279618 74.466893 256.000000 238.897423 53.131975 182.546900 64.000000 23.934919 55.912305 181.438762 256.000000 232.297357 36.697475 76.571371 0.000000 46.772695 33.326629 75.521553 256.000000 216.291983
54.057385 129.659835 64.000000 11.027359 52.982258 129.559938 256.000000 249.451505 147.246287 126.182320 64.000000 10.029174 147.451842 126.555060 256.000000 239.263137 14.950371 126.836633 64.000000 13.806787 5.596962 130.615396 256.000000 260.857485 117.432560 152.088035 0.000000 9.530082 114.005309 155.856393 256.000000 244.748850
22.302367 13.780002 64.000000 34.093168 21.065949 20.882975 256.000000 238.170297 172.950211 64.139444 64.000000 10.218485 192.167251 49.560585 256.000000 249.339639 11.105455 222.572656 0.000000 16.805643 12.502147 222.603687 256.000000 247.141051 45.281204 180.934733 0.000000 30.453237 90.591564 179.525515 256.000000 210.767547
51.162758 0.610736 64.000000 12.490216 49.840502 1.288200 256.000000 233.084718 154.284380 91.101927 64.000000 9.035292 154.077087 92.738536 256.000000 248.414597 108.452836 49.837415 64.000000 17.184265 109.023736 51.765467 256.000000 267.887803 176.997251 130.030389 64.000000 21.456667 176.825187 127.341767 256.000000 228.128215
37.835218 61.834804 0.000000 13.707829 37.273224 66.981462 256.000000 246.710799 18.065640 105.683287 64.000000 20.376735 16.410825 102.677824 256.000000 239.766532 113.899640 112.931518 64.000000 25.436498 114.622802 109.898144 256.000000 234.470130 164.233749 155.660415 0.000000 23.422919 159.875860 163.635224 256.000000 221.003242
19.475255 101.299287 64.000000 18.061979 23.248405 103.874829 256.000000 233.192281 118.639684 183.737096 0.000000 19.154819 115.838645 185.498747 256.000000 252.028714 111.019258 9.637267 64.000000 11.393073 116.446024 11.836171 256.000000 241.732784 11.372622 198.468335 0.000000 15.622450 8.677087 197.582853 256.000000 236.453592
27.323335 125.379529 64.000000 11.109107 24.412125 125.734645 256.000000 258.628780 92.960904 110.383084 0.000000 37.449134 83.805651 108.003365 256.000000 210.655682 106.875553 18.551487 0.000000 22.502180 108.435431 23.815624 256.000000 221.080688 2.183447 106.188162 64.000000 36.334781 14.056255 102.728391 256.000000 211.653866
5.356402 55.670316 64.000000 41.661301 12.051458 56.211045 256.000000 225.279947 69.700184 68.507944 0.000000 11.522149 72.931682 64.103827 256.000000 263.787501 51.449187 130.878785 64.000000 18.776197 47.017778 129.563264 256.000000 234.280819 72.654287 146.215085 0.000000 22.386012 56.808718 154.967075 256.000000 229.397459
53.143509 122.333893 0.000000 13.333509 47.979213 130.723204 256.000000 235.033760 25.125196 95.443209 0.000000 9.573107 21.740880 93.200420 256.000000 244.615472 127.376418 97.344549 0.000000 15.484769 127.829604 94.594200 256.000000 220.267511 166.374793 140.078702 64.000000 13.152804 166.457475 140.013105 256.000000 253.599134
10.155067 131.231324 64.000000 28.573035 14.609642 128.645198 256.000000 217.849495 145.296136 157.815900 64.000000 21.628768 147.863720 160.246347 256.000000 248.651236 50.924882 101.907676 64.000000 42.749839 55.708311 110.575976 256.000000 207.415884 71.908678 133.023389 0.000000 8.932032 70.130027 134.287373 256.000000 243.281691
49.576649 73.565502 64.000000 17.197172 46.647031 70.089664 256.000000 226.544888 101.452973 44.527807 64.000000 28.882817 96.066711 55.293458 256.000000 216.472689 60.049407 67.957269 64.000000 19.739962 61.863324 76.049518 256.000000 222.917864 56.140467 37.750471 0.000000 18.358853 44.333902 31.624933 256.000000 236.453592
45.863222 182.546398 0.000000 11.294115 60.562124 195.353315 256.000000 249.408479 62.098900 194.153253 0.000000 13.182921 61.542473 196.333678 256.000000 241.960817 56.939424 48.462965 0.000000 12.266485 67.427185 38.394342 256.000000 245.075842 42.330402 37.655415 0.000000 21.211424 56.758864 49.063316 256.000000 244.628380
62.491029 229.078062 64.000000 19.129004 60.651582 229.096087 256.000000 238.105759 94.116909 22.092282 0.000000 85.968652 94.412160 24.000096 256.000000 167.798280 141.146607 192.453520 0.000000 35.190311 141.858611 186.901264 256.000000 233.411710 68.771984 151.948189 64.000000 27.234952 65.926095 148.043449 256.000000 234.758399
177.348696 51.803649 64.000000 33.374648 173.744682 54.154771 256.000000 210.337295 41.897587 199.609415 64.000000 29.881001 41.972384 197.465984 256.000000 250.897151 57.429002 47.882036 64.000000 15.867694 55.856078 50.611480 256.000000 236.617087 48.157249 144.147985 64.000000 12.146014 47.918496 142.553751 256.000000 249.920479
93.061676 42.108484 64.000000 15.803156 123.553629 31.814822 256.000000 228.506837 118.695635 114.105515 64.000000 29.128060 116.722551 111.776100 256.000000 229.414669 5.286307 5.892498 0.000000 13.772367 1.775676 6.862902 256.000000 236.638600 104.852309 154.741280 64.000000 15.114753 116.107822 155.384298 256.000000 236.221256
146.444667 37.685045 64.000000 38.851756 106.277769 39.989149 256.000000 195.583954 124.827124 135.111280 0.000000 15.988164 119.556015 154.168536 256.000000 258.344813 121.158158 70.727585 0.000000 24.003759 119.187722 80.728087 256.000000 230.584954 4.463235 19.380567 0.000000 13.613173 7.779067 14.165244 256.000000 225.073426
36.803989 68.999505 64.000000 13.707829 32.946824 71.777545 256.000000 247.472345 8.702293 178.268000 0.000000 35.762546 14.497282 171.700444 256.000000 201.616087 88.202884 102.429004 64.000000 9.353678 94.212578 103.139895 256.000000 274.522289 42.057367 86.834884 0.000000 11.539359 45.510091 90.364731 256.000000 232.684584
173.199235 127.235856 64.000000 29.889606 165.315213 132.759365 256.000000 229.199543 76.739367 192.612287 0.000000 29.054918 74.088898 196.664945 256.000000 231.359408 107.173578 85.154125 0.000000 20.613373 104.785133 85.571400 256.000000 232.271542 4.158878 4.415322 0.000000 21.267356 5.439978 7.520665 256.000000 218.215209
122.535047 162.632760 0.000000 36.321874 120.550358 157.172467 256.000000 207.751481 28.935753 130.093869 0.000000 38.929201 38.129936 108.293460 256.000000 223.997796 2.952198 191.266567 64.000000 9.878586 9.291698 206.502578 256.000000 242.313624 45.930360 179.535455 0.000000 9.508569 43.202429 180.051138 256.000000 264.170425
116.901824 55.167865 64.000000 18.948298 128.195413 77.873984 256.000000 246.999068 4.482585 60.947360 0.000000 28.073943 9.253745 64.017365 256.000000 234.835844 60.862756 58.119538 0.000000 13.002215 67.261600 62.271905 256.000000 228.640215 21.361878 76.456105 64.000000 12.709644 18.311453 80.054353 256.000000 257.350931
2.806311 105.646904 64.000000 32.432396 9.371475 102.622509 256.000000 228.945694 21.021851 196.182185 0.000000 55.549836 28.367453 161.529993 256.000000 191.625636 166.879475 35.832795 0.000000 16.349576 165.410560 34.923787 256.000000 251.942664 66.530349 104.166664 0.000000 11.479123 63.793651 105.098335 256.000000 230.997996
75.502220 112.963455 64.000000 25.720465 74.815976 108.018075 256.000000 243.333321 40.938371 146.721080 0.000000 16.964836 40.622140 145.364995 256.000000 253.551806 164.988636 74.973093 0.000000 20.570348 165.097602 77.915595 256.000000 240.480750 77.853104 137.700196 0.000000 20.200331 71.287985 146.055700 256.000000 224.901325
156.828725 23.579238 64.000000 55.003416 155.217329 24.364844 256.000000 193.630610 43.383162 163.400987 64.000000 13.114081 41.871965 161.594111 256.000000 246.702194 40.658213 76.527298 64.000000 8.893309 39.447316 75.319222 256.000000 257.677923 141.420489 23.251624 64.000000 9.646250 142.977849 24.372416 256.000000 266.941248
82.122811 103.064245 64.000000 16.633542 89.065105 96.489956 256.000000 223.769763 35.928876 80.603860 64.000000 39.639117 39.274893 88.138258 256.000000 206.869464 70.248993 139.091529 0.000000 9.357981 69.767495 139.003267 256.000000 270.103601 67.523829 61.390669 0.000000 9.512872 66.101738 61.937565 256.000000 243.587170
13.553318 51.330640 64.000000 12.034148 10.946902 50.512678 256.000000 240.631339 131.229369 99.171653 0.000000 31.692362 124.735569 97.548769 256.000000 225.611241 59.490242 153.203640 64.000000 17.803828 76.521733 156.625462 256.000000 233.867777 77.421467 108.178056 0.000000 28.607455 88.259784 89.769565 256.000000 237.524919
32.139251 144.616222 0.000000 19.877642 39.568909 145.952455 256.000000 253.775537 61.741060 151.034124 0.000000 33.688732 63.958778 142.013827 256.000000 227.418300 10.988336 68.355613 0.000000 9.228905 11.368115 70.763780 256.000000 242.236179 24.243549 140.261405 64.000000 14.082148 28.745489 142.299055 256.000000 253.943335
48.611135 84.537205 0.000000 15.213711 47.496384 82.312307 256.000000 242.911674 69.914229 223.583371 64.000000 29.282951 73.785609 221.487202 256.000000 239.689087 156.744635 59.425484 0.000000 9.525779 157.335645 60.656424 256.000000 242.834229 37.034860 29.058287 64.000000 17.386483 38.017929 31.147805 256.000000 223.339511
28.998175 10.119724 0.000000 9.233208 25.867293 10.235164 256.000000 241.259506 22.093891 106.327902 0.000000 23.582112 29.680762 106.491115 256.000000 244.353018 143.202071 16.856749 0.000000 28.990380 139.576935 15.368255 256.000000 222.083175 33.310655 104.446411 0.000000 25.113809 48.469173 96.168082 256.000000 227.745291
