27.566324 203.639398 64.000000 13.957375 22.463764 206.709980 256.000000 232.112349 145.623549 57.938465 64.000000 9.039595 145.500780 57.546065 256.000000 251.675907 21.047604 93.199838 0.000000 16.530282 20.598718 86.734373 256.000000 250.367941 94.448531 17.315880 64.000000 12.890350 116.428391 12.718378 256.000000 248.539370
180.081069 10.016422 0.000000 10.807930 180.960084 5.652020 256.000000 255.036176 49.921345 75.505645 0.000000 10.386283 47.683880 77.378364 256.000000 243.032145 102.200178 182.719387 64.000000 42.147486 96.730018 177.133100 256.000000 207.549262 65.419469 153.279822 64.000000 21.822381 68.252616 152.761847 256.000000 219.940520
104.989685 57.777318 0.000000 23.052902 109.966716 71.230445 256.000000 238.213322 159.988660 71.023185 64.000000 21.366314 159.249764 71.982489 256.000000 250.974597 100.441116 150.600907 64.000000 13.983190 99.909655 151.824033 256.000000 242.842834 76.872335 180.209191 0.000000 43.713603 53.170967 160.474029 256.000000 211.356992
101.901313 115.930475 64.000000 16.629240 101.016635 114.754202 256.000000 245.549119 47.372095 48.746911 0.000000 23.151860 46.006085 51.279120 256.000000 226.093123 26.734111 222.828575 0.000000 16.878786 30.150269 225.449875 256.000000 240.997053 115.061696 9.655413 64.000000 40.680327 128.975260 26.716680 256.000000 234.229189
174.894760 75.232791 64.000000 8.919124 181.177320 66.248387 256.000000 242.132918 35.342480 21.728395 64.000000 17.984534 42.766215 21.570473 256.000000 234.263609 21.322275 195.699245 0.000000 27.802884 2.009745 180.187549 256.000000 223.494401 70.511225 63.814355 0.000000 24.481339 67.401758 68.055002 256.000000 231.105559
152.649289 119.533784 64.000000 13.682014 157.713905 114.887356 256.000000 239.770835 87.212875 58.930071 64.000000 32.527051 84.424644 50.074751 256.000000 228.016350 76.686089 94.682004 64.000000 13.376535 74.836489 95.817151 256.000000 233.381592 172.950211 64.139444 64.000000 10.218485 192.167251 49.560585 256.000000 249.339639
93.282573 29.735924 0.000000 15.501980 115.046247 34.077707 256.000000 241.612313 85.461275 127.703453 0.000000 35.241941 78.345653 127.214587 256.000000 195.028929 128.497947 54.051878 0.000000 18.466416 130.733885 67.674793 256.000000 246.431136 5.470371 185.947998 64.000000 20.449878 1.686704 180.753358 256.000000 242.180246
29.888629 62.214222 64.000000 14.426350 36.590316 58.375109 256.000000 233.532181 150.043907 177.554867 0.000000 13.329207 149.310547 178.797511 256.000000 261.412510 65.918182 120.615969 0.000000 13.139896 65.741402 118.790269 256.000000 241.255204 80.822089 145.803753 0.000000 16.723895 82.602307 144.003569 256.000000 259.635569
76.954364 118.284642 64.000000 21.899827 71.157331 122.704824 256.000000 233.063206 27.247493 124.377405 64.000000 13.798182 35.322589 133.638278 256.000000 225.615544 183.018813 42.272142 64.000000 36.145471 181.357131 41.649071 256.000000 226.011376 157.195813 84.070553 0.000000 9.022384 157.625667 85.818222 256.000000 246.852782
54.665365 199.867115 0.000000 23.130348 66.437465 206.156253 256.000000 227.190266 115.065707 123.381444 0.000000 31.034077 113.618075 123.153858 256.000000 225.972653 93.684138 38.207685 64.000000 15.385812 99.126371 42.825204 256.000000 252.235235 1.078058 55.351053 64.000000 10.597107 3.034707 56.710411 256.000000 232.189794
84.477769 86.978847 64.000000 18.776197 85.290113 82.619273 256.000000 243.230061 130.875251 17.905333 64.000000 22.596835 130.069482 18.780515 256.000000 229.862131 0.438909 134.105980 64.000000 24.864263 1.619302 134.154433 256.000000 234.586298 64.670518 69.867222 0.000000 14.060635 62.682458 69.769160 256.000000 247.123841
35.597676 70.812565 64.000000 16.328063 31.774456 69.988342 256.000000 242.989120 115.685365 86.907631 0.000000 17.532769 114.181987 85.446993 256.000000 226.824552 138.967133 136.604111 64.000000 99.358094 145.510653 151.285293 256.000000 169.024498 14.700300 100.951720 64.000000 14.994282 19.043924 109.312164 256.000000 243.892649
23.808085 126.217093 0.000000 9.839863 26.788376 127.805269 256.000000 230.344013 22.040473 100.999555 0.000000 13.595963 10.449438 101.290744 256.000000 241.001355 15.427098 72.530636 64.000000 10.932703 15.612838 74.913947 256.000000 238.131574 100.545325 54.909860 0.000000 53.768592 98.397525 57.010196 256.000000 199.697163
97.825793 170.093336 0.000000 10.459426 224.307900 225.397573 256.000000 251.589857 98.360329 74.379551 0.000000 26.297002 94.694455 76.318693 256.000000 232.594231 162.411309 109.305433 64.000000 15.992467 162.289307 110.974229 256.000000 243.810901 134.815598 195.551707 64.000000 30.956631 133.252640 194.638884 256.000000 217.522504
42.053733 42.138829 64.000000 27.910447 49.382280 46.503724 256.000000 225.301460 69.914229 223.583371 64.000000 29.282951 73.785609 221.487202 256.000000 239.689087 49.783260 208.878400 64.000000 30.685573 50.685013 206.853967 256.000000 224.440956 101.137956 31.597565 64.000000 17.390786 100.454415 32.649235 256.000000 242.778296
56.216573 55.302718 64.000000 31.012564 49.895987 54.377133 256.000000 210.965463 103.068551 190.441102 64.000000 22.747423 92.310358 208.247235 256.000000 229.724450 90.028933 86.139129 0.000000 8.712603 90.394191 86.657938 256.000000 251.301588 131.511256 95.366715 64.000000 46.574779 135.294275 94.324384 256.000000 218.004386
1.227775 55.553544 64.000000 21.594348 0.440296 61.168384 256.000000 247.924110 3.284702 105.068487 64.000000 13.548635 4.367922 103.477844 256.000000 231.221727 114.831311 200.624005 0.000000 31.059892 115.769215 192.039764 256.000000 225.383208 98.728236 132.672549 64.000000 25.651624 103.194885 125.272420 256.000000 244.094867
4.482585 60.947360 0.000000 28.073943 9.253745 64.017365 256.000000 234.835844 71.112002 13.385680 64.000000 9.000872 82.755035 17.841580 256.000000 255.733184 95.686764 40.861300 64.000000 28.667691 97.710589 45.241753 256.000000 207.725666 38.894698 8.981445 0.000000 10.416401 20.254798 0.551256 256.000000 237.283978
15.954905 124.190318 64.000000 17.063794 19.191171 123.168720 256.000000 243.135405 16.206691 55.065833 64.000000 21.465272 8.386422 57.140327 256.000000 235.231676 71.321093 45.964907 0.000000 11.935190 67.544124 38.777178 256.000000 255.023268 130.329238 148.849509 0.000000 15.261038 130.940582 141.934791 256.000000 232.314567
63.651904 31.388651 64.000000 26.198044 64.316944 33.089840 256.000000 228.377762 114.756555 17.650269 64.000000 13.286182 113.724267 21.688500 256.000000 244.925254 89.487287 147.545038 64.000000 37.462042 79.760413 132.315362 256.000000 211.077329 158.082002 61.954004 0.000000 35.160193 155.160453 63.927415 256.000000 236.393356
14.299993 195.929140 0.000000 9.310653 9.643233 198.879960 256.000000 241.814532 115.935044 106.047860 0.000000 10.119527 114.212253 112.037613 256.000000 241.513355 84.155249 37.458182 0.000000 30.569405 85.198633 42.290051 256.000000 243.526935 43.219804 154.735115 64.000000 10.059292 44.747007 154.264742 256.000000 246.874295
45.831289 226.182782 0.000000 49.263854 43.465255 196.948031 256.000000 205.174271 28.310162 230.440775 0.000000 45.744393 29.945107 225.035724 256.000000 218.559411 63.032120 138.717289 0.000000 18.935391 54.930244 147.083993 256.000000 244.809085 78.845967 25.296516 64.000000 11.362955 79.713209 26.011787 256.000000 232.163979
122.841618 56.583229 0.000000 26.606784 118.281218 45.986187 256.000000 242.795506 159.475629 62.099385 0.000000 12.391258 189.379187 45.749211 256.000000 231.548719 30.576245 129.767600 64.000000 13.725039 31.886511 128.416784 256.000000 235.976012 102.064362 148.479653 0.000000 10.523964 101.688049 158.656493 256.000000 248.758799
78.633282 74.603893 64.000000 13.802484 77.151465 74.256727 256.000000 241.427305 178.116747 60.423824 64.000000 8.768536 178.867496 59.178478 256.000000 253.405520 163.169622 144.090800 0.000000 10.369073 162.944902 146.250655 256.000000 253.431336 48.583065 153.667713 0.000000 14.262854 80.038453 169.902678 256.000000 232.934130
52.063596 202.047165 64.000000 25.948498 50.290705 199.790916 256.000000 221.313024 36.623047 220.726891 0.000000 10.373376 38.544073 219.966227 256.000000 229.380249 33.434273 104.462471 64.000000 14.546820 13.259400 112.166098 256.000000 233.394500 135.755700 36.229218 64.000000 20.966180 130.973596 35.132444 256.000000 225.520888
122.023353 179.761607 0.000000 21.099558 122.151736 177.342455 256.000000 227.607611 88.394333 141.505998 0.000000 22.984062 86.661536 143.775362 256.000000 205.707784 48.587464 195.872418 64.000000 23.285238 49.182605 193.615165 256.000000 244.365926 123.191898 58.099889 64.000000 9.568804 164.380047 16.179065 256.000000 235.334936
136.782882 30.098458 0.000000 9.925914 137.427907 26.600540 256.000000 243.901254 156.604135 42.756353 64.000000 12.602081 157.266504 42.951296 256.000000 243.647405 37.996775 99.937085 0.000000 18.487928 29.872171 97.319225 256.000000 247.205589 23.263935 83.591424 64.000000 9.013779 20.996007 81.061876 256.000000 253.814260
88.481100 11.678998 64.000000 10.653040 90.163145 12.399587 256.000000 234.095811 13.621989 86.889236 0.000000 14.774854 13.987833 80.907378 256.000000 238.058432 35.928876 80.603860 64.000000 39.639117 39.274893 88.138258 256.000000 206.869464 55.847436 84.936347 0.000000 15.239526 52.912525 91.715135 256.000000 232.770635
56.547967 91.962195 0.000000 15.592332 68.678662 90.769460 256.000000 224.428048 72.654287 146.215085 0.000000 22.386012 56.808718 154.967075 256.000000 229.397459 13.023582 118.162276 0.000000 18.061979 17.233620 117.933827 256.000000 227.104216 15.517616 153.336365 64.000000 17.412298 4.977609 154.664753 256.000000 243.690430
22.488449 93.511569 64.000000 12.649409 25.138624 89.770284 256.000000 244.202430 16.678658 44.736020 0.000000 16.513072 15.393980 48.678627 256.000000 223.941863 74.803342 161.609838 64.000000 17.747895 74.118962 160.430584 256.000000 237.296886 62.710680 117.146860 64.000000 11.741577 59.271480 124.146995 256.000000 238.622062
87.798120 159.362447 64.000000 12.214854 88.185938 158.725618 256.000000 256.107503 31.863636 86.683547 64.000000 14.688803 27.179562 84.842451 256.000000 240.652851 184.279813 124.049638 0.000000 40.443688 180.430545 115.849658 256.000000 204.145969 197.784171 80.955765 64.000000 23.689675 196.749293 77.894807 256.000000 244.275573
73.360764 53.173465 64.000000 15.902114 74.362509 53.423875 256.000000 225.069124 3.416065 89.442167 0.000000 36.915622 13.249758 79.175929 256.000000 220.495545 155.426913 160.143784 64.000000 11.978216 155.783631 159.557398 256.000000 256.180646 165.172747 84.081820 64.000000 44.470847 154.515055 75.733013 256.000000 201.603180
