42.037045 109.095725 0.000000 12.877442 47.470951 108.203542 256.000000 227.508653 1.084342 89.236000 0.000000 27.613573 21.978064 82.761682 256.000000 217.952756 100.545325 54.909860 0.000000 53.768592 98.397525 57.010196 256.000000 199.697163 149.650309 1.519524 64.000000 13.436770 149.853516 1.891102 256.000000 241.861859
95.044875 213.140416 64.000000 13.015123 87.753533 222.686820 256.000000 250.182933 69.380018 139.367293 0.000000 18.354550 72.203704 137.328740 256.000000 248.896479 96.447595 41.145758 0.000000 15.243828 95.498624 39.183069 256.000000 219.019781 77.850887 108.959182 64.000000 24.115625 75.704853 106.097731 256.000000 244.090565
83.858400 77.567622 64.000000 44.707485 77.469244 83.440865 256.000000 203.590944 137.268584 15.051349 64.000000 21.099558 134.575720 14.226598 256.000000 235.760886 74.796209 19.592949 0.000000 18.061979 73.733905 26.293395 256.000000 235.438197 107.606258 91.857258 64.000000 21.951457 109.809005 86.129151 256.000000 237.860516
34.373513 59.738171 64.000000 9.887191 36.184169 58.059960 256.000000 255.182461 80.592340 84.442149 0.000000 14.718921 77.998862 87.980136 256.000000 229.978299 156.955900 96.356809 64.000000 24.132835 156.297120 97.753695 256.000000 239.375003 118.427195 143.747207 64.000000 43.816864 111.607353 141.160785 256.000000 203.276860
22.040473 100.999555 0.000000 13.595963 10.449438 101.290744 256.000000 241.001355 131.086298 85.125702 64.000000 15.321274 136.713996 78.798156 256.000000 235.760886 42.719627 182.608671 0.000000 44.845166 46.420798 184.730540 256.000000 202.493801 42.081087 111.896287 64.000000 13.135594 39.210564 114.513091 256.000000 233.248214
32.467398 6.465049 64.000000 26.800397 40.849496 7.413896 256.000000 251.030529 69.407207 148.833780 0.000000 19.425878 60.431453 153.939020 256.000000 238.733927 20.948491 153.372344 0.000000 21.779356 26.143158 150.250769 256.000000 226.286737 90.623665 76.589364 0.000000 11.453308 89.523520 75.939436 256.000000 253.530294
141.146607 192.453520 0.000000 35.190311 141.858611 186.901264 256.000000 233.411710 60.049407 67.957269 64.000000 19.739962 61.863324 76.049518 256.000000 222.917864 52.169651 12.179229 0.000000 20.338012 55.766925 12.636495 256.000000 248.203774 110.884967 134.383600 64.000000 25.957103 103.539127 142.088709 256.000000 229.896551
156.125245 116.726785 64.000000 34.015723 153.466513 115.334644 256.000000 231.531509 132.025476 43.446855 0.000000 23.014179 130.472587 43.472065 256.000000 247.175471 114.810940 161.103371 0.000000 51.070912 114.397065 164.275742 256.000000 187.452191 99.089029 73.494718 64.000000 39.114209 53.255862 54.557236 256.000000 229.517929
155.426913 160.143784 64.000000 11.978216 155.783631 159.557398 256.000000 256.180646 58.901455 58.625909 0.000000 17.175660 63.461391 62.997573 256.000000 239.598734 48.067818 140.240185 0.000000 21.000600 47.820120 137.225095 256.000000 219.647949 62.818565 67.727082 64.000000 24.257608 60.489845 57.779898 256.000000 226.032888
143.202071 16.856749 0.000000 28.990380 139.576935 15.368255 256.000000 222.083175 70.059447 40.627078 0.000000 10.416401 67.387935 37.223835 256.000000 243.471002 21.434338 106.635644 64.000000 23.504667 22.198865 103.332280 256.000000 232.525391 22.716860 50.697636 0.000000 11.504938 25.135127 49.011104 256.000000 234.272214
44.917489 81.508751 0.000000 11.208065 42.461733 80.206185 256.000000 248.952412 21.185689 133.830636 64.000000 30.827556 29.023255 125.734742 256.000000 217.883915 63.772705 32.517511 64.000000 9.151460 63.739524 33.545211 256.000000 243.970094 60.761216 16.128760 64.000000 39.862848 57.535487 16.953255 256.000000 200.372659
64.141738 204.197344 0.000000 10.003359 56.645269 210.446476 256.000000 245.742732 86.054456 21.124729 64.000000 39.690747 54.594147 39.677087 256.000000 218.361495 137.515229 186.284080 0.000000 47.968795 127.094740 183.355207 256.000000 201.293398 116.760175 30.452893 0.000000 32.380766 116.362685 36.902824 256.000000 246.646262
117.710613 9.279713 64.000000 17.855458 157.173002 11.948053 256.000000 247.941320 71.392373 29.217498 0.000000 17.059492 77.115378 37.002013 256.000000 239.340583 85.116804 153.250075 0.000000 63.049128 73.346547 178.325209 256.000000 200.992222 62.372371 9.236544 0.000000 13.398047 69.340824 10.412525 256.000000 239.443843
15.328124 91.622364 0.000000 11.780300 18.447360 91.602898 256.000000 241.311137 106.500104 13.520082 64.000000 10.278720 115.499509 4.555662 256.000000 237.886331 11.680253 70.392700 0.000000 19.486113 10.211235 63.082120 256.000000 231.389526 15.853013 107.877484 64.000000 18.595491 15.802325 105.840076 256.000000 239.254532
117.845560 128.212204 64.000000 18.092097 110.823287 146.537649 256.000000 223.984889 32.866305 33.283258 64.000000 18.909575 31.789291 34.250825 256.000000 233.187979 116.901824 55.167865 64.000000 18.948298 128.195413 77.873984 256.000000 246.999068 42.057367 86.834884 0.000000 11.539359 45.510091 90.364731 256.000000 232.684584
30.966696 108.239598 0.000000 12.795694 24.189013 115.099655 256.000000 237.477591 77.391462 12.222647 0.000000 22.885104 75.507789 17.225609 256.000000 225.615544 26.475280 94.457253 0.000000 14.129476 11.066947 93.779413 256.000000 245.944951 136.951713 124.568604 0.000000 11.547964 145.408365 117.690829 256.000000 253.439941
99.852451 83.127598 0.000000 14.292971 118.388578 63.542069 256.000000 250.342126 133.685800 147.539351 0.000000 22.011692 131.633365 148.516713 256.000000 251.323101 41.393347 160.618440 0.000000 29.984262 44.174309 155.624511 256.000000 227.018165 79.469556 116.580662 0.000000 15.273946 80.211518 115.131736 256.000000 266.790660
21.325813 112.887322 0.000000 14.069240 5.971511 120.541265 256.000000 230.485996 43.871360 15.724200 0.000000 64.172086 45.776309 12.874615 256.000000 181.790075 33.884593 99.436165 0.000000 9.667762 35.840022 97.529395 256.000000 248.874967 60.061962 136.356849 64.000000 14.370417 49.133547 148.239076 256.000000 238.449961
96.503227 137.544729 64.000000 32.212967 89.495333 134.836644 256.000000 223.317998 48.607022 190.166471 64.000000 15.084635 44.677344 189.900267 256.000000 222.160620 16.255262 205.737585 64.000000 11.371560 17.506447 201.964678 256.000000 223.928956 65.552865 121.856040 0.000000 35.302177 60.589653 114.774555 256.000000 216.786773
80.368753 80.796496 0.000000 9.052502 86.351784 80.322413 256.000000 247.795034 48.292851 12.385653 0.000000 27.161809 77.825796 82.409104 256.000000 229.375946 138.719820 131.456416 0.000000 19.950785 140.865015 127.971267 256.000000 227.168753 158.953651 47.576444 64.000000 78.921124 155.685420 47.329093 256.000000 183.141066
96.081151 63.830182 0.000000 21.835289 94.904789 65.244616 256.000000 233.639744 85.201038 94.137667 64.000000 52.159450 88.005147 90.100456 256.000000 200.790003 54.057385 129.659835 64.000000 11.027359 52.982258 129.559938 256.000000 249.451505 151.802473 88.875567 64.000000 28.422447 150.382198 86.795460 256.000000 213.052185
104.153620 173.283182 64.000000 11.302720 112.065464 171.966009 256.000000 246.327875 148.656927 72.465880 64.000000 13.858417 150.339022 66.545442 256.000000 252.415941 90.196784 40.513240 64.000000 12.765577 88.165184 39.900018 256.000000 246.388110 142.328973 114.009949 0.000000 9.740905 148.152027 109.648893 256.000000 260.698292
14.799233 206.361040 64.000000 35.525908 16.594611 202.269611 256.000000 245.187707 41.894729 128.676638 0.000000 26.770279 55.655640 115.037045 256.000000 214.334336 31.316693 133.275080 64.000000 45.331351 22.293304 130.921407 256.000000 219.673764 135.564816 60.733785 64.000000 50.485770 126.600527 61.435467 256.000000 220.349259
73.662196 49.694669 64.000000 22.910919 75.720978 53.985982 256.000000 233.101929 10.322749 26.049905 64.000000 63.780556 8.297311 27.259727 256.000000 204.348187 46.521562 71.949578 0.000000 11.586686 52.977847 64.880971 256.000000 245.970766 73.327024 68.915895 0.000000 56.767449 71.376355 66.825856 256.000000 198.600021
79.680093 111.185675 64.000000 29.119455 81.814385 103.563220 256.000000 218.830470 82.143225 172.209880 64.000000 15.187896 88.833345 171.622505 256.000000 235.747978 4.693642 124.230309 0.000000 15.527795 7.162362 124.965491 256.000000 254.235907 92.937716 60.582467 64.000000 22.824869 89.759685 56.411429 256.000000 218.017293
35.342480 21.728395 64.000000 17.984534 42.766215 21.570473 256.000000 234.263609 180.081069 10.016422 0.000000 10.807930 180.960084 5.652020 256.000000 255.036176 2.795878 91.286278 0.000000 12.369745 2.705380 84.749860 256.000000 236.100785 159.655249 45.624331 64.000000 17.941508 158.225095 45.414704 256.000000 238.643574
40.658213 76.527298 64.000000 8.893309 39.447316 75.319222 256.000000 257.677923 34.338016 146.669345 64.000000 23.229305 32.444102 143.208464 256.000000 240.790532 57.436098 138.651549 0.000000 36.481067 63.257880 131.053529 256.000000 212.036791 82.590565 68.732560 0.000000 8.936334 82.512684 70.822567 256.000000 247.528278
176.501855 130.775667 0.000000 9.065410 179.014991 129.714200 256.000000 242.094195 59.264524 137.895904 64.000000 8.605040 59.049818 137.394698 320.000000 259.390326 48.310635 71.409182 0.000000 13.922955 39.374124 71.066660 256.000000 246.826967 83.431289 49.861398 64.000000 12.933375 86.793682 37.441764 256.000000 238.703810
1.227538 160.930384 64.000000 27.759859 3.992445 160.228025 256.000000 240.622734 147.366365 28.307665 64.000000 9.323561 134.817844 23.390409 256.000000 241.440212 160.157011 5.276680 64.000000 20.970482 159.556962 3.579529 256.000000 238.923238 10.303135 4.294389 64.000000 28.190111 19.182160 3.171773 256.000000 225.826367
114.004929 196.884325 0.000000 16.762618 114.747185 195.806584 256.000000 237.400146 63.034380 44.855225 0.000000 40.379150 63.511016 45.605549 256.000000 214.678538 3.837027 65.600167 64.000000 16.564702 6.565978 60.927544 256.000000 244.081960 49.227076 7.000147 64.000000 20.097071 49.274504 7.262571 256.000000 255.599806
18.666580 114.842220 64.000000 42.857402 26.320069 109.683573 256.000000 207.153430 131.436475 132.259433 0.000000 13.406652 128.352876 132.859693 256.000000 268.133046 14.869778 19.332051 64.000000 10.941308 17.178911 17.355649 256.000000 257.875839 47.497091 64.022865 64.000000 15.966652 49.005596 59.416231 256.000000 238.665087
83.188865 8.827915 0.000000 39.195957 84.687878 27.426624 256.000000 235.291911 50.043402 56.961847 64.000000 28.396632 43.099835 53.450655 256.000000 225.525191 165.035585 14.450569 64.000000 33.241270 163.927831 4.735687 256.000000 248.672748 28.638664 120.601296 0.000000 74.708957 34.909796 98.867718 256.000000 192.542073
