64.751418 137.416467 0.000000 12.666619 71.910505 137.682371 256.000000 244.383136 7.667649 30.992782 64.000000 26.008733 24.016235 29.354564 256.000000 234.418500 45.755667 141.218735 0.000000 14.069240 54.750509 148.338749 256.000000 239.921423 49.425802 35.719075 64.000000 17.963021 46.692842 36.595858 256.000000 248.177959
124.774651 38.559727 64.000000 39.208865 118.427867 35.499958 256.000000 225.654266 37.318147 52.695351 0.000000 15.510585 32.938264 54.333778 256.000000 231.105559 8.699338 188.126031 0.000000 14.654383 15.404667 191.257300 256.000000 238.544616 145.623549 57.938465 64.000000 9.039595 145.500780 57.546065 256.000000 251.675907
57.436098 138.651549 0.000000 36.481067 63.257880 131.053529 256.000000 212.036791 105.158660 101.630282 0.000000 9.517174 103.047302 104.545667 256.000000 247.949925 101.273224 27.371656 64.000000 35.603353 96.889745 32.880524 256.000000 207.235178 69.470871 80.403971 0.000000 30.087522 52.945062 85.563296 256.000000 222.883444
48.235713 18.860096 64.000000 21.689003 48.195111 21.396524 256.000000 250.195841 119.400125 137.492704 64.000000 11.698552 120.175245 137.461687 256.000000 260.590729 56.140467 37.750471 0.000000 18.358853 44.333902 31.624933 256.000000 236.453592 164.611613 152.137153 0.000000 38.584999 159.378476 149.292578 256.000000 222.741460
165.136844 88.379500 64.000000 47.383653 142.320258 84.697042 256.000000 198.587113 5.205269 66.485267 64.000000 10.042082 3.189556 63.327524 256.000000 243.914161 73.237218 38.405280 0.000000 21.284566 63.287504 29.840224 256.000000 240.480750 138.346880 106.933933 0.000000 9.934519 139.268758 107.970231 256.000000 250.484109
50.134136 3.463867 0.000000 10.958518 51.506767 3.544225 256.000000 254.188579 11.907249 75.571945 0.000000 12.434283 4.979411 76.533891 256.000000 237.283978 110.149944 84.583931 0.000000 16.254921 116.037622 75.123989 256.000000 254.571503 98.360329 74.379551 0.000000 26.297002 94.694455 76.318693 256.000000 232.594231
83.080105 52.841676 64.000000 10.588502 85.822713 56.711007 256.000000 254.524176 43.020565 34.320745 0.000000 19.645306 43.288682 37.976273 256.000000 229.023140 15.441565 60.737100 64.000000 17.197172 19.290629 56.520529 256.000000 232.452248 46.831578 45.719949 64.000000 11.220972 42.747238 40.526605 256.000000 240.506565
110.724709 50.019300 64.000000 24.756700 107.803685 50.929584 256.000000 227.676451 62.985836 151.033058 0.000000 22.725911 69.647449 147.308520 256.000000 231.854198 132.946947 144.205098 0.000000 20.312197 130.994229 144.956507 256.000000 240.226902 159.475629 62.099385 0.000000 12.391258 189.379187 45.749211 256.000000 231.548719
19.356131 147.362667 64.000000 17.128332 6.568060 152.601082 256.000000 246.147169 129.813982 89.579080 0.000000 10.257208 130.975567 85.667891 256.000000 225.959745 103.634538 165.620035 64.000000 19.103189 98.331653 169.306302 256.000000 209.136892 130.329238 148.849509 0.000000 15.261038 130.940582 141.934791 256.000000 232.314567
104.160093 115.248535 64.000000 35.121471 122.232162 106.482204 256.000000 227.482837 92.174264 98.764740 0.000000 29.971354 92.206942 133.457560 256.000000 221.850839 171.840149 95.520485 0.000000 13.492703 175.012815 89.762778 256.000000 239.172784 69.754976 100.307191 0.000000 18.436298 74.462145 97.452338 256.000000 235.597390
54.832407 188.552382 0.000000 27.592061 58.797882 184.788067 256.000000 228.012047 114.810162 205.461840 64.000000 22.261238 114.999440 204.624811 256.000000 235.528550 126.722202 34.362833 64.000000 9.000872 126.344235 32.906193 256.000000 251.989991 92.131244 112.625362 64.000000 19.425878 92.042005 112.283964 256.000000 242.593288
175.351345 64.527758 0.000000 19.727054 174.838480 67.673760 256.000000 229.380249 10.303135 4.294389 64.000000 28.190111 19.182160 3.171773 256.000000 225.826367 69.874396 15.963285 0.000000 18.139424 63.353415 14.466315 256.000000 231.935946 2.701676 129.711416 0.000000 33.671522 9.942500 118.365160 256.000000 229.354434
67.046991 127.827973 0.000000 16.564702 65.176187 129.762689 256.000000 233.467643 28.136462 186.115193 0.000000 18.918180 37.678809 191.971800 256.000000 228.842434 76.002253 53.184062 64.000000 27.364027 75.529227 72.915515 256.000000 228.631610 75.065669 73.987202 64.000000 13.148501 76.383904 71.513509 256.000000 254.618831
17.267704 103.464891 0.000000 34.996698 32.604165 90.571778 256.000000 220.943007 32.825522 90.663962 64.000000 11.565174 30.812882 88.473876 256.000000 256.073083 62.175969 122.179042 0.000000 8.751326 66.542633 136.104905 256.000000 234.026970 81.332311 23.054516 0.000000 9.147158 81.020665 24.700953 320.000000 233.854870
32.055738 37.808475 64.000000 11.423191 33.659311 39.624451 256.000000 235.524247 106.548775 175.091702 0.000000 15.428837 107.809227 176.075142 256.000000 232.632954 17.617282 4.553747 64.000000 12.967795 16.764169 4.981395 256.000000 250.600277 68.693144 110.341615 64.000000 11.952401 75.819742 109.619422 256.000000 227.994837
168.240135 11.302418 0.000000 41.906545 157.115229 6.542258 256.000000 206.370372 84.653578 218.273285 0.000000 22.489272 86.015591 217.375867 256.000000 219.686671 10.054915 71.765058 0.000000 18.152332 2.047698 67.981571 256.000000 249.133118 13.555787 59.993227 64.000000 16.655055 17.883084 57.413640 256.000000 232.632954
122.841618 56.583229 0.000000 26.606784 118.281218 45.986187 256.000000 242.795506 77.329744 59.770865 0.000000 15.979559 75.291253 35.729687 256.000000 249.916177 36.697475 76.571371 0.000000 46.772695 33.326629 75.521553 256.000000 216.291983 95.560338 131.982384 64.000000 36.795151 96.245467 129.986865 256.000000 220.344957
11.372622 198.468335 0.000000 15.622450 8.677087 197.582853 256.000000 236.453592 26.098249 156.443296 64.000000 21.727726 27.913878 157.807282 256.000000 230.899038 46.471756 148.689376 64.000000 16.590517 47.204900 147.818342 256.000000 225.594031 53.833235 131.236007 0.000000 11.763090 57.473884 132.427791 256.000000 250.488412
3.858224 27.327184 64.000000 14.779156 8.382967 23.625860 256.000000 234.625021 95.943493 222.522989 64.000000 12.765577 93.164756 225.938267 256.000000 237.073155 13.797833 106.434813 0.000000 33.370345 8.943909 81.408900 256.000000 211.197799 94.548553 102.447311 0.000000 9.413914 98.741955 98.423227 256.000000 251.275773
147.290587 146.193787 0.000000 23.431524 154.603685 161.775776 256.000000 242.386767 49.687262 159.698338 64.000000 10.270115 51.537882 161.015209 256.000000 249.146026 88.323542 100.934291 0.000000 9.947426 86.655818 100.619905 256.000000 254.433823 57.927736 67.144704 64.000000 10.141040 59.465233 62.418211 256.000000 248.091908
53.672684 91.742720 0.000000 45.580897 48.315011 93.181129 256.000000 215.031345 16.333580 59.693760 64.000000 11.066081 18.148891 62.566540 256.000000 234.405592 135.399129 23.478411 64.000000 44.797838 119.473100 32.817096 256.000000 221.906772 26.053915 137.631820 0.000000 11.010149 30.503336 140.961449 256.000000 240.549591
172.135624 27.147853 0.000000 11.212367 172.859731 21.144073 256.000000 235.575878 142.328973 114.009949 0.000000 9.740905 148.152027 109.648893 256.000000 260.698292 131.343136 101.392327 64.000000 17.554282 130.179824 103.665585 256.000000 250.363639 6.752664 144.168171 64.000000 43.928729 8.539953 131.567016 256.000000 208.168825
23.564007 163.445976 64.000000 12.701039 27.933562 167.245251 256.000000 266.687400 37.528587 37.932958 64.000000 33.981303 94.991202 151.424098 256.000000 228.954299 69.534375 51.584762 0.000000 70.819479 90.166595 51.595124 256.000000 171.403792 82.590565 68.732560 0.000000 8.936334 82.512684 70.822567 256.000000 247.528278
105.010367 68.173749 64.000000 14.908232 121.629629 84.296958 256.000000 224.587241 41.548993 31.532424 64.000000 20.763962 56.945818 26.203604 256.000000 233.549391 165.753133 84.286129 64.000000 20.755356 164.058055 80.330836 256.000000 241.866162 20.604051 212.788242 64.000000 41.932360 22.452251 202.415471 256.000000 217.100857
83.095093 53.948709 64.000000 16.685173 84.520042 45.816391 256.000000 217.242840 47.926016 99.294693 64.000000 14.921139 47.673933 95.688778 256.000000 240.007473 133.091482 21.088344 64.000000 9.327863 146.022616 22.219964 256.000000 249.305219 0.476515 82.515269 64.000000 10.816535 2.513855 87.710658 256.000000 263.976812
7.181407 91.196636 64.000000 72.157563 5.112496 89.648982 256.000000 178.120025 15.139136 9.200715 64.000000 9.099830 16.455402 9.461293 256.000000 236.608482 176.997251 130.030389 64.000000 21.456667 176.825187 127.341767 256.000000 228.128215 137.978304 82.724676 0.000000 16.211895 147.448305 105.106871 256.000000 233.484853
3.399960 49.322305 64.000000 9.934519 4.468853 46.371215 256.000000 244.744548 27.566324 203.639398 64.000000 13.957375 22.463764 206.709980 256.000000 232.112349 62.827416 69.142785 0.000000 15.936534 69.344147 63.137593 256.000000 241.754296 3.351105 168.902322 64.000000 29.549707 1.942275 168.299724 256.000000 228.166938
37.452625 69.032404 64.000000 11.905073 44.365120 68.353469 256.000000 248.879269 71.023216 63.951844 0.000000 20.828499 72.865535 60.527355 256.000000 255.100713 65.552865 121.856040 0.000000 35.302177 60.589653 114.774555 256.000000 216.786773 73.662196 49.694669 64.000000 22.910919 75.720978 53.985982 256.000000 233.101929
86.190631 213.149231 0.000000 10.988636 101.308224 219.073276 256.000000 261.537283 11.278489 29.342864 64.000000 16.624937 15.689805 27.581660 256.000000 233.058903 100.920725 116.924640 64.000000 12.279392 110.426282 128.914495 256.000000 251.052042 16.407253 92.508484 64.000000 10.696065 17.107229 99.356711 256.000000 243.483909
42.330402 37.655415 0.000000 21.211424 56.758864 49.063316 256.000000 244.628380 124.770665 151.260411 64.000000 13.677711 126.822055 150.330655 256.000000 240.424818 42.434689 107.855144 64.000000 11.801812 45.300769 108.390224 256.000000 252.674092 21.185689 133.830636 64.000000 30.827556 29.023255 125.734742 256.000000 217.883915
84.035451 70.293936 64.000000 17.709172 82.737115 69.356382 256.000000 217.931243 183.926145 28.614742 64.000000 30.517774 182.609365 32.762067 256.000000 224.479678 110.987427 86.211798 0.000000 27.979288 107.569058 73.634915 256.000000 231.953156 89.529402 214.700113 64.000000 9.512872 87.640271 216.671535 256.000000 249.029858
34.327855 164.249140 64.000000 23.642347 36.126685 161.737185 256.000000 242.317926 27.117231 199.187736 0.000000 23.504667 33.596487 198.629398 256.000000 243.471002 104.599913 202.186678 0.000000 9.517174 102.669380 204.977955 256.000000 241.861859 104.852309 154.741280 64.000000 15.114753 116.107822 155.384298 256.000000 236.221256
