180.081069 10.016422 0.000000 10.807930 180.960084 5.652020 256.000000 255.036176 59.327098 68.003565 64.000000 12.189039 62.064053 63.624916 256.000000 251.129487 105.847369 116.797478 64.000000 11.276905 104.499575 115.858493 256.000000 268.369685 107.323982 203.313895 0.000000 37.130748 102.943307 196.974353 256.000000 215.401361
97.223549 93.996600 0.000000 24.214583 91.989965 97.758793 256.000000 235.330634 168.227713 86.638702 64.000000 17.924298 166.219473 86.277838 256.000000 238.165995 111.895833 86.860556 64.000000 38.309638 102.186047 90.160902 256.000000 226.553493 77.772633 95.398865 64.000000 9.715090 82.387287 93.358367 256.000000 242.881557
158.145115 134.419740 64.000000 19.288197 157.306040 133.287253 256.000000 229.401761 93.146887 127.232491 0.000000 33.056261 85.909820 126.843378 256.000000 228.515442 53.833235 131.236007 0.000000 11.763090 57.473884 132.427791 256.000000 250.488412 31.076109 68.769667 0.000000 13.492703 27.947725 70.860773 256.000000 248.857757
115.061696 9.655413 64.000000 40.680327 128.975260 26.716680 256.000000 234.229189 107.275082 103.733887 64.000000 27.148901 112.043878 95.747878 256.000000 237.481894 113.189873 176.416522 64.000000 20.763962 105.355531 184.973375 256.000000 243.230061 145.623549 57.938465 64.000000 9.039595 145.500780 57.546065 256.000000 251.675907
187.323293 46.449589 0.000000 20.862919 187.892516 49.807495 256.000000 227.801224 54.616044 0.193547 0.000000 26.383053 46.917902 11.652038 256.000000 215.461597 89.700211 94.653529 64.000000 23.973641 92.076336 95.113953 256.000000 215.212050 15.251038 88.282773 0.000000 11.225275 7.638380 99.938511 256.000000 244.159405
30.162336 15.381273 64.000000 62.618876 31.658516 16.504993 256.000000 211.322572 121.867304 35.997375 0.000000 20.957575 122.641545 37.634295 256.000000 251.645790 86.190631 213.149231 0.000000 10.988636 101.308224 219.073276 256.000000 261.537283 114.045678 69.214302 64.000000 9.913006 113.976055 69.028915 256.000000 259.975468
96.336289 155.169251 0.000000 16.065610 97.191987 153.944267 256.000000 248.186564 5.744835 54.428362 64.000000 14.585543 5.269593 56.770425 256.000000 229.866434 85.201038 94.137667 64.000000 52.159450 88.005147 90.100456 256.000000 200.790003 21.426833 71.801689 0.000000 13.178619 28.353511 73.046296 256.000000 238.682297
23.612231 94.760198 64.000000 24.421104 32.886558 107.965547 256.000000 231.286265 106.164738 20.007655 0.000000 9.624737 202.340300 30.829687 256.000000 241.225086 169.901353 25.026153 0.000000 79.476149 185.689247 27.197111 256.000000 155.781342 52.965127 133.767973 64.000000 38.348361 45.092216 125.377133 256.000000 223.236250
72.831809 144.378985 64.000000 73.439714 67.809216 144.734556 256.000000 188.286880 110.728531 118.487585 64.000000 65.062707 108.628373 114.099815 256.000000 201.727953 101.719409 23.537553 64.000000 15.557912 100.411595 21.564780 256.000000 260.199200 22.899944 162.850936 64.000000 10.717577 22.832182 162.371427 256.000000 233.786029
114.910947 89.062380 64.000000 11.436098 117.663478 85.707142 256.000000 257.630595 56.800791 182.492545 0.000000 11.083292 57.420520 182.318491 256.000000 231.540114 5.378222 113.953811 64.000000 23.823053 19.588169 117.065044 256.000000 235.352147 170.281976 118.606555 64.000000 40.168327 165.353196 116.893511 256.000000 208.470002
179.304738 43.537873 64.000000 22.928129 179.420475 33.922804 256.000000 223.898838 80.983925 61.557275 64.000000 23.293843 75.659500 56.919067 256.000000 236.952684 153.565556 25.487793 64.000000 19.348432 152.803716 26.241675 256.000000 235.081088 10.918882 72.038024 0.000000 24.928801 19.156651 43.661551 256.000000 225.340182
48.995018 130.763958 64.000000 36.145471 40.533971 116.351689 256.000000 212.389597 85.985198 106.362442 0.000000 24.304935 85.139358 102.937055 256.000000 229.427576 110.149944 84.583931 0.000000 16.254921 116.037622 75.123989 256.000000 254.571503 42.886829 80.329722 64.000000 14.572635 43.617031 84.323867 256.000000 262.320342
93.282573 29.735924 0.000000 15.501980 115.046247 34.077707 256.000000 241.612313 97.354965 76.647569 64.000000 33.077774 102.223376 75.692107 256.000000 221.016150 108.938509 133.369435 0.000000 25.879658 97.929782 137.753709 256.000000 215.203445 73.554002 46.150504 64.000000 10.721880 88.989300 35.631925 256.000000 45.473334
38.894698 8.981445 0.000000 10.416401 20.254798 0.551256 256.000000 237.283978 59.277985 172.028795 0.000000 12.868837 78.513427 183.170325 256.000000 255.823537 99.247616 86.645089 0.000000 36.390714 83.799253 91.418087 256.000000 210.866505 88.652798 117.228875 0.000000 43.713603 77.585624 64.212338 256.000000 205.574406
88.323542 100.934291 0.000000 9.947426 86.655818 100.619905 256.000000 254.433823 11.139053 140.219680 64.000000 18.023256 14.246484 139.982996 256.000000 248.492043 53.140173 12.335458 64.000000 32.402278 52.753300 18.934149 256.000000 230.572047 49.921345 75.505645 0.000000 10.386283 47.683880 77.378364 256.000000 243.032145
48.067818 140.240185 0.000000 21.000600 47.820120 137.225095 256.000000 219.647949 34.824840 95.730522 64.000000 17.098214 29.133589 101.166058 256.000000 234.095811 75.048467 92.262544 0.000000 12.016938 76.483789 90.420353 256.000000 250.634698 9.149860 87.675865 64.000000 20.131491 12.331047 86.876873 256.000000 229.832013
29.381960 81.991144 64.000000 18.961206 39.770824 76.293391 256.000000 217.599949 83.658611 68.342885 64.000000 8.716906 83.869751 66.426515 256.000000 254.907100 94.357235 14.574693 64.000000 10.932703 92.307151 11.642522 256.000000 260.138964 75.785991 39.740342 0.000000 47.542846 71.951884 41.619989 256.000000 202.308793
88.705989 182.485582 64.000000 9.826956 88.678933 181.881818 320.000000 263.619703 129.904482 76.413853 64.000000 24.249003 123.265073 55.015707 256.000000 235.907172 64.145658 214.262895 64.000000 28.125573 31.380571 216.915891 256.000000 224.965863 87.388289 135.514242 64.000000 22.046112 84.256416 133.996405 256.000000 220.736486
188.082965 59.999178 0.000000 31.941908 185.146349 58.989671 256.000000 212.049698 126.722202 34.362833 64.000000 9.000872 126.344235 32.906193 256.000000 251.989991 9.584278 79.470791 0.000000 18.909575 9.525158 85.441798 256.000000 237.107575 28.998175 10.119724 0.000000 9.233208 25.867293 10.235164 256.000000 241.259506
101.655829 174.287745 64.000000 12.804300 99.576653 186.577687 256.000000 251.176815 164.493722 110.717818 0.000000 10.283023 165.688162 113.750984 256.000000 225.615544 71.916251 75.374965 64.000000 25.049271 66.209195 78.252682 256.000000 232.254332 33.479500 165.327069 0.000000 56.375920 7.668302 148.384945 256.000000 214.063278
128.866589 82.499996 64.000000 35.917437 123.414240 75.571740 256.000000 233.239609 88.202884 102.429004 64.000000 9.353678 94.212578 103.139895 256.000000 274.522289 66.807429 25.380427 0.000000 16.108635 68.281553 26.040465 256.000000 256.731368 169.816267 20.145122 64.000000 23.250818 169.491811 22.667358 256.000000 207.932187
11.251509 98.851951 64.000000 22.747423 12.914169 100.737233 256.000000 248.948110 83.130796 132.505002 64.000000 47.379350 184.208982 80.882924 256.000000 228.339039 131.577022 102.675576 0.000000 15.359996 138.563091 95.877391 256.000000 256.933587 96.430342 108.813653 64.000000 9.375191 95.302742 110.362271 256.000000 239.276045
162.006562 36.291051 0.000000 21.275961 162.120491 39.549605 256.000000 240.579708 12.593742 25.548544 0.000000 10.054989 9.894156 19.598156 256.000000 241.995237 8.298171 92.620958 0.000000 22.145070 14.791493 91.080698 256.000000 248.328547 14.217020 142.817329 0.000000 11.694249 19.934987 148.222665 256.000000 233.682769
42.265247 82.965505 64.000000 39.376663 56.664509 79.224098 256.000000 224.656082 13.024358 80.982916 64.000000 24.498549 12.151293 77.039136 256.000000 222.053057 98.448636 172.576718 64.000000 27.953472 95.851087 171.420160 256.000000 210.810572 110.917571 84.519185 64.000000 38.395688 112.323393 80.582662 256.000000 230.103072
117.432560 152.088035 0.000000 9.530082 114.005309 155.856393 256.000000 244.748850 55.828980 34.006345 0.000000 11.986821 59.985369 35.944773 256.000000 238.927541 74.729205 121.672260 0.000000 9.977544 84.987644 139.594825 256.000000 247.136749 70.304011 111.025769 64.000000 33.013236 42.623371 115.488373 256.000000 240.932515
177.630536 35.698198 64.000000 14.998585 181.986591 40.442238 256.000000 239.942935 137.978304 82.724676 0.000000 16.211895 147.448305 105.106871 256.000000 233.484853 161.442542 40.856015 64.000000 24.881473 159.380556 43.045298 256.000000 225.193897 152.579013 60.908165 64.000000 35.164496 146.175858 63.428571 256.000000 220.474032
163.169618 162.807631 0.000000 24.511456 154.146571 178.700358 256.000000 211.757127 97.726187 48.260627 0.000000 21.620163 111.064000 58.825716 256.000000 231.901525 93.243122 127.429802 64.000000 14.968467 93.942469 125.669111 256.000000 248.930900 78.789209 38.798069 64.000000 40.899755 69.968349 42.150224 256.000000 224.286065
29.669936 126.116858 64.000000 18.044769 33.509651 126.609618 256.000000 231.316383 155.503529 103.224636 0.000000 12.253577 155.578818 103.241340 256.000000 245.949253 4.654775 52.965800 0.000000 12.778484 6.345891 55.615051 256.000000 254.575806 52.606580 130.216540 0.000000 12.645106 54.430220 128.848576 256.000000 255.092108
0.716813 139.336753 64.000000 11.427493 0.494867 138.421009 320.000000 245.734127 69.768313 35.611485 64.000000 48.312997 106.186405 169.711800 256.000000 170.947725 43.564235 88.838036 0.000000 50.623450 44.300958 79.105024 256.000000 217.075042 129.700002 87.811096 0.000000 17.993139 128.066664 88.977318 256.000000 227.771106
49.935911 89.968020 64.000000 18.857945 42.513369 88.536138 256.000000 251.064950 59.264524 137.895904 64.000000 8.605040 59.049818 137.394698 320.000000 259.390326 118.865211 28.761565 64.000000 27.299489 110.616838 27.917971 256.000000 240.562498 85.967036 190.469607 0.000000 23.397104 115.944211 178.732200 256.000000 229.122098
137.809202 3.423889 0.000000 19.331222 139.935402 7.296002 256.000000 215.311008 159.475629 62.099385 0.000000 12.391258 189.379187 45.749211 256.000000 231.548719 83.095093 53.948709 64.000000 16.685173 84.520042 45.816391 256.000000 217.242840 39.350029 84.671098 0.000000 23.577810 38.806664 69.937787 256.000000 242.464212
196.550525 79.651982 0.000000 14.391929 197.291256 75.224929 256.000000 219.553293 63.849415 16.428629 64.000000 11.771695 65.285344 17.258493 256.000000 249.451505 120.888104 38.837805 64.000000 37.591117 125.576500 46.390669 256.000000 219.445730 69.572307 135.447705 64.000000 16.160265 88.086982 124.405600 256.000000 229.272686
