156.884247 27.547645 0.000000 13.965980 158.255411 18.071980 256.000000 241.861859 16.463016 76.294175 64.000000 24.425406 29.132931 75.010307 256.000000 218.834772 24.752631 164.304925 0.000000 35.672193 26.991518 159.301218 256.000000 225.675779 42.815916 84.332536 64.000000 16.022584 43.966887 82.223796 256.000000 224.135477
3.351105 168.902322 64.000000 29.549707 1.942275 168.299724 256.000000 228.166938 120.566702 171.174675 0.000000 38.077302 119.743285 169.171515 256.000000 230.214938 50.790584 35.975444 0.000000 71.723008 38.066687 30.414613 256.000000 183.889705 79.680093 111.185675 64.000000 29.119455 81.814385 103.563220 256.000000 218.830470
121.939742 116.471256 0.000000 29.097943 117.652780 116.251302 256.000000 222.199343 114.050225 138.351149 64.000000 23.483154 115.022115 135.786033 256.000000 254.993150 104.547949 218.759707 64.000000 18.500836 109.318347 217.412349 256.000000 238.781255 58.444822 107.412560 0.000000 27.290884 72.155915 92.379602 256.000000 231.583139
179.955591 65.637891 64.000000 36.442344 176.763462 68.254240 256.000000 205.742204 84.981818 25.383867 64.000000 41.489200 93.577064 51.111898 256.000000 222.324116 54.922053 118.752878 0.000000 27.084363 51.834118 111.124515 256.000000 214.338639 34.438675 212.674455 64.000000 10.029174 35.939467 213.739004 256.000000 239.331978
132.164051 73.277193 64.000000 30.156363 127.060567 81.047305 256.000000 221.102200 5.286307 5.892498 0.000000 13.772367 1.775676 6.862902 256.000000 236.638600 68.051858 78.787509 0.000000 10.442216 70.307469 82.726427 256.000000 262.965720 110.149944 84.583931 0.000000 16.254921 116.037622 75.123989 256.000000 254.571503
104.937716 211.947691 64.000000 14.366114 102.734811 212.861200 256.000000 249.176143 72.238771 101.133478 64.000000 14.404837 75.927527 98.108040 256.000000 52.477836 60.653371 57.813364 0.000000 11.100502 67.828415 55.356360 256.000000 237.856213 185.202273 106.348053 0.000000 9.000872 187.147735 105.299016 256.000000 233.076113
74.158989 95.495547 0.000000 27.510313 116.420849 77.183544 256.000000 214.373059 78.329767 199.098889 64.000000 29.222716 71.789960 196.888847 256.000000 236.827911 47.963940 6.511338 0.000000 39.815520 45.474304 18.112791 256.000000 228.519745 110.796727 82.435969 0.000000 27.518918 106.904756 78.346173 256.000000 233.265424
84.919511 59.400660 0.000000 10.747695 93.667787 60.232098 256.000000 225.344485 43.383265 120.411653 0.000000 11.410283 47.831362 132.017058 256.000000 261.425418 47.751684 69.775609 64.000000 23.655255 45.642691 72.342200 256.000000 249.434294 8.456904 131.380107 0.000000 16.392601 6.643480 128.697844 256.000000 253.835772
163.169622 144.090800 0.000000 10.369073 162.944902 146.250655 256.000000 253.431336 25.599495 85.417035 64.000000 11.522149 24.066764 82.741711 256.000000 257.402562 84.035451 70.293936 64.000000 17.709172 82.737115 69.356382 256.000000 217.931243 94.667820 102.690209 64.000000 33.671522 95.388856 90.139018 256.000000 227.938905
53.661955 28.600135 0.000000 15.110450 62.388900 31.115484 256.000000 254.851167 33.716545 44.753367 0.000000 8.815863 33.372135 46.024209 256.000000 247.752009 77.334853 72.742089 64.000000 14.723223 80.683835 61.928562 256.000000 238.630667 25.400269 132.593807 64.000000 13.092568 24.035295 130.919633 256.000000 255.539570
4.240124 193.735335 0.000000 9.018082 8.809062 196.803295 256.000000 221.825024 47.372095 48.746911 0.000000 23.151860 46.006085 51.279120 256.000000 226.093123 25.015069 101.253704 64.000000 11.134922 26.168918 103.840800 256.000000 235.231676 101.655829 174.287745 64.000000 12.804300 99.576653 186.577687 256.000000 251.176815
61.004900 88.603551 64.000000 18.806315 62.210115 83.504678 256.000000 232.607139 109.555258 68.136449 64.000000 15.334181 107.701353 64.161651 256.000000 236.647205 25.922793 23.339127 64.000000 22.295659 0.955447 22.627789 256.000000 223.649292 41.173127 95.000767 0.000000 8.867494 58.922311 117.388111 256.000000 222.896351
23.352513 102.057207 64.000000 17.941508 26.549416 100.385138 256.000000 242.838531 68.408193 128.905455 0.000000 12.309510 78.928942 113.861480 256.000000 245.996581 35.017213 23.356598 0.000000 11.074686 38.275025 17.827604 256.000000 244.538027 47.657336 37.843978 0.000000 11.612501 45.787087 38.885891 256.000000 247.149656
68.932429 169.682015 64.000000 20.045441 67.563140 168.974276 256.000000 215.431479 8.238425 154.979611 0.000000 8.622250 3.976993 155.641309 256.000000 247.928412 62.564709 172.780478 0.000000 28.986077 59.449529 170.570662 256.000000 237.826096 151.941876 50.780047 64.000000 21.882617 150.941267 53.180915 256.000000 243.815203
73.062711 138.290604 0.000000 31.214783 73.222695 132.999991 256.000000 244.417556 142.760336 74.112133 64.000000 34.665404 80.735189 211.378449 256.000000 251.241353 45.458933 138.201802 64.000000 60.080389 45.562527 137.298789 256.000000 200.247886 29.710844 229.773376 64.000000 39.720865 29.313622 224.282460 256.000000 217.126672
21.185689 133.830636 64.000000 30.827556 29.023255 125.734742 256.000000 217.883915 68.027591 77.811578 64.000000 16.323761 65.143104 76.330189 256.000000 247.889690 44.533098 208.825487 0.000000 8.794351 47.987598 211.600984 256.000000 263.103401 33.682318 171.988120 64.000000 72.880386 35.508538 169.716615 256.000000 178.941807
84.477769 86.978847 64.000000 18.776197 85.290113 82.619273 256.000000 243.230061 178.917331 101.052255 64.000000 13.148501 178.476764 100.169671 256.000000 242.640615 1.078058 55.351053 64.000000 10.597107 3.034707 56.710411 256.000000 232.189794 126.987675 119.396747 64.000000 17.463929 126.028576 118.636569 256.000000 248.100513
44.917489 81.508751 0.000000 11.208065 42.461733 80.206185 256.000000 248.952412 104.599913 202.186678 0.000000 9.517174 102.669380 204.977955 256.000000 241.861859 167.958551 102.734515 64.000000 35.074143 169.665905 86.873975 256.000000 11.096199 28.227093 67.502085 0.000000 26.890750 35.349875 59.047953 256.000000 230.632282
99.795938 93.185245 64.000000 10.485241 97.333413 94.111665 256.000000 235.704953 68.401271 95.283536 64.000000 10.885376 66.842531 96.287007 256.000000 231.548719 57.429002 47.882036 64.000000 15.867694 55.856078 50.611480 256.000000 236.617087 159.272715 149.674216 0.000000 40.034949 136.460920 146.499356 256.000000 211.559211
156.749382 58.024435 64.000000 31.434211 153.765280 57.189662 256.000000 226.041493 84.957700 22.063360 0.000000 50.386812 80.985255 24.727738 256.000000 197.898710 183.018813 42.272142 64.000000 36.145471 181.357131 41.649071 256.000000 226.011376 55.396531 135.638424 64.000000 31.464329 47.782776 126.908989 256.000000 234.026970
96.491229 200.211304 0.000000 20.346617 100.589638 197.788845 256.000000 240.300045 44.226613 81.267673 64.000000 10.614317 46.529649 79.916935 256.000000 260.345485 9.711218 130.777976 0.000000 27.979288 7.369576 130.193920 256.000000 234.319542 61.638742 65.037853 64.000000 10.717577 60.493549 67.282913 256.000000 245.949253
27.247493 124.377405 64.000000 13.798182 35.322589 133.638278 256.000000 225.615544 39.366278 134.066078 0.000000 37.913806 52.126691 122.604282 256.000000 214.700051 58.535515 21.703302 0.000000 25.440801 55.598349 27.464729 256.000000 221.674435 105.158660 101.630282 0.000000 9.517174 103.047302 104.545667 256.000000 247.949925
38.465531 24.717051 0.000000 11.384468 38.233862 21.852053 256.000000 255.044781 40.268573 12.557689 0.000000 21.047928 35.430795 17.604707 256.000000 232.736214 14.290525 96.595356 64.000000 14.301576 5.753976 98.987444 256.000000 242.812716 36.333775 108.164769 0.000000 13.015123 41.984209 110.498958 256.000000 221.708856
168.783373 140.140029 0.000000 50.541702 161.636398 134.392633 256.000000 204.580523 122.295560 143.283089 64.000000 13.105476 121.604047 144.447544 256.000000 236.608482 46.062258 11.126525 64.000000 24.494246 47.256376 13.029269 256.000000 244.430464 52.063596 202.047165 64.000000 25.948498 50.290705 199.790916 256.000000 221.313024
61.741060 151.034124 0.000000 33.688732 63.958778 142.013827 256.000000 227.418300 50.140871 30.609815 0.000000 17.360668 53.412189 31.141480 256.000000 240.119339 3.159260 120.385887 0.000000 10.270115 4.538987 123.523689 256.000000 244.895136 134.867638 175.733113 64.000000 29.756228 131.278053 170.870835 256.000000 212.294942
10.295047 160.512218 0.000000 53.970811 9.389993 157.989240 256.000000 200.931987 161.686467 80.874689 0.000000 30.698480 169.642727 76.135938 256.000000 223.180317 66.156738 46.784796 64.000000 20.062651 56.415729 34.631129 256.000000 225.094939 41.548993 31.532424 64.000000 20.763962 56.945818 26.203604 256.000000 233.549391
97.726187 48.260627 0.000000 21.620163 111.064000 58.825716 256.000000 231.901525 67.225387 180.453080 64.000000 20.411155 65.552587 180.273385 256.000000 240.076313 10.341504 108.867940 0.000000 15.648265 7.227878 103.253080 256.000000 242.799809 49.867045 72.522993 64.000000 16.560399 52.914371 68.374784 256.000000 231.927341
39.566238 99.110196 64.000000 28.848397 50.694376 89.868204 256.000000 227.934602 159.475629 62.099385 0.000000 12.391258 189.379187 45.749211 256.000000 231.548719 114.089773 108.639991 64.000000 16.414114 113.902411 106.606358 256.000000 231.303475 30.162336 15.381273 64.000000 62.618876 31.658516 16.504993 256.000000 211.322572
140.194304 180.407896 64.000000 8.643763 140.747471 180.718395 256.000000 261.722292 114.024345 37.282996 64.000000 15.067425 113.117727 36.661784 256.000000 239.194297 163.580989 120.388940 0.000000 49.539215 161.892516 121.031529 256.000000 203.427448 116.525573 176.648889 64.000000 9.267628 115.742251 177.558209 256.000000 236.944079
28.136462 186.115193 0.000000 18.918180 37.678809 191.971800 256.000000 228.842434 70.511225 63.814355 0.000000 24.481339 67.401758 68.055002 256.000000 231.105559 110.980307 39.017276 64.000000 29.450749 110.314520 40.880665 256.000000 255.100713 101.618240 29.818133 64.000000 9.771023 100.472418 29.351200 256.000000 241.836044
103.818156 211.669955 0.000000 14.774854 107.793322 210.984502 256.000000 234.995037 35.597676 70.812565 64.000000 16.328063 31.774456 69.988342 256.000000 242.989120 61.414384 20.505320 64.000000 9.930216 58.837825 17.297424 256.000000 236.100785 113.449831 20.605591 64.000000 13.626081 112.626104 18.324498 256.000000 242.752481
57.835878 184.764602 64.000000 8.665275 55.818347 187.807615 256.000000 245.037119 12.615616 41.570536 0.000000 21.753541 11.283289 45.913340 256.000000 239.159877 180.808287 125.784229 64.000000 9.732300 182.452813 125.332305 256.000000 253.624949 19.475255 101.299287 64.000000 18.061979 23.248405 103.874829 256.000000 233.192281
