132.611718 39.715607 0.000000 26.886447 123.742133 25.307864 256.000000 246.814060 119.648467 40.002355 0.000000 20.157306 117.670491 40.960775 256.000000 242.911674 184.485104 22.577491 0.000000 8.729813 246.110587 47.141845 256.000000 250.858429 36.183893 111.894235 64.000000 25.367658 31.793655 109.080153 256.000000 226.867577
80.988215 110.907913 64.000000 37.449134 75.722393 122.708896 256.000000 210.638472 21.361878 76.456105 64.000000 12.709644 18.311453 80.054353 256.000000 257.350931 94.506133 105.529787 0.000000 21.710516 94.159422 103.381629 256.000000 249.038463 117.919722 159.897760 0.000000 27.359725 138.322982 138.570109 256.000000 226.592216
160.059382 14.989656 0.000000 9.164368 159.984398 13.662815 256.000000 246.177287 104.147424 158.642073 64.000000 17.894181 105.577182 158.112356 256.000000 244.133590 90.699891 157.629104 0.000000 37.109235 86.250660 144.016720 256.000000 207.174943 91.967522 107.060462 0.000000 36.575723 61.676487 89.869098 256.000000 201.409566
34.491671 142.342140 0.000000 28.512800 22.526360 136.291269 256.000000 225.761829 56.234613 87.309071 0.000000 13.152804 51.210769 84.225020 256.000000 238.531709 53.783345 117.106716 0.000000 12.825812 57.387602 115.798205 256.000000 243.118195 21.937913 -0.000004 0.000000 14.194013 16.653593 0.043845 256.000000 232.753424
111.581669 146.014815 0.000000 51.045097 106.470185 143.044705 256.000000 226.045796 137.395960 34.404835 0.000000 21.138281 136.424262 38.703382 256.000000 233.153559 50.080778 83.394193 64.000000 11.715762 52.459424 81.479516 256.000000 255.242696 78.044680 161.285582 0.000000 16.900299 69.572356 165.528936 256.000000 243.027842
121.971251 188.831256 0.000000 27.372632 118.645749 190.643704 256.000000 229.388854 94.214467 218.486658 64.000000 10.855258 92.502009 219.813825 256.000000 243.049355 161.566547 118.253775 0.000000 17.730685 161.588829 116.331696 256.000000 240.708784 120.131300 95.922253 64.000000 22.756028 119.344667 94.481144 256.000000 228.369157
59.264524 137.895904 64.000000 8.605040 59.049818 137.394698 320.000000 259.390326 47.033384 221.138976 64.000000 31.868766 49.608644 218.487205 256.000000 227.310737 96.264164 112.989044 64.000000 27.123086 94.972973 113.882147 256.000000 229.500719 90.883716 17.381604 64.000000 14.671593 90.593196 7.693202 256.000000 238.781255
60.594265 28.603562 64.000000 12.812905 65.239616 30.453502 256.000000 230.485996 149.456396 4.524131 64.000000 37.746008 141.562658 24.179962 256.000000 228.450904 140.836731 74.120040 64.000000 32.677639 138.662240 74.737816 256.000000 219.075713 55.891318 89.126193 0.000000 19.597979 48.841965 92.939464 256.000000 239.899910
123.770253 159.395282 64.000000 35.977672 107.932607 168.820549 256.000000 213.641631 104.708433 0.756931 64.000000 13.733644 104.629253 0.596242 256.000000 246.986161 76.872335 180.209191 0.000000 43.713603 53.170967 160.474029 256.000000 211.356992 105.388869 114.415595 64.000000 12.744064 104.406769 118.127204 256.000000 247.003371
104.022325 99.088260 0.000000 24.902986 104.811847 94.821456 256.000000 244.340111 57.787293 57.263756 64.000000 12.253577 57.912429 59.420358 256.000000 265.469787 127.679980 168.588975 0.000000 32.419488 127.414318 166.252578 256.000000 240.394700 115.195935 46.579553 0.000000 20.368130 115.966793 58.107180 256.000000 229.582467
84.997438 7.137920 0.000000 37.363084 88.223882 13.056756 256.000000 220.159948 85.461275 127.703453 0.000000 35.241941 78.345653 127.214587 256.000000 195.028929 3.339758 91.587507 0.000000 30.362884 6.940165 88.311733 256.000000 244.908043 111.657409 68.406251 64.000000 20.927457 112.543155 50.986387 256.000000 212.652051
79.800715 159.033807 0.000000 26.137809 76.794038 157.952244 256.000000 229.169425 18.338807 183.024289 0.000000 26.413170 21.886427 181.749320 256.000000 230.696820 35.017213 23.356598 0.000000 11.074686 38.275025 17.827604 256.000000 244.538027 47.923200 147.186665 0.000000 20.178819 78.240236 157.326622 256.000000 249.498832
52.986509 59.531504 64.000000 27.338212 44.152635 63.194098 256.000000 224.092452 100.282307 78.513936 0.000000 10.338956 102.562902 83.556682 256.000000 246.564514 75.405413 96.421722 64.000000 17.610214 74.174098 96.916300 256.000000 241.655338 30.904289 102.899113 0.000000 35.568933 31.413405 92.519473 256.000000 238.729625
138.203596 158.412851 64.000000 36.524092 135.302318 156.882522 256.000000 208.543144 75.998571 58.705878 64.000000 17.674752 73.947280 56.214180 256.000000 241.749994 1.227775 55.553544 64.000000 21.594348 0.440296 61.168384 256.000000 247.924110 8.012373 17.407404 64.000000 24.481339 20.014867 16.045113 256.000000 216.958874
83.093869 91.705909 64.000000 18.660029 82.185573 91.448764 256.000000 227.039678 54.922053 118.752878 0.000000 27.084363 51.834118 111.124515 256.000000 214.338639 172.155673 106.013233 64.000000 31.731085 166.980262 108.404240 256.000000 209.562842 93.836705 125.603573 64.000000 17.786618 103.904971 123.566700 256.000000 241.478935
20.254105 134.187629 0.000000 25.552666 24.077431 128.917960 256.000000 210.229732 151.148724 58.828400 0.000000 74.829428 148.539413 62.815736 256.000000 182.108462 123.734142 91.028853 0.000000 31.361068 117.004102 102.132605 256.000000 225.985560 48.611135 84.537205 0.000000 15.213711 47.496384 82.312307 256.000000 242.911674
101.081582 100.192813 64.000000 29.054918 97.308027 97.135184 256.000000 237.098970 97.167262 37.518827 0.000000 27.759859 96.986453 40.940113 256.000000 227.491442 73.237218 38.405280 0.000000 21.284566 63.287504 29.840224 256.000000 240.480750 31.076109 68.769667 0.000000 13.492703 27.947725 70.860773 256.000000 248.857757
73.554002 46.150504 64.000000 10.721880 88.989300 35.631925 256.000000 45.473334 45.545256 14.155000 0.000000 33.705942 46.548500 20.307518 256.000000 222.160620 153.156918 117.995475 0.000000 20.514415 147.714851 128.639500 256.000000 248.139236 50.790584 35.975444 0.000000 71.723008 38.066687 30.414613 256.000000 183.889705
64.002536 193.795205 64.000000 23.706885 57.397611 194.005345 256.000000 231.613257 154.655360 156.803089 64.000000 28.370817 150.622560 159.133275 256.000000 200.006945 14.299993 195.929140 0.000000 9.310653 9.643233 198.879960 256.000000 241.814532 39.827191 111.444409 64.000000 12.524636 38.515060 110.268564 256.000000 233.304147
106.783965 58.334618 0.000000 13.458283 111.159164 48.874620 256.000000 246.241825 103.818156 211.669955 0.000000 14.774854 107.793322 210.984502 256.000000 234.995037 32.522851 108.533384 64.000000 20.333710 34.882400 105.742916 256.000000 243.471002 150.187825 63.431075 0.000000 16.242013 149.985287 65.688002 256.000000 241.272414
84.373558 175.106660 0.000000 32.006446 82.464393 173.531896 256.000000 232.353290 84.758864 108.953011 0.000000 11.565174 91.747073 106.610056 256.000000 251.017622 114.024345 37.282996 64.000000 15.067425 113.117727 36.661784 256.000000 239.194297 108.452836 49.837415 64.000000 17.184265 109.023736 51.765467 256.000000 267.887803
40.207080 146.475033 64.000000 21.482482 33.258915 148.172856 256.000000 236.539642 161.041867 5.844724 64.000000 15.966652 160.556184 4.353704 256.000000 252.080344 129.047360 119.633291 64.000000 26.619691 124.054211 118.494016 256.000000 231.957458 20.708456 100.869973 0.000000 12.253577 17.106507 98.555240 256.000000 250.996109
2.317280 151.081180 64.000000 22.248331 1.006342 149.302020 256.000000 210.388925 85.967036 190.469607 0.000000 23.397104 115.944211 178.732200 256.000000 229.122098 152.872691 123.111327 0.000000 15.403022 153.275125 128.540925 256.000000 252.725722 42.400482 22.586820 0.000000 11.513544 54.436205 10.226076 256.000000 225.976955
132.946947 144.205098 0.000000 20.312197 130.994229 144.956507 256.000000 240.226902 31.316693 133.275080 64.000000 45.331351 22.293304 130.921407 256.000000 219.673764 30.713104 21.143996 64.000000 24.950313 31.315673 24.876609 256.000000 239.383608 111.932389 111.608315 64.000000 63.918237 108.807040 113.132864 256.000000 203.578036
130.329238 148.849509 0.000000 15.261038 130.940582 141.934791 256.000000 232.314567 168.725611 43.962753 0.000000 31.812833 165.283189 42.737645 256.000000 226.665359 38.326205 91.274842 0.000000 13.811089 40.443640 88.092249 256.000000 254.683369 6.051564 142.714784 64.000000 17.971626 10.664324 144.332764 256.000000 234.934802
13.656287 63.185929 0.000000 10.532569 11.295011 66.024895 256.000000 237.714230 38.465531 24.717051 0.000000 11.384468 38.233862 21.852053 256.000000 255.044781 44.252789 159.678071 64.000000 34.303992 43.113545 157.416382 256.000000 224.221527 87.388289 135.514242 64.000000 22.046112 84.256416 133.996405 256.000000 220.736486
3.781776 49.709664 0.000000 10.334653 1.319605 52.413598 256.000000 245.368413 65.918182 120.615969 0.000000 13.139896 65.741402 118.790269 256.000000 241.255204 138.180147 146.572015 64.000000 31.270715 134.197495 147.151211 256.000000 216.253260 34.144845 123.532260 0.000000 19.081676 37.672464 127.908742 256.000000 235.640415
39.304918 95.981740 0.000000 16.861576 30.724207 98.526136 256.000000 236.892449 3.583967 33.021016 64.000000 29.829371 26.459756 29.832671 256.000000 216.855613 49.417665 14.894240 64.000000 13.079661 46.301440 8.690918 256.000000 234.233491 70.732104 98.828684 0.000000 24.287725 62.098518 71.977811 256.000000 230.442971
172.135624 27.147853 0.000000 11.212367 172.859731 21.144073 256.000000 235.575878 75.048467 92.262544 0.000000 12.016938 76.483789 90.420353 256.000000 250.634698 175.323685 111.663289 64.000000 13.578753 182.135367 105.025462 256.000000 242.877254 93.061676 42.108484 64.000000 15.803156 123.553629 31.814822 256.000000 228.506837
118.353189 46.170409 64.000000 13.841207 117.208893 45.797407 256.000000 237.068852 58.190895 106.960424 0.000000 13.372232 65.077900 105.858507 256.000000 263.615400 64.751418 137.416467 0.000000 12.666619 71.910505 137.682371 256.000000 244.383136 34.012198 13.216204 64.000000 24.773910 71.474385 5.651200 256.000000 235.636113
39.878509 137.871575 64.000000 27.794279 44.134831 135.943985 256.000000 215.693933 188.751613 109.595669 0.000000 23.173373 189.521100 128.740815 256.000000 235.683441 29.960755 154.808945 64.000000 43.911519 30.030216 151.290580 256.000000 221.837931 2.768664 166.534965 0.000000 13.010820 2.371824 165.215427 256.000000 248.332849
73.839067 175.622813 64.000000 22.433339 74.441098 174.214558 256.000000 230.124585 138.346880 106.933933 0.000000 9.934519 139.268758 107.970231 256.000000 250.484109 88.394333 141.505998 0.000000 22.984062 86.661536 143.775362 256.000000 205.707784 9.152967 130.897638 64.000000 21.861104 14.392218 131.789358 256.000000 227.736686
