60.770935 166.243429 0.000000 15.523492 51.212524 175.573658 256.000000 259.484981 25.561853 129.749089 64.000000 17.377878 31.072649 127.752660 256.000000 225.082031 20.254105 134.187629 0.000000 25.552666 24.077431 128.917960 256.000000 210.229732 78.886762 117.724633 64.000000 12.227762 74.266924 122.461447 256.000000 244.077657
165.348235 20.892671 64.000000 17.119727 164.736238 20.136209 256.000000 244.968279 17.457973 139.377976 64.000000 32.643219 32.364325 142.490380 256.000000 228.541257 99.530796 66.998975 64.000000 20.905945 97.359785 66.493645 256.000000 223.903141 137.515229 186.284080 0.000000 47.968795 127.094740 183.355207 256.000000 201.293398
42.632949 164.737391 64.000000 46.437098 39.801280 154.872471 256.000000 220.116923 139.359196 156.429058 0.000000 27.333910 142.953096 150.496762 256.000000 218.185092 109.172162 159.792815 64.000000 8.609343 129.238095 166.355227 256.000000 238.768347 19.832740 68.273069 0.000000 21.525508 22.135431 69.780500 256.000000 226.519073
98.829856 81.614907 64.000000 35.560328 97.698396 91.313265 256.000000 236.939776 58.093862 120.111551 64.000000 16.616332 57.811069 118.066047 256.000000 243.062262 28.310162 230.440775 0.000000 45.744393 29.945107 225.035724 256.000000 218.559411 181.322598 52.368896 64.000000 33.043354 179.919560 52.637936 256.000000 204.700994
50.033649 161.175104 0.000000 14.163896 46.902880 161.201298 256.000000 260.306763 56.192825 170.607891 64.000000 24.855658 55.774116 169.459795 256.000000 231.772450 162.396082 157.166169 64.000000 35.186009 159.418980 153.910520 256.000000 238.755440 19.822600 176.154644 0.000000 19.180634 21.522284 174.915238 256.000000 237.976684
97.354965 76.647569 64.000000 33.077774 102.223376 75.692107 256.000000 221.016150 48.990553 11.651075 64.000000 16.267828 47.664445 12.576215 256.000000 244.495002 70.432151 84.458938 64.000000 14.370417 71.337058 73.247193 256.000000 246.396715 89.623795 139.454258 64.000000 10.648737 90.329713 138.307607 256.000000 234.745491
62.809771 192.068735 64.000000 27.708229 62.983555 190.124918 256.000000 224.927141 65.030362 102.853178 0.000000 16.680870 65.243916 99.707951 256.000000 234.091508 152.263036 119.037633 0.000000 11.698552 158.868607 134.156949 256.000000 241.242296 169.901353 25.026153 0.000000 79.476149 185.689247 27.197111 256.000000 155.781342
94.309195 185.275762 64.000000 15.385812 94.662751 185.015647 256.000000 252.691302 114.181805 87.695629 64.000000 9.792536 114.121525 88.979365 256.000000 246.259035 156.140636 97.274996 0.000000 24.709372 154.839058 99.725629 256.000000 228.446602 166.791573 139.291882 0.000000 17.162752 166.364198 137.962089 256.000000 227.319342
159.272715 149.674216 0.000000 40.034949 136.460920 146.499356 256.000000 211.559211 32.428169 119.435591 64.000000 26.882145 33.380325 115.003138 256.000000 233.893592 114.910947 89.062380 64.000000 11.436098 117.663478 85.707142 256.000000 257.630595 57.360456 121.384876 64.000000 12.386955 57.758487 120.599833 256.000000 236.677323
1.084342 89.236000 0.000000 27.613573 21.978064 82.761682 256.000000 217.952756 60.758109 75.571449 64.000000 30.367186 22.447298 70.982722 256.000000 224.062334 26.652920 118.370676 64.000000 9.775325 22.983507 116.779675 256.000000 233.884987 101.452973 44.527807 64.000000 28.882817 96.066711 55.293458 256.000000 216.472689
71.916251 75.374965 64.000000 25.049271 66.209195 78.252682 256.000000 232.254332 95.686764 40.861300 64.000000 28.667691 97.710589 45.241753 256.000000 207.725666 64.134102 44.910782 0.000000 9.164368 70.862358 39.742631 256.000000 241.887674 20.986631 82.386787 64.000000 11.474821 19.080433 80.518693 256.000000 249.929084
3.177293 18.759402 64.000000 23.465944 9.577495 21.976011 256.000000 224.268855 167.699796 156.043395 0.000000 38.778613 165.708720 156.841102 256.000000 209.864018 109.575876 19.426349 64.000000 11.522149 108.179529 16.076033 256.000000 253.508781 67.418625 185.281969 64.000000 16.448534 54.856196 188.052656 256.000000 239.452448
153.319971 57.742800 0.000000 24.911591 151.904069 78.449427 256.000000 239.607339 118.423085 100.320709 0.000000 15.372904 123.858064 95.498062 256.000000 226.144754 168.265993 66.234905 0.000000 15.342786 168.765796 69.914485 256.000000 262.367670 72.956655 12.436527 64.000000 23.900499 66.317969 16.953136 256.000000 241.573590
1.451038 67.424847 0.000000 14.323089 4.434645 68.756905 256.000000 252.480479 58.760845 98.979018 64.000000 32.255992 45.742220 90.178942 256.000000 231.157190 187.516047 113.130964 0.000000 16.706685 188.188105 119.355173 256.000000 248.664143 104.968340 48.248435 64.000000 28.594548 98.099460 49.973287 256.000000 230.197728
123.734142 91.028853 0.000000 31.361068 117.004102 102.132605 256.000000 225.985560 60.288956 46.268758 64.000000 27.579153 96.437015 52.291064 256.000000 227.358064 69.470871 80.403971 0.000000 30.087522 52.945062 85.563296 256.000000 222.883444 24.438327 108.965918 0.000000 10.962821 18.804429 115.202533 256.000000 249.124513
93.684138 38.207685 64.000000 15.385812 99.126371 42.825204 256.000000 252.235235 3.012747 228.442109 0.000000 18.203962 1.309424 227.968338 256.000000 239.370700 6.400200 12.614965 0.000000 43.872796 11.777736 26.763136 256.000000 233.144954 83.188865 8.827915 0.000000 39.195957 84.687878 27.426624 256.000000 235.291911
55.035293 48.505095 0.000000 21.732029 54.992909 57.312585 256.000000 243.681825 156.955900 96.356809 64.000000 24.132835 156.297120 97.753695 256.000000 239.375003 66.581571 87.358213 64.000000 10.833745 67.119818 95.958876 256.000000 235.816819 44.036709 154.400795 64.000000 14.095056 42.259165 154.117025 256.000000 232.860987
45.910551 70.757933 64.000000 32.965908 50.223469 38.376344 256.000000 226.760014 104.785604 18.724473 64.000000 21.663188 118.663820 26.782029 256.000000 239.740717 114.644173 195.086160 0.000000 9.999056 118.646240 195.334407 256.000000 236.173928 86.631647 30.014638 0.000000 31.851556 83.685418 31.022940 256.000000 237.232348
97.946382 33.755636 64.000000 69.825597 101.721093 34.006345 256.000000 181.402848 63.314353 129.041467 64.000000 33.921068 71.427120 130.157224 256.000000 211.258035 41.921765 182.197856 64.000000 51.707685 38.450113 182.291069 256.000000 201.861331 77.918525 134.758082 0.000000 18.780500 111.121629 132.958445 256.000000 221.278604
36.127033 232.691675 64.000000 23.685373 44.791056 230.726385 256.000000 258.456679 135.399129 23.478411 64.000000 44.797838 119.473100 32.817096 256.000000 221.906772 177.593676 97.659507 64.000000 32.582984 173.568969 93.219445 256.000000 229.083375 186.278844 71.675176 0.000000 36.489672 182.392795 70.995082 256.000000 205.849767
29.946147 153.844311 64.000000 9.362284 31.836524 155.488087 256.000000 242.976212 158.824398 44.124885 0.000000 29.751926 158.506927 46.618871 256.000000 233.299844 74.327664 71.262573 0.000000 46.320930 71.395198 72.102933 256.000000 214.377362 152.094071 105.263680 64.000000 18.100702 151.206073 105.905960 256.000000 231.096954
49.611911 134.480593 0.000000 18.956903 46.229509 132.916825 256.000000 238.531709 174.894760 75.232791 64.000000 8.919124 181.177320 66.248387 256.000000 242.132918 110.636747 149.719025 0.000000 27.919052 98.778967 144.314042 256.000000 224.471073 63.179915 146.470889 0.000000 16.302248 69.227951 144.200251 256.000000 211.890505
60.736013 29.296227 0.000000 9.482754 64.182224 23.320040 256.000000 258.250158 18.837535 24.747693 64.000000 10.214182 14.520191 22.318515 256.000000 241.268112 34.931145 9.648905 64.000000 31.085707 38.173145 16.221518 256.000000 247.407808 109.098785 162.475649 0.000000 23.999457 113.098633 146.865098 256.000000 246.844177
60.061962 136.356849 64.000000 14.370417 49.133547 148.239076 256.000000 238.449961 113.475704 67.711318 0.000000 38.017067 107.703027 58.502596 256.000000 215.220655 61.681987 19.305855 64.000000 16.457139 65.373782 23.141476 256.000000 245.566329 30.904289 102.899113 0.000000 35.568933 31.413405 92.519473 256.000000 238.729625
3.284702 105.068487 64.000000 13.548635 4.367922 103.477844 256.000000 231.221727 34.925542 6.227609 64.000000 33.039051 37.302764 7.656760 256.000000 222.276788 106.500104 13.520082 64.000000 10.278720 115.499509 4.555662 256.000000 237.886331 18.164351 151.501191 64.000000 9.667762 20.520647 153.281125 256.000000 243.711943
146.022342 65.184469 64.000000 32.273203 137.681942 61.783749 256.000000 214.988319 45.281204 180.934733 0.000000 30.453237 90.591564 179.525515 256.000000 210.767547 89.105031 155.075776 0.000000 17.459626 84.315796 157.322756 256.000000 225.331577 21.579144 194.973413 0.000000 29.803556 21.264591 192.494615 256.000000 212.888690
79.047073 40.867598 0.000000 35.814176 23.629425 63.112305 256.000000 206.271414 34.638475 92.951553 64.000000 16.285038 38.269567 95.297475 256.000000 250.273286 21.325813 112.887322 0.000000 14.069240 5.971511 120.541265 256.000000 230.485996 87.006205 105.639373 64.000000 14.155291 86.594949 105.020378 256.000000 243.234363
44.214676 38.340507 0.000000 12.008333 39.051442 34.188320 256.000000 259.364511 16.615855 91.183125 64.000000 9.413914 17.478371 91.528740 256.000000 249.606395 85.150622 13.599844 64.000000 22.063323 82.363233 10.367373 256.000000 254.266024 40.658213 76.527298 64.000000 8.893309 39.447316 75.319222 256.000000 257.677923
63.304462 2.971869 0.000000 18.573979 63.876173 5.497211 256.000000 237.546432 41.208278 19.752285 0.000000 30.479052 17.326915 21.184807 256.000000 217.122369 55.847436 84.936347 0.000000 15.239526 52.912525 91.715135 256.000000 232.770635 35.928876 80.603860 64.000000 39.639117 39.274893 88.138258 256.000000 206.869464
40.341053 154.911600 64.000000 8.768536 33.807640 164.238951 256.000000 243.118195 84.373558 175.106660 0.000000 32.006446 82.464393 173.531896 256.000000 232.353290 27.089453 195.296627 64.000000 25.273002 32.722991 193.365733 256.000000 220.779511 117.976671 81.323738 64.000000 12.270787 115.243102 83.453418 256.000000 236.513827
49.014716 74.386191 0.000000 12.429980 42.592236 84.119576 256.000000 246.082631 130.539300 70.144553 0.000000 8.802956 131.964300 74.734276 256.000000 250.608882 5.470371 185.947998 64.000000 20.449878 1.686704 180.753358 256.000000 242.180246 129.252107 124.296596 64.000000 38.976529 112.604829 129.469191 256.000000 221.695948
161.316671 27.727533 64.000000 11.384468 173.847695 24.261209 256.000000 255.126528 14.445035 170.771375 64.000000 18.457811 34.498649 176.156344 256.000000 251.538227 138.782155 183.946978 0.000000 31.279320 138.003609 179.953180 256.000000 230.679610 51.445296 69.475296 0.000000 9.237510 58.519256 65.565896 256.000000 242.317926
