94.258531 41.483262 0.000000 9.439729 197.872493 80.437365 256.000000 251.456479 82.590565 68.732560 0.000000 8.936334 82.512684 70.822567 256.000000 247.528278 18.961227 190.167156 0.000000 14.632871 33.268118 197.655020 256.000000 218.103344 64.068427 31.294415 0.000000 27.893237 63.823462 34.800502 256.000000 213.908387
21.434338 106.635644 64.000000 23.504667 22.198865 103.332280 256.000000 232.525391 160.470915 29.340304 64.000000 49.349904 146.298467 31.481889 256.000000 196.965063 42.335064 13.234591 0.000000 71.727311 42.084591 9.950822 256.000000 192.778711 3.416065 89.442167 0.000000 36.915622 13.249758 79.175929 256.000000 220.495545
87.388289 135.514242 64.000000 22.046112 84.256416 133.996405 256.000000 220.736486 12.097740 184.303298 0.000000 16.013979 6.638180 185.440040 256.000000 226.596518 114.910947 89.062380 64.000000 11.436098 117.663478 85.707142 256.000000 257.630595 137.633602 107.090860 0.000000 19.073071 137.457584 104.971020 256.000000 224.699107
47.192353 84.051324 64.000000 22.743121 42.675522 79.665087 256.000000 240.050498 158.824398 44.124885 0.000000 29.751926 158.506927 46.618871 256.000000 233.299844 69.754976 100.307191 0.000000 18.436298 74.462145 97.452338 256.000000 235.597390 155.712265 158.191467 0.000000 16.379694 154.900664 157.715829 320.000000 246.401018
114.756555 17.650269 64.000000 13.286182 113.724267 21.688500 256.000000 244.925254 110.401729 175.759833 64.000000 11.586686 109.389691 177.446720 256.000000 61.315213 101.655829 174.287745 64.000000 12.804300 99.576653 186.577687 256.000000 251.176815 82.854584 159.863300 0.000000 37.604025 78.893164 153.371364 256.000000 224.570031
29.966969 21.006307 64.000000 11.109107 29.601756 21.458960 256.000000 241.160549 75.568415 138.576705 64.000000 26.770279 79.276976 134.921578 256.000000 243.466699 75.065669 73.987202 64.000000 13.148501 76.383904 71.513509 256.000000 254.618831 18.316640 171.098609 0.000000 27.187624 19.114044 169.402533 256.000000 233.730096
142.953402 96.998153 0.000000 15.807458 155.708320 80.019495 256.000000 243.324716 105.847369 116.797478 64.000000 11.276905 104.499575 115.858493 256.000000 268.369685 31.174500 203.683615 64.000000 29.510985 26.053256 202.856484 256.000000 234.594903 72.458542 81.759647 0.000000 12.645106 69.238944 81.793969 256.000000 228.816619
13.750282 10.684022 64.000000 22.420432 23.384805 11.923582 256.000000 240.549591 121.936335 187.001000 64.000000 29.300161 121.787885 186.041118 256.000000 213.559883 128.952976 147.381224 64.000000 20.114281 131.898395 143.924013 256.000000 234.921895 136.011031 194.102156 0.000000 12.374048 140.654218 192.332324 256.000000 252.420243
25.922793 23.339127 64.000000 22.295659 0.955447 22.627789 256.000000 223.649292 2.679135 106.029835 64.000000 17.734987 4.327113 104.193325 256.000000 234.969222 85.516996 85.848455 64.000000 11.750182 87.561415 91.661093 256.000000 250.264681 109.900485 41.488485 0.000000 10.881073 114.498718 44.667855 256.000000 239.392213
72.768691 183.442273 0.000000 22.540902 85.008535 179.415085 256.000000 236.380449 40.207080 146.475033 64.000000 21.482482 33.258915 148.172856 256.000000 236.539642 114.220584 108.074269 0.000000 10.016267 117.968395 112.939251 256.000000 234.538970 13.093662 127.743164 0.000000 10.928401 16.370362 129.791913 256.000000 248.689959
3.970445 113.541895 0.000000 12.713947 3.927513 112.179229 256.000000 244.576749 153.319971 57.742800 0.000000 24.911591 151.904069 78.449427 256.000000 239.607339 28.638664 120.601296 0.000000 74.708957 34.909796 98.867718 256.000000 192.542073 103.157171 43.395056 64.000000 43.231721 98.445544 42.642645 256.000000 211.800152
191.315395 89.468302 64.000000 14.658686 196.609640 96.271384 256.000000 248.264009 30.713104 21.143996 64.000000 24.950313 31.315673 24.876609 256.000000 239.383608 139.988422 153.281815 0.000000 10.786418 144.404969 151.643400 256.000000 244.817691 26.462947 72.630391 0.000000 19.813105 25.329373 66.076705 256.000000 216.623277
47.923200 147.186665 0.000000 20.178819 78.240236 157.326622 256.000000 249.498832 118.323649 0.285393 64.000000 27.333910 117.966153 3.391458 256.000000 222.603780 63.304462 2.971869 0.000000 18.573979 63.876173 5.497211 256.000000 237.546432 151.802473 88.875567 64.000000 28.422447 150.382198 86.795460 256.000000 213.052185
0.729242 123.579647 64.000000 15.635358 3.636278 125.899165 256.000000 237.972381 142.379885 118.598629 0.000000 22.028902 139.141715 119.957005 320.000000 223.206133 15.328124 91.622364 0.000000 11.780300 18.447360 91.602898 256.000000 241.311137 66.957269 196.973951 64.000000 16.977744 76.775687 197.127349 256.000000 243.535540
24.529409 72.213922 64.000000 11.367258 22.018236 74.149442 256.000000 257.415469 127.029964 41.753204 0.000000 23.379894 118.135356 34.721144 256.000000 217.746235 19.657180 125.890749 64.000000 28.228834 20.797471 121.354067 256.000000 226.927812 62.564709 172.780478 0.000000 28.986077 59.449529 170.570662 256.000000 237.826096
56.987635 76.629335 64.000000 22.011692 50.135184 67.344780 256.000000 250.015135 132.611718 39.715607 0.000000 26.886447 123.742133 25.307864 256.000000 246.814060 139.347180 137.527115 64.000000 28.663388 145.918738 119.289540 256.000000 240.269927 15.537536 151.938358 0.000000 12.223459 12.329438 151.787907 256.000000 233.403105
151.245767 158.374260 64.000000 23.039995 151.359020 157.521287 256.000000 239.529893 26.711402 229.198815 0.000000 19.232264 33.897320 230.493016 256.000000 225.464956 131.511256 95.366715 64.000000 46.574779 135.294275 94.324384 256.000000 218.004386 155.662235 67.794187 64.000000 13.019426 155.675089 67.320353 256.000000 246.676379
138.967133 136.604111 64.000000 99.358094 145.510653 151.285293 256.000000 169.024498 168.783373 140.140029 0.000000 50.541702 161.636398 134.392633 256.000000 204.580523 11.372622 198.468335 0.000000 15.622450 8.677087 197.582853 256.000000 236.453592 66.747329 138.622520 64.000000 40.125302 73.366047 150.043260 256.000000 212.991950
5.205269 66.485267 64.000000 10.042082 3.189556 63.327524 256.000000 243.914161 26.475280 94.457253 0.000000 14.129476 11.066947 93.779413 256.000000 245.944951 36.426589 71.039609 0.000000 19.395760 28.279618 74.466893 256.000000 238.897423 16.718587 59.277605 0.000000 20.905945 6.692265 65.552684 256.000000 228.700451
34.472147 61.112440 64.000000 20.665004 22.999487 67.842980 256.000000 221.304419 49.252427 32.985456 64.000000 17.244500 37.223675 29.402809 256.000000 236.509524 139.233920 86.963915 0.000000 32.565774 136.470338 90.050258 256.000000 224.578636 125.640809 92.240009 64.000000 34.790177 115.589791 95.612336 256.000000 226.884787
111.581669 146.014815 0.000000 51.045097 106.470185 143.044705 256.000000 226.045796 76.739367 192.612287 0.000000 29.054918 74.088898 196.664945 256.000000 231.359408 67.758640 82.435720 64.000000 31.090010 56.862264 72.994607 256.000000 233.437525 165.287056 55.697962 0.000000 13.114081 166.013711 56.938884 256.000000 259.764645
68.073929 116.671867 64.000000 12.098686 74.722451 130.924273 256.000000 242.042565 8.012373 17.407404 64.000000 24.481339 20.014867 16.045113 256.000000 216.958874 16.037755 41.911029 64.000000 26.852027 19.964680 46.211531 256.000000 219.019781 103.464347 23.560178 0.000000 12.335325 102.290080 21.920531 256.000000 258.465284
156.744635 59.425484 0.000000 9.525779 157.335645 60.656424 256.000000 242.834229 28.361702 143.574813 0.000000 10.042082 32.654680 146.927524 256.000000 251.396244 36.333775 108.164769 0.000000 13.015123 41.984209 110.498958 256.000000 221.708856 122.841618 56.583229 0.000000 26.606784 118.281218 45.986187 256.000000 242.795506
89.705833 20.274925 64.000000 29.153876 87.514033 21.352495 256.000000 228.795106 75.267622 42.625889 64.000000 11.952401 73.296162 39.557118 256.000000 233.024483 52.999216 60.084933 64.000000 14.568333 56.043005 49.738511 256.000000 272.728138 124.456796 20.712153 64.000000 13.944467 126.527349 10.190551 256.000000 243.402161
39.568313 77.333111 0.000000 11.070384 39.902313 74.306769 256.000000 250.957387 102.974115 17.591987 64.000000 14.964165 100.458969 9.297940 256.000000 243.234363 51.649022 124.440407 64.000000 11.999728 39.733211 135.014116 256.000000 238.669389 9.264344 178.469880 0.000000 18.754685 5.300609 175.881178 256.000000 228.050770
60.797484 221.975636 0.000000 10.141040 62.128973 221.668316 256.000000 251.968479 152.951329 130.691862 64.000000 58.798238 147.542842 132.309549 256.000000 191.651451 69.111173 115.141782 64.000000 23.332566 65.434929 111.732473 256.000000 237.172112 29.888629 62.214222 64.000000 14.426350 36.590316 58.375109 256.000000 233.532181
114.024345 37.282996 64.000000 15.067425 113.117727 36.661784 256.000000 239.194297 11.118744 72.995644 64.000000 21.443760 11.578755 75.608025 256.000000 241.573590 85.091258 65.101065 64.000000 28.452565 81.591024 65.294395 256.000000 249.442900 94.116909 22.092282 0.000000 85.968652 94.412160 24.000096 256.000000 167.798280
25.015069 101.253704 64.000000 11.134922 26.168918 103.840800 256.000000 235.231676 51.473053 77.515998 64.000000 14.387627 53.723489 76.070069 256.000000 241.780111 146.621844 103.780524 0.000000 38.240798 149.053042 103.225982 256.000000 207.428792 36.688633 231.815058 64.000000 20.600466 32.564958 232.072155 256.000000 246.271942
36.195558 138.182978 64.000000 52.873668 30.180204 108.928005 256.000000 213.189866 92.764442 30.652949 64.000000 24.610414 90.143807 31.276956 256.000000 227.504350 121.687253 144.548058 64.000000 45.778813 121.218380 138.053460 256.000000 213.168353 144.597144 107.601131 64.000000 19.520533 144.016987 107.317347 256.000000 239.676179
116.734149 86.541982 0.000000 18.888063 115.059240 90.344104 256.000000 237.697020 85.596158 69.689751 64.000000 66.250203 83.733004 56.808225 256.000000 184.276932 31.331076 199.680395 64.000000 20.953272 30.419884 197.903995 256.000000 222.513427 40.963700 114.317300 64.000000 26.477708 35.802769 113.961044 256.000000 233.101929
60.684555 58.460573 64.000000 11.642619 61.158209 51.818402 256.000000 226.772922 79.770724 217.950949 0.000000 20.763962 85.337900 215.953082 256.000000 241.276717 90.280398 200.981644 64.000000 18.668634 91.120215 200.948415 256.000000 224.505494 69.221236 71.078984 64.000000 25.935591 63.253809 65.758380 256.000000 232.314567
159.655249 45.624331 64.000000 17.941508 158.225095 45.414704 256.000000 238.643574 142.965671 185.970033 0.000000 23.990852 128.374420 198.523238 256.000000 234.599206 52.212576 60.657311 64.000000 14.323089 58.825680 59.606633 256.000000 239.960145 85.116804 153.250075 0.000000 63.049128 73.346547 178.325209 256.000000 200.992222
