77.653560 13.925771 0.000000 32.819623 79.164693 26.786733 256.000000 217.531109 35.778347 169.806564 0.000000 24.851356 43.863322 170.468775 256.000000 226.833157 38.128180 68.294196 0.000000 35.525908 36.802040 68.853938 256.000000 214.519345 61.004900 88.603551 64.000000 18.806315 62.210115 83.504678 256.000000 232.607139
92.960904 110.383084 0.000000 37.449134 83.805651 108.003365 256.000000 210.655682 59.264524 137.895904 64.000000 8.605040 59.049818 137.394698 320.000000 259.390326 114.181805 87.695629 64.000000 9.792536 114.121525 88.979365 256.000000 246.259035 142.751244 152.214238 64.000000 23.969339 142.147807 150.697493 256.000000 228.941392
93.243122 127.429802 64.000000 14.968467 93.942469 125.669111 256.000000 248.930900 15.732433 71.100818 0.000000 36.993067 34.618465 56.096369 256.000000 210.629867 53.398900 83.365705 0.000000 17.808130 45.555049 86.423829 256.000000 240.016078 49.466924 6.033058 0.000000 10.007662 45.242300 4.444564 256.000000 240.282834
79.160867 108.490873 64.000000 20.940365 80.316225 103.260384 256.000000 210.423346 19.256665 20.994462 64.000000 14.047728 23.530936 19.781402 320.000000 243.367741 102.185115 137.966235 0.000000 20.419760 103.455755 133.771395 256.000000 234.233491 81.712804 55.989925 64.000000 14.594148 86.219473 59.345944 256.000000 237.589457
47.372095 48.746911 0.000000 23.151860 46.006085 51.279120 256.000000 226.093123 46.471756 148.689376 64.000000 16.590517 47.204900 147.818342 256.000000 225.594031 31.164604 111.595116 64.000000 21.951457 23.532365 109.004453 256.000000 247.369085 121.210825 78.310902 64.000000 38.434411 89.520587 103.407829 256.000000 205.832557
34.766696 108.665462 0.000000 27.269372 35.709822 102.247949 256.000000 227.685056 69.700184 68.507944 0.000000 11.522149 72.931682 64.103827 256.000000 263.787501 48.715444 102.749345 64.000000 11.134922 50.791027 104.315775 256.000000 248.010160 101.719409 23.537553 64.000000 15.557912 100.411595 21.564780 256.000000 260.199200
91.340982 46.994002 64.000000 37.264126 87.788562 45.146371 256.000000 245.729825 45.755667 141.218735 0.000000 14.069240 54.750509 148.338749 256.000000 239.921423 76.523345 26.221851 0.000000 26.697137 73.309115 32.687840 256.000000 227.216081 117.000398 2.317711 64.000000 16.143055 116.678162 2.524773 256.000000 229.857828
10.870955 149.726604 64.000000 14.572635 7.486042 149.378356 256.000000 240.863675 11.262676 102.087404 0.000000 12.675224 14.866496 105.854640 256.000000 251.998596 130.833116 153.031973 0.000000 14.598450 130.255984 152.440907 256.000000 235.498432 77.850887 108.959182 64.000000 24.115625 75.704853 106.097731 256.000000 244.090565
180.196642 60.515404 64.000000 18.264197 179.836416 59.963793 256.000000 265.151400 107.826658 49.240525 0.000000 21.086651 103.235115 53.739053 256.000000 234.005458 109.291585 121.746875 64.000000 21.753541 105.462065 125.780195 256.000000 23.422919 140.460662 34.401173 64.000000 13.088266 140.896133 34.964665 256.000000 254.283235
149.650309 1.519524 64.000000 13.436770 149.853516 1.891102 256.000000 241.861859 52.999216 60.084933 64.000000 14.568333 56.043005 49.738511 256.000000 272.728138 101.452973 44.527807 64.000000 28.882817 96.066711 55.293458 256.000000 216.472689 174.820789 25.125349 64.000000 26.099086 172.631455 24.796078 256.000000 208.001027
8.644393 99.333869 64.000000 10.653040 10.688598 101.302244 256.000000 239.658969 21.791989 75.227451 0.000000 15.566517 26.627236 78.584315 256.000000 245.712615 74.577342 154.326542 0.000000 8.850284 75.917804 154.666678 256.000000 243.187035 69.914229 223.583371 64.000000 29.282951 73.785609 221.487202 256.000000 239.689087
119.561009 13.491424 0.000000 33.249875 89.587496 9.213684 256.000000 223.903141 74.929262 29.318124 0.000000 11.268300 73.656978 28.601778 256.000000 236.238466 110.796727 82.435969 0.000000 27.518918 106.904756 78.346173 256.000000 233.265424 111.019258 9.637267 64.000000 11.393073 116.446024 11.836171 256.000000 241.732784
43.389196 15.282133 64.000000 10.343258 41.361282 16.054664 256.000000 238.148785 71.465160 125.027213 0.000000 14.602753 69.091344 123.160171 320.000000 213.564185 114.879025 144.677905 64.000000 16.061307 113.676151 145.417282 256.000000 252.764445 69.470871 80.403971 0.000000 30.087522 52.945062 85.563296 256.000000 222.883444
176.162336 44.389535 64.000000 32.453908 171.877078 40.972425 256.000000 228.734871 62.909633 97.187435 64.000000 27.665204 58.158573 84.806785 256.000000 225.667174 58.616905 144.653511 0.000000 31.412699 33.791391 110.735169 256.000000 211.593631 152.263036 119.037633 0.000000 11.698552 158.868607 134.156949 256.000000 241.242296
172.155673 106.013233 64.000000 31.731085 166.980262 108.404240 256.000000 209.562842 15.082284 122.299662 64.000000 19.972298 22.987689 126.197805 256.000000 248.547975 60.095809 41.766633 64.000000 24.145742 63.897578 56.916495 256.000000 237.550734 42.796324 158.781738 0.000000 17.515559 44.187855 158.107242 256.000000 254.068109
12.574342 115.355069 64.000000 14.120871 2.905271 112.718682 256.000000 232.843777 0.126284 78.851011 0.000000 17.653240 5.340129 78.475291 256.000000 252.820378 34.105015 226.791178 0.000000 10.394888 24.707860 234.605787 256.000000 237.309793 134.451662 190.570024 0.000000 28.788161 134.307729 186.378338 256.000000 230.847408
32.334751 126.288065 64.000000 35.168798 29.365489 121.935582 256.000000 223.399746 133.226416 129.285793 64.000000 19.826012 132.518765 129.250275 256.000000 225.615544 46.894709 99.521938 0.000000 10.205577 44.141733 101.486815 256.000000 253.607739 139.347180 137.527115 64.000000 28.663388 145.918738 119.289540 256.000000 240.269927
33.479500 165.327069 0.000000 56.375920 7.668302 148.384945 256.000000 214.063278 183.280155 91.539553 0.000000 48.093569 177.879705 94.317160 256.000000 208.272086 28.638122 53.041400 64.000000 27.015523 21.976753 55.859136 256.000000 251.434966 145.046724 65.422791 0.000000 17.287525 144.160035 67.327484 256.000000 227.177359
118.441589 48.513993 0.000000 11.388770 118.479262 43.487067 256.000000 239.392213 48.157249 144.147985 64.000000 12.146014 47.918496 142.553751 256.000000 249.920479 16.411013 69.167498 0.000000 32.187152 39.747429 69.893911 256.000000 229.363039 4.482585 60.947360 0.000000 28.073943 9.253745 64.017365 256.000000 234.835844
51.649022 124.440407 64.000000 11.999728 39.733211 135.014116 256.000000 238.669389 164.493722 110.717818 0.000000 10.283023 165.688162 113.750984 256.000000 225.615544 79.800715 159.033807 0.000000 26.137809 76.794038 157.952244 256.000000 229.169425 155.531627 134.972767 0.000000 36.825269 148.151100 134.853240 256.000000 215.569160
59.478576 86.928327 0.000000 31.959119 48.646847 86.509744 256.000000 229.272686 77.259071 36.252785 0.000000 24.756700 79.858482 43.144155 256.000000 236.823608 19.268498 76.583405 0.000000 12.309510 20.192465 72.181071 256.000000 234.934802 99.870884 142.082678 64.000000 15.962349 139.385895 235.262789 256.000000 230.051442
152.312395 135.787160 64.000000 27.656599 152.673429 137.780225 256.000000 218.314167 22.719300 22.892785 0.000000 23.792936 63.848687 8.297907 256.000000 230.520417 88.546400 23.517980 64.000000 19.021441 90.561396 25.435018 256.000000 229.221056 93.587807 185.023909 0.000000 10.326048 94.026664 184.636433 256.000000 236.651508
15.682024 21.540947 0.000000 13.716434 16.942878 23.395729 256.000000 213.293126 55.847436 84.936347 0.000000 15.239526 52.912525 91.715135 256.000000 232.770635 188.464609 103.781004 64.000000 16.930416 187.818336 104.734460 256.000000 240.687271 40.526467 31.338609 0.000000 15.893509 38.588982 34.124676 256.000000 220.129831
44.840044 62.719467 0.000000 14.860904 36.394969 51.736760 256.000000 229.444787 30.936525 60.526709 64.000000 35.177404 33.033687 48.277960 256.000000 222.668318 106.164738 20.007655 0.000000 9.624737 202.340300 30.829687 256.000000 241.225086 156.125245 116.726785 64.000000 34.015723 153.466513 115.334644 256.000000 231.531509
51.339338 60.796651 0.000000 13.591661 51.084987 54.647935 256.000000 233.635441 56.456469 88.981484 64.000000 12.283695 55.094705 94.549540 256.000000 255.139436 152.649289 119.533784 64.000000 13.682014 157.713905 114.887356 256.000000 239.770835 47.657336 37.843978 0.000000 11.612501 45.787087 38.885891 256.000000 247.149656
89.881287 165.504169 0.000000 14.572635 97.509929 164.477176 256.000000 228.123913 48.951427 50.545458 64.000000 11.074686 48.197462 52.050542 256.000000 236.328819 28.706753 121.950285 64.000000 31.429909 54.737324 132.565645 256.000000 244.176615 77.853104 137.700196 0.000000 20.200331 71.287985 146.055700 256.000000 224.901325
137.357720 82.995456 64.000000 28.826884 134.777480 82.831547 256.000000 230.627980 57.907642 151.998678 0.000000 18.543861 60.751596 153.092665 256.000000 246.607539 138.967133 136.604111 64.000000 99.358094 145.510653 151.285293 256.000000 169.024498 122.348936 110.995287 0.000000 11.143527 119.890209 113.292418 256.000000 244.447674
131.436475 132.259433 0.000000 13.406652 128.352876 132.859693 256.000000 268.133046 63.743193 73.737345 64.000000 12.034148 61.895215 74.265200 256.000000 239.344885 115.216925 89.329218 64.000000 9.104132 120.745680 85.800013 256.000000 252.880613 116.549295 113.902927 64.000000 31.322346 96.423324 114.643404 256.000000 231.574534
27.117231 199.187736 0.000000 23.504667 33.596487 198.629398 256.000000 243.471002 190.050496 49.995829 0.000000 33.219757 184.142211 57.174513 256.000000 226.992350 111.434924 88.846395 64.000000 26.090481 108.329645 88.081482 256.000000 230.985089 76.872335 180.209191 0.000000 43.713603 53.170967 160.474029 256.000000 211.356992
83.247120 133.500016 0.000000 23.668163 80.855547 133.305169 256.000000 217.673092 74.960144 42.872325 64.000000 18.354550 71.614485 35.894024 256.000000 234.242096 156.604135 42.756353 64.000000 12.602081 157.266504 42.951296 256.000000 243.647405 46.062258 11.126525 64.000000 24.494246 47.256376 13.029269 256.000000 244.430464
138.005691 60.712909 0.000000 11.147829 139.299060 62.237858 256.000000 246.439741 99.613667 19.819673 64.000000 25.010549 102.315535 34.196420 256.000000 228.506837 104.547949 218.759707 64.000000 18.500836 109.318347 217.412349 256.000000 238.781255 41.570502 42.362024 0.000000 26.959590 18.637422 53.948271 256.000000 223.679410
21.054725 31.612893 0.000000 26.800397 16.330480 7.347451 256.000000 228.429392 111.492527 199.537553 0.000000 80.999242 112.847309 197.111404 256.000000 170.711086 29.656916 94.649611 64.000000 17.567189 39.809969 88.065207 256.000000 244.606867 0.114007 130.674262 0.000000 20.144399 0.392925 127.542669 256.000000 236.991407
