178.116747 60.423824 64.000000 8.768536 178.867496 59.178478 256.000000 253.405520 114.810940 161.103371 0.000000 51.070912 114.397065 164.275742 256.000000 187.452191 52.274480 107.104035 64.000000 22.773238 46.845367 106.007445 256.000000 231.583139 55.828980 34.006345 0.000000 11.986821 59.985369 35.944773 256.000000 238.927541
113.474164 117.114655 64.000000 35.564630 106.710496 117.216562 256.000000 228.468115 6.321005 100.111393 0.000000 17.175660 9.165342 96.651213 256.000000 234.810029 147.272424 172.545504 64.000000 22.020297 150.909822 171.355885 256.000000 255.900982 64.134102 44.910782 0.000000 9.164368 70.862358 39.742631 256.000000 241.887674
2.768664 166.534965 0.000000 13.010820 2.371824 165.215427 256.000000 248.332849 103.450771 205.792969 0.000000 9.233208 103.033980 207.822158 256.000000 235.334936 47.737896 179.992589 64.000000 26.288397 52.527415 178.588125 256.000000 236.926869 63.585376 94.611433 64.000000 9.302048 61.028245 97.171473 256.000000 251.658697
37.996775 99.937085 0.000000 18.487928 29.872171 97.319225 256.000000 247.205589 90.939815 86.055513 0.000000 33.301505 67.297256 54.930335 256.000000 201.366541 52.915431 59.181100 0.000000 9.844166 51.823020 62.176018 256.000000 240.902397 56.987635 76.629335 64.000000 22.011692 50.135184 67.344780 256.000000 250.015135
88.109875 36.412302 0.000000 52.877971 89.813898 26.285031 256.000000 204.799952 5.749620 26.921704 0.000000 22.433339 13.165391 27.051478 256.000000 225.417628 105.769933 71.085262 64.000000 20.320802 104.874318 69.742893 256.000000 232.202702 14.654011 82.802125 0.000000 17.545677 15.830796 77.265029 256.000000 254.119739
24.212991 100.730153 64.000000 9.401006 28.501140 101.350276 256.000000 256.761486 48.235713 18.860096 64.000000 21.689003 48.195111 21.396524 256.000000 250.195841 108.583824 189.215696 64.000000 22.893709 106.953207 188.123215 256.000000 215.736958 10.918882 72.038024 0.000000 24.928801 19.156651 43.661551 256.000000 225.340182
62.985836 151.033058 0.000000 22.725911 69.647449 147.308520 256.000000 231.854198 35.702207 48.098267 64.000000 24.644835 42.931751 60.875165 256.000000 208.766875 17.129778 56.386022 64.000000 8.979359 9.179476 50.325176 256.000000 253.108647 148.006478 0.278442 0.000000 54.482811 143.214396 9.506500 256.000000 203.289767
20.958000 70.497027 64.000000 23.534784 14.896584 68.157991 256.000000 218.899310 20.351796 189.598518 0.000000 16.203290 17.816153 189.529069 256.000000 258.495402 26.662476 56.202618 0.000000 10.377678 30.467562 51.099275 256.000000 247.046396 36.819338 206.405027 64.000000 41.540831 32.576715 201.103616 256.000000 216.713630
102.435165 101.846835 0.000000 29.476565 106.996255 110.999675 256.000000 220.508453 165.625760 117.238489 64.000000 38.189168 162.125598 117.489647 256.000000 218.748722 62.564709 172.780478 0.000000 28.986077 59.449529 170.570662 256.000000 237.826096 4.654775 52.965800 0.000000 12.778484 6.345891 55.615051 256.000000 254.575806
66.207973 26.328351 0.000000 25.445103 61.156398 26.081269 256.000000 222.935074 31.318065 140.058853 0.000000 45.262510 40.614947 143.040667 256.000000 205.660456 0.947956 2.850824 0.000000 30.311253 4.612867 8.332322 256.000000 224.621662 47.192353 84.051324 64.000000 22.743121 42.675522 79.665087 256.000000 240.050498
104.785604 18.724473 64.000000 21.663188 118.663820 26.782029 256.000000 239.740717 173.199235 127.235856 64.000000 29.889606 165.315213 132.759365 256.000000 229.199543 60.706916 138.540953 64.000000 11.922283 60.495215 137.696773 256.000000 238.221927 16.896853 117.744524 0.000000 11.401678 12.399158 117.862753 256.000000 250.884244
173.068765 58.004120 0.000000 72.454437 169.674589 56.385384 256.000000 211.774337 42.815916 84.332536 64.000000 16.022584 43.966887 82.223796 256.000000 224.135477 168.265993 66.234905 0.000000 15.342786 168.765796 69.914485 256.000000 262.367670 129.664558 14.607167 0.000000 10.773510 130.885924 7.580882 256.000000 242.356649
77.259071 36.252785 0.000000 24.756700 79.858482 43.144155 256.000000 236.823608 139.068671 170.719782 64.000000 14.611358 147.766949 167.312345 256.000000 253.547504 125.836678 24.706549 64.000000 28.525708 123.879165 24.558331 256.000000 221.188251 49.014716 74.386191 0.000000 12.429980 42.592236 84.119576 256.000000 246.082631
81.137104 97.780907 0.000000 9.504267 88.928820 94.092995 256.000000 255.238394 173.383827 54.054785 0.000000 19.064466 173.347960 55.717825 256.000000 230.369828 58.053496 40.486815 64.000000 36.511185 29.940960 51.480869 256.000000 216.472689 106.772913 145.713851 64.000000 18.290013 104.826844 145.252331 256.000000 237.172112
146.562520 152.422600 64.000000 37.212495 144.198062 149.418115 256.000000 210.074842 3.896344 97.206602 64.000000 32.178547 6.227873 81.358724 256.000000 224.027914 21.228198 11.986282 64.000000 36.980159 20.187813 11.556365 256.000000 216.958874 72.831809 144.378985 64.000000 73.439714 67.809216 144.734556 256.000000 188.286880
26.872300 89.450760 64.000000 15.174988 29.073358 92.878696 256.000000 235.786701 18.249973 32.539565 0.000000 10.554082 3.170718 21.309958 256.000000 239.366398 15.517616 153.336365 64.000000 17.412298 4.977609 154.664753 256.000000 243.690430 96.503227 137.544729 64.000000 32.212967 89.495333 134.836644 256.000000 223.317998
77.493964 121.814936 0.000000 12.997913 77.062753 120.699315 256.000000 246.882900 86.209215 166.836916 0.000000 26.417473 83.775091 165.548505 256.000000 218.120554 37.620591 145.142318 64.000000 9.852771 39.259738 151.701467 256.000000 244.284178 180.565675 49.925264 0.000000 35.599050 175.744987 52.588249 256.000000 218.103344
54.832407 188.552382 0.000000 27.592061 58.797882 184.788067 256.000000 228.012047 29.656916 94.649611 64.000000 17.567189 39.809969 88.065207 256.000000 244.606867 43.310329 174.969855 0.000000 34.114681 41.746644 169.990013 256.000000 215.169025 165.172747 84.081820 64.000000 44.470847 154.515055 75.733013 256.000000 201.603180
84.653578 218.273285 0.000000 22.489272 86.015591 217.375867 256.000000 219.686671 63.179915 146.470889 0.000000 16.302248 69.227951 144.200251 256.000000 211.890505 62.710680 117.146860 64.000000 11.741577 59.271480 124.146995 256.000000 238.622062 145.722400 107.301498 0.000000 26.490616 146.534785 98.552553 256.000000 249.305219
28.227093 67.502085 0.000000 26.890750 35.349875 59.047953 256.000000 230.632282 67.523829 61.390669 0.000000 9.512872 66.101738 61.937565 256.000000 243.587170 158.082002 61.954004 0.000000 35.160193 155.160453 63.927415 256.000000 236.393356 104.970118 135.263640 64.000000 21.069440 149.060313 131.708565 256.000000 222.861931
10.870955 149.726604 64.000000 14.572635 7.486042 149.378356 256.000000 240.863675 41.383609 15.572596 64.000000 27.561943 121.777551 83.076318 256.000000 219.678066 156.828725 23.579238 64.000000 55.003416 155.217329 24.364844 256.000000 193.630610 62.491029 229.078062 64.000000 19.129004 60.651582 229.096087 256.000000 238.105759
7.889013 47.134002 64.000000 10.046384 7.561920 48.560191 256.000000 249.464412 140.516238 76.090400 0.000000 12.193342 142.077456 72.650993 256.000000 257.428377 31.570189 68.846085 0.000000 13.329207 31.515015 72.749455 256.000000 255.836444 68.073929 116.671867 64.000000 12.098686 74.722451 130.924273 256.000000 242.042565
114.810162 205.461840 64.000000 22.261238 114.999440 204.624811 256.000000 235.528550 79.770724 217.950949 0.000000 20.763962 85.337900 215.953082 256.000000 241.276717 94.449082 5.554682 64.000000 15.463257 94.114471 11.698147 256.000000 219.450033 44.840044 62.719467 0.000000 14.860904 36.394969 51.736760 256.000000 229.444787
83.247120 133.500016 0.000000 23.668163 80.855547 133.305169 256.000000 217.673092 88.652798 117.228875 0.000000 43.713603 77.585624 64.212338 256.000000 205.574406 59.475844 130.153620 64.000000 21.917037 55.776482 129.282755 256.000000 228.949997 85.985198 106.362442 0.000000 24.304935 85.139358 102.937055 256.000000 229.427576
154.976873 53.046124 0.000000 43.631855 152.827073 49.478507 256.000000 233.644046 47.372095 48.746911 0.000000 23.151860 46.006085 51.279120 256.000000 226.093123 21.047604 93.199838 0.000000 16.530282 20.598718 86.734373 256.000000 250.367941 70.758284 173.444356 0.000000 13.316299 151.137287 224.848138 256.000000 259.213922
160.196462 118.540664 64.000000 17.373576 158.485171 124.654355 256.000000 232.805055 45.940813 73.010498 64.000000 32.165640 47.056675 80.176718 256.000000 220.904284 80.469416 185.926373 0.000000 37.513672 78.412244 181.744404 256.000000 225.598334 18.009453 152.442015 64.000000 25.582784 16.157931 149.460231 256.000000 231.845593
78.647229 104.157975 0.000000 24.012364 75.583829 101.986873 256.000000 236.784886 11.388811 32.335258 0.000000 17.846853 19.680096 25.890320 256.000000 221.773393 13.513244 33.821187 64.000000 29.214111 24.690465 38.204073 256.000000 242.348044 69.768313 35.611485 64.000000 48.312997 106.186405 169.711800 256.000000 170.947725
24.025065 138.670669 0.000000 13.815392 8.837680 150.414669 256.000000 241.999540 175.303536 11.550082 64.000000 12.481611 175.001291 3.088404 256.000000 230.636585 88.265982 131.198687 0.000000 13.040938 83.687658 135.297049 256.000000 238.888818 33.479500 165.327069 0.000000 56.375920 7.668302 148.384945 256.000000 214.063278
40.963700 114.317300 64.000000 26.477708 35.802769 113.961044 256.000000 233.101929 151.705800 11.905265 0.000000 23.194885 150.335380 15.406575 256.000000 245.222127 166.879475 35.832795 0.000000 16.349576 165.410560 34.923787 256.000000 251.942664 41.867091 90.432611 0.000000 18.900970 53.292344 97.276129 256.000000 233.820449
66.530349 104.166664 0.000000 11.479123 63.793651 105.098335 256.000000 230.997996 67.383767 73.368402 0.000000 19.593676 67.861735 78.403900 256.000000 243.337624 186.494567 66.827056 64.000000 13.987493 187.780115 63.350522 256.000000 246.233220 103.634538 165.620035 64.000000 19.103189 98.331653 169.306302 256.000000 209.136892
39.733024 143.936327 0.000000 16.758315 37.658924 140.843585 256.000000 244.989791 158.883605 148.252447 64.000000 24.829843 158.129485 147.413400 256.000000 229.406064 172.135624 27.147853 0.000000 11.212367 172.859731 21.144073 256.000000 235.575878 72.768691 183.442273 0.000000 22.540902 85.008535 179.415085 256.000000 236.380449
136.611689 161.142276 0.000000 10.162552 136.830715 161.401247 256.000000 243.212851 46.178275 29.422133 0.000000 11.031661 54.897660 25.254749 256.000000 247.812244 86.544967 118.230467 0.000000 21.942852 84.877275 117.538678 256.000000 246.194497 26.160082 12.604222 0.000000 17.489744 26.953836 12.920315 256.000000 225.374603
