146.621844 103.780524 0.000000 38.240798 149.053042 103.225982 256.000000 207.428792 60.143769 149.743200 64.000000 25.010549 59.805822 147.700695 256.000000 227.805526 4.285720 177.997860 0.000000 14.404837 4.489453 181.195715 256.000000 240.657154 113.871618 58.505378 0.000000 9.603225 114.990095 61.005585 256.000000 233.252517
97.989898 143.792695 64.000000 43.089738 96.881940 135.548073 256.000000 226.755712 67.207098 114.751053 0.000000 18.543861 67.195098 111.633829 256.000000 248.694261 76.011825 165.580747 0.000000 32.273203 78.301642 166.587213 256.000000 231.243240 60.770935 166.243429 0.000000 15.523492 51.212524 175.573658 256.000000 259.484981
75.518304 171.905247 0.000000 21.590045 74.835389 170.914315 256.000000 235.184348 72.869818 92.369965 0.000000 17.846853 72.768142 83.334385 256.000000 238.062734 111.966315 66.729235 64.000000 15.841879 112.118400 69.714047 256.000000 251.525319 13.265045 39.016956 0.000000 23.134650 16.421145 41.516256 256.000000 236.896751
61.800022 143.056020 0.000000 15.020097 57.059671 146.235351 256.000000 228.975812 101.618240 29.818133 64.000000 9.771023 100.472418 29.351200 256.000000 241.836044 29.258447 27.519633 64.000000 20.609071 31.479393 29.339431 256.000000 249.679538 100.332040 95.078782 64.000000 14.671593 139.164876 90.035280 256.000000 218.813260
149.856107 180.420089 0.000000 20.479995 147.349976 180.802047 256.000000 229.793291 27.857740 83.771762 64.000000 82.165224 33.385389 87.815365 256.000000 194.671820 62.951735 51.813664 0.000000 11.552266 66.781045 51.882369 256.000000 255.926797 188.622940 109.204620 0.000000 37.668563 179.767475 107.473880 256.000000 207.992422
62.113027 119.317091 0.000000 13.570148 68.498178 117.974380 256.000000 252.631067 165.479765 29.813153 0.000000 8.914821 166.030249 26.809551 256.000000 231.716517 178.741449 95.182478 0.000000 17.050887 182.950575 86.786691 256.000000 239.224415 124.822409 151.767805 0.000000 42.603553 118.568738 142.587767 256.000000 211.847480
90.722300 206.812796 64.000000 13.471190 93.482000 206.273115 256.000000 242.580380 8.380000 40.071644 64.000000 10.123830 3.380902 40.818485 256.000000 248.715774 115.061696 9.655413 64.000000 40.680327 128.975260 26.716680 256.000000 234.229189 26.734111 222.828575 0.000000 16.878786 30.150269 225.449875 256.000000 240.997053
147.421227 130.641256 64.000000 23.896196 146.411138 129.105055 256.000000 220.624621 99.908520 95.095236 0.000000 15.906416 98.586711 103.165316 256.000000 229.044652 38.531262 139.901615 0.000000 9.009477 32.591716 147.580916 256.000000 261.507166 93.684138 38.207685 64.000000 15.385812 99.126371 42.825204 256.000000 252.235235
153.700075 142.762785 64.000000 23.706885 151.518924 146.614142 256.000000 234.655138 40.207080 146.475033 64.000000 21.482482 33.258915 148.172856 256.000000 236.539642 65.558524 67.818427 0.000000 53.041467 76.095796 57.282760 256.000000 205.617431 27.331929 65.996562 64.000000 13.742249 23.773544 67.504200 256.000000 258.551334
45.748011 14.723320 64.000000 20.277777 47.710165 14.722842 256.000000 228.975812 31.110691 148.347162 0.000000 22.213911 28.545585 146.514947 256.000000 216.137092 156.884247 27.547645 0.000000 13.965980 158.255411 18.071980 256.000000 241.861859 53.661955 28.600135 0.000000 15.110450 62.388900 31.115484 256.000000 254.851167
61.681987 19.305855 64.000000 16.457139 65.373782 23.141476 256.000000 245.566329 67.225387 180.453080 64.000000 20.411155 65.552587 180.273385 256.000000 240.076313 85.150622 13.599844 64.000000 22.063323 82.363233 10.367373 256.000000 254.266024 17.149898 17.441598 0.000000 43.593133 15.685915 18.975369 256.000000 209.868321
63.482067 111.594022 0.000000 15.648265 67.518925 109.929460 256.000000 237.912146 131.104744 147.444176 64.000000 24.365171 128.429340 147.548987 256.000000 204.275045 56.234613 87.309071 0.000000 13.152804 51.210769 84.225020 256.000000 238.531709 54.708089 65.076978 64.000000 19.666819 52.340356 62.341778 256.000000 230.318198
89.881287 165.504169 0.000000 14.572635 97.509929 164.477176 256.000000 228.123913 119.290305 87.546973 0.000000 14.288669 118.817613 89.562053 256.000000 257.923166 62.710680 117.146860 64.000000 11.741577 59.271480 124.146995 256.000000 238.622062 27.596356 113.769022 0.000000 19.606584 24.688184 109.773665 256.000000 229.147913
11.907249 75.571945 0.000000 12.434283 4.979411 76.533891 256.000000 237.283978 41.975587 71.764898 0.000000 19.653911 41.787287 82.948356 256.000000 246.904413 49.921345 75.505645 0.000000 10.386283 47.683880 77.378364 256.000000 243.032145 114.072673 36.623033 0.000000 36.025000 99.112085 39.936271 256.000000 232.632954
72.270253 191.500533 64.000000 15.080333 71.314385 190.828155 256.000000 232.172584 94.214467 218.486658 64.000000 10.855258 92.502009 219.813825 256.000000 243.049355 25.675795 61.913976 64.000000 9.456939 29.558096 61.259249 256.000000 244.968279 100.520978 195.631129 64.000000 16.323761 98.756440 196.658058 256.000000 244.658497
46.082400 217.244378 0.000000 30.530682 42.868331 214.999304 256.000000 222.887746 106.548775 175.091702 0.000000 15.428837 107.809227 176.075142 256.000000 232.632954 94.548553 102.447311 0.000000 9.413914 98.741955 98.423227 256.000000 251.275773 24.243549 140.261405 64.000000 14.082148 28.745489 142.299055 256.000000 253.943335
50.040536 152.985855 0.000000 11.307023 58.641909 209.272485 256.000000 251.757655 58.202858 46.666562 64.000000 11.023056 56.071733 45.895847 256.000000 250.122698 55.602984 156.592947 64.000000 16.547492 60.414162 154.368520 256.000000 257.531637 71.717305 132.805616 0.000000 18.191055 71.641555 133.757524 256.000000 256.309721
84.597991 144.566538 0.000000 20.798382 80.620395 146.643769 256.000000 255.999940 125.398836 164.350667 0.000000 16.693778 121.587555 167.779255 256.000000 227.745291 78.277104 69.011047 64.000000 24.494246 75.784653 68.152935 256.000000 244.770363 75.862753 79.106033 64.000000 12.025543 92.114047 40.877536 256.000000 243.453792
60.550665 104.422058 0.000000 41.829099 57.400095 101.759451 256.000000 224.677594 134.561378 92.812820 64.000000 8.613645 139.149138 97.960269 256.000000 275.778624 128.952976 147.381224 64.000000 20.114281 131.898395 143.924013 256.000000 234.921895 155.521615 37.703571 0.000000 13.965980 163.280215 46.213355 256.000000 249.038463
22.434842 105.241729 64.000000 21.848197 16.313800 122.831256 256.000000 240.622734 175.033747 134.367053 64.000000 82.634199 175.373647 134.322947 256.000000 190.786644 59.018656 41.933965 0.000000 29.162481 81.145153 39.994233 256.000000 228.166938 188.475942 75.457798 0.000000 16.676568 195.724895 67.573100 256.000000 249.021253
53.777518 44.234824 64.000000 9.994754 52.626722 44.290685 256.000000 252.084647 161.442542 40.856015 64.000000 24.881473 159.380556 43.045298 256.000000 225.193897 42.265247 82.965505 64.000000 39.376663 56.664509 79.224098 256.000000 224.656082 12.074464 143.144422 0.000000 16.013979 7.312744 141.304293 256.000000 224.307578
28.667565 216.175722 0.000000 30.603825 23.655191 218.328396 256.000000 214.996924 67.546869 5.642018 0.000000 19.955088 64.991044 7.361489 256.000000 229.741660 98.219449 154.243025 64.000000 234.840147 96.511273 150.019949 256.000000 27.097271 49.417305 79.917485 64.000000 36.653168 61.903573 58.233155 256.000000 212.768219
139.302869 66.163355 64.000000 20.510113 138.646609 69.850055 256.000000 238.660784 75.065669 73.987202 64.000000 13.148501 76.383904 71.513509 256.000000 254.618831 146.701682 106.894422 64.000000 14.353207 147.582804 106.098587 256.000000 237.395844 42.632949 164.737391 64.000000 46.437098 39.801280 154.872471 256.000000 220.116923
15.403065 129.376216 0.000000 42.564830 19.625831 131.507342 256.000000 205.406607 39.835785 75.258318 64.000000 8.884704 41.575896 75.208858 256.000000 253.229117 11.251509 98.851951 64.000000 22.747423 12.914169 100.737233 256.000000 248.948110 90.623665 76.589364 0.000000 11.453308 89.523520 75.939436 256.000000 253.530294
27.203595 217.591258 64.000000 21.611558 8.829842 224.207747 256.000000 239.314767 32.105822 101.001431 0.000000 43.524292 36.515749 70.466213 256.000000 223.563242 73.429309 17.338060 0.000000 9.444031 72.857562 17.730107 256.000000 229.565257 96.207005 214.100720 0.000000 17.537072 95.215042 214.853131 256.000000 237.245255
152.263036 119.037633 0.000000 11.698552 158.868607 134.156949 256.000000 241.242296 127.376418 97.344549 0.000000 15.484769 127.829604 94.594200 256.000000 220.267511 185.496556 132.705613 64.000000 32.415186 184.539244 130.231300 256.000000 224.780855 110.342593 176.102935 64.000000 10.691762 110.248924 176.638753 256.000000 245.148985
98.038500 73.187562 0.000000 10.463729 97.768451 72.748764 256.000000 238.303675 23.837776 111.246518 64.000000 17.747895 27.467038 115.159189 256.000000 241.065893 101.901313 115.930475 64.000000 16.629240 101.016635 114.754202 256.000000 245.549119 88.618120 25.502664 64.000000 24.119927 85.280796 23.907898 256.000000 221.825024
22.435744 139.690320 64.000000 21.043625 21.471347 138.413524 256.000000 230.447274 70.758284 173.444356 0.000000 13.316299 151.137287 224.848138 256.000000 259.213922 64.471196 29.882858 64.000000 20.075558 62.858795 33.901947 256.000000 233.471945 20.034225 35.666987 0.000000 32.105404 30.527764 29.790598 256.000000 218.395915
117.845560 128.212204 64.000000 18.092097 110.823287 146.537649 256.000000 223.984889 66.156738 46.784796 64.000000 20.062651 56.415729 34.631129 256.000000 225.094939 10.372089 99.610429 0.000000 14.619963 10.666113 93.862015 256.000000 213.667446 129.389435 79.868800 0.000000 18.259895 129.046084 86.194867 256.000000 230.481694
52.915431 59.181100 0.000000 9.844166 51.823020 62.176018 256.000000 240.902397 20.740631 54.454364 64.000000 14.895324 23.587220 53.190880 256.000000 253.620646 140.305331 57.665624 0.000000 17.975929 141.904100 62.363633 256.000000 250.836916 56.149380 29.693233 64.000000 57.167583 53.212555 49.145013 256.000000 196.857500
121.295460 84.979211 64.000000 27.359725 117.838256 81.797355 256.000000 223.881628 38.980758 157.954495 64.000000 39.449806 39.166742 153.083765 256.000000 215.771378 47.751684 69.775609 64.000000 23.655255 45.642691 72.342200 256.000000 249.434294 9.547089 137.484202 0.000000 12.223459 10.597198 137.359013 256.000000 251.456479
132.025476 43.446855 0.000000 23.014179 130.472587 43.472065 256.000000 247.175471 6.841082 177.779858 0.000000 17.799525 14.722051 187.105925 256.000000 243.488212 23.642853 40.564773 64.000000 11.483426 20.955455 24.413289 256.000000 227.039678 21.991518 89.476091 0.000000 20.208936 28.650509 87.545947 256.000000 234.211979
