151.705800 11.905265 0.000000 23.194885 150.335380 15.406575 256.000000 245.222127 120.723844 132.333969 0.000000 35.345202 112.367627 128.631611 256.000000 212.346572 160.157011 5.276680 64.000000 20.970482 159.556962 3.579529 256.000000 238.923238 46.665349 99.270213 64.000000 58.441129 45.774451 97.515585 256.000000 191.741804
30.713104 21.143996 64.000000 24.950313 31.315673 24.876609 256.000000 239.383608 111.966315 66.729235 64.000000 15.841879 112.118400 69.714047 256.000000 251.525319 21.054725 31.612893 0.000000 26.800397 16.330480 7.347451 256.000000 228.429392 156.140636 97.274996 0.000000 24.709372 154.839058 99.725629 256.000000 228.446602
120.652931 161.395182 64.000000 46.217670 109.899380 139.272835 256.000000 203.547919 32.262931 135.378324 0.000000 21.602953 36.568178 135.071553 256.000000 231.264753 111.716733 20.589653 0.000000 40.589974 103.463605 23.205078 256.000000 206.602708 146.026838 26.506289 64.000000 9.043897 146.104756 25.603136 256.000000 251.443571
25.871275 116.916893 64.000000 14.060635 24.233776 114.469169 256.000000 245.802968 21.004871 196.292951 64.000000 20.656399 18.750184 195.534818 256.000000 232.650164 20.955538 71.859676 64.000000 15.841879 26.423864 72.204293 256.000000 228.803711 52.346904 132.246356 0.000000 20.948970 60.052349 128.208524 256.000000 247.321757
110.884967 134.383600 64.000000 25.957103 103.539127 142.088709 256.000000 229.896551 180.657716 95.593322 0.000000 60.820423 186.636842 97.896493 256.000000 178.124328 49.719665 43.831056 64.000000 27.308094 52.056500 51.723853 256.000000 239.086734 57.912213 36.576029 0.000000 30.285438 33.289078 54.111567 256.000000 239.220112
166.791573 139.291882 0.000000 17.162752 166.364198 137.962089 256.000000 227.319342 48.039015 153.966207 0.000000 8.622250 47.479100 153.263924 256.000000 252.428848 29.087244 16.646427 64.000000 22.975457 32.816845 16.406905 256.000000 252.002899 49.071382 121.038020 64.000000 22.807659 50.663762 119.031224 256.000000 238.161692
12.097740 184.303298 0.000000 16.013979 6.638180 185.440040 256.000000 226.596518 146.621844 103.780524 0.000000 38.240798 149.053042 103.225982 256.000000 207.428792 191.106342 29.566675 64.000000 9.310653 198.426309 12.826411 256.000000 251.594160 120.131300 95.922253 64.000000 22.756028 119.344667 94.481144 256.000000 228.369157
90.196784 40.513240 64.000000 12.765577 88.165184 39.900018 256.000000 246.388110 49.363851 83.144456 0.000000 14.572635 57.778165 84.433376 256.000000 229.939576 32.166531 100.538376 64.000000 16.517374 25.684493 89.061575 256.000000 249.847336 44.214676 38.340507 0.000000 12.008333 39.051442 34.188320 256.000000 259.364511
78.331831 218.536478 0.000000 22.644163 75.434613 220.440415 256.000000 228.072283 54.605349 30.149304 64.000000 16.577610 53.006735 30.230107 256.000000 243.057960 119.400125 137.492704 64.000000 11.698552 120.175245 137.461687 256.000000 260.590729 49.466924 6.033058 0.000000 10.007662 45.242300 4.444564 256.000000 240.282834
48.174678 8.846322 64.000000 63.526708 49.060993 7.247215 256.000000 181.617974 45.848940 97.579100 64.000000 30.930816 52.911318 88.678998 256.000000 250.023740 127.819027 147.388564 64.000000 28.758044 111.485202 154.446929 256.000000 222.306906 9.558311 51.145711 64.000000 10.403493 8.112055 52.238038 256.000000 257.720948
53.140173 12.335458 64.000000 32.402278 52.753300 18.934149 256.000000 230.572047 63.516565 130.275618 64.000000 13.673409 64.216416 128.633415 256.000000 238.764045 26.767735 100.509040 64.000000 24.158650 34.611675 97.846275 256.000000 237.735743 173.890985 37.565131 64.000000 12.877442 180.354458 20.076735 256.000000 249.485925
12.970364 27.963718 64.000000 8.699695 14.876144 26.065920 256.000000 238.673692 72.458542 81.759647 0.000000 12.645106 69.238944 81.793969 256.000000 228.816619 3.589807 96.712311 0.000000 33.662916 34.720880 107.478675 256.000000 234.771306 151.941876 50.780047 64.000000 21.882617 150.941267 53.180915 256.000000 243.815203
58.072520 28.000818 64.000000 29.601338 62.689567 31.190162 256.000000 254.102529 77.497938 88.985891 0.000000 30.715690 72.875505 99.521111 256.000000 225.099241 100.545325 54.909860 0.000000 53.768592 98.397525 57.010196 256.000000 199.697163 132.946947 144.205098 0.000000 20.312197 130.994229 144.956507 256.000000 240.226902
17.998135 186.481667 0.000000 19.533441 17.967498 184.172540 256.000000 237.193625 42.400482 22.586820 0.000000 11.513544 54.436205 10.226076 256.000000 225.976955 48.067818 140.240185 0.000000 21.000600 47.820120 137.225095 256.000000 219.647949 7.938798 104.321625 0.000000 22.622650 13.311209 97.605391 256.000000 218.150672
151.010216 121.704836 0.000000 14.972770 150.976073 119.644971 256.000000 239.813860 82.952795 20.976025 64.000000 19.924970 84.307851 23.789213 256.000000 236.982802 62.749395 68.768475 64.000000 16.870181 68.445724 69.464407 256.000000 229.268383 27.198942 179.437367 64.000000 47.375048 29.440520 175.246562 256.000000 219.234907
39.130405 214.491964 64.000000 36.713403 36.783056 208.884767 256.000000 219.949125 131.869556 115.976300 0.000000 20.445575 134.939680 112.544822 256.000000 236.815003 152.656667 158.998049 64.000000 24.795423 150.535884 162.211825 256.000000 244.744548 115.162349 88.949987 0.000000 33.766177 103.117051 112.694204 256.000000 242.391069
14.482218 67.183765 64.000000 47.650409 15.189240 61.694305 256.000000 224.036519 151.148724 58.828400 0.000000 74.829428 148.539413 62.815736 256.000000 182.108462 116.525573 176.648889 64.000000 9.267628 115.742251 177.558209 256.000000 236.944079 71.916251 75.374965 64.000000 25.049271 66.209195 78.252682 256.000000 232.254332
165.641675 15.897291 64.000000 10.412098 166.636422 10.206518 256.000000 224.613057 55.559758 225.370135 0.000000 8.970754 57.007693 227.077245 256.000000 259.545216 26.652920 118.370676 64.000000 9.775325 22.983507 116.779675 256.000000 233.884987 31.574698 59.954742 64.000000 27.764162 48.820542 64.235796 256.000000 224.802367
197.784171 80.955765 64.000000 23.689675 196.749293 77.894807 256.000000 244.275573 99.613667 19.819673 64.000000 25.010549 102.315535 34.196420 256.000000 228.506837 137.809202 3.423889 0.000000 19.331222 139.935402 7.296002 256.000000 215.311008 21.555256 48.313929 64.000000 10.308838 15.088200 46.085904 256.000000 242.447002
103.193967 131.517631 64.000000 12.331022 106.520671 129.030122 256.000000 228.197056 53.268951 4.058127 64.000000 65.665060 52.366829 3.870707 256.000000 178.382479 62.719085 89.034095 0.000000 27.966380 57.275456 82.794547 256.000000 231.746635 66.597295 134.649422 64.000000 56.500693 65.737627 131.738945 256.000000 209.085262
150.990085 103.558278 0.000000 30.500564 148.470456 100.893235 256.000000 237.043037 25.034080 52.760007 0.000000 15.506282 26.401822 56.031124 256.000000 233.325660 18.793880 116.342107 64.000000 13.062451 20.429240 123.836580 256.000000 250.871336 46.820093 42.518704 0.000000 9.151460 48.596529 34.339673 256.000000 233.536483
2.372933 169.499325 0.000000 31.980631 6.331631 167.897811 256.000000 217.729025 34.799767 138.618947 0.000000 22.639860 52.441535 132.254211 256.000000 232.994366 118.639684 183.737096 0.000000 19.154819 115.838645 185.498747 256.000000 252.028714 69.111173 115.141782 64.000000 23.332566 65.434929 111.732473 256.000000 237.172112
33.234049 110.014884 64.000000 17.872668 33.733976 105.940980 256.000000 235.649020 93.082513 66.563940 64.000000 27.906145 95.025660 70.839235 256.000000 221.627108 142.965671 185.970033 0.000000 23.990852 128.374420 198.523238 256.000000 234.599206 43.585251 143.427771 0.000000 13.669106 53.183687 145.771256 256.000000 254.967335
51.711527 53.298933 64.000000 13.574451 52.733547 57.017896 256.000000 219.256419 21.554542 105.589580 0.000000 9.835561 22.240209 114.830704 256.000000 249.494530 20.351796 189.598518 0.000000 16.203290 17.816153 189.529069 256.000000 258.495402 148.444205 145.289075 0.000000 39.832730 154.195676 140.770429 256.000000 210.281362
106.783965 58.334618 0.000000 13.458283 111.159164 48.874620 256.000000 246.241825 36.422422 150.738224 0.000000 9.771023 31.242305 153.318320 256.000000 253.831470 188.751613 109.595669 0.000000 23.173373 189.521100 128.740815 256.000000 235.683441 119.179200 171.379149 64.000000 8.630855 119.548845 180.301878 256.000000 247.295942
27.924545 199.728842 64.000000 12.507426 37.471269 208.744664 256.000000 243.754968 64.662605 11.181360 0.000000 44.939821 55.699544 34.915304 256.000000 196.220727 108.938509 133.369435 0.000000 25.879658 97.929782 137.753709 256.000000 215.203445 25.258995 96.375720 0.000000 10.829443 23.884538 92.926949 256.000000 245.463069
175.033747 134.367053 64.000000 82.634199 175.373647 134.322947 256.000000 190.786644 46.831578 45.719949 64.000000 11.220972 42.747238 40.526605 256.000000 240.506565 72.831809 144.378985 64.000000 73.439714 67.809216 144.734556 256.000000 188.286880 41.657442 37.392520 64.000000 21.947155 42.290584 41.641018 256.000000 236.888146
21.024187 192.143004 64.000000 29.123758 15.268413 190.704620 256.000000 236.948381 89.700211 94.653529 64.000000 23.973641 92.076336 95.113953 256.000000 215.212050 26.818151 53.496820 0.000000 13.832602 23.386589 57.437762 256.000000 261.107031 14.031216 57.897829 64.000000 10.313140 15.922475 58.768669 256.000000 238.209020
7.665985 166.410100 64.000000 18.991323 6.955175 165.139015 256.000000 243.918464 175.543178 85.086227 0.000000 19.963693 174.736551 86.618920 256.000000 235.455407 4.654775 52.965800 0.000000 12.778484 6.345891 55.615051 256.000000 254.575806 124.774651 38.559727 64.000000 39.208865 118.427867 35.499958 256.000000 225.654266
60.758109 75.571449 64.000000 30.367186 22.447298 70.982722 256.000000 224.062334 142.665589 81.746907 64.000000 14.921139 140.675096 82.010513 256.000000 233.992550 139.988422 153.281815 0.000000 10.786418 144.404969 151.643400 256.000000 244.817691 41.897587 199.609415 64.000000 29.881001 41.972384 197.465984 256.000000 250.897151
154.379218 70.814216 64.000000 10.631527 155.689215 68.435035 256.000000 245.114564 59.841618 20.034662 64.000000 29.343186 53.887813 20.854253 256.000000 235.167138 159.272715 149.674216 0.000000 40.034949 136.460920 146.499356 256.000000 211.559211 25.439902 85.267993 64.000000 9.254721 26.206829 87.478611 256.000000 242.261994
85.091258 65.101065 64.000000 28.452565 81.591024 65.294395 256.000000 249.442900 70.389482 188.853487 0.000000 19.412970 69.231745 188.717593 256.000000 245.596447 11.372622 198.468335 0.000000 15.622450 8.677087 197.582853 256.000000 236.453592 120.854078 28.714929 0.000000 10.906888 120.115735 26.942740 256.000000 246.641959
