140.516238 76.090400 0.000000 12.193342 142.077456 72.650993 256.000000 257.428377 110.342593 176.102935 64.000000 10.691762 110.248924 176.638753 256.000000 245.148985 36.333775 108.164769 0.000000 13.015123 41.984209 110.498958 256.000000 221.708856 91.625231 59.369316 0.000000 9.710788 97.144800 63.579778 256.000000 248.083303
13.621989 86.889236 0.000000 14.774854 13.987833 80.907378 256.000000 238.058432 55.847436 84.936347 0.000000 15.239526 52.912525 91.715135 256.000000 232.770635 31.262835 31.744555 64.000000 19.817407 32.138045 35.180987 256.000000 222.001427 180.904105 87.902444 64.000000 37.406109 177.070344 86.695196 256.000000 218.593831
8.500004 194.436164 0.000000 8.940637 3.697340 198.214171 256.000000 247.635841 129.884696 33.697445 64.000000 24.984734 127.836040 34.679527 256.000000 237.679810 11.949418 12.573405 0.000000 38.352663 10.449798 17.283447 256.000000 233.592416 50.040536 152.985855 0.000000 11.307023 58.641909 209.272485 256.000000 251.757655
105.214025 71.984958 64.000000 36.162681 103.275215 75.369576 256.000000 203.405936 58.190895 106.960424 0.000000 13.372232 65.077900 105.858507 256.000000 263.615400 69.700184 68.507944 0.000000 11.522149 72.931682 64.103827 256.000000 263.787501 123.088153 165.292620 64.000000 16.513072 121.605984 165.592045 256.000000 232.228517
129.561271 81.551875 0.000000 12.989308 130.515015 85.484807 256.000000 236.552550 36.426589 71.039609 0.000000 19.395760 28.279618 74.466893 256.000000 238.897423 50.080778 83.394193 64.000000 11.715762 52.459424 81.479516 256.000000 255.242696 65.855938 48.731964 64.000000 8.936334 67.952740 44.267062 256.000000 260.728409
9.280864 66.225465 0.000000 17.029374 6.905862 63.754227 256.000000 237.628180 46.650915 226.942393 0.000000 15.863391 51.632902 227.552911 256.000000 238.437053 6.523698 77.110531 0.000000 23.655255 10.385933 75.120715 256.000000 239.964448 63.585376 94.611433 64.000000 9.302048 61.028245 97.171473 256.000000 251.658697
110.917571 84.519185 64.000000 38.395688 112.323393 80.582662 256.000000 230.103072 99.852451 83.127598 0.000000 14.292971 118.388578 63.542069 256.000000 250.342126 108.239642 97.626555 64.000000 8.979359 108.832544 96.815222 256.000000 253.607739 85.443644 95.256945 64.000000 18.711659 85.115593 105.632136 256.000000 242.076985
44.901253 173.872824 0.000000 28.284766 28.675076 168.090245 256.000000 235.171441 124.808764 110.281867 0.000000 38.950714 115.917667 110.748651 256.000000 235.623205 20.604051 212.788242 64.000000 41.932360 22.452251 202.415471 256.000000 217.100857 20.659878 95.350716 64.000000 12.326720 21.410673 101.232367 256.000000 266.708912
58.567322 87.668222 0.000000 21.770751 52.500033 89.371300 256.000000 237.598062 67.382816 48.964689 64.000000 26.671321 65.172365 53.092329 256.000000 231.454063 111.019258 9.637267 64.000000 11.393073 116.446024 11.836171 256.000000 241.732784 82.590565 68.732560 0.000000 8.936334 82.512684 70.822567 256.000000 247.528278
40.889696 50.948538 0.000000 11.388770 43.166911 53.849415 256.000000 245.183405 39.181495 122.603773 64.000000 15.403022 43.709013 123.401373 256.000000 252.742932 28.774467 37.713642 64.000000 10.571292 27.133800 38.544455 256.000000 241.922095 29.280545 128.312682 0.000000 28.861304 19.087105 106.726178 256.000000 235.025155
146.621844 103.780524 0.000000 38.240798 149.053042 103.225982 256.000000 207.428792 182.978391 40.796069 0.000000 46.863048 172.038967 38.126495 256.000000 205.505565 57.912033 139.387105 0.000000 21.448062 67.389184 129.254851 256.000000 229.918064 67.546869 5.642018 0.000000 19.955088 64.991044 7.361489 256.000000 229.741660
143.637673 176.206000 64.000000 16.470047 143.462527 179.996942 256.000000 238.579037 156.125245 116.726785 64.000000 34.015723 153.466513 115.334644 256.000000 231.531509 80.983925 61.557275 64.000000 23.293843 75.659500 56.919067 256.000000 236.952684 2.507265 170.963735 0.000000 43.825469 4.644995 166.098387 256.000000 207.433094
88.439415 91.243116 0.000000 17.136937 91.540305 85.807149 256.000000 240.308650 40.526467 31.338609 0.000000 15.893509 38.588982 34.124676 256.000000 220.129831 107.173578 85.154125 0.000000 20.613373 104.785133 85.571400 256.000000 232.271542 72.134393 58.652611 64.000000 13.621778 81.874384 53.172458 256.000000 234.952012
79.770724 217.950949 0.000000 20.763962 85.337900 215.953082 256.000000 241.276717 121.523498 163.905013 0.000000 17.476836 120.927553 163.397544 256.000000 234.741189 116.734149 86.541982 0.000000 18.888063 115.059240 90.344104 256.000000 237.697020 111.932389 111.608315 64.000000 63.918237 108.807040 113.132864 256.000000 203.578036
89.529402 214.700113 64.000000 9.512872 87.640271 216.671535 256.000000 249.029858 146.404731 78.182707 0.000000 10.222788 148.831656 82.190160 256.000000 228.511140 56.872687 141.665075 0.000000 39.652024 54.075995 129.489362 256.000000 221.033360 13.023582 118.162276 0.000000 18.061979 17.233620 117.933827 256.000000 227.104216
43.020565 34.320745 0.000000 19.645306 43.288682 37.976273 256.000000 229.023140 60.996771 102.697642 64.000000 10.308838 64.664429 105.205053 256.000000 248.616816 90.170676 58.843735 0.000000 35.078446 84.162544 61.515293 256.000000 207.209363 172.135624 27.147853 0.000000 11.212367 172.859731 21.144073 256.000000 235.575878
60.684555 58.460573 64.000000 11.642619 61.158209 51.818402 256.000000 226.772922 38.254004 38.731680 0.000000 10.308838 31.402918 33.975369 256.000000 253.642159 148.236722 4.904602 0.000000 27.863120 142.849525 8.796605 256.000000 224.139779 142.760336 74.112133 64.000000 34.665404 80.735189 211.378449 256.000000 251.241353
128.743496 130.694305 0.000000 17.554282 122.366451 137.741678 256.000000 231.845593 78.845967 25.296516 64.000000 11.362955 79.713209 26.011787 256.000000 232.163979 172.437149 31.840602 64.000000 26.464801 166.798153 26.700680 256.000000 224.363510 59.400756 66.257655 0.000000 17.455324 53.912031 65.897824 256.000000 230.739845
94.251376 167.531333 64.000000 37.294243 83.970120 166.409493 256.000000 216.390941 42.815916 84.332536 64.000000 16.022584 43.966887 82.223796 256.000000 224.135477 132.164051 73.277193 64.000000 30.156363 127.060567 81.047305 256.000000 221.102200 64.947909 193.769133 64.000000 9.185880 64.647456 193.718556 320.000000 254.102529
142.077316 20.506860 0.000000 13.793879 144.545789 24.138209 256.000000 247.627236 73.997307 120.758804 0.000000 10.330351 74.055360 117.998982 256.000000 224.070939 63.034380 44.855225 0.000000 40.379150 63.511016 45.605549 256.000000 214.678538 45.653664 45.724671 64.000000 29.097943 48.362493 47.529960 256.000000 223.034032
107.926615 194.824993 64.000000 19.881945 110.190704 192.663433 256.000000 235.235978 41.971773 31.529531 0.000000 10.523964 51.826876 20.715309 256.000000 225.030401 108.143104 5.791636 64.000000 43.821166 100.061705 37.654520 256.000000 199.679953 56.192825 170.607891 64.000000 24.855658 55.774116 169.459795 256.000000 231.772450
20.273304 132.337924 64.000000 13.497005 23.141575 151.243013 256.000000 247.480950 92.490693 191.286667 0.000000 13.058148 114.015182 190.539340 256.000000 230.335408 111.716733 20.589653 0.000000 40.589974 103.463605 23.205078 256.000000 206.602708 26.662476 56.202618 0.000000 10.377678 30.467562 51.099275 256.000000 247.046396
102.085140 169.934447 64.000000 28.142783 98.116220 169.883702 256.000000 240.201087 78.265722 62.911685 0.000000 27.269372 72.669253 66.207731 256.000000 227.211779 86.382451 168.375585 0.000000 21.030718 87.688062 168.014135 256.000000 240.799137 43.455135 158.099945 64.000000 26.886447 47.875031 157.688055 256.000000 237.055944
127.845804 204.322056 64.000000 36.162681 125.112480 201.901833 256.000000 218.021596 24.969347 99.398673 0.000000 8.772838 25.026853 98.024476 256.000000 249.709656 11.680253 70.392700 0.000000 19.486113 10.211235 63.082120 256.000000 231.389526 48.235713 18.860096 64.000000 21.689003 48.195111 21.396524 256.000000 250.195841
111.538225 49.414282 64.000000 11.315628 116.882809 42.972840 256.000000 248.354362 19.268498 76.583405 0.000000 12.309510 20.192465 72.181071 256.000000 234.934802 33.716545 44.753367 0.000000 8.815863 33.372135 46.024209 256.000000 247.752009 90.623665 76.589364 0.000000 11.453308 89.523520 75.939436 256.000000 253.530294
168.227713 86.638702 64.000000 17.924298 166.219473 86.277838 256.000000 238.165995 76.820944 73.232638 64.000000 20.208936 74.242773 75.298740 256.000000 234.194769 19.822600 176.154644 0.000000 19.180634 21.522284 174.915238 256.000000 237.976684 39.362096 172.338411 64.000000 14.155291 34.278104 172.827585 256.000000 226.510468
53.178049 90.813253 0.000000 17.674752 32.722609 192.048045 256.000000 231.738030 144.215498 19.641382 0.000000 10.063594 139.672693 12.737285 256.000000 230.115980 8.714680 23.891709 0.000000 70.135379 16.421069 25.945640 256.000000 192.266711 137.580589 85.048947 64.000000 51.341971 136.812022 86.169258 256.000000 195.429063
89.934624 78.981365 64.000000 32.333438 66.696462 86.533065 256.000000 229.083375 50.924882 101.907676 64.000000 42.749839 55.708311 110.575976 256.000000 207.415884 82.678247 78.629227 64.000000 14.297274 91.618587 75.255325 256.000000 256.989520 25.753415 139.159595 64.000000 14.477980 30.207600 141.713682 256.000000 239.237322
170.316742 44.902938 0.000000 33.895253 166.304284 56.071504 256.000000 231.690702 99.701680 43.436165 64.000000 24.339356 103.188205 47.995915 256.000000 246.560211 33.205169 192.485147 64.000000 23.526179 31.253951 190.350936 256.000000 236.789188 21.330265 88.056145 64.000000 25.556969 28.146900 85.063984 256.000000 219.548991
8.699338 188.126031 0.000000 14.654383 15.404667 191.257300 256.000000 238.544616 1.227538 160.930384 64.000000 27.759859 3.992445 160.228025 256.000000 240.622734 40.958264 138.690184 64.000000 23.276633 49.830764 133.852236 256.000000 214.519345 82.470347 151.365082 64.000000 23.147558 79.163060 152.174376 256.000000 256.942192
131.104744 147.444176 64.000000 24.365171 128.429340 147.548987 256.000000 204.275045 95.974967 107.349995 64.000000 9.667762 95.454144 107.572164 256.000000 241.612313 183.926145 28.614742 64.000000 30.517774 182.609365 32.762067 256.000000 224.479678 160.843309 36.555700 0.000000 18.358853 159.768865 34.572924 256.000000 247.730497
181.112800 115.454598 0.000000 31.318043 175.674740 125.469545 256.000000 220.943007 17.550233 91.741271 64.000000 14.516702 16.074480 97.997413 256.000000 251.835101 165.136844 88.379500 64.000000 47.383653 142.320258 84.697042 256.000000 198.587113 14.370065 126.734165 64.000000 26.864935 23.108011 83.295036 256.000000 240.954028
