57.575771 68.164435 0.000000 21.998785 49.157636 63.772373 256.000000 234.233491 107.606258 91.857258 64.000000 21.951457 109.809005 86.129151 256.000000 237.860516 117.574671 112.150369 0.000000 16.211895 123.395164 106.296160 256.000000 243.204246 121.646745 71.362347 64.000000 14.318787 121.262891 71.133645 256.000000 240.433423
17.934540 60.642004 0.000000 17.128332 19.568229 55.065742 256.000000 254.300445 111.300944 53.693395 64.000000 12.692434 114.141347 59.735355 256.000000 240.304347 162.006562 36.291051 0.000000 21.275961 162.120491 39.549605 256.000000 240.579708 98.408904 82.428738 0.000000 34.368530 96.186482 103.021316 256.000000 213.465227
56.547967 91.962195 0.000000 15.592332 68.678662 90.769460 256.000000 224.428048 120.154224 79.102171 0.000000 37.517974 98.228556 81.297158 256.000000 207.041565 83.776496 77.010225 64.000000 26.791792 82.747036 64.602956 256.000000 256.795906 131.104744 147.444176 64.000000 24.365171 128.429340 147.548987 256.000000 204.275045
165.348235 20.892671 64.000000 17.119727 164.736238 20.136209 256.000000 244.968279 110.648220 15.079884 64.000000 20.178819 108.106245 14.347255 256.000000 228.339039 97.741644 158.649615 64.000000 19.778684 108.306293 157.300122 256.000000 248.698564 150.157320 171.957704 64.000000 30.616732 150.713065 160.331165 256.000000 224.389326
101.455913 38.546889 0.000000 8.768536 101.687258 39.058967 256.000000 246.921623 25.439902 85.267993 64.000000 9.254721 26.206829 87.478611 256.000000 242.261994 2.952198 191.266567 64.000000 9.878586 9.291698 206.502578 256.000000 242.313624 150.990085 103.558278 0.000000 30.500564 148.470456 100.893235 256.000000 237.043037
167.699796 156.043395 0.000000 38.778613 165.708720 156.841102 256.000000 209.864018 85.885245 103.005378 64.000000 15.540702 88.346680 99.598531 256.000000 245.704010 26.793016 228.415191 64.000000 35.895924 30.495076 226.003158 256.000000 222.513427 91.484125 142.779765 64.000000 15.407324 93.714665 141.617098 256.000000 215.840218
20.501976 123.457187 0.000000 13.359325 24.101935 125.610425 256.000000 233.919407 153.679927 103.589647 0.000000 26.968195 139.760867 104.106675 256.000000 219.338167 168.783373 140.140029 0.000000 50.541702 161.636398 134.392633 256.000000 204.580523 169.481160 114.341538 64.000000 41.743049 162.836040 107.508276 256.000000 228.278804
110.987427 86.211798 0.000000 27.979288 107.569058 73.634915 256.000000 231.953156 16.718587 59.277605 0.000000 20.905945 6.692265 65.552684 256.000000 228.700451 124.143615 23.482011 0.000000 26.688532 120.660775 24.310958 256.000000 222.629595 34.453484 82.291742 0.000000 15.226618 29.613811 84.743878 256.000000 236.311608
131.527216 122.963213 64.000000 38.305336 122.757565 103.821824 256.000000 219.738301 72.831809 144.378985 64.000000 73.439714 67.809216 144.734556 256.000000 188.286880 3.970445 113.541895 0.000000 12.713947 3.927513 112.179229 256.000000 244.576749 45.545256 14.155000 0.000000 33.705942 46.548500 20.307518 256.000000 222.160620
11.048927 40.141433 0.000000 14.792064 11.507427 43.371684 256.000000 241.474632 56.987635 76.629335 64.000000 22.011692 50.135184 67.344780 256.000000 250.015135 58.718605 173.916425 64.000000 27.514615 53.293745 173.070125 256.000000 222.246671 47.923200 147.186665 0.000000 20.178819 78.240236 157.326622 256.000000 249.498832
83.252893 77.560065 64.000000 30.625337 81.332967 78.212635 256.000000 210.638472 92.098718 7.506725 64.000000 9.439729 90.167178 5.304175 256.000000 238.884515 93.146887 127.232491 0.000000 33.056261 85.909820 126.843378 256.000000 228.515442 17.633907 60.549369 64.000000 9.938821 18.487422 61.504064 256.000000 259.149385
61.681987 19.305855 64.000000 16.457139 65.373782 23.141476 256.000000 245.566329 182.368996 133.143409 64.000000 17.593004 181.107029 138.294527 256.000000 243.363439 68.932429 169.682015 64.000000 20.045441 67.563140 168.974276 256.000000 215.431479 79.469556 116.580662 0.000000 15.273946 80.211518 115.131736 256.000000 266.790660
181.322598 52.368896 64.000000 33.043354 179.919560 52.637936 256.000000 204.700994 45.453065 152.157955 0.000000 22.717306 45.933856 151.730485 256.000000 231.238937 172.896900 89.484569 64.000000 13.570148 175.293160 83.119973 320.000000 234.771306 30.803400 141.084089 64.000000 24.313541 40.990182 140.551540 256.000000 235.360752
110.401729 175.759833 64.000000 11.586686 109.389691 177.446720 256.000000 61.315213 16.270458 34.220911 0.000000 14.379022 17.385667 24.841049 256.000000 237.907843 170.316742 44.902938 0.000000 33.895253 166.304284 56.071504 256.000000 231.690702 62.909633 97.187435 64.000000 27.665204 58.158573 84.806785 256.000000 225.667174
70.222724 60.143493 0.000000 15.562215 67.047804 62.929629 256.000000 222.530637 56.234613 87.309071 0.000000 13.152804 51.210769 84.225020 256.000000 238.531709 31.550964 69.746355 0.000000 12.120199 31.537958 75.051489 256.000000 228.050770 121.687253 144.548058 64.000000 45.778813 121.218380 138.053460 256.000000 213.168353
123.734142 91.028853 0.000000 31.361068 117.004102 102.132605 256.000000 225.985560 48.127987 124.251355 64.000000 29.080733 63.843180 127.881425 256.000000 212.720891 38.894698 8.981445 0.000000 10.416401 20.254798 0.551256 256.000000 237.283978 92.937716 60.582467 64.000000 22.824869 89.759685 56.411429 256.000000 218.017293
105.388869 114.415595 64.000000 12.744064 104.406769 118.127204 256.000000 247.003371 163.990195 16.540198 64.000000 20.286382 167.306560 26.790215 256.000000 236.608482 73.251589 125.913316 0.000000 11.294115 73.610251 122.204698 256.000000 249.705353 77.263780 164.090958 64.000000 12.524636 70.943175 169.606653 256.000000 236.259978
42.400482 22.586820 0.000000 11.513544 54.436205 10.226076 256.000000 225.976955 15.799413 62.172425 64.000000 14.865207 6.166602 61.106196 256.000000 253.465756 131.240740 83.606082 0.000000 21.086651 129.436236 84.686356 256.000000 240.695876 57.360456 121.384876 64.000000 12.386955 57.758487 120.599833 256.000000 236.677323
120.309173 6.165727 0.000000 11.586686 119.093307 3.733213 256.000000 257.398259 72.449498 129.064207 64.000000 74.566974 68.949367 130.917298 256.000000 198.230004 95.879473 38.480520 64.000000 18.234080 93.231335 39.147356 256.000000 226.011376 0.461173 172.032280 64.000000 50.003887 22.254338 169.295204 256.000000 209.687615
74.577342 154.326542 0.000000 8.850284 75.917804 154.666678 256.000000 243.187035 15.931602 131.644269 64.000000 11.513544 13.473002 131.712433 256.000000 231.738030 141.041827 75.185195 64.000000 15.097543 140.389524 76.721962 256.000000 253.741117 50.267040 9.643025 0.000000 20.699424 63.765180 8.912740 256.000000 240.222599
29.888629 62.214222 64.000000 14.426350 36.590316 58.375109 256.000000 233.532181 25.400269 132.593807 64.000000 13.092568 24.035295 130.919633 256.000000 255.539570 116.927267 50.514565 64.000000 15.949442 116.425447 50.378444 256.000000 233.884987 40.773527 187.026171 0.000000 29.416329 41.050565 183.031842 256.000000 238.118667
85.201038 94.137667 64.000000 52.159450 88.005147 90.100456 256.000000 200.790003 62.113027 119.317091 0.000000 13.570148 68.498178 117.974380 256.000000 252.631067 124.569900 103.935353 64.000000 27.424262 123.782749 97.970835 256.000000 54.930273 85.516996 85.848455 64.000000 11.750182 87.561415 91.661093 256.000000 250.264681
28.758091 105.061144 64.000000 32.591589 51.712220 65.466175 256.000000 203.044524 138.877693 121.401920 64.000000 40.886848 130.541631 101.905971 256.000000 208.078472 20.254105 134.187629 0.000000 25.552666 24.077431 128.917960 256.000000 210.229732 28.745509 26.369009 64.000000 20.312197 27.625155 29.692360 256.000000 220.917192
109.575876 19.426349 64.000000 11.522149 108.179529 16.076033 256.000000 253.508781 31.538922 7.244607 64.000000 31.640732 29.229636 12.810291 256.000000 225.641359 135.751795 60.646900 64.000000 13.518518 135.577196 58.976056 256.000000 261.786829 38.785744 0.852631 0.000000 23.263726 43.076189 3.907884 256.000000 229.926669
39.566238 99.110196 64.000000 28.848397 50.694376 89.868204 256.000000 227.934602 62.809771 192.068735 64.000000 27.708229 62.983555 190.124918 256.000000 224.927141 89.560045 183.848382 64.000000 10.747695 88.494069 183.940885 256.000000 226.355577 71.908678 133.023389 0.000000 8.932032 70.130027 134.287373 256.000000 243.281691
168.265993 66.234905 0.000000 15.342786 168.765796 69.914485 256.000000 262.367670 128.975316 9.342176 64.000000 32.918581 129.588589 10.907895 256.000000 236.875239 71.587116 37.201785 0.000000 11.917980 66.870815 31.997116 256.000000 231.170097 20.958000 70.497027 64.000000 23.534784 14.896584 68.157991 256.000000 218.899310
90.595055 52.285195 64.000000 24.541574 122.847760 76.193265 256.000000 234.508853 65.030362 102.853178 0.000000 16.680870 65.243916 99.707951 256.000000 234.091508 61.478242 61.721951 64.000000 15.166383 58.795891 61.684858 256.000000 245.407136 132.299351 112.659469 64.000000 10.394888 132.538487 111.445355 256.000000 223.550334
88.673895 31.046265 64.000000 31.124430 89.829105 38.183251 256.000000 226.101729 39.195789 25.976678 0.000000 17.068097 47.395004 38.782520 256.000000 228.739173 73.997307 120.758804 0.000000 10.330351 74.055360 117.998982 256.000000 224.070939 3.589807 96.712311 0.000000 33.662916 34.720880 107.478675 256.000000 234.771306
40.807118 137.074545 0.000000 29.158178 38.125115 131.977849 256.000000 230.477391 149.456396 4.524131 64.000000 37.746008 141.562658 24.179962 256.000000 228.450904 103.674711 36.950640 0.000000 21.542718 99.366295 37.973304 256.000000 236.789188 141.221475 44.428722 0.000000 31.980631 125.657727 44.355827 256.000000 208.568960
180.910936 79.109511 0.000000 16.904601 182.440811 73.376618 256.000000 242.941792 95.115367 96.375140 64.000000 16.134450 101.549136 90.896447 256.000000 239.073826 130.506791 127.606509 64.000000 26.064666 129.787873 126.545849 256.000000 245.949253 40.391856 103.092458 0.000000 13.875627 39.582524 100.230753 256.000000 251.955571
77.853104 137.700196 0.000000 20.200331 71.287985 146.055700 256.000000 224.901325 93.243122 127.429802 64.000000 14.968467 93.942469 125.669111 256.000000 248.930900 131.436475 132.259433 0.000000 13.406652 128.352876 132.859693 256.000000 268.133046 17.764127 158.310864 64.000000 76.886032 22.311607 161.081811 256.000000 177.220799
28.401340 125.611015 64.000000 12.748367 32.770231 128.076513 256.000000 252.192210 101.392753 13.857004 0.000000 19.511928 108.434198 21.176429 256.000000 229.363039 102.872460 23.274853 0.000000 17.549979 101.235611 24.527093 256.000000 255.031873 78.666462 203.862282 0.000000 18.294315 73.664729 207.155945 256.000000 217.664487
