90.562525 96.541593 0.000000 33.150917 97.201045 96.559796 256.000000 229.887946 74.960144 42.872325 64.000000 18.354550 71.614485 35.894024 256.000000 234.242096 21.279987 50.342884 64.000000 10.007662 17.944264 50.554445 256.000000 252.045924 135.421536 60.449271 0.000000 15.575122 137.826645 65.887309 256.000000 234.375474
27.596356 113.769022 0.000000 19.606584 24.688184 109.773665 256.000000 229.147913 3.781776 49.709664 0.000000 10.334653 1.319605 52.413598 256.000000 245.368413 152.579013 60.908165 64.000000 35.164496 146.175858 63.428571 256.000000 220.474032 141.146607 192.453520 0.000000 35.190311 141.858611 186.901264 256.000000 233.411710
58.251909 218.871456 64.000000 28.056733 58.119220 216.725662 256.000000 238.824280 39.733024 143.936327 0.000000 16.758315 37.658924 140.843585 256.000000 244.989791 96.973056 41.684207 64.000000 14.379022 95.741269 37.503840 256.000000 246.495673 129.252107 124.296596 64.000000 38.976529 112.604829 129.469191 256.000000 221.695948
13.893111 20.264813 0.000000 25.354750 5.259384 26.044336 256.000000 236.298701 207.341722 47.929733 64.000000 29.579825 227.884289 22.640351 256.000000 225.292855 149.632862 2.573600 64.000000 10.227090 168.498476 11.383124 256.000000 242.472817 52.995762 162.969340 0.000000 25.638717 54.114371 157.959747 256.000000 252.325588
23.564007 163.445976 64.000000 12.701039 27.933562 167.245251 256.000000 266.687400 39.568313 77.333111 0.000000 11.070384 39.902313 74.306769 256.000000 250.957387 63.086496 102.322907 0.000000 91.630768 64.676442 101.286049 256.000000 159.937576 94.258531 41.483262 0.000000 9.439729 197.872493 80.437365 256.000000 251.456479
98.456422 17.175013 0.000000 13.527123 97.023649 13.358880 256.000000 241.612313 48.036545 135.838311 64.000000 46.536056 50.327805 129.741871 256.000000 213.159748 48.612869 53.563091 64.000000 40.133907 48.428425 55.623624 256.000000 207.162035 170.316742 44.902938 0.000000 33.895253 166.304284 56.071504 256.000000 231.690702
20.805662 95.547607 0.000000 12.399863 22.098913 94.096278 256.000000 228.541257 6.051564 142.714784 64.000000 17.971626 10.664324 144.332764 256.000000 234.934802 56.767055 77.793465 0.000000 14.426350 58.895385 82.932227 256.000000 258.611570 136.782882 30.098458 0.000000 9.925914 137.427907 26.600540 256.000000 243.901254
88.546400 23.517980 64.000000 19.021441 90.561396 25.435018 256.000000 229.221056 111.122611 36.102244 64.000000 19.064466 111.699647 38.990669 256.000000 217.634369 95.033109 55.801145 0.000000 25.703254 93.563573 54.023420 256.000000 235.786701 42.081087 111.896287 64.000000 13.135594 39.210564 114.513091 256.000000 233.248214
139.658076 88.439284 64.000000 58.677768 137.926760 90.201202 256.000000 201.366541 135.399129 23.478411 64.000000 44.797838 119.473100 32.817096 256.000000 221.906772 39.366278 134.066078 0.000000 37.913806 52.126691 122.604282 256.000000 214.700051 9.941307 54.943353 0.000000 11.427493 13.486249 50.052147 256.000000 219.656554
38.128180 68.294196 0.000000 35.525908 36.802040 68.853938 256.000000 214.519345 35.751500 7.476555 64.000000 21.086651 35.085953 9.439985 256.000000 247.881085 106.151464 67.056064 0.000000 35.706613 28.370449 102.971085 256.000000 226.828854 47.372095 48.746911 0.000000 23.151860 46.006085 51.279120 256.000000 226.093123
3.351105 168.902322 64.000000 29.549707 1.942275 168.299724 256.000000 228.166938 26.893675 14.432065 64.000000 17.700567 25.493556 17.304205 256.000000 233.687071 91.071400 93.339320 64.000000 14.968467 91.139722 91.120409 256.000000 240.140851 185.639733 90.588958 0.000000 34.596563 166.404760 81.104022 256.000000 230.705425
31.311664 3.335707 64.000000 13.342115 35.148936 1.302473 256.000000 263.679938 106.164738 20.007655 0.000000 9.624737 202.340300 30.829687 256.000000 241.225086 134.209729 79.948745 64.000000 10.704670 133.984449 78.910356 256.000000 237.404449 52.522338 110.110553 64.000000 11.754485 61.592113 121.634275 256.000000 241.293927
85.516996 85.848455 64.000000 11.750182 87.561415 91.661093 256.000000 250.264681 52.606580 130.216540 0.000000 12.645106 54.430220 128.848576 256.000000 255.092108 151.300249 153.870095 0.000000 12.756972 146.854976 152.464176 256.000000 228.687543 105.010367 68.173749 64.000000 14.908232 121.629629 84.296958 256.000000 224.587241
88.323542 100.934291 0.000000 9.947426 86.655818 100.619905 256.000000 254.433823 88.109875 36.412302 0.000000 52.877971 89.813898 26.285031 256.000000 204.799952 69.932511 41.632251 64.000000 18.298618 73.251469 45.407082 256.000000 240.300045 154.697218 33.937091 64.000000 42.487385 145.230496 37.444760 256.000000 227.818434
36.652802 95.104833 64.000000 9.792536 41.236985 95.820011 256.000000 240.442028 75.747816 185.336402 64.000000 18.505139 72.733284 186.129804 256.000000 232.271542 94.251376 167.531333 64.000000 37.294243 83.970120 166.409493 256.000000 216.390941 48.951427 50.545458 64.000000 11.074686 48.197462 52.050542 256.000000 236.328819
56.470044 56.806998 64.000000 9.164368 56.512636 58.554900 256.000000 237.722835 120.888104 38.837805 64.000000 37.591117 125.576500 46.390669 256.000000 219.445730 25.125196 95.443209 0.000000 9.573107 21.740880 93.200420 256.000000 244.615472 44.162804 58.553685 64.000000 22.067625 60.232049 63.278105 256.000000 231.006601
168.265993 66.234905 0.000000 15.342786 168.765796 69.914485 256.000000 262.367670 37.005765 21.943620 64.000000 13.230249 36.310262 23.348309 256.000000 237.770163 47.497091 64.022865 64.000000 15.966652 49.005596 59.416231 256.000000 238.665087 44.149500 90.699769 64.000000 13.170014 48.481331 93.808324 256.000000 236.247071
41.942809 94.164776 0.000000 18.130819 12.363785 97.294225 256.000000 250.677723 48.587464 195.872418 64.000000 23.285238 49.182605 193.615165 256.000000 244.365926 88.303782 98.725160 64.000000 78.284351 89.951273 98.323362 256.000000 167.213137 90.906040 34.121867 64.000000 46.213367 88.631035 36.648584 256.000000 201.474104
107.357842 164.456444 0.000000 16.409811 111.253740 163.561815 256.000000 224.841090 111.895833 86.860556 64.000000 38.309638 102.186047 90.160902 256.000000 226.553493 129.168147 107.378253 0.000000 19.705542 126.218671 90.826649 256.000000 243.772178 31.262835 31.744555 64.000000 19.817407 32.138045 35.180987 256.000000 222.001427
92.174264 98.764740 0.000000 29.971354 92.206942 133.457560 256.000000 221.850839 17.874247 199.284860 0.000000 14.718921 30.161476 201.143727 256.000000 228.524047 12.687660 105.952944 0.000000 8.987964 14.906531 107.180940 256.000000 237.899238 137.827935 171.202647 0.000000 44.862376 134.974913 162.018784 256.000000 204.029801
18.232676 63.399031 0.000000 13.079661 20.128116 61.627993 256.000000 269.217281 153.319971 57.742800 0.000000 24.911591 151.904069 78.449427 256.000000 239.607339 115.065707 123.381444 0.000000 31.034077 113.618075 123.153858 256.000000 225.972653 11.766098 120.078949 64.000000 19.391458 16.382707 123.211927 256.000000 249.800009
102.435165 101.846835 0.000000 29.476565 106.996255 110.999675 256.000000 220.508453 61.050662 131.050965 0.000000 12.429980 71.946013 130.583458 256.000000 221.467914 1.432409 13.183147 0.000000 23.754213 9.792784 13.175136 256.000000 242.274901 58.202858 46.666562 64.000000 11.023056 56.071733 45.895847 256.000000 250.122698
85.116804 153.250075 0.000000 63.049128 73.346547 178.325209 256.000000 200.992222 35.778347 169.806564 0.000000 24.851356 43.863322 170.468775 256.000000 226.833157 17.934540 60.642004 0.000000 17.128332 19.568229 55.065742 256.000000 254.300445 39.802667 160.423693 64.000000 23.934919 24.487031 157.056038 256.000000 230.662400
80.180335 55.398258 0.000000 9.177275 78.581524 55.731649 256.000000 251.030529 92.937716 60.582467 64.000000 22.824869 89.759685 56.411429 256.000000 218.017293 87.388289 135.514242 64.000000 22.046112 84.256416 133.996405 256.000000 220.736486 2.544538 105.740947 0.000000 38.993739 23.165204 100.272358 256.000000 223.292183
74.729205 121.672260 0.000000 9.977544 84.987644 139.594825 256.000000 247.136749 78.714431 81.779155 64.000000 9.379494 77.498058 85.266055 256.000000 249.735471 72.956655 12.436527 64.000000 23.900499 66.317969 16.953136 256.000000 241.573590 102.562905 107.144187 64.000000 14.249946 103.522555 104.520411 256.000000 232.559811
101.719409 23.537553 64.000000 15.557912 100.411595 21.564780 256.000000 260.199200 41.547425 85.556391 64.000000 13.514215 38.849747 87.243618 256.000000 236.853726 59.913495 58.316842 0.000000 23.534784 54.736604 57.767262 256.000000 233.325660 20.999393 119.279558 64.000000 17.102517 17.046145 117.726627 256.000000 227.280619
34.341385 79.661265 0.000000 12.976400 37.365235 83.138824 256.000000 245.983673 19.706342 165.206973 64.000000 26.533641 15.966849 161.911420 256.000000 232.508181 39.349835 123.611287 64.000000 27.488800 12.863336 106.727271 256.000000 232.620046 72.586358 113.054887 0.000000 22.889406 70.152636 109.747233 256.000000 238.191810
62.564709 172.780478 0.000000 28.986077 59.449529 170.570662 256.000000 237.826096 63.482067 111.594022 0.000000 15.648265 67.518925 109.929460 256.000000 237.912146 88.394333 141.505998 0.000000 22.984062 86.661536 143.775362 256.000000 205.707784 114.024345 37.282996 64.000000 15.067425 113.117727 36.661784 256.000000 239.194297
123.379702 20.324593 0.000000 30.741505 120.601033 21.062765 256.000000 222.380049 172.250418 71.563167 0.000000 19.129004 171.455998 69.903000 256.000000 242.683641 47.679822 226.791865 64.000000 21.138281 54.550549 227.757656 256.000000 226.321157 59.545993 127.158145 0.000000 30.207993 58.410516 122.168515 256.000000 225.219712
28.638664 120.601296 0.000000 74.708957 34.909796 98.867718 256.000000 192.542073 15.157573 170.446331 64.000000 24.507154 14.758825 168.579733 256.000000 229.031745 156.488882 52.032149 64.000000 8.884704 157.298800 52.601982 256.000000 245.226430 17.559000 9.267256 0.000000 29.807859 22.767720 22.227191 256.000000 217.453663
137.946167 109.218802 0.000000 61.259280 126.656758 98.545716 256.000000 199.877869 110.728531 118.487585 64.000000 65.062707 108.628373 114.099815 256.000000 201.727953 47.772602 33.720875 64.000000 8.901914 44.946196 33.599220 256.000000 258.026427 44.179345 103.693007 0.000000 12.589174 43.950387 101.742444 256.000000 223.034032
56.620029 43.182800 0.000000 10.429308 61.308098 45.757582 256.000000 226.239409 4.976124 184.436691 64.000000 24.644835 27.458049 186.315555 256.000000 233.114836 33.922991 27.599942 64.000000 25.225675 24.517049 36.471291 256.000000 233.579508 65.333235 27.066009 0.000000 11.066081 74.567629 25.605458 256.000000 240.657154
