13.651300 4.527822 64.000000 9.792536 14.959084 3.914278 256.000000 250.961689 166.265589 153.914276 64.000000 24.244700 161.746900 150.841364 256.000000 219.493058 79.284345 74.961604 0.000000 12.059964 92.453340 65.939716 256.000000 250.324916 28.935753 130.093869 0.000000 38.929201 38.129936 108.293460 256.000000 223.997796
39.346242 107.190235 64.000000 18.548164 38.393538 105.990764 256.000000 241.737086 93.684138 38.207685 64.000000 15.385812 99.126371 42.825204 256.000000 252.235235 16.718587 59.277605 0.000000 20.905945 6.692265 65.552684 256.000000 228.700451 49.783260 208.878400 64.000000 30.685573 50.685013 206.853967 256.000000 224.440956
104.499053 145.678376 64.000000 25.509641 101.103455 146.167935 256.000000 255.698764 54.215078 92.453676 0.000000 19.154819 74.975095 86.169638 256.000000 219.746906 165.348235 20.892671 64.000000 17.119727 164.736238 20.136209 256.000000 244.968279 37.452625 69.032404 64.000000 11.905073 44.365120 68.353469 256.000000 248.879269
89.785916 43.429000 64.000000 33.034749 88.112218 47.741267 256.000000 212.686471 60.684555 58.460573 64.000000 11.642619 61.158209 51.818402 256.000000 226.772922 21.322275 195.699245 0.000000 27.802884 2.009745 180.187549 256.000000 223.494401 90.883716 17.381604 64.000000 14.671593 90.593196 7.693202 256.000000 238.781255
92.504467 61.062667 64.000000 69.455580 93.207616 63.989582 256.000000 189.719619 116.420562 176.236607 0.000000 46.755485 102.588656 151.522051 256.000000 212.368085 68.731215 108.770493 0.000000 13.359325 65.598336 113.315849 256.000000 246.289152 43.585251 143.427771 0.000000 13.669106 53.183687 145.771256 256.000000 254.967335
5.988435 179.693427 0.000000 15.962349 11.974409 188.253905 256.000000 246.667774 64.068427 31.294415 0.000000 27.893237 63.823462 34.800502 256.000000 213.908387 52.787342 221.776605 64.000000 27.587758 56.796698 219.929216 256.000000 247.790732 47.657336 37.843978 0.000000 11.612501 45.787087 38.885891 256.000000 247.149656
114.899218 39.595875 0.000000 17.864063 111.727769 34.528125 256.000000 237.925053 49.969625 179.041080 0.000000 15.626753 49.405216 177.409455 256.000000 236.225558 50.023753 84.927885 0.000000 23.754213 44.734071 89.999855 256.000000 230.679610 101.618240 29.818133 64.000000 9.771023 100.472418 29.351200 256.000000 241.836044
84.373558 175.106660 0.000000 32.006446 82.464393 173.531896 256.000000 232.353290 44.179345 103.693007 0.000000 12.589174 43.950387 101.742444 256.000000 223.034032 38.498740 70.830453 64.000000 17.012164 33.762356 69.470255 256.000000 236.991407 130.833116 153.031973 0.000000 14.598450 130.255984 152.440907 256.000000 235.498432
11.949418 12.573405 0.000000 38.352663 10.449798 17.283447 256.000000 233.592416 96.491229 200.211304 0.000000 20.346617 100.589638 197.788845 256.000000 240.300045 68.808522 99.461944 64.000000 21.207121 101.942725 212.950325 256.000000 237.481894 151.245767 158.374260 64.000000 23.039995 151.359020 157.521287 256.000000 239.529893
63.772705 32.517511 64.000000 9.151460 63.739524 33.545211 256.000000 243.970094 12.574342 115.355069 64.000000 14.120871 2.905271 112.718682 256.000000 232.843777 10.372089 99.610429 0.000000 14.619963 10.666113 93.862015 256.000000 213.667446 10.303135 4.294389 64.000000 28.190111 19.182160 3.171773 256.000000 225.826367
11.278489 29.342864 64.000000 16.624937 15.689805 27.581660 256.000000 233.058903 75.312740 12.966951 64.000000 10.829443 78.306480 12.798785 256.000000 229.715845 122.533220 122.046825 0.000000 11.371560 124.117011 117.390629 256.000000 233.695676 104.532796 30.353487 64.000000 14.972770 102.737702 29.692907 256.000000 229.565257
59.277985 172.028795 0.000000 12.868837 78.513427 183.170325 256.000000 255.823537 9.163538 52.546031 0.000000 14.581240 9.106484 56.516145 256.000000 246.672077 114.181805 87.695629 64.000000 9.792536 114.121525 88.979365 256.000000 246.259035 14.782733 167.770560 64.000000 11.629712 7.310220 172.142651 256.000000 242.382464
111.932389 111.608315 64.000000 63.918237 108.807040 113.132864 256.000000 203.578036 71.829467 61.462331 64.000000 16.904601 69.284693 56.986518 256.000000 231.157190 158.178264 174.542102 64.000000 14.938349 153.535516 196.122684 256.000000 247.868177 71.300125 71.052638 0.000000 25.255792 67.694853 49.083547 256.000000 251.602765
12.171989 25.263164 64.000000 28.551523 22.731307 27.089300 256.000000 230.597862 93.061676 42.108484 64.000000 15.803156 123.553629 31.814822 256.000000 228.506837 33.506224 54.487496 0.000000 11.827627 26.313100 52.038780 256.000000 248.634026 84.653578 218.273285 0.000000 22.489272 86.015591 217.375867 256.000000 219.686671
17.617282 4.553747 64.000000 12.967795 16.764169 4.981395 256.000000 250.600277 80.180335 55.398258 0.000000 9.177275 78.581524 55.731649 256.000000 251.030529 33.922991 27.599942 64.000000 25.225675 24.517049 36.471291 256.000000 233.579508 89.529402 214.700113 64.000000 9.512872 87.640271 216.671535 256.000000 249.029858
9.004029 65.018544 0.000000 21.641676 11.981649 54.025704 256.000000 231.664887 100.545325 54.909860 0.000000 53.768592 98.397525 57.010196 256.000000 199.697163 162.193702 7.106515 0.000000 212.884387 162.422607 6.212891 256.000000 35.495790 28.706753 121.950285 64.000000 31.429909 54.737324 132.565645 256.000000 244.176615
89.705833 20.274925 64.000000 29.153876 87.514033 21.352495 256.000000 228.795106 92.168947 143.467780 0.000000 9.121342 92.208745 144.087784 256.000000 235.180046 48.157249 144.147985 64.000000 12.146014 47.918496 142.553751 256.000000 249.920479 35.509413 25.335669 0.000000 21.301777 18.160662 21.108951 256.000000 239.314767
19.657180 125.890749 64.000000 28.228834 20.797471 121.354067 256.000000 226.927812 103.516240 165.912778 0.000000 9.091225 124.590447 171.270542 256.000000 247.442228 79.912536 79.472865 0.000000 9.568804 79.731082 81.174744 256.000000 239.852582 43.403442 61.256489 64.000000 42.465872 39.350971 95.857562 256.000000 218.748722
59.947264 78.735467 64.000000 23.577810 57.188405 63.809562 256.000000 242.373859 195.208287 94.690565 64.000000 17.248803 194.819473 95.400975 256.000000 242.477120 10.322749 26.049905 64.000000 63.780556 8.297311 27.259727 256.000000 204.348187 152.761169 36.093205 64.000000 40.241470 145.420842 35.643447 256.000000 212.647748
113.449831 20.605591 64.000000 13.626081 112.626104 18.324498 256.000000 242.752481 147.993624 116.040238 0.000000 37.926714 140.706900 112.123869 256.000000 239.138364 146.562520 152.422600 64.000000 37.212495 144.198062 149.418115 256.000000 210.074842 139.233920 86.963915 0.000000 32.565774 136.470338 90.050258 256.000000 224.578636
97.825793 170.093336 0.000000 10.459426 224.307900 225.397573 256.000000 251.589857 24.845113 30.073053 0.000000 9.061107 16.153091 15.217713 256.000000 257.161620 140.516238 76.090400 0.000000 12.193342 142.077456 72.650993 256.000000 257.428377 101.137956 31.597565 64.000000 17.390786 100.454415 32.649235 256.000000 242.778296
135.751795 60.646900 64.000000 13.518518 135.577196 58.976056 256.000000 261.786829 130.875251 17.905333 64.000000 22.596835 130.069482 18.780515 256.000000 229.862131 19.475255 101.299287 64.000000 18.061979 23.248405 103.874829 256.000000 233.192281 53.759091 104.932195 0.000000 21.960062 44.897562 106.000480 256.000000 220.172856
107.868685 160.927658 64.000000 40.904058 102.078180 158.922391 256.000000 225.030401 23.582365 2.665527 0.000000 36.674680 31.145773 6.892045 256.000000 242.675036 96.109967 79.163733 64.000000 45.421704 94.951395 78.679838 256.000000 197.782542 167.603709 72.528680 64.000000 37.311453 151.483080 66.417885 256.000000 220.327747
101.455913 38.546889 0.000000 8.768536 101.687258 39.058967 256.000000 246.921623 5.021276 203.031544 0.000000 29.321674 16.870344 197.765195 256.000000 244.503607 74.327664 71.262573 0.000000 46.320930 71.395198 72.102933 256.000000 214.377362 139.988422 153.281815 0.000000 10.786418 144.404969 151.643400 256.000000 244.817691
45.418075 12.638735 64.000000 19.421575 41.598425 13.417487 256.000000 232.753424 13.513244 33.821187 64.000000 29.214111 24.690465 38.204073 256.000000 242.348044 71.916251 75.374965 64.000000 25.049271 66.209195 78.252682 256.000000 232.254332 24.195180 91.397847 0.000000 17.068097 27.868476 107.730669 256.000000 214.618303
106.548775 175.091702 0.000000 15.428837 107.809227 176.075142 256.000000 232.632954 69.111173 115.141782 64.000000 23.332566 65.434929 111.732473 256.000000 237.172112 31.538922 7.244607 64.000000 31.640732 29.229636 12.810291 256.000000 225.641359 87.384409 35.407878 0.000000 12.128804 89.055658 36.643133 256.000000 234.827239
115.685365 86.907631 0.000000 17.532769 114.181987 85.446993 256.000000 226.824552 53.672684 91.742720 0.000000 45.580897 48.315011 93.181129 256.000000 215.031345 179.207438 18.132211 0.000000 34.669706 163.233793 19.172838 256.000000 228.644518 100.920725 116.924640 64.000000 12.279392 110.426282 128.914495 256.000000 251.052042
14.950371 126.836633 64.000000 13.806787 5.596962 130.615396 256.000000 260.857485 154.965844 137.248031 0.000000 29.360396 145.563056 141.594165 256.000000 217.939848 81.137104 97.780907 0.000000 9.504267 88.928820 94.092995 256.000000 255.238394 131.229369 99.171653 0.000000 31.692362 124.735569 97.548769 256.000000 225.611241
76.872335 180.209191 0.000000 43.713603 53.170967 160.474029 256.000000 211.356992 68.932429 169.682015 64.000000 20.045441 67.563140 168.974276 256.000000 215.431479 78.331831 218.536478 0.000000 22.644163 75.434613 220.440415 256.000000 228.072283 90.906040 34.121867 64.000000 46.213367 88.631035 36.648584 256.000000 201.474104
135.388784 85.391753 0.000000 11.350048 142.696445 94.082167 256.000000 246.280547 138.877693 121.401920 64.000000 40.886848 130.541631 101.905971 256.000000 208.078472 147.221033 52.833153 64.000000 10.747695 153.982162 39.153536 256.000000 229.535139 21.426833 71.801689 0.000000 13.178619 28.353511 73.046296 256.000000 238.682297
81.361473 204.010049 0.000000 20.277777 76.136909 205.684436 256.000000 239.340583 117.386418 167.907178 64.000000 21.572835 117.691358 170.376167 256.000000 243.178430 96.062287 105.025673 64.000000 10.201275 95.346236 105.518513 256.000000 225.675779 47.926016 99.294693 64.000000 14.921139 47.673933 95.688778 256.000000 240.007473
17.220373 120.998302 64.000000 26.210952 15.379213 121.959649 256.000000 211.744219 66.836358 42.210073 0.000000 29.003287 70.883471 56.940798 256.000000 219.781327 141.656595 22.043058 64.000000 76.421360 146.198676 23.311813 256.000000 173.757270 87.539524 151.322829 0.000000 38.899083 73.146418 137.240216 256.000000 215.711143
