62.555984 214.410405 64.000000 19.735659 60.756411 214.733724 256.000000 251.232748 12.970364 27.963718 64.000000 8.699695 14.876144 26.065920 256.000000 238.673692 89.529402 214.700113 64.000000 9.512872 87.640271 216.671535 256.000000 249.029858 43.383265 120.411653 0.000000 11.410283 47.831362 132.017058 256.000000 261.425418
52.008969 48.048593 64.000000 22.992667 48.742478 41.668767 256.000000 258.435166 182.978391 40.796069 0.000000 46.863048 172.038967 38.126495 256.000000 205.505565 159.789004 167.861336 64.000000 43.390914 143.833838 152.643767 256.000000 220.749394 11.234502 162.589795 64.000000 41.747352 14.092980 159.458022 256.000000 204.855885
94.448531 17.315880 64.000000 12.890350 116.428391 12.718378 256.000000 248.539370 95.879473 38.480520 64.000000 18.234080 93.231335 39.147356 256.000000 226.011376 30.256831 25.515425 0.000000 15.321274 25.947367 28.371718 256.000000 241.642431 23.642853 40.564773 64.000000 11.483426 20.955455 24.413289 256.000000 227.039678
144.597144 107.601131 64.000000 19.520533 144.016987 107.317347 256.000000 239.676179 97.946382 33.755636 64.000000 69.825597 101.721093 34.006345 256.000000 181.402848 46.082400 217.244378 0.000000 30.530682 42.868331 214.999304 256.000000 222.887746 57.927736 67.144704 64.000000 10.141040 59.465233 62.418211 256.000000 248.091908
38.498740 70.830453 64.000000 17.012164 33.762356 69.470255 256.000000 236.991407 87.966331 128.340711 64.000000 18.900970 76.491693 135.948353 256.000000 230.791475 22.719300 22.892785 0.000000 23.792936 63.848687 8.297907 256.000000 230.520417 91.618011 96.077042 64.000000 41.368730 63.049875 83.136140 256.000000 195.975483
116.927267 50.514565 64.000000 15.949442 116.425447 50.378444 256.000000 233.884987 79.022662 131.582060 0.000000 22.226818 78.345040 128.328071 256.000000 216.063949 50.080778 83.394193 64.000000 11.715762 52.459424 81.479516 256.000000 255.242696 68.051858 78.787509 0.000000 10.442216 70.307469 82.726427 256.000000 262.965720
93.243122 127.429802 64.000000 14.968467 93.942469 125.669111 256.000000 248.930900 170.450138 52.688422 0.000000 13.574451 170.942491 52.354720 256.000000 247.261522 35.509058 54.475393 0.000000 10.450821 38.037085 58.809929 256.000000 231.755240 14.090802 56.578991 0.000000 11.535056 15.037084 57.992176 256.000000 259.429048
3.210391 109.571593 64.000000 34.123286 9.343884 110.192595 256.000000 232.417828 75.342238 149.479293 64.000000 11.165039 76.686276 148.235775 256.000000 234.491643 157.981211 93.558135 64.000000 37.147958 142.118635 87.302365 256.000000 206.159548 85.572673 23.943569 64.000000 14.594148 84.446675 24.315627 256.000000 205.415212
119.648467 40.002355 0.000000 20.157306 117.670491 40.960775 256.000000 242.911674 106.775605 171.766160 0.000000 48.941165 106.698498 118.872313 256.000000 206.073498 93.884996 109.783707 64.000000 25.991523 88.511631 110.600605 256.000000 233.893592 29.713513 92.919611 0.000000 25.113809 35.026853 91.475105 256.000000 235.438197
4.479284 105.573858 64.000000 22.110650 6.219300 103.285645 256.000000 240.975540 142.077316 20.506860 0.000000 13.793879 144.545789 24.138209 256.000000 247.627236 66.807429 25.380427 0.000000 16.108635 68.281553 26.040465 256.000000 256.731368 121.954842 151.493387 64.000000 40.357638 119.416884 144.441493 256.000000 224.139779
14.319947 211.071262 0.000000 11.651224 21.839251 215.318816 256.000000 252.562227 20.947749 107.246544 0.000000 16.857273 8.592305 120.092782 256.000000 250.152815 63.304462 2.971869 0.000000 18.573979 63.876173 5.497211 256.000000 237.546432 14.083693 60.033400 64.000000 29.614245 32.876182 85.796385 256.000000 240.407608
102.562905 107.144187 64.000000 14.249946 103.522555 104.520411 256.000000 232.559811 92.168947 143.467780 0.000000 9.121342 92.208745 144.087784 256.000000 235.180046 162.193702 7.106515 0.000000 212.884387 162.422607 6.212891 256.000000 35.495790 144.845696 61.023578 0.000000 45.120527 143.464936 55.287875 256.000000 213.598605
2.679135 106.029835 64.000000 17.734987 4.327113 104.193325 256.000000 234.969222 54.516300 54.771025 0.000000 13.643291 60.864553 56.003304 256.000000 260.973653 38.894698 8.981445 0.000000 10.416401 20.254798 0.551256 256.000000 237.283978 154.722829 30.315882 0.000000 24.033877 151.791002 25.546089 256.000000 236.354634
13.921880 27.833013 64.000000 8.695393 15.340996 28.094840 256.000000 247.657354 33.716545 44.753367 0.000000 8.815863 33.372135 46.024209 256.000000 247.752009 57.820882 88.390396 64.000000 16.177475 55.099602 88.418733 256.000000 247.136749 151.300249 153.870095 0.000000 12.756972 146.854976 152.464176 256.000000 228.687543
129.904482 76.413853 64.000000 24.249003 123.265073 55.015707 256.000000 235.907172 173.826325 86.343700 64.000000 40.293100 164.016867 75.063773 256.000000 206.641431 17.934540 60.642004 0.000000 17.128332 19.568229 55.065742 256.000000 254.300445 164.233749 155.660415 0.000000 23.422919 159.875860 163.635224 256.000000 221.003242
187.323293 46.449589 0.000000 20.862919 187.892516 49.807495 256.000000 227.801224 156.828725 23.579238 64.000000 55.003416 155.217329 24.364844 256.000000 193.630610 16.284620 71.552735 64.000000 30.289741 19.257740 70.593173 256.000000 225.400418 92.504467 61.062667 64.000000 69.455580 93.207616 63.989582 256.000000 189.719619
20.956245 184.605898 0.000000 19.305407 28.108864 184.591960 256.000000 228.033560 49.459344 201.804356 64.000000 11.173644 45.796444 203.579418 256.000000 241.246599 40.207080 146.475033 64.000000 21.482482 33.258915 148.172856 256.000000 236.539642 98.448636 172.576718 64.000000 27.953472 95.851087 171.420160 256.000000 210.810572
49.892187 37.287415 64.000000 30.164968 47.864904 39.811807 256.000000 232.848080 82.811735 48.119747 0.000000 36.678983 62.570049 64.930675 256.000000 214.291311 85.856175 89.203447 64.000000 25.526851 82.553251 91.437209 256.000000 236.010432 49.687262 159.698338 64.000000 10.270115 51.537882 161.015209 256.000000 249.146026
2.808724 151.635740 0.000000 23.009877 3.930593 148.924642 256.000000 253.031201 78.789209 38.798069 64.000000 40.899755 69.968349 42.150224 256.000000 224.286065 50.661320 13.343282 0.000000 94.427406 50.759442 17.372767 256.000000 154.550821 9.062067 88.602840 0.000000 13.768064 7.720695 91.371493 256.000000 212.531580
67.207098 114.751053 0.000000 18.543861 67.195098 111.633829 256.000000 248.694261 78.034207 16.350144 0.000000 17.352063 73.823249 7.188024 256.000000 240.454935 128.638389 69.605995 64.000000 80.607712 136.709815 77.394011 256.000000 173.830413 97.770882 177.678844 0.000000 24.868566 97.492076 165.598325 256.000000 222.074570
53.661955 28.600135 0.000000 15.110450 62.388900 31.115484 256.000000 254.851167 113.899640 112.931518 64.000000 25.436498 114.622802 109.898144 256.000000 234.470130 22.047587 60.455076 0.000000 18.836433 18.005133 65.316742 256.000000 248.027370 47.497091 64.022865 64.000000 15.966652 49.005596 59.416231 256.000000 238.665087
88.433700 77.243691 64.000000 14.843694 87.421540 77.315740 256.000000 210.595446 97.929387 131.742087 0.000000 23.762818 109.110260 119.680545 256.000000 242.907372 166.631605 128.515858 64.000000 37.337269 162.924893 128.156316 256.000000 219.239209 51.449187 130.878785 64.000000 18.776197 47.017778 129.563264 256.000000 234.280819
105.968753 36.521145 0.000000 79.166368 109.292409 39.140331 256.000000 185.210578 98.349309 138.631836 64.000000 14.241341 97.198009 138.062347 256.000000 251.383336 32.139251 144.616222 0.000000 19.877642 39.568909 145.952455 256.000000 253.775537 180.904105 87.902444 64.000000 37.406109 177.070344 86.695196 256.000000 218.593831
16.407253 92.508484 64.000000 10.696065 17.107229 99.356711 256.000000 243.483909 20.009416 189.991613 0.000000 49.018610 27.314880 187.306785 256.000000 213.899782 74.158989 95.495547 0.000000 27.510313 116.420849 77.183544 256.000000 214.373059 165.172747 84.081820 64.000000 44.470847 154.515055 75.733013 256.000000 201.603180
77.082156 138.597982 64.000000 37.582512 81.091775 127.100889 256.000000 211.137564 32.334751 126.288065 64.000000 35.168798 29.365489 121.935582 256.000000 223.399746 16.933209 79.529665 0.000000 23.711188 20.921607 63.080289 256.000000 226.002771 180.196642 60.515404 64.000000 18.264197 179.836416 59.963793 256.000000 265.151400
11.897767 45.138449 0.000000 16.414114 6.494055 48.661905 256.000000 237.271070 73.251589 125.913316 0.000000 11.294115 73.610251 122.204698 256.000000 249.705353 85.201038 94.137667 64.000000 52.159450 88.005147 90.100456 256.000000 200.790003 0.056676 107.772167 64.000000 29.850884 4.112976 95.806347 256.000000 223.158805
48.612869 53.563091 64.000000 40.133907 48.428425 55.623624 256.000000 207.162035 57.429002 47.882036 64.000000 15.867694 55.856078 50.611480 256.000000 236.617087 159.475629 62.099385 0.000000 12.391258 189.379187 45.749211 256.000000 231.548719 153.156918 117.995475 0.000000 20.514415 147.714851 128.639500 256.000000 248.139236
10.322749 26.049905 64.000000 63.780556 8.297311 27.259727 256.000000 204.348187 0.440200 153.838464 0.000000 30.629640 3.893111 148.620925 256.000000 212.118539 78.430249 16.906520 64.000000 22.790448 77.421595 19.867620 256.000000 256.933587 90.699891 157.629104 0.000000 37.109235 86.250660 144.016720 256.000000 207.174943
47.962040 33.564035 0.000000 20.759659 39.736256 42.857185 256.000000 230.985089 4.654775 52.965800 0.000000 12.778484 6.345891 55.615051 256.000000 254.575806 17.764127 158.310864 64.000000 76.886032 22.311607 161.081811 256.000000 177.220799 142.965671 185.970033 0.000000 23.990852 128.374420 198.523238 256.000000 234.599206
101.719409 23.537553 64.000000 15.557912 100.411595 21.564780 256.000000 260.199200 22.380451 133.679298 64.000000 10.274418 21.531140 132.988784 256.000000 235.601693 44.036709 154.400795 64.000000 14.095056 42.259165 154.117025 256.000000 232.860987 92.490693 191.286667 0.000000 13.058148 114.015182 190.539340 256.000000 230.335408
101.081582 100.192813 64.000000 29.054918 97.308027 97.135184 256.000000 237.098970 39.802667 160.423693 64.000000 23.934919 24.487031 157.056038 256.000000 230.662400 88.673895 31.046265 64.000000 31.124430 89.829105 38.183251 256.000000 226.101729 22.434842 105.241729 64.000000 21.848197 16.313800 122.831256 256.000000 240.622734
2.895782 173.840875 0.000000 39.970411 2.415033 170.281002 256.000000 213.185563 115.898905 141.016955 0.000000 15.273946 115.587024 139.910907 256.000000 239.869793 41.942809 94.164776 0.000000 18.130819 12.363785 97.294225 256.000000 250.677723 39.304918 95.981740 0.000000 16.861576 30.724207 98.526136 256.000000 236.892449
