160.196462 118.540664 64.000000 17.373576 158.485171 124.654355 256.000000 232.805055 28.706753 121.950285 64.000000 31.429909 54.737324 132.565645 256.000000 244.176615 115.171384 132.500165 0.000000 11.590989 114.915982 131.948744 256.000000 237.154902 28.136462 186.115193 0.000000 18.918180 37.678809 191.971800 256.000000 228.842434
9.584278 79.470791 0.000000 18.909575 9.525158 85.441798 256.000000 237.107575 39.568313 77.333111 0.000000 11.070384 39.902313 74.306769 256.000000 250.957387 48.939193 121.161293 64.000000 18.784802 66.084849 120.823855 256.000000 232.417828 56.216573 55.302718 64.000000 31.012564 49.895987 54.377133 256.000000 210.965463
5.205269 66.485267 64.000000 10.042082 3.189556 63.327524 256.000000 243.914161 48.235713 18.860096 64.000000 21.689003 48.195111 21.396524 256.000000 250.195841 61.478242 61.721951 64.000000 15.166383 58.795891 61.684858 256.000000 245.407136 168.265993 66.234905 0.000000 15.342786 168.765796 69.914485 256.000000 262.367670
9.152967 130.897638 64.000000 21.861104 14.392218 131.789358 256.000000 227.736686 185.202273 106.348053 0.000000 9.000872 187.147735 105.299016 256.000000 233.076113 60.730109 78.543518 0.000000 11.143527 63.801280 77.804675 256.000000 231.716517 6.051564 142.714784 64.000000 17.971626 10.664324 144.332764 256.000000 234.934802
47.772602 33.720875 64.000000 8.901914 44.946196 33.599220 256.000000 258.026427 164.493722 110.717818 0.000000 10.283023 165.688162 113.750984 256.000000 225.615544 151.437395 175.897024 0.000000 24.107020 151.524140 171.948742 256.000000 207.032960 24.642498 12.323085 0.000000 22.635558 31.728138 13.537602 256.000000 240.678666
14.869778 19.332051 64.000000 10.941308 17.178911 17.355649 256.000000 257.875839 153.212044 25.188042 0.000000 30.780228 149.074351 37.657642 256.000000 196.371315 45.783578 62.109553 0.000000 11.801812 42.982778 64.253960 256.000000 253.809957 154.539476 126.376269 0.000000 39.402478 149.851107 131.688956 256.000000 225.692989
166.791573 139.291882 0.000000 17.162752 166.364198 137.962089 256.000000 227.319342 23.564007 163.445976 64.000000 12.701039 27.933562 167.245251 256.000000 266.687400 45.119973 83.292022 0.000000 10.472334 45.390269 81.160973 256.000000 272.840003 100.746238 142.186009 0.000000 32.389371 97.216833 131.447536 256.000000 213.581395
50.033649 161.175104 0.000000 14.163896 46.902880 161.201298 256.000000 260.306763 165.994309 95.377364 64.000000 45.361468 138.321240 111.177962 256.000000 212.307849 71.829467 61.462331 64.000000 16.904601 69.284693 56.986518 256.000000 231.157190 96.973056 41.684207 64.000000 14.379022 95.741269 37.503840 256.000000 246.495673
68.890420 18.264289 0.000000 20.527323 65.687898 18.653804 256.000000 228.136820 105.158660 101.630282 0.000000 9.517174 103.047302 104.545667 256.000000 247.949925 128.638389 69.605995 64.000000 80.607712 136.709815 77.394011 256.000000 173.830413 63.849415 16.428629 64.000000 11.771695 65.285344 17.258493 256.000000 249.451505
156.604135 42.756353 64.000000 12.602081 157.266504 42.951296 256.000000 243.647405 99.701680 43.436165 64.000000 24.339356 103.188205 47.995915 256.000000 246.560211 16.412989 82.842938 0.000000 15.037307 11.401558 91.574504 256.000000 224.397931 159.477900 67.901533 0.000000 11.160737 159.894556 70.253567 256.000000 255.105016
32.334751 126.288065 64.000000 35.168798 29.365489 121.935582 256.000000 223.399746 74.158989 95.495547 0.000000 27.510313 116.420849 77.183544 256.000000 214.373059 94.449082 5.554682 64.000000 15.463257 94.114471 11.698147 256.000000 219.450033 72.544691 92.294555 64.000000 16.715290 73.480340 87.675265 256.000000 230.714030
73.554002 46.150504 64.000000 10.721880 88.989300 35.631925 256.000000 45.473334 153.156918 117.995475 0.000000 20.514415 147.714851 128.639500 256.000000 248.139236 130.329238 148.849509 0.000000 15.261038 130.940582 141.934791 256.000000 232.314567 26.662476 56.202618 0.000000 10.377678 30.467562 51.099275 256.000000 247.046396
33.506224 54.487496 0.000000 11.827627 26.313100 52.038780 256.000000 248.634026 118.668445 202.129833 0.000000 23.371289 118.867307 198.428758 256.000000 223.231948 17.934540 60.642004 0.000000 17.128332 19.568229 55.065742 256.000000 254.300445 86.544967 118.230467 0.000000 21.942852 84.877275 117.538678 256.000000 246.194497
114.910576 61.105809 0.000000 30.608127 111.520813 63.836645 256.000000 216.365126 80.593551 159.330324 0.000000 10.218485 81.930224 158.629809 256.000000 224.075242 43.389196 15.282133 64.000000 10.343258 41.361282 16.054664 256.000000 238.148785 21.143962 32.566358 64.000000 26.426078 17.679482 40.231813 256.000000 237.490499
47.124589 10.764462 0.000000 17.364971 56.820447 16.095051 256.000000 232.757727 51.449187 130.878785 64.000000 18.776197 47.017778 129.563264 256.000000 234.280819 10.276265 48.949949 0.000000 24.649137 8.105729 56.923951 256.000000 242.989120 30.601027 64.010555 0.000000 24.128532 25.637467 51.931947 256.000000 234.074298
31.318065 140.058853 0.000000 45.262510 40.614947 143.040667 256.000000 205.660456 49.417305 79.917485 64.000000 36.653168 61.903573 58.233155 256.000000 212.768219 185.862455 76.177904 64.000000 18.135122 184.838684 75.613564 256.000000 225.817762 168.059118 53.524882 64.000000 36.278849 165.008598 54.261125 256.000000 197.378105
80.628125 184.905969 0.000000 13.690619 74.208142 199.010944 256.000000 247.016278 19.475255 101.299287 64.000000 18.061979 23.248405 103.874829 256.000000 233.192281 21.426833 71.801689 0.000000 13.178619 28.353511 73.046296 256.000000 238.682297 23.966789 52.730016 64.000000 45.348561 25.986380 52.428940 256.000000 209.468186
104.022325 99.088260 0.000000 24.902986 104.811847 94.821456 256.000000 244.340111 48.603187 79.903195 64.000000 13.772367 46.241973 82.862196 256.000000 241.831742 91.039027 30.508669 64.000000 29.584128 91.129353 31.471673 256.000000 219.505965 20.958000 70.497027 64.000000 23.534784 14.896584 68.157991 256.000000 218.899310
36.747171 90.241693 64.000000 18.987021 39.445645 88.666615 256.000000 257.475704 17.695435 158.722247 0.000000 12.619291 20.932733 161.241327 256.000000 228.941392 26.098249 156.443296 64.000000 21.727726 27.913878 157.807282 256.000000 230.899038 26.253964 21.813622 0.000000 25.961406 27.902885 25.961371 256.000000 224.032216
100.920725 116.924640 64.000000 12.279392 110.426282 128.914495 256.000000 251.052042 26.070609 150.403436 0.000000 17.644635 22.786273 150.544596 256.000000 234.125928 171.840149 95.520485 0.000000 13.492703 175.012815 89.762778 256.000000 239.172784 77.421467 108.178056 0.000000 28.607455 88.259784 89.769565 256.000000 237.524919
44.840044 62.719467 0.000000 14.860904 36.394969 51.736760 256.000000 229.444787 79.901436 106.024035 0.000000 15.299761 85.631133 102.335940 256.000000 237.150600 177.630536 35.698198 64.000000 14.998585 181.986591 40.442238 256.000000 239.942935 68.211758 90.391825 0.000000 20.763962 63.515220 114.711944 256.000000 246.568816
33.755796 37.319493 64.000000 12.877442 34.717216 37.006160 256.000000 255.311537 60.758109 75.571449 64.000000 30.367186 22.447298 70.982722 256.000000 224.062334 22.728935 7.438796 64.000000 14.490887 17.331062 7.132329 256.000000 238.256348 5.378222 113.953811 64.000000 23.823053 19.588169 117.065044 256.000000 235.352147
30.576245 129.767600 64.000000 13.725039 31.886511 128.416784 256.000000 235.976012 11.376520 82.770564 0.000000 21.448062 18.509400 87.987765 256.000000 246.577421 20.805662 95.547607 0.000000 12.399863 22.098913 94.096278 256.000000 228.541257 84.796022 155.880051 0.000000 12.881745 93.171815 154.248184 256.000000 262.535468
114.181805 87.695629 64.000000 9.792536 114.121525 88.979365 256.000000 246.259035 8.502069 90.911564 0.000000 15.230921 10.781718 92.459229 256.000000 259.609754 34.327855 164.249140 64.000000 23.642347 36.126685 161.737185 256.000000 242.317926 127.753355 144.554524 0.000000 10.239998 132.674204 143.144071 256.000000 233.837659
74.630745 143.013249 0.000000 27.609271 90.058278 142.018391 256.000000 232.968550 152.052822 84.103220 64.000000 26.210952 149.486902 91.305484 256.000000 227.934602 1.451038 67.424847 0.000000 14.323089 4.434645 68.756905 256.000000 252.480479 20.351796 189.598518 0.000000 16.203290 17.816153 189.529069 256.000000 258.495402
6.771182 73.503311 0.000000 11.044569 3.621171 68.483876 256.000000 238.488684 16.463016 76.294175 64.000000 24.425406 29.132931 75.010307 256.000000 218.834772 140.427405 137.635998 64.000000 12.731157 139.585753 141.169060 256.000000 263.215266 20.224455 122.869455 0.000000 19.658214 21.056564 121.324204 256.000000 234.082903
4.482585 60.947360 0.000000 28.073943 9.253745 64.017365 256.000000 234.835844 18.009453 152.442015 64.000000 25.582784 16.157931 149.460231 256.000000 231.845593 76.954364 118.284642 64.000000 21.899827 71.157331 122.704824 256.000000 233.063206 9.264344 178.469880 0.000000 18.754685 5.300609 175.881178 256.000000 228.050770
91.340982 46.994002 64.000000 37.264126 87.788562 45.146371 256.000000 245.729825 122.039611 64.502769 64.000000 16.547492 123.434231 67.466018 256.000000 240.657154 130.539300 70.144553 0.000000 8.802956 131.964300 74.734276 256.000000 250.608882 78.789209 38.798069 64.000000 40.899755 69.968349 42.150224 256.000000 224.286065
8.298171 92.620958 0.000000 22.145070 14.791493 91.080698 256.000000 248.328547 34.766696 108.665462 0.000000 27.269372 35.709822 102.247949 256.000000 227.685056 9.547089 137.484202 0.000000 12.223459 10.597198 137.359013 256.000000 251.456479 96.109967 79.163733 64.000000 45.421704 94.951395 78.679838 256.000000 197.782542
147.272424 172.545504 64.000000 22.020297 150.909822 171.355885 256.000000 255.900982 158.191911 1.183898 64.000000 22.209608 159.918331 4.186024 256.000000 232.719004 150.671322 96.960249 64.000000 33.581169 122.653864 79.592762 256.000000 225.809157 1.917722 166.973631 0.000000 38.791520 5.371216 165.772051 256.000000 223.137292
55.035293 48.505095 0.000000 21.732029 54.992909 57.312585 256.000000 243.681825 69.407207 148.833780 0.000000 19.425878 60.431453 153.939020 256.000000 238.733927 59.368589 211.359625 64.000000 15.269643 56.544825 212.494982 256.000000 248.797522 44.093327 1.906653 0.000000 18.487928 48.202262 1.155587 256.000000 254.029386
11.388811 32.335258 0.000000 17.846853 19.680096 25.890320 256.000000 221.773393 51.189600 88.129040 0.000000 9.654855 55.022227 94.940976 256.000000 255.315839 1.541593 120.054835 0.000000 8.897611 1.001002 119.057424 256.000000 249.059975 58.202858 46.666562 64.000000 11.023056 56.071733 45.895847 256.000000 250.122698
