149.990075 73.149047 64.000000 23.311053 151.287745 78.148645 256.000000 247.627236 88.437036 23.932658 0.000000 13.832602 89.975596 25.366416 256.000000 241.861859 144.845696 61.023578 0.000000 45.120527 143.464936 55.287875 256.000000 213.598605 38.254004 38.731680 0.000000 10.308838 31.402918 33.975369 256.000000 253.642159
30.363607 19.849955 0.000000 12.339627 31.059984 21.458738 256.000000 236.371844 20.740631 54.454364 64.000000 14.895324 23.587220 53.190880 256.000000 253.620646 50.033649 161.175104 0.000000 14.163896 46.902880 161.201298 256.000000 260.306763 67.789969 163.448227 64.000000 24.584599 59.137147 163.196227 256.000000 235.851239
173.890985 37.565131 64.000000 12.877442 180.354458 20.076735 256.000000 249.485925 117.919722 159.897760 0.000000 27.359725 138.322982 138.570109 256.000000 226.592216 28.706753 121.950285 64.000000 31.429909 54.737324 132.565645 256.000000 244.176615 16.732105 103.885873 64.000000 12.787089 10.233678 105.868785 256.000000 257.893049
40.526467 31.338609 0.000000 15.893509 38.588982 34.124676 256.000000 220.129831 43.564235 88.838036 0.000000 50.623450 44.300958 79.105024 256.000000 217.075042 156.828725 23.579238 64.000000 55.003416 155.217329 24.364844 256.000000 193.630610 95.499567 190.495865 0.000000 23.913406 93.673945 193.031696 256.000000 240.867977
39.339520 190.269891 64.000000 16.762618 39.082633 189.195998 256.000000 244.796178 183.212531 99.909835 0.000000 17.438114 189.160625 89.402245 256.000000 220.491242 104.989685 57.777318 0.000000 23.052902 109.966716 71.230445 256.000000 238.213322 77.497938 88.985891 0.000000 30.715690 72.875505 99.521111 256.000000 225.099241
164.969500 56.547204 64.000000 28.327792 161.786822 57.578282 256.000000 226.983745 31.118965 34.032187 64.000000 21.882617 33.962080 35.908582 256.000000 234.603508 137.515229 186.284080 0.000000 47.968795 127.094740 183.355207 256.000000 201.293398 171.756169 97.278235 64.000000 50.890207 173.679142 92.712084 256.000000 225.082031
86.544967 118.230467 0.000000 21.942852 84.877275 117.538678 256.000000 246.194497 56.149380 29.693233 64.000000 57.167583 53.212555 49.145013 256.000000 196.857500 79.286187 86.091378 0.000000 22.923827 76.262496 91.452329 256.000000 242.055473 53.973185 170.981429 64.000000 23.556297 69.816095 171.340127 256.000000 238.277860
45.281204 180.934733 0.000000 30.453237 90.591564 179.525515 256.000000 210.767547 11.105455 222.572656 0.000000 16.805643 12.502147 222.603687 256.000000 247.141051 5.676447 16.418711 0.000000 20.944667 16.208029 15.957409 256.000000 230.757055 71.587116 37.201785 0.000000 11.917980 66.870815 31.997116 256.000000 231.170097
104.499053 145.678376 64.000000 25.509641 101.103455 146.167935 256.000000 255.698764 89.487287 147.545038 64.000000 37.462042 79.760413 132.315362 256.000000 211.077329 34.327855 164.249140 64.000000 23.642347 36.126685 161.737185 256.000000 242.317926 147.170053 100.481864 64.000000 24.868566 163.232475 84.439664 256.000000 229.307106
121.905204 149.244460 64.000000 9.499964 123.538280 148.079947 256.000000 251.469386 153.212044 25.188042 0.000000 30.780228 149.074351 37.657642 256.000000 196.371315 72.586358 113.054887 0.000000 22.889406 70.152636 109.747233 256.000000 238.191810 166.265589 153.914276 64.000000 24.244700 161.746900 150.841364 256.000000 219.493058
180.910936 79.109511 0.000000 16.904601 182.440811 73.376618 256.000000 242.941792 24.769756 43.084249 64.000000 9.435426 28.619367 42.210684 256.000000 239.000683 185.373695 123.401415 64.000000 33.357438 183.118020 122.683873 256.000000 239.375003 42.081087 111.896287 64.000000 13.135594 39.210564 114.513091 256.000000 233.248214
38.980758 157.954495 64.000000 39.449806 39.166742 153.083765 256.000000 215.771378 73.092509 83.654636 64.000000 25.303120 71.742478 85.635738 256.000000 240.936817 17.550233 91.741271 64.000000 14.516702 16.074480 97.997413 256.000000 251.835101 138.180147 146.572015 64.000000 31.270715 134.197495 147.151211 256.000000 216.253260
12.615616 41.570536 0.000000 21.753541 11.283289 45.913340 256.000000 239.159877 153.319971 57.742800 0.000000 24.911591 151.904069 78.449427 256.000000 239.607339 35.017213 23.356598 0.000000 11.074686 38.275025 17.827604 256.000000 244.538027 13.751682 198.480631 0.000000 35.284967 16.449680 193.237898 256.000000 211.580724
118.433591 133.047058 0.000000 10.024872 120.791416 130.985516 256.000000 232.951340 148.548847 96.899904 64.000000 16.895996 150.210502 95.991184 256.000000 232.125257 39.174573 23.124373 64.000000 26.503523 37.330111 25.536676 256.000000 230.726938 161.774140 76.356115 64.000000 14.525308 160.938340 79.269695 256.000000 245.101657
58.780771 46.411242 0.000000 10.459426 62.190153 41.068938 256.000000 243.742061 34.012198 13.216204 64.000000 24.773910 71.474385 5.651200 256.000000 235.636113 103.755598 46.055100 0.000000 34.493303 98.749391 50.232645 256.000000 227.108518 118.695635 114.105515 64.000000 29.128060 116.722551 111.776100 256.000000 229.414669
92.098718 7.506725 64.000000 9.439729 90.167178 5.304175 256.000000 238.884515 186.278844 71.675176 0.000000 36.489672 182.392795 70.995082 256.000000 205.849767 8.298171 92.620958 0.000000 22.145070 14.791493 91.080698 256.000000 248.328547 14.482218 67.183765 64.000000 47.650409 15.189240 61.694305 256.000000 224.036519
72.869818 92.369965 0.000000 17.846853 72.768142 83.334385 256.000000 238.062734 110.403438 120.472965 64.000000 18.070584 109.402216 125.930116 256.000000 220.667646 44.901253 173.872824 0.000000 28.284766 28.675076 168.090245 256.000000 235.171441 40.827058 48.406571 64.000000 14.125173 42.325915 43.132398 256.000000 239.904213
5.524511 18.213415 64.000000 10.011964 7.779247 12.352327 256.000000 268.989248 62.236318 165.995322 0.000000 28.839792 53.503720 161.958231 256.000000 212.165866 6.679296 196.971751 0.000000 10.584199 21.577867 212.119249 256.000000 238.157390 17.457973 139.377976 64.000000 32.643219 32.364325 142.490380 256.000000 228.541257
40.773527 187.026171 0.000000 29.416329 41.050565 183.031842 256.000000 238.118667 83.776496 77.010225 64.000000 26.791792 82.747036 64.602956 256.000000 256.795906 49.417305 79.917485 64.000000 36.653168 61.903573 58.233155 256.000000 212.768219 118.441589 48.513993 0.000000 11.388770 118.479262 43.487067 256.000000 239.392213
100.282307 78.513936 0.000000 10.338956 102.562902 83.556682 256.000000 246.564514 39.350029 84.671098 0.000000 23.577810 38.806664 69.937787 256.000000 242.464212 15.853013 107.877484 64.000000 18.595491 15.802325 105.840076 256.000000 239.254532 185.496556 132.705613 64.000000 32.415186 184.539244 130.231300 256.000000 224.780855
26.688709 206.425647 0.000000 36.446647 21.504569 196.305678 256.000000 224.238737 78.845967 25.296516 64.000000 11.362955 79.713209 26.011787 256.000000 232.163979 81.962985 53.185318 0.000000 18.371760 81.113389 50.663324 256.000000 258.555637 164.988636 74.973093 0.000000 20.570348 165.097602 77.915595 256.000000 240.480750
141.656595 22.043058 64.000000 76.421360 146.198676 23.311813 256.000000 173.757270 9.062067 88.602840 0.000000 13.768064 7.720695 91.371493 256.000000 212.531580 46.984007 231.106142 64.000000 25.488128 50.700480 227.337616 256.000000 238.243440 71.717305 132.805616 0.000000 18.191055 71.641555 133.757524 256.000000 256.309721
151.255405 8.729204 64.000000 11.728670 151.111173 7.973893 256.000000 266.683097 50.153591 84.448087 0.000000 13.759459 46.883793 84.825035 256.000000 257.282091 121.647325 125.253231 0.000000 16.590517 119.820315 127.809096 256.000000 229.758871 105.702391 107.369560 64.000000 26.671321 105.828729 106.878744 256.000000 227.203174
149.632862 2.573600 64.000000 10.227090 168.498476 11.383124 256.000000 242.472817 24.475782 165.971629 0.000000 12.236367 27.233280 166.993496 256.000000 232.310265 140.194304 180.407896 64.000000 8.643763 140.747471 180.718395 256.000000 261.722292 96.194053 38.862358 64.000000 17.231593 97.670802 41.942775 256.000000 242.132918
63.304462 2.971869 0.000000 18.573979 63.876173 5.497211 256.000000 237.546432 102.085140 169.934447 64.000000 28.142783 98.116220 169.883702 256.000000 240.201087 179.846202 121.911469 64.000000 38.460226 152.037485 119.449115 256.000000 231.256147 148.274682 141.929867 0.000000 30.242413 132.176822 131.090789 256.000000 224.832485
25.086847 44.216236 0.000000 22.127860 22.591904 45.058098 256.000000 241.775809 12.484849 59.108718 64.000000 20.918852 15.814996 57.915140 256.000000 239.284650 179.304738 43.537873 64.000000 22.928129 179.420475 33.922804 256.000000 223.898838 42.990698 68.049175 64.000000 15.958047 39.475462 70.606084 256.000000 250.286193
37.787542 79.687278 0.000000 11.104804 40.687669 77.216804 256.000000 242.627708 151.416867 19.853464 64.000000 15.936534 152.022404 21.110580 320.000000 256.352747 50.080778 83.394193 64.000000 11.715762 52.459424 81.479516 256.000000 255.242696 12.097740 184.303298 0.000000 16.013979 6.638180 185.440040 256.000000 226.596518
37.128682 209.947736 64.000000 42.637973 40.818209 200.328075 256.000000 224.875510 77.918525 134.758082 0.000000 18.780500 111.121629 132.958445 256.000000 221.278604 43.185227 26.159485 64.000000 18.100702 48.098829 27.993369 256.000000 243.729153 47.926016 99.294693 64.000000 14.921139 47.673933 95.688778 256.000000 240.007473
66.957269 196.973951 64.000000 16.977744 76.775687 197.127349 256.000000 243.535540 106.783965 58.334618 0.000000 13.458283 111.159164 48.874620 256.000000 246.241825 149.650309 1.519524 64.000000 13.436770 149.853516 1.891102 256.000000 241.861859 160.059382 14.989656 0.000000 9.164368 159.984398 13.662815 256.000000 246.177287
27.835733 119.233418 0.000000 14.697408 18.385471 123.348791 256.000000 229.952484 123.088153 165.292620 64.000000 16.513072 121.605984 165.592045 256.000000 232.228517 26.141271 48.385215 64.000000 23.100230 44.437356 37.610942 256.000000 236.341726 172.779940 31.047020 0.000000 38.847453 149.731725 12.036831 256.000000 225.262737
33.234049 110.014884 64.000000 17.872668 33.733976 105.940980 256.000000 235.649020 97.304304 12.048496 64.000000 16.065610 91.853062 15.975922 256.000000 237.916448 125.640809 92.240009 64.000000 34.790177 115.589791 95.612336 256.000000 226.884787 169.816267 20.145122 64.000000 23.250818 169.491811 22.667358 256.000000 207.932187
23.230136 222.937356 0.000000 9.314956 26.485918 226.674858 256.000000 260.698292 175.543178 85.086227 0.000000 19.963693 174.736551 86.618920 256.000000 235.455407 64.670518 69.867222 0.000000 14.060635 62.682458 69.769160 256.000000 247.123841 168.240135 11.302418 0.000000 41.906545 157.115229 6.542258 256.000000 206.370372
