34.824840 95.730522 64.000000 17.098214 29.133589 101.166058 256.000000 234.095811 75.267622 42.625889 64.000000 11.952401 73.296162 39.557118 256.000000 233.024483 85.150622 13.599844 64.000000 22.063323 82.363233 10.367373 256.000000 254.266024 104.937716 211.947691 64.000000 14.366114 102.734811 212.861200 256.000000 249.176143
46.052729 118.608520 0.000000 15.678383 38.172271 119.564787 256.000000 226.544888 42.330402 37.655415 0.000000 21.211424 56.758864 49.063316 256.000000 244.628380 79.284345 74.961604 0.000000 12.059964 92.453340 65.939716 256.000000 250.324916 59.327098 68.003565 64.000000 12.189039 62.064053 63.624916 256.000000 251.129487
134.815598 195.551707 64.000000 30.956631 133.252640 194.638884 256.000000 217.522504 133.784285 119.429318 64.000000 24.989036 131.650522 120.041176 256.000000 257.613385 110.636747 149.719025 0.000000 27.919052 98.778967 144.314042 256.000000 224.471073 73.212084 30.560016 64.000000 34.587958 55.060520 39.840009 256.000000 230.873223
12.881842 105.930407 64.000000 11.608199 8.669916 114.052153 256.000000 220.951612 70.248993 139.091529 0.000000 9.357981 69.767495 139.003267 256.000000 270.103601 39.174573 23.124373 64.000000 26.503523 37.330111 25.536676 256.000000 230.726938 84.981818 25.383867 64.000000 41.489200 93.577064 51.111898 256.000000 222.324116
62.880427 109.382278 0.000000 13.742249 60.393487 109.305824 256.000000 240.769019 25.015069 101.253704 64.000000 11.134922 26.168918 103.840800 256.000000 235.231676 64.122562 120.417496 0.000000 10.751997 69.759885 122.276655 256.000000 243.608682 97.304304 12.048496 64.000000 16.065610 91.853062 15.975922 256.000000 237.916448
172.135624 27.147853 0.000000 11.212367 172.859731 21.144073 256.000000 235.575878 75.048467 92.262544 0.000000 12.016938 76.483789 90.420353 256.000000 250.634698 70.675113 96.419605 0.000000 11.074686 72.369653 104.238335 256.000000 242.270599 116.242722 64.678438 0.000000 27.678111 109.275975 65.386627 256.000000 218.469058
86.667785 87.552242 64.000000 15.811761 85.409189 85.295095 256.000000 241.487540 63.032120 138.717289 0.000000 18.935391 54.930244 147.083993 256.000000 244.809085 67.546869 5.642018 0.000000 19.955088 64.991044 7.361489 256.000000 229.741660 147.500175 161.464844 0.000000 25.277305 147.454253 158.061136 256.000000 228.016350
16.615855 91.183125 64.000000 9.413914 17.478371 91.528740 256.000000 249.606395 77.842487 142.264985 0.000000 31.941908 74.468849 136.961349 256.000000 225.576821 64.068427 31.294415 0.000000 27.893237 63.823462 34.800502 256.000000 213.908387 40.217449 80.783911 64.000000 14.039123 41.231451 96.204969 256.000000 223.812788
56.800791 182.492545 0.000000 11.083292 57.420520 182.318491 256.000000 231.540114 38.128180 68.294196 0.000000 35.525908 36.802040 68.853938 256.000000 214.519345 24.338945 104.556422 64.000000 15.007190 27.190507 103.239689 256.000000 258.017822 136.093627 72.736671 64.000000 38.541974 128.262949 73.783840 256.000000 223.980586
77.693225 143.632307 0.000000 8.901914 77.130242 142.372467 256.000000 256.335537 68.965715 173.786771 64.000000 12.739762 59.749856 182.907320 256.000000 223.442771 77.334853 72.742089 64.000000 14.723223 80.683835 61.928562 256.000000 238.630667 76.394438 87.966216 64.000000 16.117240 75.379951 95.895389 256.000000 249.296614
98.448636 172.576718 64.000000 27.953472 95.851087 171.420160 256.000000 210.810572 102.213271 18.808924 0.000000 21.099558 99.679078 17.852733 256.000000 255.350259 88.618120 25.502664 64.000000 24.119927 85.280796 23.907898 256.000000 221.825024 84.997438 7.137920 0.000000 37.363084 88.223882 13.056756 256.000000 220.159948
108.173004 161.623525 64.000000 10.067897 112.719587 161.493844 256.000000 225.064821 33.506224 54.487496 0.000000 11.827627 26.313100 52.038780 256.000000 248.634026 75.065669 73.987202 64.000000 13.148501 76.383904 71.513509 256.000000 254.618831 40.658213 76.527298 64.000000 8.893309 39.447316 75.319222 256.000000 257.677923
69.932511 41.632251 64.000000 18.298618 73.251469 45.407082 256.000000 240.300045 33.682318 171.988120 64.000000 72.880386 35.508538 169.716615 256.000000 178.941807 4.285720 177.997860 0.000000 14.404837 4.489453 181.195715 256.000000 240.657154 148.444205 145.289075 0.000000 39.832730 154.195676 140.770429 256.000000 210.281362
169.906911 35.875727 0.000000 17.756500 169.583738 36.592620 256.000000 236.660113 137.580589 85.048947 64.000000 51.341971 136.812022 86.169258 256.000000 195.429063 93.282573 29.735924 0.000000 15.501980 115.046247 34.077707 256.000000 241.612313 79.047073 40.867598 0.000000 35.814176 23.629425 63.112305 256.000000 206.271414
2.795878 91.286278 0.000000 12.369745 2.705380 84.749860 256.000000 236.100785 69.620907 59.896633 0.000000 20.023928 85.792611 70.657616 256.000000 239.779440 2.317280 151.081180 64.000000 22.248331 1.006342 149.302020 256.000000 210.388925 126.487669 34.262180 0.000000 14.903929 124.454476 33.293100 256.000000 248.552278
180.081069 10.016422 0.000000 10.807930 180.960084 5.652020 256.000000 255.036176 56.620029 43.182800 0.000000 10.429308 61.308098 45.757582 256.000000 226.239409 151.941876 50.780047 64.000000 21.882617 150.941267 53.180915 256.000000 243.815203 74.982891 190.637149 64.000000 64.025800 76.842840 192.736682 256.000000 186.415284
103.032411 57.848993 0.000000 15.347089 101.988296 59.277973 256.000000 232.947038 41.867091 90.432611 0.000000 18.900970 53.292344 97.276129 256.000000 233.820449 162.006562 36.291051 0.000000 21.275961 162.120491 39.549605 256.000000 240.579708 96.194053 38.862358 64.000000 17.231593 97.670802 41.942775 256.000000 242.132918
97.943598 18.903022 64.000000 19.034348 98.183809 21.661776 256.000000 242.184548 127.753355 144.554524 0.000000 10.239998 132.674204 143.144071 256.000000 233.837659 9.379298 173.432851 0.000000 13.527123 12.155849 177.451769 256.000000 257.023940 129.892945 68.038500 64.000000 16.698080 128.010493 64.532669 256.000000 232.348988
144.405364 68.272315 0.000000 18.453508 141.194669 66.344664 256.000000 211.073026 56.003727 88.560378 0.000000 17.519861 60.262858 95.827624 256.000000 248.393085 133.091482 21.088344 64.000000 9.327863 146.022616 22.219964 256.000000 249.305219 39.350029 84.671098 0.000000 23.577810 38.806664 69.937787 256.000000 242.464212
124.827124 135.111280 0.000000 15.988164 119.556015 154.168536 256.000000 258.344813 27.782458 117.830753 0.000000 25.677439 31.767049 114.080293 256.000000 236.070667 85.201038 94.137667 64.000000 52.159450 88.005147 90.100456 256.000000 200.790003 47.033384 221.138976 64.000000 31.868766 49.608644 218.487205 256.000000 227.310737
63.649609 45.218336 0.000000 23.427221 61.558869 44.521273 256.000000 241.840347 34.824313 65.163980 64.000000 12.021241 38.346375 66.236680 256.000000 253.091436 124.456796 20.712153 64.000000 13.944467 126.527349 10.190551 256.000000 243.402161 136.011031 194.102156 0.000000 12.374048 140.654218 192.332324 256.000000 252.420243
127.819027 147.388564 64.000000 28.758044 111.485202 154.446929 256.000000 222.306906 49.719665 43.831056 64.000000 27.308094 52.056500 51.723853 256.000000 239.086734 54.665365 199.867115 0.000000 23.130348 66.437465 206.156253 256.000000 227.190266 44.252789 159.678071 64.000000 34.303992 43.113545 157.416382 256.000000 224.221527
36.056585 76.513500 64.000000 17.842550 32.312773 74.734995 256.000000 254.885587 62.985836 151.033058 0.000000 22.725911 69.647449 147.308520 256.000000 231.854198 16.299518 166.911809 64.000000 12.417073 20.312733 173.376262 256.000000 231.066837 165.172747 84.081820 64.000000 44.470847 154.515055 75.733013 256.000000 201.603180
84.477769 86.978847 64.000000 18.776197 85.290113 82.619273 256.000000 243.230061 82.763475 121.662993 64.000000 43.971754 79.117640 119.301962 256.000000 208.229060 121.953300 110.042387 64.000000 11.109107 124.862451 107.788007 256.000000 269.608811 138.049469 9.105000 0.000000 47.138409 133.076335 14.148667 256.000000 202.158205
124.552331 18.643693 0.000000 15.699895 125.816549 21.362898 256.000000 242.773994 103.674711 36.950640 0.000000 21.542718 99.366295 37.973304 256.000000 236.789188 61.741060 151.034124 0.000000 33.688732 63.958778 142.013827 256.000000 227.418300 58.053496 40.486815 64.000000 36.511185 29.940960 51.480869 256.000000 216.472689
124.736273 99.645225 0.000000 8.785746 145.680918 101.369289 256.000000 256.021453 18.536084 145.631444 0.000000 24.386683 21.125956 148.255602 256.000000 238.217625 34.373513 59.738171 64.000000 9.887191 36.184169 58.059960 256.000000 255.182461 150.402936 184.500958 64.000000 63.298674 132.952382 163.588293 256.000000 181.050042
135.564816 60.733785 64.000000 50.485770 126.600527 61.435467 256.000000 220.349259 88.495811 159.436667 0.000000 12.115896 86.320729 164.451902 256.000000 255.079201 69.407207 148.833780 0.000000 19.425878 60.431453 153.939020 256.000000 238.733927 52.999216 60.084933 64.000000 14.568333 56.043005 49.738511 256.000000 272.728138
26.098249 156.443296 64.000000 21.727726 27.913878 157.807282 256.000000 230.899038 76.686089 94.682004 64.000000 13.376535 74.836489 95.817151 256.000000 233.381592 132.948542 81.915120 0.000000 31.756900 129.881844 81.158320 256.000000 223.657897 75.785991 39.740342 0.000000 47.542846 71.951884 41.619989 256.000000 202.308793
53.140138 90.721827 0.000000 11.449006 49.790127 94.767793 256.000000 248.909387 7.889013 47.134002 64.000000 10.046384 7.561920 48.560191 256.000000 249.464412 47.069705 153.587285 64.000000 12.903257 42.083744 158.445293 256.000000 237.391541 177.630536 35.698198 64.000000 14.998585 181.986591 40.442238 256.000000 239.942935
104.795047 126.890469 64.000000 41.777469 106.481107 127.444922 256.000000 229.449089 94.214467 218.486658 64.000000 10.855258 92.502009 219.813825 256.000000 243.049355 179.846202 121.911469 64.000000 38.460226 152.037485 119.449115 256.000000 231.256147 29.694536 47.710027 64.000000 25.182650 17.141520 41.389595 256.000000 259.609754
155.712265 158.191467 0.000000 16.379694 154.900664 157.715829 320.000000 246.401018 100.520978 195.631129 64.000000 16.323761 98.756440 196.658058 256.000000 244.658497 156.493513 129.362487 0.000000 11.797510 157.320113 129.277773 256.000000 257.742461 146.542284 144.357918 64.000000 18.354550 146.778833 143.178253 256.000000 246.074026
34.972565 132.696405 0.000000 17.524164 41.282658 130.684051 256.000000 229.178030 97.554780 137.052558 0.000000 61.986406 98.580233 137.763589 256.000000 199.124928 113.603618 169.582007 64.000000 22.183793 112.495885 167.659676 256.000000 247.356177 141.018589 73.088109 64.000000 8.850284 133.899555 72.077964 256.000000 236.939776
