56.149380 29.693233 64.000000 57.167583 53.212555 49.145013 256.000000 196.857500 165.348235 20.892671 64.000000 17.119727 164.736238 20.136209 256.000000 244.968279 74.729205 121.672260 0.000000 9.977544 84.987644 139.594825 256.000000 247.136749 27.924545 199.728842 64.000000 12.507426 37.471269 208.744664 256.000000 243.754968
184.485104 22.577491 0.000000 8.729813 246.110587 47.141845 256.000000 250.858429 1.841678 148.296351 64.000000 19.722752 3.164545 147.599755 256.000000 216.674907 32.049758 4.973905 64.000000 9.891493 33.376600 4.871907 256.000000 236.944079 51.145773 39.748740 0.000000 9.697880 56.182845 40.607776 256.000000 248.801824
59.327098 68.003565 64.000000 12.189039 62.064053 63.624916 256.000000 251.129487 10.341504 108.867940 0.000000 15.648265 7.227878 103.253080 256.000000 242.799809 118.441589 48.513993 0.000000 11.388770 118.479262 43.487067 256.000000 239.392213 129.700002 87.811096 0.000000 17.993139 128.066664 88.977318 256.000000 227.771106
122.533220 122.046825 0.000000 11.371560 124.117011 117.390629 256.000000 233.695676 41.657442 37.392520 64.000000 21.947155 42.290584 41.641018 256.000000 236.888146 83.776496 77.010225 64.000000 26.791792 82.747036 64.602956 256.000000 256.795906 61.800022 143.056020 0.000000 15.020097 57.059671 146.235351 256.000000 228.975812
70.304011 111.025769 64.000000 33.013236 42.623371 115.488373 256.000000 240.932515 160.181080 40.569622 0.000000 13.355022 161.485309 42.465498 256.000000 225.688687 45.930360 179.535455 0.000000 9.508569 43.202429 180.051138 256.000000 264.170425 101.476091 31.544180 64.000000 10.123830 117.105069 24.156165 256.000000 254.833957
102.435165 101.846835 0.000000 29.476565 106.996255 110.999675 256.000000 220.508453 21.361878 76.456105 64.000000 12.709644 18.311453 80.054353 256.000000 257.350931 28.998175 10.119724 0.000000 9.233208 25.867293 10.235164 256.000000 241.259506 146.026838 26.506289 64.000000 9.043897 146.104756 25.603136 256.000000 251.443571
26.864447 56.054575 0.000000 21.861104 38.404309 35.697082 256.000000 229.139308 35.951702 153.881042 0.000000 24.773910 26.162945 148.092684 256.000000 204.894607 3.605233 89.829051 0.000000 19.606584 1.326402 77.063624 256.000000 229.294198 69.407207 148.833780 0.000000 19.425878 60.431453 153.939020 256.000000 238.733927
27.835733 119.233418 0.000000 14.697408 18.385471 123.348791 256.000000 229.952484 74.875122 45.029127 64.000000 27.781372 79.580338 56.677500 256.000000 244.439069 60.706916 138.540953 64.000000 11.922283 60.495215 137.696773 256.000000 238.221927 65.440067 14.076458 0.000000 8.721208 68.973962 12.070816 256.000000 239.116852
92.757333 191.152113 0.000000 15.033005 95.058691 191.437778 256.000000 236.776281 93.769435 43.266522 0.000000 46.028359 65.008236 48.115425 256.000000 232.955643 93.795107 199.928233 64.000000 25.109507 83.412109 202.157756 256.000000 32.187152 6.752664 144.168171 64.000000 43.928729 8.539953 131.567016 256.000000 208.168825
64.662605 11.181360 0.000000 44.939821 55.699544 34.915304 256.000000 196.220727 120.886653 25.189740 0.000000 24.016667 130.826069 32.251265 256.000000 240.781927 0.716813 139.336753 64.000000 11.427493 0.494867 138.421009 320.000000 245.734127 22.899944 162.850936 64.000000 10.717577 22.832182 162.371427 256.000000 233.786029
9.264344 178.469880 0.000000 18.754685 5.300609 175.881178 256.000000 228.050770 52.063596 202.047165 64.000000 25.948498 50.290705 199.790916 256.000000 221.313024 29.860005 138.089495 0.000000 16.775525 20.709164 146.977416 256.000000 247.924110 77.474265 26.134558 0.000000 10.769208 74.655696 33.081100 256.000000 224.195712
97.913656 31.982647 64.000000 16.758315 101.231558 36.370458 256.000000 253.513083 105.122256 95.676531 0.000000 9.474149 129.927760 111.348411 256.000000 250.036647 16.896853 117.744524 0.000000 11.401678 12.399158 117.862753 256.000000 250.884244 94.448531 17.315880 64.000000 12.890350 116.428391 12.718378 256.000000 248.539370
68.387075 108.106693 0.000000 19.757172 65.763811 106.050015 256.000000 235.326331 51.189600 88.129040 0.000000 9.654855 55.022227 94.940976 256.000000 255.315839 110.728531 118.487585 64.000000 65.062707 108.628373 114.099815 256.000000 201.727953 20.710113 58.075004 64.000000 24.730885 29.373673 52.053996 256.000000 219.643646
64.225620 141.162820 64.000000 22.446247 61.346093 138.701193 256.000000 221.704553 71.465160 125.027213 0.000000 14.602753 69.091344 123.160171 320.000000 213.564185 134.815598 195.551707 64.000000 30.956631 133.252640 194.638884 256.000000 217.522504 55.739924 45.150205 0.000000 9.401006 54.220564 44.331655 256.000000 249.356849
13.324131 58.957018 64.000000 32.888463 3.053933 54.555411 256.000000 225.206804 178.917331 101.052255 64.000000 13.148501 178.476764 100.169671 256.000000 242.640615 17.120158 117.234462 64.000000 22.730213 10.013231 114.091522 256.000000 247.059303 22.728935 7.438796 64.000000 14.490887 17.331062 7.132329 256.000000 238.256348
122.622000 195.077075 0.000000 31.425606 113.144467 197.893682 256.000000 231.824080 46.902838 93.312545 0.000000 23.586415 46.065838 85.776809 256.000000 243.591472 101.081582 100.192813 64.000000 29.054918 97.308027 97.135184 256.000000 237.098970 25.823909 87.685482 0.000000 12.176132 29.892762 87.371789 256.000000 223.141595
39.130405 214.491964 64.000000 36.713403 36.783056 208.884767 256.000000 219.949125 1.227538 160.930384 64.000000 27.759859 3.992445 160.228025 256.000000 240.622734 24.344376 34.909791 0.000000 10.437914 0.733487 29.365676 256.000000 234.921895 123.379702 20.324593 0.000000 30.741505 120.601033 21.062765 256.000000 222.380049
46.984007 231.106142 64.000000 25.488128 50.700480 227.337616 256.000000 238.243440 16.173502 114.324422 64.000000 34.471790 14.021638 107.167040 256.000000 225.989863 5.071325 68.272918 64.000000 19.714147 8.970362 70.132353 256.000000 234.345357 21.004871 196.292951 64.000000 20.656399 18.750184 195.534818 256.000000 232.650164
40.963700 114.317300 64.000000 26.477708 35.802769 113.961044 256.000000 233.101929 42.336000 130.452362 64.000000 33.998513 39.173491 128.995505 256.000000 216.498504 39.878509 137.871575 64.000000 27.794279 44.134831 135.943985 256.000000 215.693933 76.791427 74.122149 0.000000 37.074815 74.646985 80.433176 256.000000 233.760214
65.552865 121.856040 0.000000 35.302177 60.589653 114.774555 256.000000 216.786773 93.174325 147.782327 0.000000 11.066081 102.138087 147.492735 256.000000 247.115236 12.615616 41.570536 0.000000 21.753541 11.283289 45.913340 256.000000 239.159877 61.189087 59.670809 0.000000 20.944667 89.657305 53.948840 256.000000 240.278532
122.535047 162.632760 0.000000 36.321874 120.550358 157.172467 256.000000 207.751481 7.889013 47.134002 64.000000 10.046384 7.561920 48.560191 256.000000 249.464412 118.593547 84.944075 64.000000 9.035292 117.103122 84.730100 256.000000 258.323301 50.661320 13.343282 0.000000 94.427406 50.759442 17.372767 256.000000 154.550821
11.949418 12.573405 0.000000 38.352663 10.449798 17.283447 256.000000 233.592416 159.622700 40.634956 64.000000 19.623794 159.394805 40.847284 256.000000 248.999740 14.850287 95.366520 0.000000 9.319258 15.986207 98.273255 256.000000 249.791404 109.952689 33.821436 0.000000 10.674552 108.853456 31.638195 256.000000 238.574734
39.090456 122.459375 0.000000 22.274146 44.244333 116.993493 256.000000 251.516714 28.112242 6.829707 64.000000 22.011692 30.253731 9.195540 256.000000 232.456551 158.883605 148.252447 64.000000 24.829843 158.129485 147.413400 256.000000 229.406064 35.597676 70.812565 64.000000 16.328063 31.774456 69.988342 256.000000 242.989120
101.273224 27.371656 64.000000 35.603353 96.889745 32.880524 256.000000 207.235178 129.389435 79.868800 0.000000 18.259895 129.046084 86.194867 256.000000 230.481694 27.088107 73.284698 64.000000 19.404365 24.444744 69.556618 256.000000 240.911002 82.114258 189.108198 64.000000 14.611358 82.421942 188.768529 320.000000 237.456079
41.312635 159.526489 64.000000 9.465544 43.598678 160.349695 256.000000 243.699035 153.533331 17.327927 0.000000 18.255592 152.310335 15.746818 256.000000 243.251573 3.896344 97.206602 64.000000 32.178547 6.227873 81.358724 256.000000 224.027914 108.617425 5.984315 64.000000 8.639460 109.288378 6.555949 256.000000 252.600949
139.359196 156.429058 0.000000 27.333910 142.953096 150.496762 256.000000 218.185092 15.452033 95.977913 64.000000 9.504267 14.754636 101.175480 256.000000 232.878198 151.245767 158.374260 64.000000 23.039995 151.359020 157.521287 256.000000 239.529893 71.829467 61.462331 64.000000 16.904601 69.284693 56.986518 256.000000 231.157190
109.356896 214.496005 64.000000 16.822853 117.116356 210.535393 256.000000 250.187235 162.517513 130.771364 0.000000 13.867022 161.404485 133.102918 256.000000 219.312352 43.389196 15.282133 64.000000 10.343258 41.361282 16.054664 256.000000 238.148785 55.847436 84.936347 0.000000 15.239526 52.912525 91.715135 256.000000 232.770635
38.894698 8.981445 0.000000 10.416401 20.254798 0.551256 256.000000 237.283978 44.917489 81.508751 0.000000 11.208065 42.461733 80.206185 256.000000 248.952412 58.448844 58.321016 0.000000 12.189039 53.860471 58.270782 256.000000 229.397459 68.693144 110.341615 64.000000 11.952401 75.819742 109.619422 256.000000 227.994837
15.441565 60.737100 64.000000 17.197172 19.290629 56.520529 256.000000 232.452248 1.541593 120.054835 0.000000 8.897611 1.001002 119.057424 256.000000 249.059975 63.531215 46.181540 64.000000 25.875355 51.510355 44.914173 256.000000 237.000012 48.157249 144.147985 64.000000 12.146014 47.918496 142.553751 256.000000 249.920479
49.892187 37.287415 64.000000 30.164968 47.864904 39.811807 256.000000 232.848080 65.251740 120.387402 0.000000 10.635829 60.711985 124.179115 256.000000 239.331978 80.531773 195.532182 64.000000 40.039251 76.005631 198.973893 256.000000 179.242983 110.549889 125.502767 0.000000 19.546348 118.739296 128.139656 256.000000 239.202902
119.179200 171.379149 64.000000 8.630855 119.548845 180.301878 256.000000 247.295942 49.734855 31.232984 0.000000 24.378078 47.512440 38.642784 256.000000 216.838403 90.350904 11.028051 0.000000 20.406852 85.184633 9.819584 256.000000 233.747307 74.582333 137.709380 0.000000 19.924970 79.512129 144.779805 256.000000 240.566801
70.389482 188.853487 0.000000 19.412970 69.231745 188.717593 256.000000 245.596447 27.203595 217.591258 64.000000 21.611558 8.829842 224.207747 256.000000 239.314767 102.200178 182.719387 64.000000 42.147486 96.730018 177.133100 256.000000 207.549262 39.827191 111.444409 64.000000 12.524636 38.515060 110.268564 256.000000 233.304147
