121.210825 78.310902 64.000000 38.434411 89.520587 103.407829 256.000000 205.832557 147.421227 130.641256 64.000000 23.896196 146.411138 129.105055 256.000000 220.624621 70.758284 173.444356 0.000000 13.316299 151.137287 224.848138 256.000000 259.213922 113.475704 67.711318 0.000000 38.017067 107.703027 58.502596 256.000000 215.220655
9.558311 51.145711 64.000000 10.403493 8.112055 52.238038 256.000000 257.720948 77.693225 143.632307 0.000000 8.901914 77.130242 142.372467 256.000000 256.335537 18.289625 162.241207 64.000000 29.958447 49.035282 156.739616 256.000000 216.373731 178.365764 18.641527 64.000000 12.012636 185.600584 21.865107 256.000000 232.628651
100.509338 178.095718 0.000000 33.288597 100.295702 168.861435 256.000000 226.910602 183.212531 99.909835 0.000000 17.438114 189.160625 89.402245 256.000000 220.491242 123.379702 20.324593 0.000000 30.741505 120.601033 21.062765 256.000000 222.380049 156.198555 143.840356 0.000000 16.513072 159.704675 138.990362 256.000000 244.671405
103.818156 211.669955 0.000000 14.774854 107.793322 210.984502 256.000000 234.995037 43.403442 61.256489 64.000000 42.465872 39.350971 95.857562 256.000000 218.748722 75.862753 79.106033 64.000000 12.025543 92.114047 40.877536 256.000000 243.453792 80.501973 55.022824 64.000000 19.864735 77.042729 56.004935 256.000000 238.226230
18.229096 55.342155 64.000000 20.682214 21.285827 57.559944 256.000000 237.335608 57.986245 112.348387 0.000000 42.999385 68.109024 104.944884 256.000000 211.516186 184.279813 124.049638 0.000000 40.443688 180.430545 115.849658 256.000000 204.145969 49.459344 201.804356 64.000000 11.173644 45.796444 203.579418 256.000000 241.246599
147.500175 161.464844 0.000000 25.277305 147.454253 158.061136 256.000000 228.016350 111.434924 88.846395 64.000000 26.090481 108.329645 88.081482 256.000000 230.985089 102.213271 18.808924 0.000000 21.099558 99.679078 17.852733 256.000000 255.350259 119.879175 70.464253 0.000000 22.515087 117.308413 73.066993 256.000000 227.280619
92.764442 30.652949 64.000000 24.610414 90.143807 31.276956 256.000000 227.504350 140.397078 39.189145 64.000000 93.984247 139.811302 37.024555 256.000000 169.278347 57.436098 138.651549 0.000000 36.481067 63.257880 131.053529 256.000000 212.036791 153.212044 25.188042 0.000000 30.780228 149.074351 37.657642 256.000000 196.371315
102.085140 169.934447 64.000000 28.142783 98.116220 169.883702 256.000000 240.201087 36.195558 138.182978 64.000000 52.873668 30.180204 108.928005 256.000000 213.189866 65.642622 131.641896 64.000000 10.205577 67.518142 130.515493 256.000000 234.999340 51.445296 69.475296 0.000000 9.237510 58.519256 65.565896 256.000000 242.317926
39.026744 92.786185 0.000000 16.229105 34.798407 91.434885 256.000000 243.294598 79.160867 108.490873 64.000000 20.940365 80.316225 103.260384 256.000000 210.423346 63.772705 32.517511 64.000000 9.151460 63.739524 33.545211 256.000000 243.970094 165.035585 14.450569 64.000000 33.241270 163.927831 4.735687 256.000000 248.672748
45.848940 97.579100 64.000000 30.930816 52.911318 88.678998 256.000000 250.023740 73.409611 37.843327 64.000000 9.448334 73.742413 31.072615 256.000000 240.041893 89.529402 214.700113 64.000000 9.512872 87.640271 216.671535 256.000000 249.029858 1.227775 55.553544 64.000000 21.594348 0.440296 61.168384 256.000000 247.924110
78.419305 105.344575 0.000000 30.405909 77.906555 103.693584 256.000000 231.307778 30.778744 83.552795 0.000000 13.415257 34.380373 80.334900 256.000000 250.105488 77.653560 13.925771 0.000000 32.819623 79.164693 26.786733 256.000000 217.531109 102.562905 107.144187 64.000000 14.249946 103.522555 104.520411 256.000000 232.559811
47.926016 99.294693 64.000000 14.921139 47.673933 95.688778 256.000000 240.007473 48.995018 130.763958 64.000000 36.145471 40.533971 116.351689 256.000000 212.389597 21.554542 105.589580 0.000000 9.835561 22.240209 114.830704 256.000000 249.494530 78.633282 74.603893 64.000000 13.802484 77.151465 74.256727 256.000000 241.427305
13.093662 127.743164 0.000000 10.928401 16.370362 129.791913 256.000000 248.689959 54.616044 0.193547 0.000000 26.383053 46.917902 11.652038 256.000000 215.461597 40.958264 138.690184 64.000000 23.276633 49.830764 133.852236 256.000000 214.519345 4.875125 86.550467 0.000000 30.423119 12.482235 87.513915 256.000000 220.710671
25.753415 139.159595 64.000000 14.477980 30.207600 141.713682 256.000000 239.237322 8.852495 220.880264 0.000000 27.140296 7.600442 216.164395 256.000000 216.455479 62.555984 214.410405 64.000000 19.735659 60.756411 214.733724 256.000000 251.232748 15.441565 60.737100 64.000000 17.197172 19.290629 56.520529 256.000000 232.452248
21.143962 32.566358 64.000000 26.426078 17.679482 40.231813 256.000000 237.490499 106.496340 54.105207 0.000000 31.584799 103.714418 54.746687 256.000000 241.375675 62.809771 192.068735 64.000000 27.708229 62.983555 190.124918 256.000000 224.927141 41.894729 128.676638 0.000000 26.770279 55.655640 115.037045 256.000000 214.334336
121.936335 187.001000 64.000000 29.300161 121.787885 186.041118 256.000000 213.559883 129.047360 119.633291 64.000000 26.619691 124.054211 118.494016 256.000000 231.957458 23.263935 83.591424 64.000000 9.013779 20.996007 81.061876 256.000000 253.814260 9.379298 173.432851 0.000000 13.527123 12.155849 177.451769 256.000000 257.023940
151.416867 19.853464 64.000000 15.936534 152.022404 21.110580 320.000000 256.352747 56.872687 141.665075 0.000000 39.652024 54.075995 129.489362 256.000000 221.033360 75.637242 80.115902 64.000000 9.861376 82.064578 78.140298 256.000000 233.867777 79.284345 74.961604 0.000000 12.059964 92.453340 65.939716 256.000000 250.324916
117.574671 112.150369 0.000000 16.211895 123.395164 106.296160 256.000000 243.204246 70.904251 126.044671 0.000000 8.802956 69.204889 125.821742 256.000000 249.812916 19.063405 82.194638 0.000000 12.098686 18.735064 80.002362 256.000000 253.977756 104.970118 135.263640 64.000000 21.069440 149.060313 131.708565 256.000000 222.861931
29.713513 92.919611 0.000000 25.113809 35.026853 91.475105 256.000000 235.438197 28.783671 111.590424 0.000000 11.302720 25.462935 111.602475 256.000000 251.155302 69.914229 223.583371 64.000000 29.282951 73.785609 221.487202 256.000000 239.689087 17.874247 199.284860 0.000000 14.718921 30.161476 201.143727 256.000000 228.524047
80.322173 28.327384 64.000000 67.635614 80.861215 30.046551 256.000000 189.543216 20.740631 54.454364 64.000000 14.895324 23.587220 53.190880 256.000000 253.620646 99.964427 65.037027 64.000000 8.794351 102.680489 66.606560 256.000000 256.864747 15.853013 107.877484 64.000000 18.595491 15.802325 105.840076 256.000000 239.254532
79.788011 128.326651 0.000000 19.752869 78.554109 127.227833 256.000000 232.211307 37.034860 29.058287 64.000000 17.386483 38.017929 31.147805 256.000000 223.339511 71.587116 37.201785 0.000000 11.917980 66.870815 31.997116 256.000000 231.170097 151.442293 107.671864 64.000000 25.552666 150.375382 108.788444 256.000000 232.340383
61.478242 61.721951 64.000000 15.166383 58.795891 61.684858 256.000000 245.407136 49.719665 43.831056 64.000000 27.308094 52.056500 51.723853 256.000000 239.086734 9.455731 161.047222 0.000000 21.972970 9.767551 155.147082 256.000000 229.982602 66.597295 134.649422 64.000000 56.500693 65.737627 131.738945 256.000000 209.085262
60.761216 16.128760 64.000000 39.862848 57.535487 16.953255 256.000000 200.372659 197.096056 85.961822 64.000000 19.339827 200.979480 76.254620 256.000000 216.012319 146.621844 103.780524 0.000000 38.240798 149.053042 103.225982 256.000000 207.428792 114.831311 200.624005 0.000000 31.059892 115.769215 192.039764 256.000000 225.383208
140.845993 43.208095 0.000000 20.492903 146.430696 58.017540 256.000000 213.770706 111.637507 186.110545 0.000000 25.488128 114.299111 183.536233 256.000000 244.649892 39.090456 122.459375 0.000000 22.274146 44.244333 116.993493 256.000000 251.516714 69.806155 115.182895 64.000000 27.351120 69.585222 121.251102 256.000000 243.152615
60.896091 222.667844 0.000000 10.859560 67.294905 225.239976 256.000000 233.394500 120.472304 78.864029 64.000000 16.698080 137.644362 59.180933 256.000000 259.923838 51.711527 53.298933 64.000000 13.574451 52.733547 57.017896 256.000000 219.256419 136.431315 73.021331 64.000000 17.300433 135.691749 71.026082 256.000000 245.355506
23.564007 163.445976 64.000000 12.701039 27.933562 167.245251 256.000000 266.687400 158.082002 61.954004 0.000000 35.160193 155.160453 63.927415 256.000000 236.393356 122.913582 62.388816 0.000000 16.401206 123.580084 59.200880 256.000000 218.215209 19.475255 101.299287 64.000000 18.061979 23.248405 103.874829 256.000000 233.192281
53.143509 122.333893 0.000000 13.333509 47.979213 130.723204 256.000000 235.033760 30.973882 5.381245 0.000000 15.781643 35.100095 4.878649 256.000000 237.043037 124.736273 99.645225 0.000000 8.785746 145.680918 101.369289 256.000000 256.021453 46.049033 4.126431 64.000000 25.363355 42.629593 5.808533 256.000000 240.928212
82.556413 223.352818 0.000000 19.838920 80.291540 223.642069 256.000000 230.993694 18.232676 63.399031 0.000000 13.079661 20.128116 61.627993 256.000000 269.217281 195.208287 94.690565 64.000000 17.248803 194.819473 95.400975 256.000000 242.477120 163.990195 16.540198 64.000000 20.286382 167.306560 26.790215 256.000000 236.608482
87.966331 128.340711 64.000000 18.900970 76.491693 135.948353 256.000000 230.791475 45.371458 191.393325 64.000000 32.548564 45.944835 189.269635 256.000000 237.146297 116.525573 176.648889 64.000000 9.267628 115.742251 177.558209 256.000000 236.944079 27.623780 135.372816 0.000000 14.594148 31.704938 135.985402 256.000000 226.970838
73.343100 11.098700 64.000000 9.990451 72.430671 11.060415 256.000000 234.332449 58.567322 87.668222 0.000000 21.770751 52.500033 89.371300 256.000000 237.598062 49.969625 179.041080 0.000000 15.626753 49.405216 177.409455 256.000000 236.225558 163.169622 144.090800 0.000000 10.369073 162.944902 146.250655 256.000000 253.431336
173.369822 30.360882 0.000000 20.230449 174.107036 30.669311 256.000000 201.663415 29.696965 61.576584 0.000000 31.808530 35.435462 58.682685 256.000000 230.954971 32.866305 33.283258 64.000000 18.909575 31.789291 34.250825 256.000000 233.187979 152.635251 39.261951 64.000000 15.011492 152.336173 39.033353 256.000000 266.300173
21.991518 89.476091 0.000000 20.208936 28.650509 87.545947 256.000000 234.211979 62.919975 95.139313 0.000000 11.629712 66.446815 94.249202 256.000000 234.272214 42.632949 164.737391 64.000000 46.437098 39.801280 154.872471 256.000000 220.116923 59.264524 137.895904 64.000000 8.605040 59.049818 137.394698 320.000000 259.390326
