106.151464 67.056064 0.000000 35.706613 28.370449 102.971085 256.000000 226.828854 51.077496 152.710075 0.000000 9.091225 59.288522 156.780133 256.000000 246.125657 11.048927 40.141433 0.000000 14.792064 11.507427 43.371684 256.000000 241.474632 28.935753 130.093869 0.000000 38.929201 38.129936 108.293460 256.000000 223.997796
81.972538 36.510020 0.000000 22.958247 73.752098 23.289231 256.000000 247.786429 38.592873 59.130573 0.000000 8.729813 35.708171 60.596033 256.000000 276.837044 113.189873 176.416522 64.000000 20.763962 105.355531 184.973375 256.000000 243.230061 165.479765 29.813153 0.000000 8.914821 166.030249 26.809551 256.000000 231.716517
25.439902 85.267993 64.000000 9.254721 26.206829 87.478611 256.000000 242.261994 67.383767 73.368402 0.000000 19.593676 67.861735 78.403900 256.000000 243.337624 68.965715 173.786771 64.000000 12.739762 59.749856 182.907320 256.000000 223.442771 137.580589 85.048947 64.000000 51.341971 136.812022 86.169258 256.000000 195.429063
52.986509 59.531504 64.000000 27.338212 44.152635 63.194098 256.000000 224.092452 121.867304 35.997375 0.000000 20.957575 122.641545 37.634295 256.000000 251.645790 70.389482 188.853487 0.000000 19.412970 69.231745 188.717593 256.000000 245.596447 35.588591 58.633684 0.000000 19.357037 39.532822 60.909033 256.000000 239.805255
43.020565 34.320745 0.000000 19.645306 43.288682 37.976273 256.000000 229.023140 136.559795 65.212080 64.000000 60.691347 134.796847 62.119131 256.000000 190.425233 157.966233 41.789145 0.000000 12.524636 157.920071 42.034105 256.000000 248.255404 180.565675 49.925264 0.000000 35.599050 175.744987 52.588249 256.000000 218.103344
152.635251 39.261951 64.000000 15.011492 152.336173 39.033353 256.000000 266.300173 39.566238 99.110196 64.000000 28.848397 50.694376 89.868204 256.000000 227.934602 97.301505 31.731827 64.000000 40.602881 92.174669 36.859913 256.000000 246.168682 44.464851 172.984720 0.000000 30.414514 48.782596 175.995935 256.000000 261.507166
48.137982 105.288596 0.000000 18.027559 44.245367 101.207942 256.000000 225.464956 103.973642 50.783127 0.000000 12.993610 94.235671 34.254273 256.000000 236.681625 87.242880 76.875638 64.000000 19.632399 89.007936 69.747860 256.000000 215.676723 117.710613 9.279713 64.000000 17.855458 157.173002 11.948053 256.000000 247.941320
73.997307 120.758804 0.000000 10.330351 74.055360 117.998982 256.000000 224.070939 60.550665 104.422058 0.000000 41.829099 57.400095 101.759451 256.000000 224.677594 155.521615 37.703571 0.000000 13.965980 163.280215 46.213355 256.000000 249.038463 57.887167 74.034560 64.000000 30.969539 46.006238 74.499169 256.000000 219.174671
46.519009 48.315947 0.000000 27.131691 42.953356 62.271975 256.000000 224.582939 47.772602 33.720875 64.000000 8.901914 44.946196 33.599220 256.000000 258.026427 12.574342 115.355069 64.000000 14.120871 2.905271 112.718682 256.000000 232.843777 141.710329 23.462576 64.000000 29.652968 141.023771 31.559071 256.000000 228.937089
37.694705 131.867860 64.000000 37.651353 42.489371 128.005567 256.000000 211.434438 174.820789 25.125349 64.000000 26.099086 172.631455 24.796078 256.000000 208.001027 14.299993 195.929140 0.000000 9.310653 9.643233 198.879960 256.000000 241.814532 156.884247 27.547645 0.000000 13.965980 158.255411 18.071980 256.000000 241.861859
2.372933 169.499325 0.000000 31.980631 6.331631 167.897811 256.000000 217.729025 44.662424 27.565818 0.000000 85.374904 43.917420 25.724880 256.000000 167.918751 49.921345 75.505645 0.000000 10.386283 47.683880 77.378364 256.000000 243.032145 32.627616 38.468147 64.000000 19.873340 35.252684 38.644676 256.000000 240.523776
35.702207 48.098267 64.000000 24.644835 42.931751 60.875165 256.000000 208.766875 85.808625 134.040855 0.000000 9.000872 86.307085 133.054605 256.000000 259.880813 14.850287 95.366520 0.000000 9.319258 15.986207 98.273255 256.000000 249.791404 74.642213 148.151905 0.000000 27.979288 71.921322 146.025013 256.000000 237.679810
11.372622 198.468335 0.000000 15.622450 8.677087 197.582853 256.000000 236.453592 27.831724 197.234445 64.000000 19.421575 29.818404 197.280695 256.000000 242.606195 36.803989 68.999505 64.000000 13.707829 32.946824 71.777545 256.000000 247.472345 115.342533 170.993565 64.000000 19.834617 121.664140 168.214305 256.000000 236.019037
92.764442 30.652949 64.000000 24.610414 90.143807 31.276956 256.000000 227.504350 115.171384 132.500165 0.000000 11.590989 114.915982 131.948744 256.000000 237.154902 14.392018 201.673547 64.000000 9.951729 13.891536 202.058235 256.000000 262.664543 101.719409 23.537553 64.000000 15.557912 100.411595 21.564780 256.000000 260.199200
107.275082 103.733887 64.000000 27.148901 112.043878 95.747878 256.000000 237.481894 37.655033 153.227924 64.000000 13.234552 33.636993 154.167338 256.000000 224.853998 70.796949 80.826553 64.000000 14.409139 85.489256 81.324020 256.000000 232.163979 69.572307 135.447705 64.000000 16.160265 88.086982 124.405600 256.000000 229.272686
90.209698 154.280555 64.000000 32.866950 88.473269 151.284313 256.000000 216.008017 57.820882 88.390396 64.000000 16.177475 55.099602 88.418733 256.000000 247.136749 138.049469 9.105000 0.000000 47.138409 133.076335 14.148667 256.000000 202.158205 163.990195 16.540198 64.000000 20.286382 167.306560 26.790215 256.000000 236.608482
124.827124 135.111280 0.000000 15.988164 119.556015 154.168536 256.000000 258.344813 97.989898 143.792695 64.000000 43.089738 96.881940 135.548073 256.000000 226.755712 46.190585 138.151553 64.000000 13.518518 37.886489 92.406464 256.000000 244.834901 165.136844 88.379500 64.000000 47.383653 142.320258 84.697042 256.000000 198.587113
86.382451 168.375585 0.000000 21.030718 87.688062 168.014135 256.000000 240.799137 37.835218 61.834804 0.000000 13.707829 37.273224 66.981462 256.000000 246.710799 58.714687 33.720707 64.000000 11.780300 58.401382 35.642218 256.000000 211.856085 152.761169 36.093205 64.000000 40.241470 145.420842 35.643447 256.000000 212.647748
134.815598 195.551707 64.000000 30.956631 133.252640 194.638884 256.000000 217.522504 27.221782 46.299796 0.000000 10.485241 25.805585 46.842780 256.000000 238.325188 63.586318 161.313425 64.000000 19.322617 57.325229 161.803693 256.000000 241.930700 42.632949 164.737391 64.000000 46.437098 39.801280 154.872471 256.000000 220.116923
155.733487 49.415509 0.000000 23.057205 159.773731 45.326771 256.000000 240.373187 43.698853 59.863251 0.000000 13.213039 37.904515 54.797520 256.000000 229.096282 111.581669 146.014815 0.000000 51.045097 106.470185 143.044705 256.000000 226.045796 133.685800 147.539351 0.000000 22.011692 131.633365 148.516713 256.000000 251.323101
0.438909 134.105980 64.000000 24.864263 1.619302 134.154433 256.000000 234.586298 54.435540 127.818967 64.000000 13.484098 57.695185 126.590025 256.000000 239.159877 0.947956 2.850824 0.000000 30.311253 4.612867 8.332322 256.000000 224.621662 31.183676 172.661365 64.000000 40.374848 35.056627 171.065767 256.000000 215.091580
134.867638 175.733113 64.000000 29.756228 131.278053 170.870835 256.000000 212.294942 82.519460 9.956218 64.000000 12.184737 80.994987 11.113695 256.000000 236.427777 43.672933 52.850082 0.000000 17.997441 64.132855 53.001762 256.000000 228.739173 93.795107 199.928233 64.000000 25.109507 83.412109 202.157756 256.000000 32.187152
155.712265 158.191467 0.000000 16.379694 154.900664 157.715829 320.000000 246.401018 142.456384 114.602956 0.000000 23.857473 148.095938 97.537513 256.000000 236.105088 187.516047 113.130964 0.000000 16.706685 188.188105 119.355173 256.000000 248.664143 72.104104 58.358636 0.000000 12.782787 71.608455 60.779049 256.000000 232.921223
34.344556 177.771985 64.000000 42.216326 28.940898 177.457331 256.000000 214.588185 121.954842 151.493387 64.000000 40.357638 119.416884 144.441493 256.000000 224.139779 102.185115 137.966235 0.000000 20.419760 103.455755 133.771395 256.000000 234.233491 187.323293 46.449589 0.000000 20.862919 187.892516 49.807495 256.000000 227.801224
49.417665 14.894240 64.000000 13.079661 46.301440 8.690918 256.000000 234.233491 104.532796 30.353487 64.000000 14.972770 102.737702 29.692907 256.000000 229.565257 107.455458 168.466191 64.000000 10.850955 107.225638 168.654633 256.000000 241.220784 129.168147 107.378253 0.000000 19.705542 126.218671 90.826649 256.000000 243.772178
107.926615 194.824993 64.000000 19.881945 110.190704 192.663433 256.000000 235.235978 42.630113 108.694565 64.000000 8.785746 40.814005 110.288055 256.000000 241.556380 112.226209 192.366913 64.000000 10.433611 117.396813 197.045798 256.000000 245.329690 119.879175 70.464253 0.000000 22.515087 117.308413 73.066993 256.000000 227.280619
21.361878 76.456105 64.000000 12.709644 18.311453 80.054353 256.000000 257.350931 1.227538 160.930384 64.000000 27.759859 3.992445 160.228025 256.000000 240.622734 67.748985 111.604560 0.000000 11.195157 60.514551 109.137133 256.000000 226.097426 81.962985 53.185318 0.000000 18.371760 81.113389 50.663324 256.000000 258.555637
95.686764 40.861300 64.000000 28.667691 97.710589 45.241753 256.000000 207.725666 162.411309 109.305433 64.000000 15.992467 162.289307 110.974229 256.000000 243.810901 17.837431 16.989916 0.000000 10.691762 14.855482 18.272404 256.000000 255.117923 30.601027 64.010555 0.000000 24.128532 25.637467 51.931947 256.000000 234.074298
101.273224 27.371656 64.000000 35.603353 96.889745 32.880524 256.000000 207.235178 69.914229 223.583371 64.000000 29.282951 73.785609 221.487202 256.000000 239.689087 149.080335 89.049538 0.000000 21.189911 151.826773 73.488038 256.000000 232.628651 45.748011 14.723320 64.000000 20.277777 47.710165 14.722842 256.000000 228.975812
28.706753 121.950285 64.000000 31.429909 54.737324 132.565645 256.000000 244.176615 20.955538 71.859676 64.000000 15.841879 26.423864 72.204293 256.000000 228.803711 185.595218 68.547236 0.000000 25.526851 182.730076 67.714244 256.000000 194.689030 34.438675 212.674455 64.000000 10.029174 35.939467 213.739004 256.000000 239.331978
39.366278 134.066078 0.000000 37.913806 52.126691 122.604282 256.000000 214.700051 33.015522 41.874109 64.000000 21.035020 32.117800 44.377793 256.000000 245.652379 155.348516 72.619209 0.000000 68.302505 155.328738 72.865965 256.000000 184.169369 122.348936 110.995287 0.000000 11.143527 119.890209 113.292418 256.000000 244.447674
79.680093 111.185675 64.000000 29.119455 81.814385 103.563220 256.000000 218.830470 14.370065 126.734165 64.000000 26.864935 23.108011 83.295036 256.000000 240.954028 27.323335 125.379529 64.000000 11.109107 24.412125 125.734645 256.000000 258.628780 89.881287 165.504169 0.000000 14.572635 97.509929 164.477176 256.000000 228.123913
