13.476255 76.350595 64.000000 24.502851 19.089242 77.472098 256.000000 232.030601 69.620907 59.896633 0.000000 20.023928 85.792611 70.657616 256.000000 239.779440 56.141729 198.529125 0.000000 21.202819 48.311473 201.478609 256.000000 255.475033 9.280864 66.225465 0.000000 17.029374 6.905862 63.754227 256.000000 237.628180
110.149944 84.583931 0.000000 16.254921 116.037622 75.123989 256.000000 254.571503 76.954364 118.284642 64.000000 21.899827 71.157331 122.704824 256.000000 233.063206 104.153620 173.283182 64.000000 11.302720 112.065464 171.966009 256.000000 246.327875 1.033642 157.646918 0.000000 28.917237 7.657093 156.184027 256.000000 221.536755
67.207098 114.751053 0.000000 18.543861 67.195098 111.633829 256.000000 248.694261 84.387898 16.284607 0.000000 28.340699 91.824376 27.616747 256.000000 231.996181 84.653578 218.273285 0.000000 22.489272 86.015591 217.375867 256.000000 219.686671 153.462440 31.788015 64.000000 18.789105 152.840687 31.011302 256.000000 228.209963
31.262835 31.744555 64.000000 19.817407 32.138045 35.180987 256.000000 222.001427 80.531773 195.532182 64.000000 40.039251 76.005631 198.973893 256.000000 179.242983 48.607022 190.166471 64.000000 15.084635 44.677344 189.900267 256.000000 222.160620 119.845491 67.785267 0.000000 19.821710 140.649409 2.973449 256.000000 225.430535
126.487669 34.262180 0.000000 14.903929 124.454476 33.293100 256.000000 248.552278 72.270253 191.500533 64.000000 15.080333 71.314385 190.828155 256.000000 232.172584 107.275082 103.733887 64.000000 27.148901 112.043878 95.747878 256.000000 237.481894 28.424735 113.891418 0.000000 18.156634 24.725631 112.322067 256.000000 248.139236
56.216573 55.302718 64.000000 31.012564 49.895987 54.377133 256.000000 210.965463 21.791989 75.227451 0.000000 15.566517 26.627236 78.584315 256.000000 245.712615 182.368996 133.143409 64.000000 17.593004 181.107029 138.294527 256.000000 243.363439 160.196462 118.540664 64.000000 17.373576 158.485171 124.654355 256.000000 232.805055
134.451662 190.570024 0.000000 28.788161 134.307729 186.378338 256.000000 230.847408 67.789505 37.951442 64.000000 21.387827 70.713189 44.353738 256.000000 242.941792 7.790649 12.633595 64.000000 14.865207 14.198675 9.394529 256.000000 235.756583 32.049758 4.973905 64.000000 9.891493 33.376600 4.871907 256.000000 236.944079
78.329767 199.098889 64.000000 29.222716 71.789960 196.888847 256.000000 236.827911 45.848940 97.579100 64.000000 30.930816 52.911318 88.678998 256.000000 250.023740 66.530349 104.166664 0.000000 11.479123 63.793651 105.098335 256.000000 230.997996 14.350007 117.136873 64.000000 11.195157 12.633284 115.492778 256.000000 235.507037
121.834673 90.374844 0.000000 14.684501 120.632485 88.024182 256.000000 233.058903 116.549295 113.902927 64.000000 31.322346 96.423324 114.643404 256.000000 231.574534 16.463016 76.294175 64.000000 24.425406 29.132931 75.010307 256.000000 218.834772 12.311309 72.558504 0.000000 11.621107 13.992785 72.649478 256.000000 226.562098
115.898905 141.016955 0.000000 15.273946 115.587024 139.910907 256.000000 239.869793 30.576245 129.767600 64.000000 13.725039 31.886511 128.416784 256.000000 235.976012 30.966696 108.239598 0.000000 12.795694 24.189013 115.099655 256.000000 237.477591 28.935753 130.093869 0.000000 38.929201 38.129936 108.293460 256.000000 223.997796
102.155133 31.163438 64.000000 10.390586 102.148633 26.658016 256.000000 247.188379 46.178275 29.422133 0.000000 11.031661 54.897660 25.254749 256.000000 247.812244 29.986216 175.370064 64.000000 58.195886 30.426882 144.158616 256.000000 206.047683 37.034860 29.058287 64.000000 17.386483 38.017929 31.147805 256.000000 223.339511
65.720940 79.588853 64.000000 11.849140 72.781016 83.275278 256.000000 65.432724 157.783367 171.103318 64.000000 38.064394 144.700933 149.692202 256.000000 215.474504 79.896958 84.966682 64.000000 18.539559 76.528782 81.907047 256.000000 215.332521 142.751244 152.214238 64.000000 23.969339 142.147807 150.697493 256.000000 228.941392
63.032120 138.717289 0.000000 18.935391 54.930244 147.083993 256.000000 244.809085 75.149773 150.736220 64.000000 45.933704 74.603380 143.938525 256.000000 220.332049 55.035293 48.505095 0.000000 21.732029 54.992909 57.312585 256.000000 243.681825 5.524511 18.213415 64.000000 10.011964 7.779247 12.352327 256.000000 268.989248
65.642622 131.641896 64.000000 10.205577 67.518142 130.515493 256.000000 234.999340 113.475704 67.711318 0.000000 38.017067 107.703027 58.502596 256.000000 215.220655 137.583022 74.966907 64.000000 15.252433 136.801649 75.411773 256.000000 43.575923 28.759756 220.549487 0.000000 36.894109 35.434116 216.386576 256.000000 223.077057
63.849415 16.428629 64.000000 11.771695 65.285344 17.258493 256.000000 249.451505 16.718587 59.277605 0.000000 20.905945 6.692265 65.552684 256.000000 228.700451 28.638664 120.601296 0.000000 74.708957 34.909796 98.867718 256.000000 192.542073 170.317200 45.992345 0.000000 25.501036 168.730695 44.934558 256.000000 235.593088
97.134275 46.614773 0.000000 32.957303 87.556209 55.701964 256.000000 208.409766 167.958551 102.734515 64.000000 35.074143 169.665905 86.873975 256.000000 11.096199 87.247485 28.948798 64.000000 11.973913 110.669560 31.571611 256.000000 227.173056 99.089029 73.494718 64.000000 39.114209 53.255862 54.557236 256.000000 229.517929
73.343100 11.098700 64.000000 9.990451 72.430671 11.060415 256.000000 234.332449 59.684571 142.837867 64.000000 20.819894 68.654338 146.831145 256.000000 232.318870 40.963700 114.317300 64.000000 26.477708 35.802769 113.961044 256.000000 233.101929 52.835247 51.781378 64.000000 16.052702 69.583842 68.863142 256.000000 230.692517
40.807118 137.074545 0.000000 29.158178 38.125115 131.977849 256.000000 230.477391 132.254745 95.617764 64.000000 18.586886 132.288778 102.900625 256.000000 218.765932 45.863222 182.546398 0.000000 11.294115 60.562124 195.353315 256.000000 249.408479 100.316613 197.790725 0.000000 12.059964 99.980967 198.044084 256.000000 254.541386
14.969855 76.519402 64.000000 20.148701 23.040969 70.603035 256.000000 221.816419 169.481160 114.341538 64.000000 41.743049 162.836040 107.508276 256.000000 228.278804 6.121129 50.540804 64.000000 24.386683 4.619609 37.717415 256.000000 253.013991 15.732433 71.100818 0.000000 36.993067 34.618465 56.096369 256.000000 210.629867
90.722300 206.812796 64.000000 13.471190 93.482000 206.273115 256.000000 242.580380 50.661320 13.343282 0.000000 94.427406 50.759442 17.372767 256.000000 154.550821 29.946147 153.844311 64.000000 9.362284 31.836524 155.488087 256.000000 242.976212 114.675327 2.663184 64.000000 21.929944 112.887947 2.878707 256.000000 255.591201
24.344376 34.909791 0.000000 10.437914 0.733487 29.365676 256.000000 234.921895 131.568742 81.351798 64.000000 14.891022 131.614380 87.796035 256.000000 234.672348 101.455913 38.546889 0.000000 8.768536 101.687258 39.058967 256.000000 246.921623 45.448820 219.410891 64.000000 39.712260 52.658175 217.205107 256.000000 208.573262
98.324007 109.864767 0.000000 9.310653 127.810304 128.243756 256.000000 260.969351 13.751682 198.480631 0.000000 35.284967 16.449680 193.237898 256.000000 211.580724 67.382816 48.964689 64.000000 26.671321 65.172365 53.092329 256.000000 231.454063 29.669936 126.116858 64.000000 18.044769 33.509651 126.609618 256.000000 231.316383
129.664558 14.607167 0.000000 10.773510 130.885924 7.580882 256.000000 242.356649 130.875251 17.905333 64.000000 22.596835 130.069482 18.780515 256.000000 229.862131 67.439509 115.580562 0.000000 12.649409 67.551038 111.647540 256.000000 220.258906 165.222055 14.368304 64.000000 46.144527 153.140287 8.989713 256.000000 214.459109
11.200864 93.048440 0.000000 14.736131 9.096205 102.741642 256.000000 257.806998 138.180147 146.572015 64.000000 31.270715 134.197495 147.151211 256.000000 216.253260 78.714431 81.779155 64.000000 9.379494 77.498058 85.266055 256.000000 249.735471 95.115367 96.375140 64.000000 16.134450 101.549136 90.896447 256.000000 239.073826
73.226153 125.661675 64.000000 17.373576 97.698358 126.813696 256.000000 252.041622 90.839356 130.963618 64.000000 41.403150 92.251387 128.158002 256.000000 193.174543 106.151464 67.056064 0.000000 35.706613 28.370449 102.971085 256.000000 226.828854 1.227538 160.930384 64.000000 27.759859 3.992445 160.228025 256.000000 240.622734
89.312647 44.078720 64.000000 76.133091 87.619060 43.496507 256.000000 186.621805 46.820093 42.518704 0.000000 9.151460 48.596529 34.339673 256.000000 233.536483 49.867045 72.522993 64.000000 16.560399 52.914371 68.374784 256.000000 231.927341 78.688636 209.415004 0.000000 25.759187 73.828622 205.086965 256.000000 225.744619
78.277104 69.011047 64.000000 24.494246 75.784653 68.152935 256.000000 244.770363 185.373695 123.401415 64.000000 33.357438 183.118020 122.683873 256.000000 239.375003 73.115662 177.791065 64.000000 35.478580 113.752104 141.925847 256.000000 213.516858 46.062258 11.126525 64.000000 24.494246 47.256376 13.029269 256.000000 244.430464
88.433700 77.243691 64.000000 14.843694 87.421540 77.315740 256.000000 210.595446 136.530042 62.118431 64.000000 15.458954 140.978960 54.573778 256.000000 253.491571 68.771984 151.948189 64.000000 27.234952 65.926095 148.043449 256.000000 234.758399 73.523582 162.914169 64.000000 17.584399 57.941073 177.223365 256.000000 222.500519
63.611240 48.527891 0.000000 12.326720 58.643733 49.366709 256.000000 233.347172 38.531262 139.901615 0.000000 9.009477 32.591716 147.580916 256.000000 261.507166 54.150784 60.002016 64.000000 10.799325 57.001325 65.166235 256.000000 223.653595 170.316742 44.902938 0.000000 33.895253 166.304284 56.071504 256.000000 231.690702
46.831578 45.719949 64.000000 11.220972 42.747238 40.526605 256.000000 240.506565 86.240676 107.697598 0.000000 17.567189 75.580435 136.538080 256.000000 241.651036 8.852495 220.880264 0.000000 27.140296 7.600442 216.164395 256.000000 216.455479 20.740631 54.454364 64.000000 14.895324 23.587220 53.190880 256.000000 253.620646
122.039611 64.502769 64.000000 16.547492 123.434231 67.466018 256.000000 240.657154 169.816267 20.145122 64.000000 23.250818 169.491811 22.667358 256.000000 207.932187 31.022807 172.318958 64.000000 38.098815 37.522900 158.186909 256.000000 221.553965 42.632949 164.737391 64.000000 46.437098 39.801280 154.872471 256.000000 220.116923
0.605618 34.451922 0.000000 11.268300 2.386611 35.956529 256.000000 244.460581 19.538933 112.978591 0.000000 8.927729 16.000482 122.827129 256.000000 246.185892 31.574698 59.954742 64.000000 27.764162 48.820542 64.235796 256.000000 224.802367 92.294133 17.688755 0.000000 67.188152 92.158975 11.076227 256.000000 172.552565
