170.281976 118.606555 64.000000 40.168327 165.353196 116.893511 256.000000 208.470002 106.352396 19.300249 0.000000 13.802484 105.529300 19.672107 256.000000 249.571975 101.137956 31.597565 64.000000 17.390786 100.454415 32.649235 256.000000 242.778296 185.639733 90.588958 0.000000 34.596563 166.404760 81.104022 256.000000 230.705425
153.561538 171.973191 0.000000 36.442344 151.285382 168.335444 256.000000 217.135277 57.363764 78.455084 0.000000 12.546148 59.067907 85.094033 256.000000 233.424618 104.852309 154.741280 64.000000 15.114753 116.107822 155.384298 256.000000 236.221256 186.581918 115.775871 64.000000 12.206249 187.352098 115.047849 320.000000 244.159405
7.181407 91.196636 64.000000 72.157563 5.112496 89.648982 256.000000 178.120025 21.426833 71.801689 0.000000 13.178619 28.353511 73.046296 256.000000 238.682297 15.931602 131.644269 64.000000 11.513544 13.473002 131.712433 256.000000 231.738030 67.225387 180.453080 64.000000 20.411155 65.552587 180.273385 256.000000 240.076313
172.250418 71.563167 0.000000 19.129004 171.455998 69.903000 256.000000 242.683641 101.452973 44.527807 64.000000 28.882817 96.066711 55.293458 256.000000 216.472689 155.348516 72.619209 0.000000 68.302505 155.328738 72.865965 256.000000 184.169369 46.190585 138.151553 64.000000 13.518518 37.886489 92.406464 256.000000 244.834901
34.105015 226.791178 0.000000 10.394888 24.707860 234.605787 256.000000 237.309793 20.947749 107.246544 0.000000 16.857273 8.592305 120.092782 256.000000 250.152815 14.933191 12.650040 0.000000 12.752669 7.379285 13.048869 256.000000 241.199271 40.889696 50.948538 0.000000 11.388770 43.166911 53.849415 256.000000 245.183405
4.158878 4.415322 0.000000 21.267356 5.439978 7.520665 256.000000 218.215209 17.457973 139.377976 64.000000 32.643219 32.364325 142.490380 256.000000 228.541257 36.688633 231.815058 64.000000 20.600466 32.564958 232.072155 256.000000 246.271942 99.530796 66.998975 64.000000 20.905945 97.359785 66.493645 256.000000 223.903141
176.384225 55.683924 0.000000 13.656198 179.662362 48.764924 256.000000 238.174600 164.988636 74.973093 0.000000 20.570348 165.097602 77.915595 256.000000 240.480750 89.934624 78.981365 64.000000 32.333438 66.696462 86.533065 256.000000 229.083375 140.427405 137.635998 64.000000 12.731157 139.585753 141.169060 256.000000 263.215266
2.701676 129.711416 0.000000 33.671522 9.942500 118.365160 256.000000 229.354434 16.718587 59.277605 0.000000 20.905945 6.692265 65.552684 256.000000 228.700451 28.601515 115.262644 64.000000 30.255321 34.710469 104.515171 256.000000 210.285665 132.254745 95.617764 64.000000 18.586886 132.288778 102.900625 256.000000 218.765932
57.211716 129.462455 64.000000 30.702783 51.195489 129.361476 256.000000 231.277660 114.910576 61.105809 0.000000 30.608127 111.520813 63.836645 256.000000 216.365126 45.804642 150.757478 0.000000 47.822510 27.596793 121.606171 256.000000 205.789532 15.313413 51.961855 64.000000 78.650066 18.620264 55.702796 256.000000 198.066508
133.784285 119.429318 64.000000 24.989036 131.650522 120.041176 256.000000 257.613385 6.321005 100.111393 0.000000 17.175660 9.165342 96.651213 256.000000 234.810029 60.143769 149.743200 64.000000 25.010549 59.805822 147.700695 256.000000 227.805526 156.744635 59.425484 0.000000 9.525779 157.335645 60.656424 256.000000 242.834229
66.597295 134.649422 64.000000 56.500693 65.737627 131.738945 256.000000 209.085262 132.299351 112.659469 64.000000 10.394888 132.538487 111.445355 256.000000 223.550334 15.799413 62.172425 64.000000 14.865207 6.166602 61.106196 256.000000 253.465756 58.726013 100.350331 64.000000 17.683357 66.840471 96.155435 256.000000 237.021524
25.823909 87.685482 0.000000 12.176132 29.892762 87.371789 256.000000 223.141595 132.876520 133.013911 0.000000 8.794351 138.398207 147.697769 256.000000 241.844649 105.860751 90.166991 64.000000 20.574651 103.199769 85.817289 256.000000 230.012719 78.187447 83.806511 64.000000 10.575594 76.698942 83.350284 256.000000 264.815803
157.966233 41.789145 0.000000 12.524636 157.920071 42.034105 256.000000 248.255404 140.836731 74.120040 64.000000 32.677639 138.662240 74.737816 256.000000 219.075713 86.855347 117.892760 64.000000 14.172501 85.076131 118.514053 256.000000 234.332449 28.203442 39.138742 0.000000 20.445575 13.961553 42.309956 256.000000 230.791475
54.616044 0.193547 0.000000 26.383053 46.917902 11.652038 256.000000 215.461597 82.590565 68.732560 0.000000 8.936334 82.512684 70.822567 256.000000 247.528278 91.165540 140.214647 0.000000 51.432324 90.236245 138.926111 256.000000 205.023683 27.198942 179.437367 64.000000 47.375048 29.440520 175.246562 256.000000 219.234907
15.403065 129.376216 0.000000 42.564830 19.625831 131.507342 256.000000 205.406607 95.115367 96.375140 64.000000 16.134450 101.549136 90.896447 256.000000 239.073826 146.026838 26.506289 64.000000 9.043897 146.104756 25.603136 256.000000 251.443571 129.884696 33.697445 64.000000 24.984734 127.836040 34.679527 256.000000 237.679810
3.159260 120.385887 0.000000 10.270115 4.538987 123.523689 256.000000 244.895136 78.580771 29.415876 0.000000 30.414514 41.367289 62.637673 256.000000 231.161492 94.667820 102.690209 64.000000 33.671522 95.388856 90.139018 256.000000 227.938905 6.400200 12.614965 0.000000 43.872796 11.777736 26.763136 256.000000 233.144954
41.894729 128.676638 0.000000 26.770279 55.655640 115.037045 256.000000 214.334336 36.333775 108.164769 0.000000 13.015123 41.984209 110.498958 256.000000 221.708856 23.564007 163.445976 64.000000 12.701039 27.933562 167.245251 256.000000 266.687400 180.565675 49.925264 0.000000 35.599050 175.744987 52.588249 256.000000 218.103344
28.136462 186.115193 0.000000 18.918180 37.678809 191.971800 256.000000 228.842434 167.699796 156.043395 0.000000 38.778613 165.708720 156.841102 256.000000 209.864018 53.140173 12.335458 64.000000 32.402278 52.753300 18.934149 256.000000 230.572047 114.548991 102.580769 64.000000 33.727454 143.441762 109.170031 256.000000 192.460325
21.434338 106.635644 64.000000 23.504667 22.198865 103.332280 256.000000 232.525391 134.561378 92.812820 64.000000 8.613645 139.149138 97.960269 256.000000 275.778624 72.590818 166.390344 0.000000 12.881745 71.052045 166.887513 256.000000 245.428648 20.063862 26.679491 64.000000 14.417745 21.390322 27.271420 256.000000 242.735271
27.831724 197.234445 64.000000 19.421575 29.818404 197.280695 256.000000 242.606195 87.966331 128.340711 64.000000 18.900970 76.491693 135.948353 256.000000 230.791475 52.008969 48.048593 64.000000 22.992667 48.742478 41.668767 256.000000 258.435166 107.606258 91.857258 64.000000 21.951457 109.809005 86.129151 256.000000 237.860516
7.629267 101.391305 0.000000 21.486785 9.283584 97.280656 256.000000 238.669389 96.109967 79.163733 64.000000 45.421704 94.951395 78.679838 256.000000 197.782542 31.521409 76.369736 64.000000 15.992467 33.104307 80.159671 256.000000 253.741117 42.815916 84.332536 64.000000 16.022584 43.966887 82.223796 256.000000 224.135477
101.455913 38.546889 0.000000 8.768536 101.687258 39.058967 256.000000 246.921623 58.202858 46.666562 64.000000 11.023056 56.071733 45.895847 256.000000 250.122698 139.988422 153.281815 0.000000 10.786418 144.404969 151.643400 256.000000 244.817691 30.214258 168.062596 64.000000 19.425878 33.672060 165.910695 256.000000 231.596047
70.796949 80.826553 64.000000 14.409139 85.489256 81.324020 256.000000 232.163979 97.943598 18.903022 64.000000 19.034348 98.183809 21.661776 256.000000 242.184548 22.338982 52.499553 0.000000 16.736803 30.623811 55.126027 256.000000 224.501191 41.928820 101.312849 64.000000 15.304064 46.245891 101.398636 256.000000 240.123641
110.549725 96.654342 0.000000 23.633742 109.261975 96.022325 256.000000 239.280347 29.616918 21.785802 64.000000 24.773910 25.552400 22.861838 256.000000 243.612985 137.216629 17.402938 64.000000 18.634214 135.695451 15.337847 256.000000 233.897895 2.808724 151.635740 0.000000 23.009877 3.930593 148.924642 256.000000 253.031201
41.657442 37.392520 64.000000 21.947155 42.290584 41.641018 256.000000 236.888146 88.437036 23.932658 0.000000 13.832602 89.975596 25.366416 256.000000 241.861859 38.326205 91.274842 0.000000 13.811089 40.443640 88.092249 256.000000 254.683369 68.490764 22.267918 0.000000 32.436698 64.191864 25.417991 256.000000 227.766804
130.749885 73.917576 0.000000 12.417073 137.001333 86.876558 256.000000 234.134533 72.918265 70.390338 0.000000 13.815392 116.049187 104.100233 256.000000 245.949253 16.206691 55.065833 64.000000 21.465272 8.386422 57.140327 256.000000 235.231676 21.104158 47.340460 64.000000 25.032061 75.702991 62.634087 256.000000 232.921223
156.309765 105.320293 0.000000 10.016267 157.380147 103.466429 256.000000 223.640687 119.029505 138.226840 64.000000 17.562887 118.002580 137.358964 256.000000 223.580452 73.907073 85.199971 64.000000 9.676367 83.206198 82.148160 256.000000 250.832613 13.750282 10.684022 64.000000 22.420432 23.384805 11.923582 256.000000 240.549591
90.196784 40.513240 64.000000 12.765577 88.165184 39.900018 256.000000 246.388110 100.509338 178.095718 0.000000 33.288597 100.295702 168.861435 256.000000 226.910602 17.617282 4.553747 64.000000 12.967795 16.764169 4.981395 256.000000 250.600277 36.919415 113.141022 64.000000 33.822110 47.836253 85.006742 256.000000 233.372987
127.641767 161.080665 0.000000 29.704598 127.685655 158.390493 256.000000 245.157590 70.177184 58.365538 64.000000 22.678583 67.081213 58.369976 256.000000 229.560955 3.400516 120.934451 0.000000 24.330751 5.061380 120.660231 256.000000 238.854398 99.613667 19.819673 64.000000 25.010549 102.315535 34.196420 256.000000 228.506837
162.006562 36.291051 0.000000 21.275961 162.120491 39.549605 256.000000 240.579708 131.527216 122.963213 64.000000 38.305336 122.757565 103.821824 256.000000 219.738301 127.679980 168.588975 0.000000 32.419488 127.414318 166.252578 256.000000 240.394700 116.420562 176.236607 0.000000 46.755485 102.588656 151.522051 256.000000 212.368085
8.238425 154.979611 0.000000 8.622250 3.976993 155.641309 256.000000 247.928412 12.151195 143.453371 0.000000 16.177475 9.006469 137.030282 256.000000 243.638800 16.933209 79.529665 0.000000 23.711188 20.921607 63.080289 256.000000 226.002771 6.854051 201.030160 0.000000 9.835561 7.654138 200.552518 256.000000 243.694733
109.555258 68.136449 64.000000 15.334181 107.701353 64.161651 256.000000 236.647205 50.864775 91.942558 0.000000 18.307223 44.109647 97.514236 256.000000 245.041422 33.884593 99.436165 0.000000 9.667762 35.840022 97.529395 256.000000 248.874967 131.191438 72.384127 0.000000 11.732972 131.514380 71.377284 256.000000 249.425689
