57.835878 184.764602 64.000000 8.665275 55.818347 187.807615 256.000000 245.037119 9.250653 11.833258 64.000000 17.089609 10.334025 12.598653 256.000000 248.040278 170.600222 104.232847 64.000000 17.524164 172.744616 99.252076 256.000000 243.152615 10.378567 145.445604 64.000000 13.944467 12.352271 146.608091 256.000000 241.956515
16.407253 92.508484 64.000000 10.696065 17.107229 99.356711 256.000000 243.483909 77.329744 59.770865 0.000000 15.979559 75.291253 35.729687 256.000000 249.916177 48.137982 105.288596 0.000000 18.027559 44.245367 101.207942 256.000000 225.464956 151.941876 50.780047 64.000000 21.882617 150.941267 53.180915 256.000000 243.815203
65.966607 108.024138 0.000000 92.740819 66.438907 108.865060 256.000000 162.355592 27.221782 46.299796 0.000000 10.485241 25.805585 46.842780 256.000000 238.325188 12.615616 41.570536 0.000000 21.753541 11.283289 45.913340 256.000000 239.159877 88.652798 117.228875 0.000000 43.713603 77.585624 64.212338 256.000000 205.574406
22.719300 22.892785 0.000000 23.792936 63.848687 8.297907 256.000000 230.520417 27.857740 83.771762 64.000000 82.165224 33.385389 87.815365 256.000000 194.671820 104.584565 154.030913 64.000000 24.838448 99.435751 157.263889 256.000000 236.006130 31.022807 172.318958 64.000000 38.098815 37.522900 158.186909 256.000000 221.553965
15.325745 54.599267 0.000000 16.607727 16.104395 57.975176 256.000000 229.410366 11.139053 140.219680 64.000000 18.023256 14.246484 139.982996 256.000000 248.492043 180.565675 49.925264 0.000000 35.599050 175.744987 52.588249 256.000000 218.103344 49.969625 179.041080 0.000000 15.626753 49.405216 177.409455 256.000000 236.225558
90.170676 58.843735 0.000000 35.078446 84.162544 61.515293 256.000000 207.209363 71.408536 20.798018 0.000000 23.659557 65.144698 20.323435 256.000000 215.990807 35.702207 48.098267 64.000000 24.644835 42.931751 60.875165 256.000000 208.766875 65.280440 73.275129 0.000000 16.117240 54.983560 67.066862 256.000000 231.286265
36.938931 70.160118 64.000000 14.555425 36.359825 73.323798 256.000000 242.890162 146.022342 65.184469 64.000000 32.273203 137.681942 61.783749 256.000000 214.988319 68.387075 108.106693 0.000000 19.757172 65.763811 106.050015 256.000000 235.326331 69.241518 79.585076 0.000000 17.997441 72.583980 90.443456 256.000000 229.040350
173.383827 54.054785 0.000000 19.064466 173.347960 55.717825 256.000000 230.369828 31.574698 59.954742 64.000000 27.764162 48.820542 64.235796 256.000000 224.802367 148.576569 79.538273 64.000000 16.001072 145.584018 82.853556 256.000000 230.103072 117.771189 84.190098 0.000000 17.214383 122.831749 87.467305 256.000000 235.932987
90.386780 130.897556 64.000000 50.034005 92.475251 139.258216 256.000000 230.365526 121.052676 94.079282 0.000000 10.631527 125.678235 100.523535 256.000000 244.611170 174.820789 25.125349 64.000000 26.099086 172.631455 24.796078 256.000000 208.001027 156.955900 96.356809 64.000000 24.132835 156.297120 97.753695 256.000000 239.375003
38.135935 144.541271 64.000000 19.770079 31.734284 143.199116 256.000000 219.811444 132.948542 81.915120 0.000000 31.756900 129.881844 81.158320 256.000000 223.657897 85.808625 134.040855 0.000000 9.000872 86.307085 133.054605 256.000000 259.880813 123.191898 58.099889 64.000000 9.568804 164.380047 16.179065 256.000000 235.334936
130.329238 148.849509 0.000000 15.261038 130.940582 141.934791 256.000000 232.314567 15.403065 129.376216 0.000000 42.564830 19.625831 131.507342 256.000000 205.406607 68.693144 110.341615 64.000000 11.952401 75.819742 109.619422 256.000000 227.994837 44.533098 208.825487 0.000000 8.794351 47.987598 211.600984 256.000000 263.103401
75.502220 112.963455 64.000000 25.720465 74.815976 108.018075 256.000000 243.333321 119.615129 0.871302 64.000000 19.993810 116.690051 -0.000004 256.000000 220.306234 128.975316 9.342176 64.000000 32.918581 129.588589 10.907895 256.000000 236.875239 69.572307 135.447705 64.000000 16.160265 88.086982 124.405600 256.000000 229.272686
89.934624 78.981365 64.000000 32.333438 66.696462 86.533065 256.000000 229.083375 21.279987 50.342884 64.000000 10.007662 17.944264 50.554445 256.000000 252.045924 124.569900 103.935353 64.000000 27.424262 123.782749 97.970835 256.000000 54.930273 60.730109 78.543518 0.000000 11.143527 63.801280 77.804675 256.000000 231.716517
128.003165 19.445631 64.000000 51.092425 108.348384 21.324869 256.000000 211.791547 46.052729 118.608520 0.000000 15.678383 38.172271 119.564787 256.000000 226.544888 66.957269 196.973951 64.000000 16.977744 76.775687 197.127349 256.000000 243.535540 11.357169 158.736756 64.000000 37.943924 11.785013 142.982613 256.000000 223.262065
68.490182 196.402231 64.000000 18.711659 69.354405 194.976616 256.000000 239.099641 125.640809 92.240009 64.000000 34.790177 115.589791 95.612336 256.000000 226.884787 119.563222 77.530716 0.000000 15.889206 118.144687 77.751587 256.000000 225.589729 31.064222 113.639178 0.000000 21.366314 26.660300 112.214151 256.000000 236.776281
125.017922 11.136875 64.000000 21.787961 125.068467 11.186591 256.000000 241.616616 90.623665 76.589364 0.000000 11.453308 89.523520 75.939436 256.000000 253.530294 97.943598 18.903022 64.000000 19.034348 98.183809 21.661776 256.000000 242.184548 48.951427 50.545458 64.000000 11.074686 48.197462 52.050542 256.000000 236.328819
48.235713 18.860096 64.000000 21.689003 48.195111 21.396524 256.000000 250.195841 50.267040 9.643025 0.000000 20.699424 63.765180 8.912740 256.000000 240.222599 69.412076 71.001931 0.000000 9.048200 68.706918 71.620505 256.000000 256.456007 15.163807 110.402044 64.000000 15.566517 13.531762 110.427789 256.000000 241.956515
124.770665 151.260411 64.000000 13.677711 126.822055 150.330655 256.000000 240.424818 74.153193 167.339555 0.000000 23.814448 57.889880 170.657751 256.000000 221.420587 150.402936 184.500958 64.000000 63.298674 132.952382 163.588293 256.000000 181.050042 151.255405 8.729204 64.000000 11.728670 151.111173 7.973893 256.000000 266.683097
105.010367 68.173749 64.000000 14.908232 121.629629 84.296958 256.000000 224.587241 98.865836 79.969220 0.000000 20.419760 102.049502 72.049715 256.000000 222.384351 80.368753 80.796496 0.000000 9.052502 86.351784 80.322413 256.000000 247.795034 24.094909 156.069013 0.000000 18.595491 13.543698 147.584393 256.000000 234.637928
92.757333 191.152113 0.000000 15.033005 95.058691 191.437778 256.000000 236.776281 97.301505 31.731827 64.000000 40.602881 92.174669 36.859913 256.000000 246.168682 58.121231 92.188902 64.000000 54.577466 59.308316 96.001102 256.000000 202.248558 4.763985 131.091376 0.000000 11.337140 8.067956 133.378438 256.000000 252.859100
69.932511 41.632251 64.000000 18.298618 73.251469 45.407082 256.000000 240.300045 179.955591 65.637891 64.000000 36.442344 176.763462 68.254240 256.000000 205.742204 29.888629 62.214222 64.000000 14.426350 36.590316 58.375109 256.000000 233.532181 28.424735 113.891418 0.000000 18.156634 24.725631 112.322067 256.000000 248.139236
84.981818 25.383867 64.000000 41.489200 93.577064 51.111898 256.000000 222.324116 24.227071 73.704742 0.000000 34.192126 21.174500 74.568956 256.000000 212.109933 58.535515 21.703302 0.000000 25.440801 55.598349 27.464729 256.000000 221.674435 107.173578 85.154125 0.000000 20.613373 104.785133 85.571400 256.000000 232.271542
39.339520 190.269891 64.000000 16.762618 39.082633 189.195998 256.000000 244.796178 76.400231 74.012376 64.000000 11.169342 75.350967 73.451044 256.000000 247.330362 41.971773 31.529531 0.000000 10.523964 51.826876 20.715309 256.000000 225.030401 63.586318 161.313425 64.000000 19.322617 57.325229 161.803693 256.000000 241.930700
139.302869 66.163355 64.000000 20.510113 138.646609 69.850055 256.000000 238.660784 64.109078 170.855984 64.000000 31.675152 61.882016 169.720016 256.000000 224.182805 137.144115 48.046775 0.000000 24.937406 136.813062 49.071924 256.000000 241.397187 18.536084 145.631444 0.000000 24.386683 21.125956 148.255602 256.000000 238.217625
27.323335 125.379529 64.000000 11.109107 24.412125 125.734645 256.000000 258.628780 136.611689 161.142276 0.000000 10.162552 136.830715 161.401247 256.000000 243.212851 91.709065 69.476822 64.000000 10.863863 90.823562 68.257062 256.000000 248.672748 128.952976 147.381224 64.000000 20.114281 131.898395 143.924013 256.000000 234.921895
57.436098 138.651549 0.000000 36.481067 63.257880 131.053529 256.000000 212.036791 132.611718 39.715607 0.000000 26.886447 123.742133 25.307864 256.000000 246.814060 102.562905 107.144187 64.000000 14.249946 103.522555 104.520411 256.000000 232.559811 24.682531 141.253156 64.000000 42.100158 26.303105 137.965091 256.000000 209.136892
90.280398 200.981644 64.000000 18.668634 91.120215 200.948415 256.000000 224.505494 142.077316 20.506860 0.000000 13.793879 144.545789 24.138209 256.000000 247.627236 11.118744 72.995644 64.000000 21.443760 11.578755 75.608025 256.000000 241.573590 148.740002 103.166345 64.000000 12.150316 150.509429 100.763251 256.000000 240.579708
19.268498 76.583405 0.000000 12.309510 20.192465 72.181071 256.000000 234.934802 53.140138 90.721827 0.000000 11.449006 49.790127 94.767793 256.000000 248.909387 139.658076 88.439284 64.000000 58.677768 137.926760 90.201202 256.000000 201.366541 60.209084 31.869476 64.000000 14.985677 72.648447 29.985807 256.000000 243.083775
87.384409 35.407878 0.000000 12.128804 89.055658 36.643133 256.000000 234.827239 29.986216 175.370064 64.000000 58.195886 30.426882 144.158616 256.000000 206.047683 52.787342 221.776605 64.000000 27.587758 56.796698 219.929216 256.000000 247.790732 31.570189 68.846085 0.000000 13.329207 31.515015 72.749455 256.000000 255.836444
48.036545 135.838311 64.000000 46.536056 50.327805 129.741871 256.000000 213.159748 119.058278 32.172189 0.000000 23.668163 117.019845 34.182271 256.000000 229.530837 80.531773 195.532182 64.000000 40.039251 76.005631 198.973893 256.000000 179.242983 5.470371 185.947998 64.000000 20.449878 1.686704 180.753358 256.000000 242.180246
33.479500 165.327069 0.000000 56.375920 7.668302 148.384945 256.000000 214.063278 67.180845 88.996735 0.000000 8.738418 69.785591 85.458329 256.000000 247.928412 31.183676 172.661365 64.000000 40.374848 35.056627 171.065767 256.000000 215.091580 104.499053 145.678376 64.000000 25.509641 101.103455 146.167935 256.000000 255.698764
121.399242 60.704349 0.000000 16.491559 124.812651 66.438678 256.000000 237.916448 150.043907 177.554867 0.000000 13.329207 149.310547 178.797511 256.000000 261.412510 52.958107 148.508600 64.000000 35.069841 57.502473 147.311713 256.000000 214.695748 133.659033 94.166764 64.000000 56.599651 119.005035 115.297727 256.000000 194.241568
