68.037273 80.097335 0.000000 8.635158 71.657493 76.931622 256.000000 256.378562 162.411309 109.305433 64.000000 15.992467 162.289307 110.974229 256.000000 243.810901 9.264344 178.469880 0.000000 18.754685 5.300609 175.881178 256.000000 228.050770 100.934615 51.768831 64.000000 17.532769 99.247660 50.494000 256.000000 231.793962
99.847335 60.545264 0.000000 13.884232 99.207118 57.788867 256.000000 254.674764 74.982891 190.637149 64.000000 64.025800 76.842840 192.736682 256.000000 186.415284 56.216573 55.302718 64.000000 31.012564 49.895987 54.377133 256.000000 210.965463 41.897587 199.609415 64.000000 29.881001 41.972384 197.465984 256.000000 250.897151
120.163547 187.166982 0.000000 15.282551 129.337400 184.592896 256.000000 234.947710 100.441116 150.600907 64.000000 13.983190 99.909655 151.824033 256.000000 242.842834 65.720940 79.588853 64.000000 11.849140 72.781016 83.275278 256.000000 65.432724 85.985198 106.362442 0.000000 24.304935 85.139358 102.937055 256.000000 229.427576
57.575771 68.164435 0.000000 21.998785 49.157636 63.772373 256.000000 234.233491 106.293267 73.439235 64.000000 16.969139 104.143700 71.778035 256.000000 235.941592 92.937716 60.582467 64.000000 22.824869 89.759685 56.411429 256.000000 218.017293 76.011825 165.580747 0.000000 32.273203 78.301642 166.587213 256.000000 231.243240
181.194167 137.123191 0.000000 37.406109 181.992664 130.967693 256.000000 233.213794 13.093662 127.743164 0.000000 10.928401 16.370362 129.791913 256.000000 248.689959 153.700075 142.762785 64.000000 23.706885 151.518924 146.614142 256.000000 234.655138 60.143769 149.743200 64.000000 25.010549 59.805822 147.700695 256.000000 227.805526
135.755700 36.229218 64.000000 20.966180 130.973596 35.132444 256.000000 225.520888 44.179345 103.693007 0.000000 12.589174 43.950387 101.742444 256.000000 223.034032 35.588591 58.633684 0.000000 19.357037 39.532822 60.909033 256.000000 239.805255 60.209084 31.869476 64.000000 14.985677 72.648447 29.985807 256.000000 243.083775
79.489549 124.826296 64.000000 17.623122 78.620104 123.338245 256.000000 233.123441 154.965844 137.248031 0.000000 29.360396 145.563056 141.594165 256.000000 217.939848 93.282573 29.735924 0.000000 15.501980 115.046247 34.077707 256.000000 241.612313 81.804113 37.236589 0.000000 32.083892 72.668318 25.988891 256.000000 230.757055
36.183893 111.894235 64.000000 25.367658 31.793655 109.080153 256.000000 226.867577 20.948491 153.372344 0.000000 21.779356 26.143158 150.250769 256.000000 226.286737 106.352396 19.300249 0.000000 13.802484 105.529300 19.672107 256.000000 249.571975 35.509058 54.475393 0.000000 10.450821 38.037085 58.809929 256.000000 231.755240
15.785791 225.167324 64.000000 29.325976 15.739805 223.739704 256.000000 230.800080 61.546524 207.216045 0.000000 22.355894 62.516567 206.207231 256.000000 230.313896 66.156738 46.784796 64.000000 20.062651 56.415729 34.631129 256.000000 225.094939 114.879025 144.677905 64.000000 16.061307 113.676151 145.417282 256.000000 252.764445
99.701680 43.436165 64.000000 24.339356 103.188205 47.995915 256.000000 246.560211 116.760175 30.452893 0.000000 32.380766 116.362685 36.902824 256.000000 246.646262 23.564007 163.445976 64.000000 12.701039 27.933562 167.245251 256.000000 266.687400 148.274682 141.929867 0.000000 30.242413 132.176822 131.090789 256.000000 224.832485
15.157573 170.446331 64.000000 24.507154 14.758825 168.579733 256.000000 229.031745 65.918182 120.615969 0.000000 13.139896 65.741402 118.790269 256.000000 241.255204 63.530215 180.970587 64.000000 13.264669 79.526607 196.449776 256.000000 250.131303 68.676755 97.329518 0.000000 10.893981 80.071449 97.603189 256.000000 262.789317
59.400756 66.257655 0.000000 17.455324 53.912031 65.897824 256.000000 230.739845 35.778347 169.806564 0.000000 24.851356 43.863322 170.468775 256.000000 226.833157 14.852133 105.945835 0.000000 20.914550 28.529904 97.159033 256.000000 231.824080 50.790584 35.975444 0.000000 71.723008 38.066687 30.414613 256.000000 183.889705
114.675327 2.663184 64.000000 21.929944 112.887947 2.878707 256.000000 255.591201 11.105455 222.572656 0.000000 16.805643 12.502147 222.603687 256.000000 247.141051 135.388784 85.391753 0.000000 11.350048 142.696445 94.082167 256.000000 246.280547 132.254745 95.617764 64.000000 18.586886 132.288778 102.900625 256.000000 218.765932
167.699796 156.043395 0.000000 38.778613 165.708720 156.841102 256.000000 209.864018 100.545325 54.909860 0.000000 53.768592 98.397525 57.010196 256.000000 199.697163 21.484733 35.989364 64.000000 30.853371 26.704800 35.424836 256.000000 217.664487 73.409611 37.843327 64.000000 9.448334 73.742413 31.072615 256.000000 240.041893
98.448636 172.576718 64.000000 27.953472 95.851087 171.420160 256.000000 210.810572 15.427098 72.530636 64.000000 10.932703 15.612838 74.913947 256.000000 238.131574 159.789004 167.861336 64.000000 43.390914 143.833838 152.643767 256.000000 220.749394 18.249973 32.539565 0.000000 10.554082 3.170718 21.309958 256.000000 239.366398
161.946647 42.646807 64.000000 26.572364 161.525224 43.618820 256.000000 237.370028 2.795878 91.286278 0.000000 12.369745 2.705380 84.749860 256.000000 236.100785 29.656916 94.649611 64.000000 17.567189 39.809969 88.065207 256.000000 244.606867 121.494436 120.092693 64.000000 16.504467 120.495371 121.384464 256.000000 264.699635
87.798120 159.362447 64.000000 12.214854 88.185938 158.725618 256.000000 256.107503 52.986509 59.531504 64.000000 27.338212 44.152635 63.194098 256.000000 224.092452 167.958551 102.734515 64.000000 35.074143 169.665905 86.873975 256.000000 11.096199 151.300249 153.870095 0.000000 12.756972 146.854976 152.464176 256.000000 228.687543
45.783578 62.109553 0.000000 11.801812 42.982778 64.253960 256.000000 253.809957 97.214907 118.392118 0.000000 28.108363 98.051027 114.005069 256.000000 212.247614 12.039702 77.171676 64.000000 10.825140 8.762440 76.430444 256.000000 229.264081 64.122562 120.417496 0.000000 10.751997 69.759885 122.276655 256.000000 243.608682
74.729205 121.672260 0.000000 9.977544 84.987644 139.594825 256.000000 247.136749 88.673895 31.046265 64.000000 31.124430 89.829105 38.183251 256.000000 226.101729 19.356131 147.362667 64.000000 17.128332 6.568060 152.601082 256.000000 246.147169 11.680253 70.392700 0.000000 19.486113 10.211235 63.082120 256.000000 231.389526
96.503227 137.544729 64.000000 32.212967 89.495333 134.836644 256.000000 223.317998 72.869818 92.369965 0.000000 17.846853 72.768142 83.334385 256.000000 238.062734 110.636747 149.719025 0.000000 27.919052 98.778967 144.314042 256.000000 224.471073 109.900485 41.488485 0.000000 10.881073 114.498718 44.667855 256.000000 239.392213
28.112242 6.829707 64.000000 22.011692 30.253731 9.195540 256.000000 232.456551 118.865211 28.761565 64.000000 27.299489 110.616838 27.917971 256.000000 240.562498 89.529402 214.700113 64.000000 9.512872 87.640271 216.671535 256.000000 249.029858 185.862455 76.177904 64.000000 18.135122 184.838684 75.613564 256.000000 225.817762
69.963349 98.712593 0.000000 8.932032 68.749775 99.264402 256.000000 243.797993 129.904482 76.413853 64.000000 24.249003 123.265073 55.015707 256.000000 235.907172 90.595055 52.285195 64.000000 24.541574 122.847760 76.193265 256.000000 234.508853 97.929387 131.742087 0.000000 23.762818 109.110260 119.680545 256.000000 242.907372
147.366365 28.307665 64.000000 9.323561 134.817844 23.390409 256.000000 241.440212 114.024345 37.282996 64.000000 15.067425 113.117727 36.661784 256.000000 239.194297 52.274480 107.104035 64.000000 22.773238 46.845367 106.007445 256.000000 231.583139 111.787004 173.242725 0.000000 36.334781 110.296604 171.861860 256.000000 217.277260
0.605618 34.451922 0.000000 11.268300 2.386611 35.956529 256.000000 244.460581 8.732173 177.810320 0.000000 72.914806 13.220344 185.585609 256.000000 183.179789 77.493964 121.814936 0.000000 12.997913 77.062753 120.699315 256.000000 246.882900 78.065762 97.425749 64.000000 19.266685 86.170007 92.296347 256.000000 232.361895
70.796949 80.826553 64.000000 14.409139 85.489256 81.324020 256.000000 232.163979 10.276265 48.949949 0.000000 24.649137 8.105729 56.923951 256.000000 242.989120 26.160082 12.604222 0.000000 17.489744 26.953836 12.920315 256.000000 225.374603 154.284380 91.101927 64.000000 9.035292 154.077087 92.738536 256.000000 248.414597
33.666075 71.164695 64.000000 13.673409 40.102433 74.413885 256.000000 260.586426 28.361702 143.574813 0.000000 10.042082 32.654680 146.927524 256.000000 251.396244 149.990075 73.149047 64.000000 23.311053 151.287745 78.148645 256.000000 247.627236 63.034380 44.855225 0.000000 40.379150 63.511016 45.605549 256.000000 214.678538
107.606258 91.857258 64.000000 21.951457 109.809005 86.129151 256.000000 237.860516 19.939627 76.819885 0.000000 12.567661 7.207902 75.780896 256.000000 222.431679 152.263036 119.037633 0.000000 11.698552 158.868607 134.156949 256.000000 241.242296 40.958264 138.690184 64.000000 23.276633 49.830764 133.852236 256.000000 214.519345
159.655249 45.624331 64.000000 17.941508 158.225095 45.414704 256.000000 238.643574 147.290587 146.193787 0.000000 23.431524 154.603685 161.775776 256.000000 242.386767 90.209698 154.280555 64.000000 32.866950 88.473269 151.284313 256.000000 216.008017 41.631918 93.208747 0.000000 29.265741 31.009296 90.580989 256.000000 225.989863
21.325813 112.887322 0.000000 14.069240 5.971511 120.541265 256.000000 230.485996 7.657787 146.166144 0.000000 26.520733 5.554765 142.049376 256.000000 237.232348 53.268951 4.058127 64.000000 65.665060 52.366829 3.870707 256.000000 178.382479 30.347891 39.125967 64.000000 14.551123 23.225496 46.690949 256.000000 227.379577
28.998175 10.119724 0.000000 9.233208 25.867293 10.235164 256.000000 241.259506 21.024187 192.143004 64.000000 29.123758 15.268413 190.704620 256.000000 236.948381 31.460062 39.047487 64.000000 32.337740 31.038407 48.263547 256.000000 226.433023 11.048927 40.141433 0.000000 14.792064 11.507427 43.371684 256.000000 241.474632
176.501855 130.775667 0.000000 9.065410 179.014991 129.714200 256.000000 242.094195 88.675313 120.144640 64.000000 11.784602 87.759976 127.605458 256.000000 245.467371 111.434924 88.846395 64.000000 26.090481 108.329645 88.081482 256.000000 230.985089 172.779940 31.047020 0.000000 38.847453 149.731725 12.036831 256.000000 225.262737
29.013856 114.445456 64.000000 15.751526 31.069520 111.506675 256.000000 227.831342 30.359931 154.112727 64.000000 11.853443 28.870515 153.343060 256.000000 248.513555 166.202660 71.847038 64.000000 16.775525 166.689165 75.093273 256.000000 246.882900 163.349582 68.993985 0.000000 23.616532 163.795302 72.958098 256.000000 230.787173
