139.068671 170.719782 64.000000 14.611358 147.766949 167.312345 256.000000 253.547504 42.990380 15.533375 64.000000 31.107220 39.289367 17.975336 256.000000 224.458166 101.392753 13.857004 0.000000 19.511928 108.434198 21.176429 256.000000 229.363039 100.934615 51.768831 64.000000 17.532769 99.247660 50.494000 256.000000 231.793962
42.796324 158.781738 0.000000 17.515559 44.187855 158.107242 256.000000 254.068109 60.896091 222.667844 0.000000 10.859560 67.294905 225.239976 256.000000 233.394500 75.785991 39.740342 0.000000 47.542846 71.951884 41.619989 256.000000 202.308793 25.916238 85.930833 64.000000 8.850284 26.179273 88.327044 256.000000 20.643491
32.055738 37.808475 64.000000 11.423191 33.659311 39.624451 256.000000 235.524247 101.409915 51.733402 0.000000 12.627896 99.888958 49.800718 256.000000 242.825624 174.894760 75.232791 64.000000 8.919124 181.177320 66.248387 256.000000 242.132918 83.776496 77.010225 64.000000 26.791792 82.747036 64.602956 256.000000 256.795906
98.324007 109.864767 0.000000 9.310653 127.810304 128.243756 256.000000 260.969351 111.808555 161.640847 0.000000 32.927186 104.192224 161.358289 256.000000 223.541729 75.900980 129.781500 0.000000 20.979088 69.855029 132.813835 256.000000 251.172513 73.554002 46.150504 64.000000 10.721880 88.989300 35.631925 256.000000 45.473334
18.065640 105.683287 64.000000 20.376735 16.410825 102.677824 256.000000 239.766532 1.583180 74.269195 64.000000 21.275961 20.620696 82.690951 256.000000 226.248014 72.654287 146.215085 0.000000 22.386012 56.808718 154.967075 256.000000 229.397459 114.089773 108.639991 64.000000 16.414114 113.902411 106.606358 256.000000 231.303475
107.868685 160.927658 64.000000 40.904058 102.078180 158.922391 256.000000 225.030401 114.967793 122.156824 0.000000 9.091225 115.208696 120.222082 256.000000 235.825424 53.801198 162.290158 0.000000 27.364027 49.744245 153.071369 256.000000 207.144825 124.178229 198.738962 0.000000 24.438314 126.459202 193.708084 256.000000 248.900782
98.829856 81.614907 64.000000 35.560328 97.698396 91.313265 256.000000 236.939776 169.166065 43.027625 64.000000 23.745608 166.498491 39.978662 256.000000 220.263209 18.666580 114.842220 64.000000 42.857402 26.320069 109.683573 256.000000 207.153430 63.314353 129.041467 64.000000 33.921068 71.427120 130.157224 256.000000 211.258035
169.906911 35.875727 0.000000 17.756500 169.583738 36.592620 256.000000 236.660113 43.428876 76.231756 64.000000 13.634686 42.648049 72.821784 256.000000 252.033017 131.540971 86.441609 0.000000 44.178275 109.987515 85.328582 256.000000 214.145025 195.208287 94.690565 64.000000 17.248803 194.819473 95.400975 256.000000 242.477120
109.555258 68.136449 64.000000 15.334181 107.701353 64.161651 256.000000 236.647205 142.202940 85.072442 0.000000 10.214182 141.535887 85.068822 256.000000 251.103672 48.310635 71.409182 0.000000 13.922955 39.374124 71.066660 256.000000 246.826967 63.743193 73.737345 64.000000 12.034148 61.895215 74.265200 256.000000 239.344885
9.004029 65.018544 0.000000 21.641676 11.981649 54.025704 256.000000 231.664887 177.832591 120.504453 0.000000 13.092568 176.914733 128.518749 256.000000 235.322029 49.969625 179.041080 0.000000 15.626753 49.405216 177.409455 256.000000 236.225558 33.310655 104.446411 0.000000 25.113809 48.469173 96.168082 256.000000 227.745291
68.211758 90.391825 0.000000 20.763962 63.515220 114.711944 256.000000 246.568816 89.105031 155.075776 0.000000 17.459626 84.315796 157.322756 256.000000 225.331577 35.509413 25.335669 0.000000 21.301777 18.160662 21.108951 256.000000 239.314767 45.848940 97.579100 64.000000 30.930816 52.911318 88.678998 256.000000 250.023740
86.915593 157.158807 64.000000 15.071728 84.865016 159.174618 256.000000 236.044852 39.802667 160.423693 64.000000 23.934919 24.487031 157.056038 256.000000 230.662400 85.885245 103.005378 64.000000 15.540702 88.346680 99.598531 256.000000 245.704010 126.017413 92.612355 64.000000 15.446047 125.274185 93.221876 256.000000 233.618231
29.280545 128.312682 0.000000 28.861304 19.087105 106.726178 256.000000 235.025155 13.299925 106.700336 0.000000 14.792064 18.575325 98.003398 256.000000 242.885859 166.705898 36.838571 64.000000 36.915622 166.252258 34.583029 256.000000 225.322972 82.556413 223.352818 0.000000 19.838920 80.291540 223.642069 256.000000 230.993694
126.851396 14.740515 64.000000 23.422919 125.088982 12.192540 256.000000 226.346972 33.015522 41.874109 64.000000 21.035020 32.117800 44.377793 256.000000 245.652379 52.346904 132.246356 0.000000 20.948970 60.052349 128.208524 256.000000 247.321757 26.067302 148.799291 0.000000 28.603153 30.220965 146.584818 256.000000 232.959945
121.936335 187.001000 64.000000 29.300161 121.787885 186.041118 256.000000 213.559883 33.716545 44.753367 0.000000 8.815863 33.372135 46.024209 256.000000 247.752009 24.438327 108.965918 0.000000 10.962821 18.804429 115.202533 256.000000 249.124513 56.987635 76.629335 64.000000 22.011692 50.135184 67.344780 256.000000 250.015135
91.709065 69.476822 64.000000 10.863863 90.823562 68.257062 256.000000 248.672748 86.382451 168.375585 0.000000 21.030718 87.688062 168.014135 256.000000 240.799137 173.826325 86.343700 64.000000 40.293100 164.016867 75.063773 256.000000 206.641431 63.651904 31.388651 64.000000 26.198044 64.316944 33.089840 256.000000 228.377762
165.719918 87.681795 0.000000 12.210552 171.576831 98.650355 256.000000 243.191338 77.964065 95.354667 64.000000 31.640732 54.589147 88.954742 256.000000 211.047211 52.965127 133.767973 64.000000 38.348361 45.092216 125.377133 256.000000 223.236250 110.549889 125.502767 0.000000 19.546348 118.739296 128.139656 256.000000 239.202902
88.675313 120.144640 64.000000 11.784602 87.759976 127.605458 256.000000 245.467371 35.778347 169.806564 0.000000 24.851356 43.863322 170.468775 256.000000 226.833157 20.604051 212.788242 64.000000 41.932360 22.452251 202.415471 256.000000 217.100857 107.606258 91.857258 64.000000 21.951457 109.809005 86.129151 256.000000 237.860516
84.653578 218.273285 0.000000 22.489272 86.015591 217.375867 256.000000 219.686671 42.719627 182.608671 0.000000 44.845166 46.420798 184.730540 256.000000 202.493801 79.469556 116.580662 0.000000 15.273946 80.211518 115.131736 256.000000 266.790660 113.907176 201.062155 0.000000 33.314412 110.519889 200.504904 256.000000 229.629795
92.065840 214.577371 0.000000 23.698280 101.333080 211.969775 256.000000 251.336008 24.094909 156.069013 0.000000 18.595491 13.543698 147.584393 256.000000 234.637928 69.407207 148.833780 0.000000 19.425878 60.431453 153.939020 256.000000 238.733927 36.183893 111.894235 64.000000 25.367658 31.793655 109.080153 256.000000 226.867577
99.229991 206.418760 0.000000 54.616189 84.117907 202.048698 256.000000 180.649907 72.831809 144.378985 64.000000 73.439714 67.809216 144.734556 256.000000 188.286880 121.513598 169.304644 64.000000 25.686044 118.851773 170.636102 256.000000 242.218968 140.427405 137.635998 64.000000 12.731157 139.585753 141.169060 256.000000 263.215266
105.815225 52.562211 64.000000 21.796566 103.997995 53.940725 256.000000 250.105488 65.642622 131.641896 64.000000 10.205577 67.518142 130.515493 256.000000 234.999340 81.332311 23.054516 0.000000 9.147158 81.020665 24.700953 320.000000 233.854870 65.730865 56.223460 64.000000 18.423391 77.502529 53.352165 256.000000 243.492514
68.932429 169.682015 64.000000 20.045441 67.563140 168.974276 256.000000 215.431479 138.049469 9.105000 0.000000 47.138409 133.076335 14.148667 256.000000 202.158205 3.589807 96.712311 0.000000 33.662916 34.720880 107.478675 256.000000 234.771306 9.264344 178.469880 0.000000 18.754685 5.300609 175.881178 256.000000 228.050770
110.637009 40.931269 0.000000 29.300161 102.668438 38.463215 256.000000 213.030673 81.712804 55.989925 64.000000 14.594148 86.219473 59.345944 256.000000 237.589457 24.836069 121.766304 64.000000 31.696665 22.029535 114.847582 256.000000 211.886202 30.904484 44.759025 64.000000 22.923827 41.732453 52.470291 256.000000 206.193968
81.946353 49.389855 0.000000 14.925442 81.150960 33.450696 256.000000 230.688215 154.976873 53.046124 0.000000 43.631855 152.827073 49.478507 256.000000 233.644046 70.304011 111.025769 64.000000 33.013236 42.623371 115.488373 256.000000 240.932515 142.328973 114.009949 0.000000 9.740905 148.152027 109.648893 256.000000 260.698292
158.953651 47.576444 64.000000 78.921124 155.685420 47.329093 256.000000 183.141066 58.448844 58.321016 0.000000 12.189039 53.860471 58.270782 256.000000 229.397459 112.060669 36.213835 0.000000 30.646850 101.057571 42.127413 256.000000 219.622133 4.240124 193.735335 0.000000 9.018082 8.809062 196.803295 256.000000 221.825024
102.213271 18.808924 0.000000 21.099558 99.679078 17.852733 256.000000 255.350259 71.302495 108.580689 64.000000 23.952129 70.795615 101.881067 256.000000 215.280891 16.678658 44.736020 0.000000 16.513072 15.393980 48.678627 256.000000 223.941863 161.946647 42.646807 64.000000 26.572364 161.525224 43.618820 256.000000 237.370028
3.238300 36.329876 0.000000 12.421375 0.621724 38.460351 256.000000 236.367541 53.640662 157.637787 64.000000 10.683157 57.684220 162.682249 256.000000 253.934730 56.620029 43.182800 0.000000 10.429308 61.308098 45.757582 256.000000 226.239409 153.116820 29.783218 64.000000 12.081476 153.689389 30.702705 256.000000 244.211035
78.430249 16.906520 64.000000 22.790448 77.421595 19.867620 256.000000 256.933587 34.338016 146.669345 64.000000 23.229305 32.444102 143.208464 256.000000 240.790532 113.475704 67.711318 0.000000 38.017067 107.703027 58.502596 256.000000 215.220655 124.957071 87.539965 64.000000 42.728326 120.507084 89.963536 256.000000 221.205461
45.281204 180.934733 0.000000 30.453237 90.591564 179.525515 256.000000 210.767547 120.723844 132.333969 0.000000 35.345202 112.367627 128.631611 256.000000 212.346572 31.550964 69.746355 0.000000 12.120199 31.537958 75.051489 256.000000 228.050770 77.082156 138.597982 64.000000 37.582512 81.091775 127.100889 256.000000 211.137564
102.562905 107.144187 64.000000 14.249946 103.522555 104.520411 256.000000 232.559811 142.348431 126.465167 64.000000 24.094112 141.456529 124.016318 256.000000 242.214666 27.221782 46.299796 0.000000 10.485241 25.805585 46.842780 256.000000 238.325188 113.474164 117.114655 64.000000 35.564630 106.710496 117.216562 256.000000 228.468115
16.316124 59.340291 64.000000 12.477308 19.086815 56.692578 256.000000 226.893392 79.680093 111.185675 64.000000 29.119455 81.814385 103.563220 256.000000 218.830470 51.711527 53.298933 64.000000 13.574451 52.733547 57.017896 256.000000 219.256419 97.304304 12.048496 64.000000 16.065610 91.853062 15.975922 256.000000 237.916448
