60.706916 138.540953 64.000000 11.922283 60.495215 137.696773 256.000000 238.221927 45.910551 70.757933 64.000000 32.965908 50.223469 38.376344 256.000000 226.760014 76.191195 98.129945 0.000000 13.316299 82.417433 92.809682 256.000000 230.189123 81.811805 129.247435 64.000000 12.675224 79.551275 133.135431 256.000000 244.658497
105.815225 52.562211 64.000000 21.796566 103.997995 53.940725 256.000000 250.105488 61.478242 61.721951 64.000000 15.166383 58.795891 61.684858 256.000000 245.407136 46.052729 118.608520 0.000000 15.678383 38.172271 119.564787 256.000000 226.544888 12.593742 25.548544 0.000000 10.054989 9.894156 19.598156 256.000000 241.995237
104.708433 0.756931 64.000000 13.733644 104.629253 0.596242 256.000000 246.986161 32.287727 37.178633 64.000000 10.618619 31.692405 30.165527 256.000000 241.823137 21.416464 102.447558 64.000000 18.410483 13.344551 104.592464 256.000000 236.019037 90.883716 17.381604 64.000000 14.671593 90.593196 7.693202 256.000000 238.781255
42.240029 49.924167 0.000000 16.728198 37.013631 51.955882 256.000000 225.116451 38.980758 157.954495 64.000000 39.449806 39.166742 153.083765 256.000000 215.771378 79.720033 67.062958 64.000000 42.207721 57.651545 81.118605 256.000000 220.951612 12.687660 105.952944 0.000000 8.987964 14.906531 107.180940 256.000000 237.899238
165.222055 14.368304 64.000000 46.144527 153.140287 8.989713 256.000000 214.459109 76.686089 94.682004 64.000000 13.376535 74.836489 95.817151 256.000000 233.381592 13.476255 76.350595 64.000000 24.502851 19.089242 77.472098 256.000000 232.030601 65.267047 158.935607 64.000000 36.644563 66.925573 152.108949 256.000000 220.934402
20.139365 137.626516 0.000000 18.548164 15.051198 135.749776 256.000000 234.732584 42.265247 82.965505 64.000000 39.376663 56.664509 79.224098 256.000000 224.656082 30.162336 15.381273 64.000000 62.618876 31.658516 16.504993 256.000000 211.322572 44.149500 90.699769 64.000000 13.170014 48.481331 93.808324 256.000000 236.247071
97.943598 18.903022 64.000000 19.034348 98.183809 21.661776 256.000000 242.184548 81.804113 37.236589 0.000000 32.083892 72.668318 25.988891 256.000000 230.757055 98.219449 154.243025 64.000000 234.840147 96.511273 150.019949 256.000000 27.097271 49.071382 121.038020 64.000000 22.807659 50.663762 119.031224 256.000000 238.161692
20.999393 119.279558 64.000000 17.102517 17.046145 117.726627 256.000000 227.280619 69.111173 115.141782 64.000000 23.332566 65.434929 111.732473 256.000000 237.172112 72.544691 92.294555 64.000000 16.715290 73.480340 87.675265 256.000000 230.714030 22.483109 64.867433 64.000000 11.543661 23.275484 62.874809 256.000000 260.909115
10.891485 114.408235 0.000000 8.807258 4.643218 118.886333 256.000000 244.925254 77.604131 78.768571 64.000000 22.738818 73.498882 85.034535 256.000000 244.357321 49.867045 72.522993 64.000000 16.560399 52.914371 68.374784 256.000000 231.927341 37.660340 87.401349 64.000000 13.497005 34.537213 87.956800 256.000000 269.647533
131.027647 169.788111 64.000000 54.297802 127.859631 168.259569 256.000000 202.661600 57.907642 151.998678 0.000000 18.543861 60.751596 153.092665 256.000000 246.607539 175.323685 111.663289 64.000000 13.578753 182.135367 105.025462 256.000000 242.877254 88.459984 7.086082 0.000000 52.082005 89.308867 9.895433 256.000000 227.392485
172.437149 31.840602 64.000000 26.464801 166.798153 26.700680 256.000000 224.363510 111.350638 94.720345 64.000000 36.962949 104.243275 98.867615 256.000000 226.691174 4.158878 4.415322 0.000000 21.267356 5.439978 7.520665 256.000000 218.215209 71.392373 29.217498 0.000000 17.059492 77.115378 37.002013 256.000000 239.340583
36.422422 150.738224 0.000000 9.771023 31.242305 153.318320 256.000000 253.831470 14.563887 216.525640 0.000000 22.347289 10.195018 214.958569 256.000000 235.782399 119.029505 138.226840 64.000000 17.562887 118.002580 137.358964 256.000000 223.580452 65.730865 56.223460 64.000000 18.423391 77.502529 53.352165 256.000000 243.492514
13.478856 116.202302 64.000000 12.795694 15.892915 117.796398 256.000000 242.765388 81.137104 97.780907 0.000000 9.504267 88.928820 94.092995 256.000000 255.238394 39.762093 36.088331 0.000000 10.777813 41.876635 37.553860 256.000000 257.346629 107.477842 197.815785 64.000000 44.247116 105.497600 190.272575 256.000000 203.659784
16.451427 70.838936 0.000000 17.442416 17.785898 77.314669 256.000000 245.230732 24.243549 140.261405 64.000000 14.082148 28.745489 142.299055 256.000000 253.943335 123.734142 91.028853 0.000000 31.361068 117.004102 102.132605 256.000000 225.985560 129.904482 76.413853 64.000000 24.249003 123.265073 55.015707 256.000000 235.907172
70.511225 63.814355 0.000000 24.481339 67.401758 68.055002 256.000000 231.105559 18.172682 155.785416 64.000000 15.953744 18.715269 154.982080 256.000000 240.355977 89.450833 99.594858 64.000000 37.367386 75.292851 100.659282 256.000000 224.062334 131.527216 122.963213 64.000000 38.305336 122.757565 103.821824 256.000000 219.738301
5.071325 68.272918 64.000000 19.714147 8.970362 70.132353 256.000000 234.345357 74.341785 116.062598 64.000000 15.140568 72.295789 115.678984 256.000000 256.847536 97.770882 177.678844 0.000000 24.868566 97.492076 165.598325 256.000000 222.074570 14.998062 35.212365 0.000000 20.432667 22.140667 36.819595 256.000000 226.880485
94.888725 140.321900 64.000000 43.838376 88.362362 140.031658 256.000000 221.304419 120.317113 97.598700 0.000000 10.076502 132.758327 91.373336 256.000000 251.585554 153.561538 171.973191 0.000000 36.442344 151.285382 168.335444 256.000000 217.135277 131.104744 147.444176 64.000000 24.365171 128.429340 147.548987 256.000000 204.275045
13.097144 69.428396 0.000000 15.157778 16.155373 66.858851 256.000000 219.777024 63.031642 191.715509 64.000000 25.819423 46.462198 196.692745 256.000000 224.574334 68.890420 18.264289 0.000000 20.527323 65.687898 18.653804 256.000000 228.136820 42.733471 98.508684 64.000000 20.436970 43.264304 93.270805 256.000000 242.270599
94.506133 105.529787 0.000000 21.710516 94.159422 103.381629 256.000000 249.038463 134.575671 128.971527 64.000000 26.770279 193.060105 57.957691 256.000000 249.348244 59.400756 66.257655 0.000000 17.455324 53.912031 65.897824 256.000000 230.739845 50.349764 117.879813 64.000000 23.612230 57.903593 115.000471 256.000000 244.791875
6.841082 177.779858 0.000000 17.799525 14.722051 187.105925 256.000000 243.488212 56.767055 77.793465 0.000000 14.426350 58.895385 82.932227 256.000000 258.611570 43.874738 162.946385 0.000000 42.891822 37.417649 128.111991 256.000000 247.110934 111.492527 199.537553 0.000000 80.999242 112.847309 197.111404 256.000000 170.711086
41.928820 101.312849 64.000000 15.304064 46.245891 101.398636 256.000000 240.123641 57.415845 152.323236 0.000000 29.967052 57.303964 145.593122 256.000000 213.594303 111.808555 161.640847 0.000000 32.927186 104.192224 161.358289 256.000000 223.541729 53.801198 162.290158 0.000000 27.364027 49.744245 153.071369 256.000000 207.144825
43.672933 52.850082 0.000000 17.997441 64.132855 53.001762 256.000000 228.739173 119.648467 40.002355 0.000000 20.157306 117.670491 40.960775 256.000000 242.911674 94.650325 193.325262 64.000000 12.649409 86.701016 214.280115 256.000000 241.121826 150.402936 184.500958 64.000000 63.298674 132.952382 163.588293 256.000000 181.050042
113.907176 201.062155 0.000000 33.314412 110.519889 200.504904 256.000000 229.629795 98.448636 172.576718 64.000000 27.953472 95.851087 171.420160 256.000000 210.810572 114.089773 108.639991 64.000000 16.414114 113.902411 106.606358 256.000000 231.303475 74.025804 59.165813 64.000000 26.675624 71.578065 58.925404 256.000000 212.892992
183.018813 42.272142 64.000000 36.145471 181.357131 41.649071 256.000000 226.011376 45.863222 182.546398 0.000000 11.294115 60.562124 195.353315 256.000000 249.408479 132.424755 13.621927 64.000000 35.943252 142.069160 16.830816 256.000000 225.335880 49.969625 179.041080 0.000000 15.626753 49.405216 177.409455 256.000000 236.225558
14.217020 142.817329 0.000000 11.694249 19.934987 148.222665 256.000000 233.682769 45.448820 219.410891 64.000000 39.712260 52.658175 217.205107 256.000000 208.573262 134.209729 79.948745 64.000000 10.704670 133.984449 78.910356 256.000000 237.404449 14.799233 206.361040 64.000000 35.525908 16.594611 202.269611 256.000000 245.187707
19.822600 176.154644 0.000000 19.180634 21.522284 174.915238 256.000000 237.976684 26.253964 21.813622 0.000000 25.961406 27.902885 25.961371 256.000000 224.032216 45.119973 83.292022 0.000000 10.472334 45.390269 81.160973 256.000000 272.840003 98.728236 132.672549 64.000000 25.651624 103.194885 125.272420 256.000000 244.094867
116.901824 55.167865 64.000000 18.948298 128.195413 77.873984 256.000000 246.999068 82.847173 178.615924 64.000000 19.787289 79.850164 178.240405 256.000000 217.488083 49.252427 32.985456 64.000000 17.244500 37.223675 29.402809 256.000000 236.509524 59.490242 153.203640 64.000000 17.803828 76.521733 156.625462 256.000000 233.867777
90.623665 76.589364 0.000000 11.453308 89.523520 75.939436 256.000000 253.530294 137.515229 186.284080 0.000000 47.968795 127.094740 183.355207 256.000000 201.293398 14.869778 19.332051 64.000000 10.941308 17.178911 17.355649 256.000000 257.875839 89.366560 36.870142 0.000000 18.638517 89.898964 40.459925 256.000000 238.131574
1.451038 67.424847 0.000000 14.323089 4.434645 68.756905 256.000000 252.480479 27.203595 217.591258 64.000000 21.611558 8.829842 224.207747 256.000000 239.314767 74.586067 104.770325 64.000000 54.577466 78.019969 104.089387 256.000000 226.656754 75.008098 139.277693 0.000000 35.822782 61.855535 131.404798 256.000000 229.156518
188.082965 59.999178 0.000000 31.941908 185.146349 58.989671 256.000000 212.049698 44.093327 1.906653 0.000000 18.487928 48.202262 1.155587 256.000000 254.029386 134.547220 79.241140 64.000000 26.994010 131.490520 71.665055 256.000000 237.546432 23.642853 40.564773 64.000000 11.483426 20.955455 24.413289 256.000000 227.039678
131.511256 95.366715 64.000000 46.574779 135.294275 94.324384 256.000000 218.004386 36.426589 71.039609 0.000000 19.395760 28.279618 74.466893 256.000000 238.897423 52.008969 48.048593 64.000000 22.992667 48.742478 41.668767 256.000000 258.435166 60.770935 166.243429 0.000000 15.523492 51.212524 175.573658 256.000000 259.484981
73.554002 46.150504 64.000000 10.721880 88.989300 35.631925 256.000000 45.473334 99.701680 43.436165 64.000000 24.339356 103.188205 47.995915 256.000000 246.560211 97.167262 37.518827 0.000000 27.759859 96.986453 40.940113 256.000000 227.491442 59.453129 229.706502 64.000000 19.120399 62.289287 218.725742 256.000000 233.394500
