137.633602 107.090860 0.000000 19.073071 137.457584 104.971020 256.000000 224.699107 18.536084 145.631444 0.000000 24.386683 21.125956 148.255602 256.000000 238.217625 42.335064 13.234591 0.000000 71.727311 42.084591 9.950822 256.000000 192.778711 168.227713 86.638702 64.000000 17.924298 166.219473 86.277838 256.000000 238.165995
136.951713 124.568604 0.000000 11.547964 145.408365 117.690829 256.000000 253.439941 180.904105 87.902444 64.000000 37.406109 177.070344 86.695196 256.000000 218.593831 151.416867 19.853464 64.000000 15.936534 152.022404 21.110580 320.000000 256.352747 23.642853 40.564773 64.000000 11.483426 20.955455 24.413289 256.000000 227.039678
147.246287 126.182320 64.000000 10.029174 147.451842 126.555060 256.000000 239.263137 32.467398 6.465049 64.000000 26.800397 40.849496 7.413896 256.000000 251.030529 140.836731 74.120040 64.000000 32.677639 138.662240 74.737816 256.000000 219.075713 16.064929 98.631024 0.000000 26.834817 17.581584 95.331318 256.000000 216.687815
142.983975 56.088962 0.000000 38.821638 141.218182 56.652962 256.000000 231.023811 24.769756 43.084249 64.000000 9.435426 28.619367 42.210684 256.000000 239.000683 100.328793 66.761618 64.000000 16.878786 106.856829 58.299467 256.000000 263.731568 3.284702 105.068487 64.000000 13.548635 4.367922 103.477844 256.000000 231.221727
145.296136 157.815900 64.000000 21.628768 147.863720 160.246347 256.000000 248.651236 13.299925 106.700336 0.000000 14.792064 18.575325 98.003398 256.000000 242.885859 81.242320 48.158545 64.000000 17.132635 79.009900 47.323480 256.000000 239.878398 153.319971 57.742800 0.000000 24.911591 151.904069 78.449427 256.000000 239.607339
51.711527 53.298933 64.000000 13.574451 52.733547 57.017896 256.000000 219.256419 181.194167 137.123191 0.000000 37.406109 181.992664 130.967693 256.000000 233.213794 92.504467 61.062667 64.000000 69.455580 93.207616 63.989582 256.000000 189.719619 164.054404 50.850473 64.000000 34.433068 164.760091 53.032709 256.000000 228.222871
4.482585 60.947360 0.000000 28.073943 9.253745 64.017365 256.000000 234.835844 6.854051 201.030160 0.000000 9.835561 7.654138 200.552518 256.000000 243.694733 97.499765 36.890596 0.000000 19.438785 92.297222 32.846067 256.000000 234.069996 24.752631 164.304925 0.000000 35.672193 26.991518 159.301218 256.000000 225.675779
15.225238 88.469391 0.000000 16.939021 5.100496 85.295575 256.000000 247.390597 26.662476 56.202618 0.000000 10.377678 30.467562 51.099275 256.000000 247.046396 58.330185 140.143935 0.000000 50.786946 59.965555 138.827118 256.000000 208.766875 54.832407 188.552382 0.000000 27.592061 58.797882 184.788067 256.000000 228.012047
30.904289 102.899113 0.000000 35.568933 31.413405 92.519473 256.000000 238.729625 141.061316 74.974935 64.000000 14.013308 169.625020 88.290347 256.000000 228.364854 114.220584 108.074269 0.000000 10.016267 117.968395 112.939251 256.000000 234.538970 3.858224 27.327184 64.000000 14.779156 8.382967 23.625860 256.000000 234.625021
33.234049 110.014884 64.000000 17.872668 33.733976 105.940980 256.000000 235.649020 115.723735 117.316853 64.000000 26.094784 112.916596 118.088855 256.000000 238.819978 106.548775 175.091702 0.000000 15.428837 107.809227 176.075142 256.000000 232.632954 106.352396 19.300249 0.000000 13.802484 105.529300 19.672107 256.000000 249.571975
99.911958 132.491129 0.000000 28.396632 113.437431 116.568575 256.000000 226.665359 50.033649 161.175104 0.000000 14.163896 46.902880 161.201298 256.000000 260.306763 75.741973 65.245789 0.000000 13.191526 80.734222 72.442236 256.000000 242.141523 71.465160 125.027213 0.000000 14.602753 69.091344 123.160171 320.000000 213.564185
87.349344 199.347393 64.000000 14.353207 84.865456 200.911107 256.000000 226.803039 169.906911 35.875727 0.000000 17.756500 169.583738 36.592620 256.000000 236.660113 17.874247 199.284860 0.000000 14.718921 30.161476 201.143727 256.000000 228.524047 101.655829 174.287745 64.000000 12.804300 99.576653 186.577687 256.000000 251.176815
24.338945 104.556422 64.000000 15.007190 27.190507 103.239689 256.000000 258.017822 164.969500 56.547204 64.000000 28.327792 161.786822 57.578282 256.000000 226.983745 135.399129 23.478411 64.000000 44.797838 119.473100 32.817096 256.000000 221.906772 75.747816 185.336402 64.000000 18.505139 72.733284 186.129804 256.000000 232.271542
22.899944 162.850936 64.000000 10.717577 22.832182 162.371427 256.000000 233.786029 66.207973 26.328351 0.000000 25.445103 61.156398 26.081269 256.000000 222.935074 138.049469 9.105000 0.000000 47.138409 133.076335 14.148667 256.000000 202.158205 86.182885 73.409018 0.000000 27.174716 82.317402 46.179342 256.000000 235.007945
120.854078 28.714929 0.000000 10.906888 120.115735 26.942740 256.000000 246.641959 72.270253 191.500533 64.000000 15.080333 71.314385 190.828155 256.000000 232.172584 90.350904 11.028051 0.000000 20.406852 85.184633 9.819584 256.000000 233.747307 19.475255 101.299287 64.000000 18.061979 23.248405 103.874829 256.000000 233.192281
29.581025 78.863189 0.000000 18.612702 23.717509 86.783784 256.000000 231.845593 46.082400 217.244378 0.000000 30.530682 42.868331 214.999304 256.000000 222.887746 130.924116 96.402669 0.000000 21.465272 129.605998 96.426053 256.000000 249.150328 41.298895 70.664705 0.000000 12.683829 39.700147 65.054145 256.000000 259.076242
48.990553 11.651075 64.000000 16.267828 47.664445 12.576215 256.000000 244.495002 154.976873 53.046124 0.000000 43.631855 152.827073 49.478507 256.000000 233.644046 106.500104 13.520082 64.000000 10.278720 115.499509 4.555662 256.000000 237.886331 48.607022 190.166471 64.000000 15.084635 44.677344 189.900267 256.000000 222.160620
5.749620 26.921704 0.000000 22.433339 13.165391 27.051478 256.000000 225.417628 70.758284 173.444356 0.000000 13.316299 151.137287 224.848138 256.000000 259.213922 55.602984 156.592947 64.000000 16.547492 60.414162 154.368520 256.000000 257.531637 111.350638 94.720345 64.000000 36.962949 104.243275 98.867615 256.000000 226.691174
106.496340 54.105207 0.000000 31.584799 103.714418 54.746687 256.000000 241.375675 115.935044 106.047860 0.000000 10.119527 114.212253 112.037613 256.000000 241.513355 109.098785 162.475649 0.000000 23.999457 113.098633 146.865098 256.000000 246.844177 56.456469 88.981484 64.000000 12.283695 55.094705 94.549540 256.000000 255.139436
16.206864 203.503047 64.000000 12.950585 28.679293 233.255189 256.000000 269.686256 25.672889 38.700316 64.000000 14.482282 30.230127 31.554785 256.000000 245.833085 7.938798 104.321625 0.000000 22.622650 13.311209 97.605391 256.000000 218.150672 3.605233 89.829051 0.000000 19.606584 1.326402 77.063624 256.000000 229.294198
98.448636 172.576718 64.000000 27.953472 95.851087 171.420160 256.000000 210.810572 64.141738 204.197344 0.000000 10.003359 56.645269 210.446476 256.000000 245.742732 39.802667 160.423693 64.000000 23.934919 24.487031 157.056038 256.000000 230.662400 171.840149 95.520485 0.000000 13.492703 175.012815 89.762778 256.000000 239.172784
18.065640 105.683287 64.000000 20.376735 16.410825 102.677824 256.000000 239.766532 57.617836 81.584022 64.000000 24.167255 58.257111 77.797447 256.000000 234.943407 29.669936 126.116858 64.000000 18.044769 33.509651 126.609618 256.000000 231.316383 95.560338 131.982384 64.000000 36.795151 96.245467 129.986865 256.000000 220.344957
142.953402 96.998153 0.000000 15.807458 155.708320 80.019495 256.000000 243.324716 97.167262 37.518827 0.000000 27.759859 96.986453 40.940113 256.000000 227.491442 61.050662 131.050965 0.000000 12.429980 71.946013 130.583458 256.000000 221.467914 86.382451 168.375585 0.000000 21.030718 87.688062 168.014135 256.000000 240.799137
130.506791 127.606509 64.000000 26.064666 129.787873 126.545849 256.000000 245.949253 88.481100 11.678998 64.000000 10.653040 90.163145 12.399587 256.000000 234.095811 157.725207 52.121871 64.000000 24.339356 156.144424 53.131524 256.000000 222.960889 174.820789 25.125349 64.000000 26.099086 172.631455 24.796078 256.000000 208.001027
25.561853 129.749089 64.000000 17.377878 31.072649 127.752660 256.000000 225.082031 132.876520 133.013911 0.000000 8.794351 138.398207 147.697769 256.000000 241.844649 45.453065 152.157955 0.000000 22.717306 45.933856 151.730485 256.000000 231.238937 94.653415 35.642247 0.000000 9.082620 123.034724 23.979405 256.000000 244.073355
15.931602 131.644269 64.000000 11.513544 13.473002 131.712433 256.000000 231.738030 10.054915 71.765058 0.000000 18.152332 2.047698 67.981571 256.000000 249.133118 34.472147 61.112440 64.000000 20.665004 22.999487 67.842980 256.000000 221.304419 140.397078 39.189145 64.000000 93.984247 139.811302 37.024555 256.000000 169.278347
111.895833 86.860556 64.000000 38.309638 102.186047 90.160902 256.000000 226.553493 121.523498 163.905013 0.000000 17.476836 120.927553 163.397544 256.000000 234.741189 141.277691 73.545915 0.000000 17.020769 143.946927 69.409100 256.000000 229.337224 23.582365 2.665527 0.000000 36.674680 31.145773 6.892045 256.000000 242.675036
119.561009 13.491424 0.000000 33.249875 89.587496 9.213684 256.000000 223.903141 124.808764 110.281867 0.000000 38.950714 115.917667 110.748651 256.000000 235.623205 94.576822 59.458844 0.000000 20.518718 95.000007 66.685713 256.000000 245.316783 72.702096 13.983373 0.000000 15.613845 71.494738 15.870427 256.000000 239.026499
81.972538 36.510020 0.000000 22.958247 73.752098 23.289231 256.000000 247.786429 170.873224 72.239276 0.000000 30.973841 170.252569 63.873482 256.000000 216.360823 120.888104 38.837805 64.000000 37.591117 125.576500 46.390669 256.000000 219.445730 88.265982 131.198687 0.000000 13.040938 83.687658 135.297049 256.000000 238.888818
178.917331 101.052255 64.000000 13.148501 178.476764 100.169671 256.000000 242.640615 85.856175 89.203447 64.000000 25.526851 82.553251 91.437209 256.000000 236.010432 73.071093 179.538155 64.000000 31.696665 77.068580 184.090500 256.000000 231.888618 14.083693 60.033400 64.000000 29.614245 32.876182 85.796385 256.000000 240.407608
34.327855 164.249140 64.000000 23.642347 36.126685 161.737185 256.000000 242.317926 26.818151 53.496820 0.000000 13.832602 23.386589 57.437762 256.000000 261.107031 83.252893 77.560065 64.000000 30.625337 81.332967 78.212635 256.000000 210.638472 31.174500 203.683615 64.000000 29.510985 26.053256 202.856484 256.000000 234.594903
115.195935 46.579553 0.000000 20.368130 115.966793 58.107180 256.000000 229.582467 12.074464 143.144422 0.000000 16.013979 7.312744 141.304293 256.000000 224.307578 31.316693 133.275080 64.000000 45.331351 22.293304 130.921407 256.000000 219.673764 96.503227 137.544729 64.000000 32.212967 89.495333 134.836644 256.000000 223.317998
