60.061962 136.356849 64.000000 14.370417 49.133547 148.239076 256.000000 238.449961 45.174371 94.850118 0.000000 41.213839 58.268271 91.865520 256.000000 205.793834 119.879175 70.464253 0.000000 22.515087 117.308413 73.066993 256.000000 227.280619 54.665365 199.867115 0.000000 23.130348 66.437465 206.156253 256.000000 227.190266
68.932429 169.682015 64.000000 20.045441 67.563140 168.974276 256.000000 215.431479 43.871360 15.724200 0.000000 64.172086 45.776309 12.874615 256.000000 181.790075 23.837776 111.246518 64.000000 17.747895 27.467038 115.159189 256.000000 241.065893 13.651300 4.527822 64.000000 9.792536 14.959084 3.914278 256.000000 250.961689
60.653371 57.813364 0.000000 11.100502 67.828415 55.356360 256.000000 237.856213 92.125876 171.729896 64.000000 26.301305 86.615889 169.568402 256.000000 211.782942 55.891318 89.126193 0.000000 19.597979 48.841965 92.939464 256.000000 239.899910 79.631989 10.382756 0.000000 26.499221 75.923649 12.036235 256.000000 238.316583
20.583493 70.354220 64.000000 13.299089 17.056438 69.830698 256.000000 251.856613 91.625231 59.369316 0.000000 9.710788 97.144800 63.579778 256.000000 248.083303 68.965715 173.786771 64.000000 12.739762 59.749856 182.907320 256.000000 223.442771 20.948491 153.372344 0.000000 21.779356 26.143158 150.250769 256.000000 226.286737
111.350638 94.720345 64.000000 36.962949 104.243275 98.867615 256.000000 226.691174 21.021851 196.182185 0.000000 55.549836 28.367453 161.529993 256.000000 191.625636 74.729205 121.672260 0.000000 9.977544 84.987644 139.594825 256.000000 247.136749 36.056585 76.513500 64.000000 17.842550 32.312773 74.734995 256.000000 254.885587
103.755598 46.055100 0.000000 34.493303 98.749391 50.232645 256.000000 227.108518 13.751682 198.480631 0.000000 35.284967 16.449680 193.237898 256.000000 211.580724 152.656667 158.998049 64.000000 24.795423 150.535884 162.211825 256.000000 244.744548 68.187982 30.004047 0.000000 31.391186 64.635811 30.338049 256.000000 225.615544
41.867091 90.432611 0.000000 18.900970 53.292344 97.276129 256.000000 233.820449 165.625760 117.238489 64.000000 38.189168 162.125598 117.489647 256.000000 218.748722 158.082002 61.954004 0.000000 35.160193 155.160453 63.927415 256.000000 236.393356 91.476133 161.349276 0.000000 35.844294 85.764629 158.032751 256.000000 218.658369
65.995273 17.603931 64.000000 34.626681 53.849513 26.514911 256.000000 201.310608 105.071569 14.634342 64.000000 30.431724 108.495265 20.784867 256.000000 206.826439 42.330402 37.655415 0.000000 21.211424 56.758864 49.063316 256.000000 244.628380 41.700735 51.203125 0.000000 11.087594 35.239185 47.821978 256.000000 232.942735
153.700075 142.762785 64.000000 23.706885 151.518924 146.614142 256.000000 234.655138 111.966315 66.729235 64.000000 15.841879 112.118400 69.714047 256.000000 251.525319 36.882024 141.057731 64.000000 10.541174 32.254927 151.515064 256.000000 249.326731 28.310162 230.440775 0.000000 45.744393 29.945107 225.035724 256.000000 218.559411
76.400231 74.012376 64.000000 11.169342 75.350967 73.451044 256.000000 247.330362 20.624644 194.460856 0.000000 17.132635 24.391878 196.706742 256.000000 244.641287 25.258995 96.375720 0.000000 10.829443 23.884538 92.926949 256.000000 245.463069 91.193245 211.969540 0.000000 22.420432 59.338162 195.962605 256.000000 210.074842
48.611135 84.537205 0.000000 15.213711 47.496384 82.312307 256.000000 242.911674 68.490764 22.267918 0.000000 32.436698 64.191864 25.417991 256.000000 227.766804 151.841298 165.223275 0.000000 11.857745 151.699791 170.095996 256.000000 228.532652 129.700002 87.811096 0.000000 17.993139 128.066664 88.977318 256.000000 227.771106
141.041827 75.185195 64.000000 15.097543 140.389524 76.721962 256.000000 253.741117 6.121129 50.540804 64.000000 24.386683 4.619609 37.717415 256.000000 253.013991 26.711402 229.198815 0.000000 19.232264 33.897320 230.493016 256.000000 225.464956 36.183893 111.894235 64.000000 25.367658 31.793655 109.080153 256.000000 226.867577
168.783373 140.140029 0.000000 50.541702 161.636398 134.392633 256.000000 204.580523 16.518871 58.171058 64.000000 23.203490 21.380204 59.078296 256.000000 230.159005 174.797795 102.959762 64.000000 39.578881 171.058205 100.350580 256.000000 205.505565 78.688636 209.415004 0.000000 25.759187 73.828622 205.086965 256.000000 225.744619
94.357235 14.574693 64.000000 10.932703 92.307151 11.642522 256.000000 260.138964 183.926145 28.614742 64.000000 30.517774 182.609365 32.762067 256.000000 224.479678 99.701680 43.436165 64.000000 24.339356 103.188205 47.995915 256.000000 246.560211 27.088107 73.284698 64.000000 19.404365 24.444744 69.556618 256.000000 240.911002
8.113747 53.216009 64.000000 11.909375 10.561229 53.852869 256.000000 250.544345 126.722202 34.362833 64.000000 9.000872 126.344235 32.906193 256.000000 251.989991 109.057264 50.377209 64.000000 9.796838 109.973702 50.032700 256.000000 244.787573 148.274682 141.929867 0.000000 30.242413 132.176822 131.090789 256.000000 224.832485
73.343100 11.098700 64.000000 9.990451 72.430671 11.060415 256.000000 234.332449 78.065762 97.425749 64.000000 19.266685 86.170007 92.296347 256.000000 232.361895 98.324007 109.864767 0.000000 9.310653 127.810304 128.243756 256.000000 260.969351 12.615616 41.570536 0.000000 21.753541 11.283289 45.913340 256.000000 239.159877
148.236722 4.904602 0.000000 27.863120 142.849525 8.796605 256.000000 224.139779 150.157320 171.957704 64.000000 30.616732 150.713065 160.331165 256.000000 224.389326 19.937707 88.025576 64.000000 31.064194 34.100991 77.072924 256.000000 232.353290 92.764442 30.652949 64.000000 24.610414 90.143807 31.276956 256.000000 227.504350
98.408904 82.428738 0.000000 34.368530 96.186482 103.021316 256.000000 213.465227 58.726013 100.350331 64.000000 17.683357 66.840471 96.155435 256.000000 237.021524 96.081151 63.830182 0.000000 21.835289 94.904789 65.244616 256.000000 233.639744 13.513244 33.821187 64.000000 29.214111 24.690465 38.204073 256.000000 242.348044
52.063596 202.047165 64.000000 25.948498 50.290705 199.790916 256.000000 221.313024 10.208516 124.995578 64.000000 17.584399 10.256913 131.662200 256.000000 233.708584 137.633602 107.090860 0.000000 19.073071 137.457584 104.971020 256.000000 224.699107 39.566238 99.110196 64.000000 28.848397 50.694376 89.868204 256.000000 227.934602
74.158989 95.495547 0.000000 27.510313 116.420849 77.183544 256.000000 214.373059 145.046724 65.422791 0.000000 17.287525 144.160035 67.327484 256.000000 227.177359 72.544691 92.294555 64.000000 16.715290 73.480340 87.675265 256.000000 230.714030 2.952198 191.266567 64.000000 9.878586 9.291698 206.502578 256.000000 242.313624
25.086847 44.216236 0.000000 22.127860 22.591904 45.058098 256.000000 241.775809 16.678658 44.736020 0.000000 16.513072 15.393980 48.678627 256.000000 223.941863 115.195935 46.579553 0.000000 20.368130 115.966793 58.107180 256.000000 229.582467 49.417665 14.894240 64.000000 13.079661 46.301440 8.690918 256.000000 234.233491
79.494387 115.163153 64.000000 18.789105 75.601215 116.406633 256.000000 220.706368 15.799413 62.172425 64.000000 14.865207 6.166602 61.106196 256.000000 253.465756 165.035585 14.450569 64.000000 33.241270 163.927831 4.735687 256.000000 248.672748 67.418625 185.281969 64.000000 16.448534 54.856196 188.052656 256.000000 239.452448
13.097144 69.428396 0.000000 15.157778 16.155373 66.858851 256.000000 219.777024 188.475942 75.457798 0.000000 16.676568 195.724895 67.573100 256.000000 249.021253 85.856175 89.203447 64.000000 25.526851 82.553251 91.437209 256.000000 236.010432 47.497091 64.022865 64.000000 15.966652 49.005596 59.416231 256.000000 238.665087
64.134102 44.910782 0.000000 9.164368 70.862358 39.742631 256.000000 241.887674 79.901436 106.024035 0.000000 15.299761 85.631133 102.335940 256.000000 237.150600 90.170676 58.843735 0.000000 35.078446 84.162544 61.515293 256.000000 207.209363 34.766696 108.665462 0.000000 27.269372 35.709822 102.247949 256.000000 227.685056
84.281791 49.582184 64.000000 47.723552 73.992580 63.011451 256.000000 206.908187 45.804642 150.757478 0.000000 47.822510 27.596793 121.606171 256.000000 205.789532 95.929687 213.893804 64.000000 25.879658 80.842533 225.604453 256.000000 213.207076 133.685800 147.539351 0.000000 22.011692 131.633365 148.516713 256.000000 251.323101
71.023216 63.951844 0.000000 20.828499 72.865535 60.527355 256.000000 255.100713 31.076109 68.769667 0.000000 13.492703 27.947725 70.860773 256.000000 248.857757 172.045913 72.252447 64.000000 18.660029 170.577453 76.519153 256.000000 235.963104 93.408082 88.902727 64.000000 21.263054 94.408216 84.817849 256.000000 246.783942
48.039015 153.966207 0.000000 8.622250 47.479100 153.263924 256.000000 252.428848 93.060740 84.295367 64.000000 10.011964 93.294835 89.459287 256.000000 250.682025 18.065640 105.683287 64.000000 20.376735 16.410825 102.677824 256.000000 239.766532 113.603618 169.582007 64.000000 22.183793 112.495885 167.659676 256.000000 247.356177
15.682024 21.540947 0.000000 13.716434 16.942878 23.395729 256.000000 213.293126 56.141729 198.529125 0.000000 21.202819 48.311473 201.478609 256.000000 255.475033 47.923200 147.186665 0.000000 20.178819 78.240236 157.326622 256.000000 249.498832 65.966607 108.024138 0.000000 92.740819 66.438907 108.865060 256.000000 162.355592
169.906911 35.875727 0.000000 17.756500 169.583738 36.592620 256.000000 236.660113 56.800791 182.492545 0.000000 11.083292 57.420520 182.318491 256.000000 231.540114 123.165989 128.758367 0.000000 19.942180 119.408358 132.889098 256.000000 222.035847 108.173004 161.623525 64.000000 10.067897 112.719587 161.493844 256.000000 225.064821
100.316613 197.790725 0.000000 12.059964 99.980967 198.044084 256.000000 254.541386 21.426833 71.801689 0.000000 13.178619 28.353511 73.046296 256.000000 238.682297 58.780771 46.411242 0.000000 10.459426 62.190153 41.068938 256.000000 243.742061 85.885245 103.005378 64.000000 15.540702 88.346680 99.598531 256.000000 245.704010
36.623047 220.726891 0.000000 10.373376 38.544073 219.966227 256.000000 229.380249 21.322275 195.699245 0.000000 27.802884 2.009745 180.187549 256.000000 223.494401 54.965055 58.268042 0.000000 22.484970 93.410031 32.730662 256.000000 237.451776 137.515229 186.284080 0.000000 47.968795 127.094740 183.355207 256.000000 201.293398
136.782882 30.098458 0.000000 9.925914 137.427907 26.600540 256.000000 243.901254 56.192825 170.607891 64.000000 24.855658 55.774116 169.459795 256.000000 231.772450 14.319947 211.071262 0.000000 11.651224 21.839251 215.318816 256.000000 252.562227 10.891416 96.755140 0.000000 9.491359 11.330620 95.539007 256.000000 232.701794
