110.401729 175.759833 64.000000 11.586686 109.389691 177.446720 256.000000 61.315213 69.932511 41.632251 64.000000 18.298618 73.251469 45.407082 256.000000 240.300045 109.575876 19.426349 64.000000 11.522149 108.179529 16.076033 256.000000 253.508781 135.751795 60.646900 64.000000 13.518518 135.577196 58.976056 256.000000 261.786829
1.084342 89.236000 0.000000 27.613573 21.978064 82.761682 256.000000 217.952756 110.403438 120.472965 64.000000 18.070584 109.402216 125.930116 256.000000 220.667646 109.356896 214.496005 64.000000 16.822853 117.116356 210.535393 256.000000 250.187235 24.969347 99.398673 0.000000 8.772838 25.026853 98.024476 256.000000 249.709656
40.341053 154.911600 64.000000 8.768536 33.807640 164.238951 256.000000 243.118195 65.558524 67.818427 0.000000 53.041467 76.095796 57.282760 256.000000 205.617431 78.430249 16.906520 64.000000 22.790448 77.421595 19.867620 256.000000 256.933587 47.962040 33.564035 0.000000 20.759659 39.736256 42.857185 256.000000 230.985089
1.227538 160.930384 64.000000 27.759859 3.992445 160.228025 256.000000 240.622734 100.805047 73.027649 0.000000 29.205506 85.628064 64.617882 256.000000 236.926869 48.310635 71.409182 0.000000 13.922955 39.374124 71.066660 256.000000 246.826967 60.736013 29.296227 0.000000 9.482754 64.182224 23.320040 256.000000 258.250158
151.300249 153.870095 0.000000 12.756972 146.854976 152.464176 256.000000 228.687543 89.705833 20.274925 64.000000 29.153876 87.514033 21.352495 256.000000 228.795106 84.035451 70.293936 64.000000 17.709172 82.737115 69.356382 256.000000 217.931243 99.795938 93.185245 64.000000 10.485241 97.333413 94.111665 256.000000 235.704953
40.268573 12.557689 0.000000 21.047928 35.430795 17.604707 256.000000 232.736214 183.018813 42.272142 64.000000 36.145471 181.357131 41.649071 256.000000 226.011376 15.328124 91.622364 0.000000 11.780300 18.447360 91.602898 256.000000 241.311137 61.800022 143.056020 0.000000 15.020097 57.059671 146.235351 256.000000 228.975812
38.015253 5.082533 64.000000 16.831458 32.586729 4.569671 256.000000 239.762230 54.150784 60.002016 64.000000 10.799325 57.001325 65.166235 256.000000 223.653595 31.998435 92.826351 64.000000 16.388299 18.975876 89.892718 256.000000 242.533052 43.428876 76.231756 64.000000 13.634686 42.648049 72.821784 256.000000 252.033017
89.105031 155.075776 0.000000 17.459626 84.315796 157.322756 256.000000 225.331577 70.758284 173.444356 0.000000 13.316299 151.137287 224.848138 256.000000 259.213922 72.768691 183.442273 0.000000 22.540902 85.008535 179.415085 256.000000 236.380449 26.881496 170.209958 64.000000 18.668634 27.413098 167.638395 256.000000 233.734399
14.782733 167.770560 64.000000 11.629712 7.310220 172.142651 256.000000 242.382464 151.148724 58.828400 0.000000 74.829428 148.539413 62.815736 256.000000 182.108462 49.921345 75.505645 0.000000 10.386283 47.683880 77.378364 256.000000 243.032145 186.151082 81.333445 64.000000 38.206378 182.692175 82.136567 256.000000 231.776752
111.434924 88.846395 64.000000 26.090481 108.329645 88.081482 256.000000 230.985089 43.389196 15.282133 64.000000 10.343258 41.361282 16.054664 256.000000 238.148785 52.995762 162.969340 0.000000 25.638717 54.114371 157.959747 256.000000 252.325588 70.351082 23.945053 64.000000 60.329935 66.278331 28.147976 256.000000 208.254876
39.349835 123.611287 64.000000 27.488800 12.863336 106.727271 256.000000 232.620046 97.554780 137.052558 0.000000 61.986406 98.580233 137.763589 256.000000 199.124928 151.901049 56.908913 0.000000 26.116296 147.997085 62.667525 256.000000 215.039950 20.604051 212.788242 64.000000 41.932360 22.452251 202.415471 256.000000 217.100857
40.996749 33.131669 0.000000 36.635958 19.828495 57.781724 256.000000 217.685999 54.616044 0.193547 0.000000 26.383053 46.917902 11.652038 256.000000 215.461597 97.943598 18.903022 64.000000 19.034348 98.183809 21.661776 256.000000 242.184548 76.912062 24.338924 0.000000 14.512400 72.432998 20.887469 256.000000 238.553221
45.281204 180.934733 0.000000 30.453237 90.591564 179.525515 256.000000 210.767547 142.456384 114.602956 0.000000 23.857473 148.095938 97.537513 256.000000 236.105088 15.163807 110.402044 64.000000 15.566517 13.531762 110.427789 256.000000 241.956515 11.680253 70.392700 0.000000 19.486113 10.211235 63.082120 256.000000 231.389526
74.153193 167.339555 0.000000 23.814448 57.889880 170.657751 256.000000 221.420587 120.163547 187.166982 0.000000 15.282551 129.337400 184.592896 256.000000 234.947710 84.981818 25.383867 64.000000 41.489200 93.577064 51.111898 256.000000 222.324116 59.490242 153.203640 64.000000 17.803828 76.521733 156.625462 256.000000 233.867777
2.952198 191.266567 64.000000 9.878586 9.291698 206.502578 256.000000 242.313624 164.054404 50.850473 64.000000 34.433068 164.760091 53.032709 256.000000 228.222871 167.958551 102.734515 64.000000 35.074143 169.665905 86.873975 256.000000 11.096199 48.292851 12.385653 0.000000 27.161809 77.825796 82.409104 256.000000 229.375946
31.570189 68.846085 0.000000 13.329207 31.515015 72.749455 256.000000 255.836444 58.448844 58.321016 0.000000 12.189039 53.860471 58.270782 256.000000 229.397459 173.890985 37.565131 64.000000 12.877442 180.354458 20.076735 256.000000 249.485925 146.292069 150.770733 0.000000 37.139353 135.884571 152.432076 256.000000 217.053529
178.365764 18.641527 64.000000 12.012636 185.600584 21.865107 256.000000 232.628651 51.649022 124.440407 64.000000 11.999728 39.733211 135.014116 256.000000 238.669389 119.563222 77.530716 0.000000 15.889206 118.144687 77.751587 256.000000 225.589729 109.010311 96.435138 64.000000 32.694849 116.407407 90.731064 256.000000 223.382536
24.475782 165.971629 0.000000 12.236367 27.233280 166.993496 256.000000 232.310265 102.213271 18.808924 0.000000 21.099558 99.679078 17.852733 256.000000 255.350259 137.368495 43.392511 0.000000 22.893709 138.365158 47.399511 256.000000 223.610569 160.470915 29.340304 64.000000 49.349904 146.298467 31.481889 256.000000 196.965063
39.174573 23.124373 64.000000 26.503523 37.330111 25.536676 256.000000 230.726938 25.823909 87.685482 0.000000 12.176132 29.892762 87.371789 256.000000 223.141595 114.045678 69.214302 64.000000 9.913006 113.976055 69.028915 256.000000 259.975468 57.912033 139.387105 0.000000 21.448062 67.389184 129.254851 256.000000 229.918064
37.996775 99.937085 0.000000 18.487928 29.872171 97.319225 256.000000 247.205589 35.778347 169.806564 0.000000 24.851356 43.863322 170.468775 256.000000 226.833157 185.595218 68.547236 0.000000 25.526851 182.730076 67.714244 256.000000 194.689030 101.719409 23.537553 64.000000 15.557912 100.411595 21.564780 256.000000 260.199200
101.476091 31.544180 64.000000 10.123830 117.105069 24.156165 256.000000 254.833957 98.456422 17.175013 0.000000 13.527123 97.023649 13.358880 256.000000 241.612313 57.211716 129.462455 64.000000 30.702783 51.195489 129.361476 256.000000 231.277660 31.574698 59.954742 64.000000 27.764162 48.820542 64.235796 256.000000 224.802367
66.836358 42.210073 0.000000 29.003287 70.883471 56.940798 256.000000 219.781327 139.347180 137.527115 64.000000 28.663388 145.918738 119.289540 256.000000 240.269927 125.398836 164.350667 0.000000 16.693778 121.587555 167.779255 256.000000 227.745291 104.584565 154.030913 64.000000 24.838448 99.435751 157.263889 256.000000 236.006130
15.403065 129.376216 0.000000 42.564830 19.625831 131.507342 256.000000 205.406607 106.775605 171.766160 0.000000 48.941165 106.698498 118.872313 256.000000 206.073498 104.022325 99.088260 0.000000 24.902986 104.811847 94.821456 256.000000 244.340111 75.312740 12.966951 64.000000 10.829443 78.306480 12.798785 256.000000 229.715845
99.908520 95.095236 0.000000 15.906416 98.586711 103.165316 256.000000 229.044652 24.094909 156.069013 0.000000 18.595491 13.543698 147.584393 256.000000 234.637928 27.623780 135.372816 0.000000 14.594148 31.704938 135.985402 256.000000 226.970838 43.123520 194.401458 64.000000 42.220629 51.298576 181.461762 256.000000 218.421730
44.816851 94.994595 64.000000 33.030446 40.199949 81.098571 256.000000 218.529293 107.981827 157.480871 0.000000 23.237911 107.476584 152.200029 256.000000 234.689558 30.904289 102.899113 0.000000 35.568933 31.413405 92.519473 256.000000 238.729625 4.693642 124.230309 0.000000 15.527795 7.162362 124.965491 256.000000 254.235907
100.265447 155.312098 0.000000 21.697608 42.005862 177.207344 256.000000 246.848480 185.373695 123.401415 64.000000 33.357438 183.118020 122.683873 256.000000 239.375003 25.871275 116.916893 64.000000 14.060635 24.233776 114.469169 256.000000 245.802968 101.901313 115.930475 64.000000 16.629240 101.016635 114.754202 256.000000 245.549119
44.533098 208.825487 0.000000 8.794351 47.987598 211.600984 256.000000 263.103401 46.049033 4.126431 64.000000 25.363355 42.629593 5.808533 256.000000 240.928212 84.136582 220.560169 64.000000 31.507354 88.539269 218.636056 256.000000 234.078601 132.424755 13.621927 64.000000 35.943252 142.069160 16.830816 256.000000 225.335880
23.808085 126.217093 0.000000 9.839863 26.788376 127.805269 256.000000 230.344013 88.673895 31.046265 64.000000 31.124430 89.829105 38.183251 256.000000 226.101729 153.679927 103.589647 0.000000 26.968195 139.760867 104.106675 256.000000 219.338167 25.400269 132.593807 64.000000 13.092568 24.035295 130.919633 256.000000 255.539570
58.172944 40.653816 0.000000 9.181578 63.734391 37.319909 256.000000 233.824752 49.466924 6.033058 0.000000 10.007662 45.242300 4.444564 256.000000 240.282834 106.151464 67.056064 0.000000 35.706613 28.370449 102.971085 256.000000 226.828854 14.319947 211.071262 0.000000 11.651224 21.839251 215.318816 256.000000 252.562227
1.033642 157.646918 0.000000 28.917237 7.657093 156.184027 256.000000 221.536755 105.010367 68.173749 64.000000 14.908232 121.629629 84.296958 256.000000 224.587241 121.971251 188.831256 0.000000 27.372632 118.645749 190.643704 256.000000 229.388854 102.200178 182.719387 64.000000 42.147486 96.730018 177.133100 256.000000 207.549262
82.786665 81.488080 64.000000 57.227819 83.202158 82.519247 256.000000 195.923853 107.357842 164.456444 0.000000 16.409811 111.253740 163.561815 256.000000 224.841090 15.954905 124.190318 64.000000 17.063794 19.191171 123.168720 256.000000 243.135405 63.743193 73.737345 64.000000 12.034148 61.895215 74.265200 256.000000 239.344885
52.835247 51.781378 64.000000 16.052702 69.583842 68.863142 256.000000 230.692517 154.722829 30.315882 0.000000 24.033877 151.791002 25.546089 256.000000 236.354634 63.849415 16.428629 64.000000 11.771695 65.285344 17.258493 256.000000 249.451505 47.923200 147.186665 0.000000 20.178819 78.240236 157.326622 256.000000 249.498832
