69.700184 68.507944 0.000000 11.522149 72.931682 64.103827 256.000000 263.787501 100.299384 151.551629 64.000000 17.016467 111.467009 149.942698 256.000000 245.420043 102.213271 18.808924 0.000000 21.099558 99.679078 17.852733 256.000000 255.350259 8.714680 23.891709 0.000000 70.135379 16.421069 25.945640 256.000000 192.266711
53.759091 104.932195 0.000000 21.960062 44.897562 106.000480 256.000000 220.172856 75.312740 12.966951 64.000000 10.829443 78.306480 12.798785 256.000000 229.715845 74.982891 190.637149 64.000000 64.025800 76.842840 192.736682 256.000000 186.415284 119.400125 137.492704 64.000000 11.698552 120.175245 137.461687 256.000000 260.590729
160.843309 36.555700 0.000000 18.358853 159.768865 34.572924 256.000000 247.730497 14.850287 95.366520 0.000000 9.319258 15.986207 98.273255 256.000000 249.791404 73.554002 46.150504 64.000000 10.721880 88.989300 35.631925 256.000000 45.473334 101.455913 38.546889 0.000000 8.768536 101.687258 39.058967 256.000000 246.921623
38.081918 160.600520 0.000000 14.249946 39.261840 159.307067 256.000000 243.002027 73.062711 138.290604 0.000000 31.214783 73.222695 132.999991 256.000000 244.417556 20.710113 58.075004 64.000000 24.730885 29.373673 52.053996 256.000000 219.643646 151.300249 153.870095 0.000000 12.756972 146.854976 152.464176 256.000000 228.687543
108.452836 49.837415 64.000000 17.184265 109.023736 51.765467 256.000000 267.887803 84.653578 218.273285 0.000000 22.489272 86.015591 217.375867 256.000000 219.686671 127.819027 147.388564 64.000000 28.758044 111.485202 154.446929 256.000000 222.306906 50.864775 91.942558 0.000000 18.307223 44.109647 97.514236 256.000000 245.041422
68.321127 94.754893 0.000000 10.386283 65.276951 96.803535 256.000000 238.006801 15.452033 95.977913 64.000000 9.504267 14.754636 101.175480 256.000000 232.878198 5.305062 40.585373 64.000000 18.664332 6.465118 42.476422 256.000000 233.919407 97.770882 177.678844 0.000000 24.868566 97.492076 165.598325 256.000000 222.074570
119.563222 77.530716 0.000000 15.889206 118.144687 77.751587 256.000000 225.589729 103.516240 165.912778 0.000000 9.091225 124.590447 171.270542 256.000000 247.442228 75.990789 20.417165 64.000000 18.092097 74.838164 21.240980 256.000000 220.349259 27.221782 46.299796 0.000000 10.485241 25.805585 46.842780 256.000000 238.325188
12.171989 25.263164 64.000000 28.551523 22.731307 27.089300 256.000000 230.597862 18.009453 152.442015 64.000000 25.582784 16.157931 149.460231 256.000000 231.845593 4.479284 105.573858 64.000000 22.110650 6.219300 103.285645 256.000000 240.975540 51.945402 152.580724 0.000000 8.854586 57.146653 154.970947 256.000000 276.738086
128.804040 148.781818 0.000000 26.245372 135.315860 134.567553 256.000000 218.744419 146.022342 65.184469 64.000000 32.273203 137.681942 61.783749 256.000000 214.988319 134.626435 72.554204 0.000000 10.687460 134.296265 72.321164 256.000000 245.833085 101.694889 61.367400 64.000000 29.287254 96.478349 57.961256 256.000000 231.643374
21.104158 47.340460 64.000000 25.032061 75.702991 62.634087 256.000000 232.921223 9.484584 97.905080 64.000000 29.300161 13.292531 95.409595 256.000000 246.246127 140.305331 57.665624 0.000000 17.975929 141.904100 62.363633 256.000000 250.836916 178.365764 18.641527 64.000000 12.012636 185.600584 21.865107 256.000000 232.628651
72.709500 94.936333 0.000000 23.569205 69.644238 83.672320 256.000000 236.939776 131.527216 122.963213 64.000000 38.305336 122.757565 103.821824 256.000000 219.738301 61.414384 20.505320 64.000000 9.930216 58.837825 17.297424 256.000000 236.100785 45.946125 33.033680 0.000000 27.635086 39.998651 32.524633 256.000000 229.341526
132.915722 163.544320 64.000000 9.000872 133.550667 162.402296 256.000000 259.480679 156.884247 27.547645 0.000000 13.965980 158.255411 18.071980 256.000000 241.861859 191.845936 82.146535 0.000000 19.972298 193.118609 109.752218 256.000000 236.819306 34.344556 177.771985 64.000000 42.216326 28.940898 177.457331 256.000000 214.588185
7.657787 146.166144 0.000000 26.520733 5.554765 142.049376 256.000000 237.232348 35.479602 214.118636 64.000000 15.902114 40.362047 214.904998 256.000000 239.671877 15.427098 72.530636 64.000000 10.932703 15.612838 74.913947 256.000000 238.131574 113.468633 84.096015 64.000000 12.688131 115.961493 88.334045 256.000000 222.272486
84.533445 101.803485 64.000000 13.290484 102.088102 101.833925 256.000000 238.252045 74.888240 21.312807 0.000000 14.929744 71.293665 21.112869 256.000000 224.991678 91.476133 161.349276 0.000000 35.844294 85.764629 158.032751 256.000000 218.658369 19.356131 147.362667 64.000000 17.128332 6.568060 152.601082 256.000000 246.147169
15.082284 122.299662 64.000000 19.972298 22.987689 126.197805 256.000000 248.547975 161.442542 40.856015 64.000000 24.881473 159.380556 43.045298 256.000000 225.193897 24.227071 73.704742 0.000000 34.192126 21.174500 74.568956 256.000000 212.109933 83.776496 77.010225 64.000000 26.791792 82.747036 64.602956 256.000000 256.795906
3.970445 113.541895 0.000000 12.713947 3.927513 112.179229 256.000000 244.576749 159.477900 67.901533 0.000000 11.160737 159.894556 70.253567 256.000000 255.105016 104.160093 115.248535 64.000000 35.121471 122.232162 106.482204 256.000000 227.482837 74.341785 116.062598 64.000000 15.140568 72.295789 115.678984 256.000000 256.847536
92.617525 64.051267 0.000000 20.996298 89.065522 54.712675 256.000000 231.359408 121.210825 78.310902 64.000000 38.434411 89.520587 103.407829 256.000000 205.832557 157.966233 41.789145 0.000000 12.524636 157.920071 42.034105 256.000000 248.255404 61.050662 131.050965 0.000000 12.429980 71.946013 130.583458 256.000000 221.467914
169.166065 43.027625 64.000000 23.745608 166.498491 39.978662 256.000000 220.263209 67.029325 42.250669 0.000000 9.327863 65.479020 42.162305 256.000000 256.912074 115.171384 132.500165 0.000000 11.590989 114.915982 131.948744 256.000000 237.154902 28.203442 39.138742 0.000000 20.445575 13.961553 42.309956 256.000000 230.791475
49.640147 113.028795 64.000000 11.074686 51.048415 120.879238 256.000000 235.743676 148.597149 59.613845 64.000000 11.750182 148.617985 56.966515 256.000000 256.305419 78.044680 161.285582 0.000000 16.900299 69.572356 165.528936 256.000000 243.027842 90.595055 52.285195 64.000000 24.541574 122.847760 76.193265 256.000000 234.508853
45.848940 97.579100 64.000000 30.930816 52.911318 88.678998 256.000000 250.023740 32.095465 123.909549 0.000000 19.795895 24.595778 126.808669 256.000000 239.745019 113.254827 8.670596 0.000000 24.799725 111.758084 9.849851 256.000000 236.229861 134.747718 55.433624 0.000000 12.219157 137.303113 59.794524 256.000000 257.751066
1.541593 120.054835 0.000000 8.897611 1.001002 119.057424 256.000000 249.059975 59.478576 86.928327 0.000000 31.959119 48.646847 86.509744 256.000000 229.272686 18.837535 24.747693 64.000000 10.214182 14.520191 22.318515 256.000000 241.268112 109.098785 162.475649 0.000000 23.999457 113.098633 146.865098 256.000000 246.844177
22.899944 162.850936 64.000000 10.717577 22.832182 162.371427 256.000000 233.786029 33.755796 37.319493 64.000000 12.877442 34.717216 37.006160 256.000000 255.311537 15.313413 51.961855 64.000000 78.650066 18.620264 55.702796 256.000000 198.066508 165.479765 29.813153 0.000000 8.914821 166.030249 26.809551 256.000000 231.716517
55.847436 84.936347 0.000000 15.239526 52.912525 91.715135 256.000000 232.770635 59.823938 43.006298 0.000000 23.788633 66.575558 77.741669 256.000000 231.841290 0.527938 131.834005 64.000000 13.423862 15.571369 178.060720 256.000000 233.170769 74.490836 168.381029 0.000000 12.176132 96.983411 164.893136 256.000000 207.695548
103.973642 50.783127 0.000000 12.993610 94.235671 34.254273 256.000000 236.681625 66.513080 33.341609 0.000000 27.157506 60.694647 37.995367 256.000000 245.312480 52.999216 60.084933 64.000000 14.568333 56.043005 49.738511 256.000000 272.728138 74.284711 169.308493 0.000000 23.431524 71.546975 167.965365 256.000000 234.668046
52.008969 48.048593 64.000000 22.992667 48.742478 41.668767 256.000000 258.435166 86.182885 73.409018 0.000000 27.174716 82.317402 46.179342 256.000000 235.007945 107.606258 91.857258 64.000000 21.951457 109.809005 86.129151 256.000000 237.860516 75.741973 65.245789 0.000000 13.191526 80.734222 72.442236 256.000000 242.141523
78.789209 38.798069 64.000000 40.899755 69.968349 42.150224 256.000000 224.286065 24.025065 138.670669 0.000000 13.815392 8.837680 150.414669 256.000000 241.999540 19.939627 76.819885 0.000000 12.567661 7.207902 75.780896 256.000000 222.431679 137.946167 109.218802 0.000000 61.259280 126.656758 98.545716 256.000000 199.877869
20.139365 137.626516 0.000000 18.548164 15.051198 135.749776 256.000000 234.732584 22.851545 50.075529 0.000000 43.735116 13.478780 44.748844 256.000000 185.296629 59.725165 220.897838 0.000000 35.306479 61.405193 215.350700 256.000000 222.414469 138.388160 88.469353 64.000000 21.869709 137.630013 89.454436 256.000000 235.205861
93.795107 199.928233 64.000000 25.109507 83.412109 202.157756 256.000000 32.187152 80.983925 61.557275 64.000000 23.293843 75.659500 56.919067 256.000000 236.952684 100.625847 18.063720 64.000000 35.048328 96.218631 13.133847 256.000000 224.660384 149.345276 98.645715 0.000000 23.323961 149.706871 94.562565 256.000000 247.726194
62.827416 69.142785 0.000000 15.936534 69.344147 63.137593 256.000000 241.754296 23.612231 94.760198 64.000000 24.421104 32.886558 107.965547 256.000000 231.286265 26.818151 53.496820 0.000000 13.832602 23.386589 57.437762 256.000000 261.107031 9.941307 54.943353 0.000000 11.427493 13.486249 50.052147 256.000000 219.656554
116.549295 113.902927 64.000000 31.322346 96.423324 114.643404 256.000000 231.574534 14.869778 19.332051 64.000000 10.941308 17.178911 17.355649 256.000000 257.875839 172.451571 40.298064 0.000000 11.664132 173.004613 39.114371 256.000000 233.958130 156.604135 42.756353 64.000000 12.602081 157.266504 42.951296 256.000000 243.647405
96.968420 41.387229 64.000000 14.938349 96.176529 41.394533 256.000000 236.617087 75.568415 138.576705 64.000000 26.770279 79.276976 134.921578 256.000000 243.466699 95.686764 40.861300 64.000000 28.667691 97.710589 45.241753 256.000000 207.725666 172.744796 113.400751 64.000000 33.421975 170.967255 113.522273 256.000000 240.067708
5.988435 179.693427 0.000000 15.962349 11.974409 188.253905 256.000000 246.667774 64.002536 193.795205 64.000000 23.706885 57.397611 194.005345 256.000000 231.613257 80.628125 184.905969 0.000000 13.690619 74.208142 199.010944 256.000000 247.016278 22.076067 155.262211 64.000000 30.913606 27.291138 152.517435 256.000000 231.811173
