68.027591 77.811578 64.000000 16.323761 65.143104 76.330189 256.000000 247.889690 174.894760 75.232791 64.000000 8.919124 181.177320 66.248387 256.000000 242.132918 64.286815 50.635289 64.000000 16.052702 62.493636 52.732860 256.000000 243.436582 31.164604 111.595116 64.000000 21.951457 23.532365 109.004453 256.000000 247.369085
67.180845 88.996735 0.000000 8.738418 69.785591 85.458329 256.000000 247.928412 12.512856 120.806447 0.000000 25.647322 13.590209 118.693925 256.000000 221.790603 62.951735 51.813664 0.000000 11.552266 66.781045 51.882369 256.000000 255.926797 55.833224 50.972642 64.000000 9.499964 58.986071 50.294145 256.000000 260.027099
119.648467 40.002355 0.000000 20.157306 117.670491 40.960775 256.000000 242.911674 9.884460 14.019413 0.000000 18.642819 15.113724 13.098302 256.000000 222.814603 36.819338 206.405027 64.000000 41.540831 32.576715 201.103616 256.000000 216.713630 49.425802 35.719075 64.000000 17.963021 46.692842 36.595858 256.000000 248.177959
36.392487 32.921362 0.000000 8.695393 39.870353 31.158355 256.000000 268.602021 49.071382 121.038020 64.000000 22.807659 50.663762 119.031224 256.000000 238.161692 99.186547 201.844549 0.000000 24.352263 99.869831 199.700635 256.000000 243.234363 15.225238 88.469391 0.000000 16.939021 5.100496 85.295575 256.000000 247.390597
34.373513 59.738171 64.000000 9.887191 36.184169 58.059960 256.000000 255.182461 139.238309 175.074536 64.000000 33.189639 134.848182 175.626096 256.000000 228.016350 79.494387 115.163153 64.000000 18.789105 75.601215 116.406633 256.000000 220.706368 3.670638 119.854302 0.000000 18.165239 12.205184 130.190871 256.000000 239.271742
50.206533 105.883635 64.000000 17.812433 52.442360 102.092095 256.000000 231.738030 139.302869 66.163355 64.000000 20.510113 138.646609 69.850055 256.000000 238.660784 86.790564 11.581613 64.000000 17.554282 79.572135 6.318925 256.000000 219.333865 34.252900 25.754662 0.000000 14.017610 41.080875 23.398345 256.000000 223.756855
117.542498 174.683284 64.000000 17.851155 117.573660 173.861036 256.000000 235.455407 41.657442 37.392520 64.000000 21.947155 42.290584 41.641018 256.000000 236.888146 170.316742 44.902938 0.000000 33.895253 166.304284 56.071504 256.000000 231.690702 50.033649 161.175104 0.000000 14.163896 46.902880 161.201298 256.000000 260.306763
24.195180 91.397847 0.000000 17.068097 27.868476 107.730669 256.000000 214.618303 18.837535 24.747693 64.000000 10.214182 14.520191 22.318515 256.000000 241.268112 153.679927 103.589647 0.000000 26.968195 139.760867 104.106675 256.000000 219.338167 47.923200 147.186665 0.000000 20.178819 78.240236 157.326622 256.000000 249.498832
67.418625 185.281969 64.000000 16.448534 54.856196 188.052656 256.000000 239.452448 55.739924 45.150205 0.000000 9.401006 54.220564 44.331655 256.000000 249.356849 131.869556 115.976300 0.000000 20.445575 134.939680 112.544822 256.000000 236.815003 22.667435 74.932415 0.000000 18.888063 27.659396 76.015916 256.000000 210.212522
69.608513 139.944938 0.000000 23.160465 62.413695 142.583749 256.000000 215.702538 149.080335 89.049538 0.000000 21.189911 151.826773 73.488038 256.000000 232.628651 92.065840 214.577371 0.000000 23.698280 101.333080 211.969775 256.000000 251.336008 82.192055 221.843425 64.000000 15.609543 84.863675 220.734840 256.000000 238.587642
2.808724 151.635740 0.000000 23.009877 3.930593 148.924642 256.000000 253.031201 172.155673 106.013233 64.000000 31.731085 166.980262 108.404240 256.000000 209.562842 65.391489 178.651325 64.000000 13.892837 77.305909 187.586278 256.000000 281.918320 17.878158 45.282936 0.000000 55.128189 27.035513 65.937796 256.000000 192.339854
10.891416 96.755140 0.000000 9.491359 11.330620 95.539007 256.000000 232.701794 38.465531 24.717051 0.000000 11.384468 38.233862 21.852053 256.000000 255.044781 70.796949 80.826553 64.000000 14.409139 85.489256 81.324020 256.000000 232.163979 57.835878 184.764602 64.000000 8.665275 55.818347 187.807615 256.000000 245.037119
32.825522 90.663962 64.000000 11.565174 30.812882 88.473876 256.000000 256.073083 76.906100 223.473953 0.000000 17.033677 81.351725 223.329244 256.000000 240.162364 152.872691 123.111327 0.000000 15.403022 153.275125 128.540925 256.000000 252.725722 178.709524 67.317640 64.000000 8.747023 181.062636 70.021960 256.000000 238.574734
17.695435 158.722247 0.000000 12.619291 20.932733 161.241327 256.000000 228.941392 15.441565 60.737100 64.000000 17.197172 19.290629 56.520529 256.000000 232.452248 160.843309 36.555700 0.000000 18.358853 159.768865 34.572924 256.000000 247.730497 141.041827 75.185195 64.000000 15.097543 140.389524 76.721962 256.000000 253.741117
22.434842 105.241729 64.000000 21.848197 16.313800 122.831256 256.000000 240.622734 61.478242 61.721951 64.000000 15.166383 58.795891 61.684858 256.000000 245.407136 5.286307 5.892498 0.000000 13.772367 1.775676 6.862902 256.000000 236.638600 58.120975 109.854256 0.000000 12.412770 64.847978 109.772811 256.000000 249.503135
106.227833 199.847202 0.000000 9.594620 111.299551 200.618505 256.000000 240.321557 110.636747 149.719025 0.000000 27.919052 98.778967 144.314042 256.000000 224.471073 121.158158 70.727585 0.000000 24.003759 119.187722 80.728087 256.000000 230.584954 33.716545 44.753367 0.000000 8.815863 33.372135 46.024209 256.000000 247.752009
79.500758 214.649080 0.000000 34.540631 78.767962 213.942140 256.000000 211.223614 91.476133 161.349276 0.000000 35.844294 85.764629 158.032751 256.000000 218.658369 0.476515 82.515269 64.000000 10.816535 2.513855 87.710658 256.000000 263.976812 0.921738 79.650640 64.000000 9.276233 0.921295 77.923387 256.000000 245.260850
104.499053 145.678376 64.000000 25.509641 101.103455 146.167935 256.000000 255.698764 92.678140 121.839024 0.000000 26.314212 92.213302 116.312642 256.000000 233.351475 13.023582 118.162276 0.000000 18.061979 17.233620 117.933827 256.000000 227.104216 149.345276 98.645715 0.000000 23.323961 149.706871 94.562565 256.000000 247.726194
187.516047 113.130964 0.000000 16.706685 188.188105 119.355173 256.000000 248.664143 69.914229 223.583371 64.000000 29.282951 73.785609 221.487202 256.000000 239.689087 147.297891 124.143489 64.000000 20.720936 147.060984 122.271573 256.000000 251.370428 22.719300 22.892785 0.000000 23.792936 63.848687 8.297907 256.000000 230.520417
94.653415 35.642247 0.000000 9.082620 123.034724 23.979405 256.000000 244.073355 91.484125 142.779765 64.000000 15.407324 93.714665 141.617098 256.000000 215.840218 28.361702 143.574813 0.000000 10.042082 32.654680 146.927524 256.000000 251.396244 13.093662 127.743164 0.000000 10.928401 16.370362 129.791913 256.000000 248.689959
109.057264 50.377209 64.000000 9.796838 109.973702 50.032700 256.000000 244.787573 84.084380 57.956956 0.000000 31.881673 57.218660 33.392400 256.000000 236.419171 178.365764 18.641527 64.000000 12.012636 185.600584 21.865107 256.000000 232.628651 157.981211 93.558135 64.000000 37.147958 142.118635 87.302365 256.000000 206.159548
30.778744 83.552795 0.000000 13.415257 34.380373 80.334900 256.000000 250.105488 126.017413 92.612355 64.000000 15.446047 125.274185 93.221876 256.000000 233.618231 80.593551 159.330324 0.000000 10.218485 81.930224 158.629809 256.000000 224.075242 76.686089 94.682004 64.000000 13.376535 74.836489 95.817151 256.000000 233.381592
50.140871 30.609815 0.000000 17.360668 53.412189 31.141480 256.000000 240.119339 22.851545 50.075529 0.000000 43.735116 13.478780 44.748844 256.000000 185.296629 27.247493 124.377405 64.000000 13.798182 35.322589 133.638278 256.000000 225.615544 132.424755 13.621927 64.000000 35.943252 142.069160 16.830816 256.000000 225.335880
119.767975 187.331020 64.000000 22.833474 113.900707 193.559456 256.000000 236.591272 16.037755 41.911029 64.000000 26.852027 19.964680 46.211531 256.000000 219.019781 66.598675 69.759415 0.000000 28.671993 57.290647 64.069295 256.000000 205.410910 18.316640 171.098609 0.000000 27.187624 19.114044 169.402533 256.000000 233.730096
150.671322 96.960249 64.000000 33.581169 122.653864 79.592762 256.000000 225.809157 16.270458 34.220911 0.000000 14.379022 17.385667 24.841049 256.000000 237.907843 139.671945 185.229656 64.000000 15.936534 144.578418 191.684131 256.000000 231.256147 89.461985 209.755156 0.000000 28.499892 86.891244 203.354164 256.000000 247.911202
132.876520 133.013911 0.000000 8.794351 138.398207 147.697769 256.000000 241.844649 165.222055 14.368304 64.000000 46.144527 153.140287 8.989713 256.000000 214.459109 75.463338 43.785785 0.000000 13.884232 74.352098 45.001156 256.000000 225.490771 18.232676 63.399031 0.000000 13.079661 20.128116 61.627993 256.000000 269.217281
48.765582 93.008555 0.000000 19.886247 85.212809 75.825755 256.000000 242.008145 40.338493 112.022138 64.000000 8.716906 38.303893 112.217038 256.000000 244.946766 9.280864 66.225465 0.000000 17.029374 6.905862 63.754227 256.000000 237.628180 23.612231 94.760198 64.000000 24.421104 32.886558 107.965547 256.000000 231.286265
120.329938 150.496065 64.000000 35.267756 110.424460 153.579725 256.000000 220.598805 73.115662 177.791065 64.000000 35.478580 113.752104 141.925847 256.000000 213.516858 173.369822 30.360882 0.000000 20.230449 174.107036 30.669311 256.000000 201.663415 43.383265 120.411653 0.000000 11.410283 47.831362 132.017058 256.000000 261.425418
145.077609 25.702138 64.000000 46.191855 142.308993 25.561271 256.000000 200.884659 43.004689 108.808224 64.000000 28.813976 40.599342 107.416838 256.000000 225.671477 173.890985 37.565131 64.000000 12.877442 180.354458 20.076735 256.000000 249.485925 137.368495 43.392511 0.000000 22.893709 138.365158 47.399511 256.000000 223.610569
172.896900 89.484569 64.000000 13.570148 175.293160 83.119973 320.000000 234.771306 69.963349 98.712593 0.000000 8.932032 68.749775 99.264402 256.000000 243.797993 127.641767 161.080665 0.000000 29.704598 127.685655 158.390493 256.000000 245.157590 124.770665 151.260411 64.000000 13.677711 126.822055 150.330655 256.000000 240.424818
66.957269 196.973951 64.000000 16.977744 76.775687 197.127349 256.000000 243.535540 58.251909 218.871456 64.000000 28.056733 58.119220 216.725662 256.000000 238.824280 108.583824 189.215696 64.000000 22.893709 106.953207 188.123215 256.000000 215.736958 52.787342 221.776605 64.000000 27.587758 56.796698 219.929216 256.000000 247.790732
101.721022 62.361316 0.000000 36.369202 91.529267 65.450353 256.000000 229.707240 188.475942 75.457798 0.000000 16.676568 195.724895 67.573100 256.000000 249.021253 40.963700 114.317300 64.000000 26.477708 35.802769 113.961044 256.000000 233.101929 91.625231 59.369316 0.000000 9.710788 97.144800 63.579778 256.000000 248.083303
