74.813996 90.356696 64.000000 13.376535 73.323875 88.126531 256.000000 248.801824 68.458456 97.072009 64.000000 12.860232 76.500327 102.528635 256.000000 237.701322 35.461485 74.628578 64.000000 20.518718 38.604484 64.038153 256.000000 243.057960 153.156918 117.995475 0.000000 20.514415 147.714851 128.639500 256.000000 248.139236
121.971251 188.831256 0.000000 27.372632 118.645749 190.643704 256.000000 229.388854 2.507265 170.963735 0.000000 43.825469 4.644995 166.098387 256.000000 207.433094 50.790584 35.975444 0.000000 71.723008 38.066687 30.414613 256.000000 183.889705 48.829115 50.525087 0.000000 20.531625 48.732893 55.363551 256.000000 240.183876
72.130456 52.445524 64.000000 11.767392 68.567898 42.176740 256.000000 246.267640 77.530216 20.045024 64.000000 11.986821 90.125947 16.597115 256.000000 233.054601 56.141729 198.529125 0.000000 21.202819 48.311473 201.478609 256.000000 255.475033 104.499053 145.678376 64.000000 25.509641 101.103455 146.167935 256.000000 255.698764
102.562905 107.144187 64.000000 14.249946 103.522555 104.520411 256.000000 232.559811 142.456384 114.602956 0.000000 23.857473 148.095938 97.537513 256.000000 236.105088 21.143962 32.566358 64.000000 26.426078 17.679482 40.231813 256.000000 237.490499 124.382680 104.121811 64.000000 34.846109 120.939525 98.889824 256.000000 207.312624
69.754976 100.307191 0.000000 18.436298 74.462145 97.452338 256.000000 235.597390 4.285720 177.997860 0.000000 14.404837 4.489453 181.195715 256.000000 240.657154 53.973185 170.981429 64.000000 23.556297 69.816095 171.340127 256.000000 238.277860 34.327855 164.249140 64.000000 23.642347 36.126685 161.737185 256.000000 242.317926
31.174500 203.683615 64.000000 29.510985 26.053256 202.856484 256.000000 234.594903 0.716813 139.336753 64.000000 11.427493 0.494867 138.421009 320.000000 245.734127 153.679927 103.589647 0.000000 26.968195 139.760867 104.106675 256.000000 219.338167 20.009416 189.991613 0.000000 49.018610 27.314880 187.306785 256.000000 213.899782
105.702391 107.369560 64.000000 26.671321 105.828729 106.878744 256.000000 227.203174 49.624867 137.102402 64.000000 17.670450 67.491335 147.298295 256.000000 236.879541 24.025065 138.670669 0.000000 13.815392 8.837680 150.414669 256.000000 241.999540 117.710613 9.279713 64.000000 17.855458 157.173002 11.948053 256.000000 247.941320
111.716733 20.589653 0.000000 40.589974 103.463605 23.205078 256.000000 206.602708 119.400125 137.492704 64.000000 11.698552 120.175245 137.461687 256.000000 260.590729 85.351931 103.371545 64.000000 32.178547 82.915269 98.333304 256.000000 227.194569 27.188191 22.442229 64.000000 23.263726 63.717607 37.750664 256.000000 237.968079
30.594424 117.150195 64.000000 42.267956 30.510105 123.355755 256.000000 208.069867 74.030536 197.001118 0.000000 30.526379 69.192676 199.010471 256.000000 238.286465 39.827191 111.444409 64.000000 12.524636 38.515060 110.268564 256.000000 233.304147 102.872460 23.274853 0.000000 17.549979 101.235611 24.527093 256.000000 255.031873
45.453065 152.157955 0.000000 22.717306 45.933856 151.730485 256.000000 231.238937 15.452033 95.977913 64.000000 9.504267 14.754636 101.175480 256.000000 232.878198 68.890420 18.264289 0.000000 20.527323 65.687898 18.653804 256.000000 228.136820 140.427405 137.635998 64.000000 12.731157 139.585753 141.169060 256.000000 263.215266
96.062287 105.025673 64.000000 10.201275 95.346236 105.518513 256.000000 225.675779 75.785991 39.740342 0.000000 47.542846 71.951884 41.619989 256.000000 202.308793 74.577342 154.326542 0.000000 8.850284 75.917804 154.666678 256.000000 243.187035 8.702293 178.268000 0.000000 35.762546 14.497282 171.700444 256.000000 201.616087
38.326205 91.274842 0.000000 13.811089 40.443640 88.092249 256.000000 254.683369 177.348696 51.803649 64.000000 33.374648 173.744682 54.154771 256.000000 210.337295 115.162349 88.949987 0.000000 33.766177 103.117051 112.694204 256.000000 242.391069 120.854078 28.714929 0.000000 10.906888 120.115735 26.942740 256.000000 246.641959
140.836731 74.120040 64.000000 32.677639 138.662240 74.737816 256.000000 219.075713 59.478576 86.928327 0.000000 31.959119 48.646847 86.509744 256.000000 229.272686 84.919511 59.400660 0.000000 10.747695 93.667787 60.232098 256.000000 225.344485 5.356402 55.670316 64.000000 41.661301 12.051458 56.211045 256.000000 225.279947
141.221475 44.428722 0.000000 31.980631 125.657727 44.355827 256.000000 208.568960 83.720505 137.598227 0.000000 32.230177 72.188998 146.475255 256.000000 223.778368 151.802473 88.875567 64.000000 28.422447 150.382198 86.795460 256.000000 213.052185 36.183893 111.894235 64.000000 25.367658 31.793655 109.080153 256.000000 226.867577
72.044024 126.393365 64.000000 16.797038 70.978047 123.051473 256.000000 238.209020 79.788011 128.326651 0.000000 19.752869 78.554109 127.227833 256.000000 232.211307 138.049469 9.105000 0.000000 47.138409 133.076335 14.148667 256.000000 202.158205 73.258085 84.299040 64.000000 21.400734 72.378600 77.572285 256.000000 233.596718
57.575771 68.164435 0.000000 21.998785 49.157636 63.772373 256.000000 234.233491 164.493722 110.717818 0.000000 10.283023 165.688162 113.750984 256.000000 225.615544 18.296187 71.388333 64.000000 9.271931 17.698105 72.988236 256.000000 254.115436 47.886696 57.237067 0.000000 22.218213 48.257762 64.277667 256.000000 216.180117
148.274682 141.929867 0.000000 30.242413 132.176822 131.090789 256.000000 224.832485 98.728236 132.672549 64.000000 25.651624 103.194885 125.272420 256.000000 244.094867 59.725165 220.897838 0.000000 35.306479 61.405193 215.350700 256.000000 222.414469 175.303536 11.550082 64.000000 12.481611 175.001291 3.088404 256.000000 230.636585
70.904251 126.044671 0.000000 8.802956 69.204889 125.821742 256.000000 249.812916 32.825522 90.663962 64.000000 11.565174 30.812882 88.473876 256.000000 256.073083 44.405127 58.302631 64.000000 12.068569 46.370195 61.319327 256.000000 248.939505 175.543178 85.086227 0.000000 19.963693 174.736551 86.618920 256.000000 235.455407
82.192055 221.843425 64.000000 15.609543 84.863675 220.734840 256.000000 238.587642 60.684555 58.460573 64.000000 11.642619 61.158209 51.818402 256.000000 226.772922 10.305145 158.306155 64.000000 9.302048 13.138709 162.752987 256.000000 251.559739 17.837431 16.989916 0.000000 10.691762 14.855482 18.272404 256.000000 255.117923
146.542284 144.357918 64.000000 18.354550 146.778833 143.178253 256.000000 246.074026 34.105015 226.791178 0.000000 10.394888 24.707860 234.605787 256.000000 237.309793 62.985836 151.033058 0.000000 22.725911 69.647449 147.308520 256.000000 231.854198 152.052822 84.103220 64.000000 26.210952 149.486902 91.305484 256.000000 227.934602
136.611689 161.142276 0.000000 10.162552 136.830715 161.401247 256.000000 243.212851 63.516565 130.275618 64.000000 13.673409 64.216416 128.633415 256.000000 238.764045 81.242320 48.158545 64.000000 17.132635 79.009900 47.323480 256.000000 239.878398 10.303135 4.294389 64.000000 28.190111 19.182160 3.171773 256.000000 225.826367
9.062067 88.602840 0.000000 13.768064 7.720695 91.371493 256.000000 212.531580 53.470845 194.254196 0.000000 52.460626 54.168636 194.971727 256.000000 214.953899 86.240676 107.697598 0.000000 17.567189 75.580435 136.538080 256.000000 241.651036 89.366560 36.870142 0.000000 18.638517 89.898964 40.459925 256.000000 238.131574
111.538225 49.414282 64.000000 11.315628 116.882809 42.972840 256.000000 248.354362 182.978391 40.796069 0.000000 46.863048 172.038967 38.126495 256.000000 205.505565 119.767975 187.331020 64.000000 22.833474 113.900707 193.559456 256.000000 236.591272 119.029505 138.226840 64.000000 17.562887 118.002580 137.358964 256.000000 223.580452
38.081918 160.600520 0.000000 14.249946 39.261840 159.307067 256.000000 243.002027 64.141738 204.197344 0.000000 10.003359 56.645269 210.446476 256.000000 245.742732 167.235191 135.983467 64.000000 16.689475 165.646640 135.794740 256.000000 235.038063 48.451271 62.107658 64.000000 22.265541 42.227267 60.676765 256.000000 236.376146
121.647325 125.253231 0.000000 16.590517 119.820315 127.809096 256.000000 229.758871 155.712265 158.191467 0.000000 16.379694 154.900664 157.715829 320.000000 246.401018 39.181495 122.603773 64.000000 15.403022 43.709013 123.401373 256.000000 252.742932 124.774651 38.559727 64.000000 39.208865 118.427867 35.499958 256.000000 225.654266
120.888104 38.837805 64.000000 37.591117 125.576500 46.390669 256.000000 219.445730 156.884247 27.547645 0.000000 13.965980 158.255411 18.071980 256.000000 241.861859 140.397078 39.189145 64.000000 93.984247 139.811302 37.024555 256.000000 169.278347 103.464347 23.560178 0.000000 12.335325 102.290080 21.920531 256.000000 258.465284
74.341785 116.062598 64.000000 15.140568 72.295789 115.678984 256.000000 256.847536 101.081582 100.192813 64.000000 29.054918 97.308027 97.135184 256.000000 237.098970 14.998062 35.212365 0.000000 20.432667 22.140667 36.819595 256.000000 226.880485 27.331929 65.996562 64.000000 13.742249 23.773544 67.504200 256.000000 258.551334
51.649022 124.440407 64.000000 11.999728 39.733211 135.014116 256.000000 238.669389 97.272409 215.068975 64.000000 38.628025 102.957489 200.669338 256.000000 217.161092 3.339758 91.587507 0.000000 30.362884 6.940165 88.311733 256.000000 244.908043 101.721022 62.361316 0.000000 36.369202 91.529267 65.450353 256.000000 229.707240
86.631647 30.014638 0.000000 31.851556 83.685418 31.022940 256.000000 237.232348 46.650915 226.942393 0.000000 15.863391 51.632902 227.552911 256.000000 238.437053 112.257698 202.126671 0.000000 70.931345 112.812018 201.719435 256.000000 195.127887 183.280155 91.539553 0.000000 48.093569 177.879705 94.317160 256.000000 208.272086
56.003727 88.560378 0.000000 17.519861 60.262858 95.827624 256.000000 248.393085 109.555258 68.136449 64.000000 15.334181 107.701353 64.161651 256.000000 236.647205 196.550525 79.651982 0.000000 14.391929 197.291256 75.224929 256.000000 219.553293 55.559758 225.370135 0.000000 8.970754 57.007693 227.077245 256.000000 259.545216
74.025804 59.165813 64.000000 26.675624 71.578065 58.925404 256.000000 212.892992 64.529318 124.844564 0.000000 10.102317 77.772925 131.697300 256.000000 244.951069 156.140636 97.274996 0.000000 24.709372 154.839058 99.725629 256.000000 228.446602 133.065567 43.853702 64.000000 36.102445 128.945265 44.125162 256.000000 207.544960
109.098785 162.475649 0.000000 23.999457 113.098633 146.865098 256.000000 246.844177 157.636865 128.740796 64.000000 12.653711 157.658216 128.167076 256.000000 244.645590 31.262835 31.744555 64.000000 19.817407 32.138045 35.180987 256.000000 222.001427 42.886829 80.329722 64.000000 14.572635 43.617031 84.323867 256.000000 262.320342
