136.611689 161.142276 0.000000 10.162552 136.830715 161.401247 256.000000 243.212851 3.339758 91.587507 0.000000 30.362884 6.940165 88.311733 256.000000 244.908043 11.826329 76.868311 64.000000 48.541031 7.807198 75.444485 256.000000 218.395915 5.419447 133.556233 0.000000 11.827627 7.827202 145.847087 256.000000 239.207204
79.870527 175.644660 64.000000 33.043354 88.389307 173.444984 256.000000 226.316855 157.783367 171.103318 64.000000 38.064394 144.700933 149.692202 256.000000 215.474504 105.769933 71.085262 64.000000 20.320802 104.874318 69.742893 256.000000 232.202702 46.155164 184.400431 64.000000 9.035292 48.500418 187.267662 256.000000 249.103000
97.913656 31.982647 64.000000 16.758315 101.231558 36.370458 256.000000 253.513083 58.718605 173.916425 64.000000 27.514615 53.293745 173.070125 256.000000 222.246671 114.220584 108.074269 0.000000 10.016267 117.968395 112.939251 256.000000 234.538970 145.623549 57.938465 64.000000 9.039595 145.500780 57.546065 256.000000 251.675907
39.026744 92.786185 0.000000 16.229105 34.798407 91.434885 256.000000 243.294598 31.183676 172.661365 64.000000 40.374848 35.056627 171.065767 256.000000 215.091580 177.650442 4.594627 0.000000 35.078446 174.132042 4.972740 256.000000 228.063678 97.741644 158.649615 64.000000 19.778684 108.306293 157.300122 256.000000 248.698564
137.809202 3.423889 0.000000 19.331222 139.935402 7.296002 256.000000 215.311008 56.141729 198.529125 0.000000 21.202819 48.311473 201.478609 256.000000 255.475033 170.281976 118.606555 64.000000 40.168327 165.353196 116.893511 256.000000 208.470002 13.513244 33.821187 64.000000 29.214111 24.690465 38.204073 256.000000 242.348044
147.272424 172.545504 64.000000 22.020297 150.909822 171.355885 256.000000 255.900982 101.686853 195.261138 64.000000 33.542446 100.233896 194.658505 256.000000 231.763845 116.549295 113.902927 64.000000 31.322346 96.423324 114.643404 256.000000 231.574534 60.996771 102.697642 64.000000 10.308838 64.664429 105.205053 256.000000 248.616816
74.796209 19.592949 0.000000 18.061979 73.733905 26.293395 256.000000 235.438197 63.649609 45.218336 0.000000 23.427221 61.558869 44.521273 256.000000 241.840347 13.291520 77.492585 0.000000 15.773038 15.412796 75.082600 256.000000 230.929156 8.238425 154.979611 0.000000 8.622250 3.976993 155.641309 256.000000 247.928412
62.236318 165.995322 0.000000 28.839792 53.503720 161.958231 256.000000 212.165866 70.796949 80.826553 64.000000 14.409139 85.489256 81.324020 256.000000 232.163979 144.845696 61.023578 0.000000 45.120527 143.464936 55.287875 256.000000 213.598605 108.862473 157.229380 0.000000 12.954888 106.402300 159.318560 256.000000 244.348716
32.428169 119.435591 64.000000 26.882145 33.380325 115.003138 256.000000 233.893592 19.641027 59.730298 0.000000 10.984334 22.349185 60.807027 256.000000 242.588985 47.772602 33.720875 64.000000 8.901914 44.946196 33.599220 256.000000 258.026427 168.220205 67.506122 64.000000 57.847381 155.965465 65.607033 256.000000 194.719148
48.649087 129.827682 64.000000 11.457611 50.764484 128.594678 256.000000 256.894864 21.325813 112.887322 0.000000 14.069240 5.971511 120.541265 256.000000 230.485996 17.633907 60.549369 64.000000 9.938821 18.487422 61.504064 256.000000 259.149385 69.412076 71.001931 0.000000 9.048200 68.706918 71.620505 256.000000 256.456007
64.471196 29.882858 64.000000 20.075558 62.858795 33.901947 256.000000 233.471945 26.253964 21.813622 0.000000 25.961406 27.902885 25.961371 256.000000 224.032216 120.854078 28.714929 0.000000 10.906888 120.115735 26.942740 256.000000 246.641959 13.024358 80.982916 64.000000 24.498549 12.151293 77.039136 256.000000 222.053057
162.396082 157.166169 64.000000 35.186009 159.418980 153.910520 256.000000 238.755440 22.016113 95.993664 64.000000 18.049071 26.542911 95.793658 256.000000 238.170297 71.153607 160.700920 64.000000 11.117712 70.956113 160.993973 256.000000 245.381321 73.071093 179.538155 64.000000 31.696665 77.068580 184.090500 256.000000 231.888618
61.478242 61.721951 64.000000 15.166383 58.795891 61.684858 256.000000 245.407136 95.499567 190.495865 0.000000 23.913406 93.673945 193.031696 256.000000 240.867977 185.563185 99.238276 64.000000 46.346745 180.505309 101.188209 256.000000 202.657297 115.216925 89.329218 64.000000 9.104132 120.745680 85.800013 256.000000 252.880613
24.282778 121.690191 0.000000 28.379422 19.602264 117.243742 256.000000 218.507781 82.590565 68.732560 0.000000 8.936334 82.512684 70.822567 256.000000 247.528278 55.833224 50.972642 64.000000 9.499964 58.986071 50.294145 256.000000 260.027099 96.968420 41.387229 64.000000 14.938349 96.176529 41.394533 256.000000 236.617087
22.435744 139.690320 64.000000 21.043625 21.471347 138.413524 256.000000 230.447274 17.267704 103.464891 0.000000 34.996698 32.604165 90.571778 256.000000 220.943007 164.611613 152.137153 0.000000 38.584999 159.378476 149.292578 256.000000 222.741460 28.279951 124.210575 0.000000 22.480667 28.494655 121.001169 256.000000 242.735271
58.714687 33.720707 64.000000 11.780300 58.401382 35.642218 256.000000 211.856085 10.891485 114.408235 0.000000 8.807258 4.643218 118.886333 256.000000 244.925254 32.105822 101.001431 0.000000 43.524292 36.515749 70.466213 256.000000 223.563242 51.473053 77.515998 64.000000 14.387627 53.723489 76.070069 256.000000 241.780111
150.187825 63.431075 0.000000 16.242013 149.985287 65.688002 256.000000 241.272414 94.576822 59.458844 0.000000 20.518718 95.000007 66.685713 256.000000 245.316783 79.160867 108.490873 64.000000 20.940365 80.316225 103.260384 256.000000 210.423346 70.551589 97.984116 0.000000 10.476636 68.978185 100.345242 256.000000 254.644646
151.446165 152.719489 0.000000 31.391186 142.381887 154.908320 256.000000 230.408551 49.921345 75.505645 0.000000 10.386283 47.683880 77.378364 256.000000 243.032145 25.916238 85.930833 64.000000 8.850284 26.179273 88.327044 256.000000 20.643491 134.111089 70.571556 0.000000 41.114881 128.373804 73.512116 256.000000 225.817762
46.650915 226.942393 0.000000 15.863391 51.632902 227.552911 256.000000 238.437053 34.824313 65.163980 64.000000 12.021241 38.346375 66.236680 256.000000 253.091436 15.163807 110.402044 64.000000 15.566517 13.531762 110.427789 256.000000 241.956515 13.621989 86.889236 0.000000 14.774854 13.987833 80.907378 256.000000 238.058432
107.826658 49.240525 0.000000 21.086651 103.235115 53.739053 256.000000 234.005458 154.001596 115.205582 0.000000 40.697537 127.524595 131.752545 256.000000 217.070739 77.278762 39.951529 0.000000 8.979359 82.319436 41.315673 256.000000 245.966463 150.402936 184.500958 64.000000 63.298674 132.952382 163.588293 256.000000 181.050042
135.825845 92.773973 64.000000 20.931760 133.175720 98.332656 256.000000 236.014735 3.896344 97.206602 64.000000 32.178547 6.227873 81.358724 256.000000 224.027914 141.656595 22.043058 64.000000 76.421360 146.198676 23.311813 256.000000 173.757270 15.954905 124.190318 64.000000 17.063794 19.191171 123.168720 256.000000 243.135405
21.554542 105.589580 0.000000 9.835561 22.240209 114.830704 256.000000 249.494530 36.697475 76.571371 0.000000 46.772695 33.326629 75.521553 256.000000 216.291983 133.065567 43.853702 64.000000 36.102445 128.945265 44.125162 256.000000 207.544960 11.234502 162.589795 64.000000 41.747352 14.092980 159.458022 256.000000 204.855885
106.496340 54.105207 0.000000 31.584799 103.714418 54.746687 256.000000 241.375675 90.722300 206.812796 64.000000 13.471190 93.482000 206.273115 256.000000 242.580380 14.083693 60.033400 64.000000 29.614245 32.876182 85.796385 256.000000 240.407608 45.783578 62.109553 0.000000 11.801812 42.982778 64.253960 256.000000 253.809957
177.630536 35.698198 64.000000 14.998585 181.986591 40.442238 256.000000 239.942935 97.505313 206.358736 0.000000 44.750511 89.411362 196.387076 256.000000 217.995781 71.717305 132.805616 0.000000 18.191055 71.641555 133.757524 256.000000 256.309721 79.284345 74.961604 0.000000 12.059964 92.453340 65.939716 256.000000 250.324916
142.751244 152.214238 64.000000 23.969339 142.147807 150.697493 256.000000 228.941392 85.808625 134.040855 0.000000 9.000872 86.307085 133.054605 256.000000 259.880813 15.441565 60.737100 64.000000 17.197172 19.290629 56.520529 256.000000 232.452248 110.549725 96.654342 0.000000 23.633742 109.261975 96.022325 256.000000 239.280347
98.456422 17.175013 0.000000 13.527123 97.023649 13.358880 256.000000 241.612313 60.143769 149.743200 64.000000 25.010549 59.805822 147.700695 256.000000 227.805526 49.885091 119.559242 64.000000 26.340027 47.290105 115.830956 256.000000 230.034232 25.439902 85.267993 64.000000 9.254721 26.206829 87.478611 256.000000 242.261994
69.534375 51.584762 0.000000 70.819479 90.166595 51.595124 256.000000 171.403792 121.760667 161.875527 0.000000 15.398719 121.404045 161.797715 256.000000 239.189994 79.047073 40.867598 0.000000 35.814176 23.629425 63.112305 256.000000 206.271414 94.116909 22.092282 0.000000 85.968652 94.412160 24.000096 256.000000 167.798280
178.365764 18.641527 64.000000 12.012636 185.600584 21.865107 256.000000 232.628651 1.583180 74.269195 64.000000 21.275961 20.620696 82.690951 256.000000 226.248014 56.218849 151.250540 0.000000 15.153475 56.268862 150.566485 256.000000 233.928012 135.564816 60.733785 64.000000 50.485770 126.600527 61.435467 256.000000 220.349259
24.529409 72.213922 64.000000 11.367258 22.018236 74.149442 256.000000 257.415469 22.851545 50.075529 0.000000 43.735116 13.478780 44.748844 256.000000 185.296629 58.172944 40.653816 0.000000 9.181578 63.734391 37.319909 256.000000 233.824752 30.671849 106.610867 0.000000 13.501308 37.389607 114.350785 256.000000 243.957187
100.545325 54.909860 0.000000 53.768592 98.397525 57.010196 256.000000 199.697163 69.241518 79.585076 0.000000 17.997441 72.583980 90.443456 256.000000 229.040350 29.581025 78.863189 0.000000 18.612702 23.717509 86.783784 256.000000 231.845593 35.342480 21.728395 64.000000 17.984534 42.766215 21.570473 256.000000 234.263609
58.053496 40.486815 64.000000 36.511185 29.940960 51.480869 256.000000 216.472689 31.998435 92.826351 64.000000 16.388299 18.975876 89.892718 256.000000 242.533052 0.461173 172.032280 64.000000 50.003887 22.254338 169.295204 256.000000 209.687615 93.654445 193.146858 64.000000 28.998985 95.606309 190.996396 256.000000 234.883172
185.595218 68.547236 0.000000 25.526851 182.730076 67.714244 256.000000 194.689030 58.448844 58.321016 0.000000 12.189039 53.860471 58.270782 256.000000 229.397459 97.770882 177.678844 0.000000 24.868566 97.492076 165.598325 256.000000 222.074570 129.168147 107.378253 0.000000 19.705542 126.218671 90.826649 256.000000 243.772178
