69.241518 79.585076 0.000000 17.997441 72.583980 90.443456 256.000000 229.040350 162.245904 114.677978 0.000000 20.583256 164.398287 106.560916 256.000000 199.189466 165.641675 15.897291 64.000000 10.412098 166.636422 10.206518 256.000000 224.613057 182.054687 100.129787 64.000000 39.781100 116.746145 65.961356 256.000000 220.095411
67.789969 163.448227 64.000000 24.584599 59.137147 163.196227 256.000000 235.851239 39.366278 134.066078 0.000000 37.913806 52.126691 122.604282 256.000000 214.700051 138.719820 131.456416 0.000000 19.950785 140.865015 127.971267 256.000000 227.168753 42.336000 130.452362 64.000000 33.998513 39.173491 128.995505 256.000000 216.498504
73.651193 77.663751 64.000000 11.965308 72.752651 74.122364 256.000000 251.052042 102.872460 23.274853 0.000000 17.549979 101.235611 24.527093 256.000000 255.031873 24.132382 176.895027 64.000000 33.404765 21.194095 174.309673 256.000000 219.376890 28.424735 113.891418 0.000000 18.156634 24.725631 112.322067 256.000000 248.139236
161.566547 118.253775 0.000000 17.730685 161.588829 116.331696 256.000000 240.708784 18.065640 105.683287 64.000000 20.376735 16.410825 102.677824 256.000000 239.766532 85.443644 95.256945 64.000000 18.711659 85.115593 105.632136 256.000000 242.076985 26.253964 21.813622 0.000000 25.961406 27.902885 25.961371 256.000000 224.032216
36.747171 90.241693 64.000000 18.987021 39.445645 88.666615 256.000000 257.475704 35.342480 21.728395 64.000000 17.984534 42.766215 21.570473 256.000000 234.263609 128.952976 147.381224 64.000000 20.114281 131.898395 143.924013 256.000000 234.921895 22.851545 50.075529 0.000000 43.735116 13.478780 44.748844 256.000000 185.296629
99.180745 15.923224 0.000000 15.846181 92.159591 17.977493 256.000000 242.064078 41.547425 85.556391 64.000000 13.514215 38.849747 87.243618 256.000000 236.853726 34.786049 72.602835 0.000000 20.036836 39.927136 63.342615 256.000000 236.255676 34.766696 108.665462 0.000000 27.269372 35.709822 102.247949 256.000000 227.685056
150.953773 78.095478 64.000000 24.421104 150.340029 79.422125 256.000000 250.561555 97.554780 137.052558 0.000000 61.986406 98.580233 137.763589 256.000000 199.124928 117.574671 112.150369 0.000000 16.211895 123.395164 106.296160 256.000000 243.204246 14.654011 82.802125 0.000000 17.545677 15.830796 77.265029 256.000000 254.119739
25.971676 219.507631 0.000000 21.275961 27.021558 218.214795 256.000000 245.574934 63.179915 146.470889 0.000000 16.302248 69.227951 144.200251 256.000000 211.890505 82.847173 178.615924 64.000000 19.787289 79.850164 178.240405 256.000000 217.488083 45.453065 152.157955 0.000000 22.717306 45.933856 151.730485 256.000000 231.238937
74.642213 148.151905 0.000000 27.979288 71.921322 146.025013 256.000000 237.679810 119.879175 70.464253 0.000000 22.515087 117.308413 73.066993 256.000000 227.280619 121.523498 163.905013 0.000000 17.476836 120.927553 163.397544 256.000000 234.741189 34.931145 9.648905 64.000000 31.085707 38.173145 16.221518 256.000000 247.407808
53.973185 170.981429 64.000000 23.556297 69.816095 171.340127 256.000000 238.277860 131.234224 15.926940 64.000000 12.886047 128.869653 11.524420 256.000000 246.246127 78.331831 218.536478 0.000000 22.644163 75.434613 220.440415 256.000000 228.072283 40.338493 112.022138 64.000000 8.716906 38.303893 112.217038 256.000000 244.946766
162.018649 173.535336 64.000000 38.227890 159.539758 173.632935 256.000000 219.914705 60.209084 31.869476 64.000000 14.985677 72.648447 29.985807 256.000000 243.083775 13.093662 127.743164 0.000000 10.928401 16.370362 129.791913 256.000000 248.689959 52.169651 12.179229 0.000000 20.338012 55.766925 12.636495 256.000000 248.203774
69.700184 68.507944 0.000000 11.522149 72.931682 64.103827 256.000000 263.787501 80.983925 61.557275 64.000000 23.293843 75.659500 56.919067 256.000000 236.952684 117.542498 174.683284 64.000000 17.851155 117.573660 173.861036 256.000000 235.455407 34.105015 226.791178 0.000000 10.394888 24.707860 234.605787 256.000000 237.309793
77.693225 143.632307 0.000000 8.901914 77.130242 142.372467 256.000000 256.335537 15.319420 101.852258 64.000000 42.926242 31.404909 73.934305 256.000000 217.204117 78.454029 50.187958 64.000000 22.213911 78.492311 56.937940 256.000000 227.973325 49.611911 134.480593 0.000000 18.956903 46.229509 132.916825 256.000000 238.531709
2.808724 151.635740 0.000000 23.009877 3.930593 148.924642 256.000000 253.031201 131.568742 81.351798 64.000000 14.891022 131.614380 87.796035 256.000000 234.672348 68.401271 95.283536 64.000000 10.885376 66.842531 96.287007 256.000000 231.548719 27.198942 179.437367 64.000000 47.375048 29.440520 175.246562 256.000000 219.234907
13.097144 69.428396 0.000000 15.157778 16.155373 66.858851 256.000000 219.777024 49.139158 156.175842 0.000000 25.797910 53.660927 151.327691 256.000000 237.834701 42.733471 98.508684 64.000000 20.436970 43.264304 93.270805 256.000000 242.270599 137.583022 74.966907 64.000000 15.252433 136.801649 75.411773 256.000000 43.575923
25.697802 177.816249 0.000000 18.492231 23.762302 175.991015 256.000000 226.510468 40.217449 80.783911 64.000000 14.039123 41.231451 96.204969 256.000000 223.812788 121.399242 60.704349 0.000000 16.491559 124.812651 66.438678 256.000000 237.916448 89.785916 43.429000 64.000000 33.034749 88.112218 47.741267 256.000000 212.686471
2.952198 191.266567 64.000000 9.878586 9.291698 206.502578 256.000000 242.313624 41.975587 71.764898 0.000000 19.653911 41.787287 82.948356 256.000000 246.904413 109.178293 208.820035 0.000000 26.447590 116.202855 206.349249 256.000000 217.234235 48.127987 124.251355 64.000000 29.080733 63.843180 127.881425 256.000000 212.720891
48.733893 202.187538 64.000000 43.339284 51.565813 171.715415 256.000000 228.597190 77.421467 108.178056 0.000000 28.607455 88.259784 89.769565 256.000000 237.524919 18.645460 36.934367 0.000000 9.869981 18.154593 37.575458 256.000000 246.422530 19.711635 99.622204 0.000000 16.857273 26.087296 102.134556 256.000000 234.194769
4.158878 4.415322 0.000000 21.267356 5.439978 7.520665 256.000000 218.215209 32.214858 144.679020 0.000000 9.577410 26.408335 148.205773 256.000000 240.386095 164.054404 50.850473 64.000000 34.433068 164.760091 53.032709 256.000000 228.222871 130.133320 150.897453 0.000000 42.582040 128.896280 147.662304 256.000000 218.107646
73.523582 162.914169 64.000000 17.584399 57.941073 177.223365 256.000000 222.500519 62.809771 192.068735 64.000000 27.708229 62.983555 190.124918 256.000000 224.927141 108.143104 5.791636 64.000000 43.821166 100.061705 37.654520 256.000000 199.679953 0.716813 139.336753 64.000000 11.427493 0.494867 138.421009 320.000000 245.734127
42.596765 186.016191 0.000000 19.967995 38.965478 184.887505 256.000000 237.851911 135.751795 60.646900 64.000000 13.518518 135.577196 58.976056 256.000000 261.786829 62.951735 51.813664 0.000000 11.552266 66.781045 51.882369 256.000000 255.926797 20.224455 122.869455 0.000000 19.658214 21.056564 121.324204 256.000000 234.082903
125.640809 92.240009 64.000000 34.790177 115.589791 95.612336 256.000000 226.884787 33.506224 54.487496 0.000000 11.827627 26.313100 52.038780 256.000000 248.634026 89.560045 183.848382 64.000000 10.747695 88.494069 183.940885 256.000000 226.355577 16.299518 166.911809 64.000000 12.417073 20.312733 173.376262 256.000000 231.066837
159.815622 107.648411 64.000000 18.427693 159.003949 112.403364 256.000000 227.203174 50.267040 9.643025 0.000000 20.699424 63.765180 8.912740 256.000000 240.222599 149.490084 172.727353 0.000000 20.406852 147.461636 174.041707 256.000000 240.033288 79.395465 119.694622 0.000000 11.539359 79.161347 119.904685 256.000000 255.900982
92.439795 65.796035 64.000000 15.902114 90.910322 62.362502 256.000000 241.281019 29.860005 138.089495 0.000000 16.775525 20.709164 146.977416 256.000000 247.924110 20.604051 212.788242 64.000000 41.932360 22.452251 202.415471 256.000000 217.100857 1.451038 67.424847 0.000000 14.323089 4.434645 68.756905 256.000000 252.480479
52.346904 132.246356 0.000000 20.948970 60.052349 128.208524 256.000000 247.321757 161.442542 40.856015 64.000000 24.881473 159.380556 43.045298 256.000000 225.193897 75.048467 92.262544 0.000000 12.016938 76.483789 90.420353 256.000000 250.634698 16.786573 58.129567 0.000000 19.085979 5.849565 58.308158 256.000000 236.315911
58.714687 33.720707 64.000000 11.780300 58.401382 35.642218 256.000000 211.856085 75.577900 192.186353 64.000000 36.197101 78.581713 184.134404 256.000000 210.384623 89.321740 155.343540 0.000000 17.240198 90.192105 153.414264 256.000000 249.507437 180.081069 10.016422 0.000000 10.807930 180.960084 5.652020 256.000000 255.036176
46.521562 71.949578 0.000000 11.586686 52.977847 64.880971 256.000000 245.970766 82.192055 221.843425 64.000000 15.609543 84.863675 220.734840 256.000000 238.587642 31.521409 76.369736 64.000000 15.992467 33.104307 80.159671 256.000000 253.741117 95.686764 40.861300 64.000000 28.667691 97.710589 45.241753 256.000000 207.725666
172.896900 89.484569 64.000000 13.570148 175.293160 83.119973 320.000000 234.771306 46.695131 22.464902 0.000000 23.990852 32.772991 29.688725 256.000000 252.093252 21.991518 89.476091 0.000000 20.208936 28.650509 87.545947 256.000000 234.211979 121.880149 176.596587 0.000000 14.138081 123.869029 175.964525 256.000000 251.955571
31.811362 222.804000 0.000000 16.013979 34.245715 222.999044 256.000000 253.435638 52.271455 39.228616 64.000000 13.845509 54.465058 41.480085 256.000000 249.146026 172.779940 31.047020 0.000000 38.847453 149.731725 12.036831 256.000000 225.262737 132.299351 112.659469 64.000000 10.394888 132.538487 111.445355 256.000000 223.550334
21.104158 47.340460 64.000000 25.032061 75.702991 62.634087 256.000000 232.921223 1.078058 55.351053 64.000000 10.597107 3.034707 56.710411 256.000000 232.189794 14.290525 96.595356 64.000000 14.301576 5.753976 98.987444 256.000000 242.812716 86.121393 14.505578 0.000000 15.192198 83.573505 7.712885 256.000000 236.117995
178.741449 95.182478 0.000000 17.050887 182.950575 86.786691 256.000000 239.224415 115.065707 123.381444 0.000000 31.034077 113.618075 123.153858 256.000000 225.972653 81.390229 137.047847 64.000000 12.055661 79.605222 138.995145 256.000000 236.543945 90.196784 40.513240 64.000000 12.765577 88.165184 39.900018 256.000000 246.388110
42.330402 37.655415 0.000000 21.211424 56.758864 49.063316 256.000000 244.628380 13.813731 137.332780 64.000000 38.240798 37.607516 110.726745 256.000000 202.988591 64.019231 151.090075 0.000000 35.448462 61.520258 145.173715 256.000000 222.268183 99.870884 142.082678 64.000000 15.962349 139.385895 235.262789 256.000000 230.051442
