153.565556 25.487793 64.000000 19.348432 152.803716 26.241675 256.000000 235.081088 100.509338 178.095718 0.000000 33.288597 100.295702 168.861435 256.000000 226.910602 74.490836 168.381029 0.000000 12.176132 96.983411 164.893136 256.000000 207.695548 39.174573 23.124373 64.000000 26.503523 37.330111 25.536676 256.000000 230.726938
3.858224 27.327184 64.000000 14.779156 8.382967 23.625860 256.000000 234.625021 89.312647 44.078720 64.000000 76.133091 87.619060 43.496507 256.000000 186.621805 27.323335 125.379529 64.000000 11.109107 24.412125 125.734645 256.000000 258.628780 27.117231 199.187736 0.000000 23.504667 33.596487 198.629398 256.000000 243.471002
66.590053 51.500922 0.000000 15.054517 61.922827 52.807095 256.000000 233.248214 111.350638 94.720345 64.000000 36.962949 104.243275 98.867615 256.000000 226.691174 45.848940 97.579100 64.000000 30.930816 52.911318 88.678998 256.000000 250.023740 36.803989 68.999505 64.000000 13.707829 32.946824 71.777545 256.000000 247.472345
165.641675 15.897291 64.000000 10.412098 166.636422 10.206518 256.000000 224.613057 21.024187 192.143004 64.000000 29.123758 15.268413 190.704620 256.000000 236.948381 17.764127 158.310864 64.000000 76.886032 22.311607 161.081811 256.000000 177.220799 118.433591 133.047058 0.000000 10.024872 120.791416 130.985516 256.000000 232.951340
118.695635 114.105515 64.000000 29.128060 116.722551 111.776100 256.000000 229.414669 46.820093 42.518704 0.000000 9.151460 48.596529 34.339673 256.000000 233.536483 138.388160 88.469353 64.000000 21.869709 137.630013 89.454436 256.000000 235.205861 71.717305 132.805616 0.000000 18.191055 71.641555 133.757524 256.000000 256.309721
19.706342 165.206973 64.000000 26.533641 15.966849 161.911420 256.000000 232.508181 5.546067 68.419742 0.000000 17.476836 5.041155 76.078853 256.000000 229.720148 103.032411 57.848993 0.000000 15.347089 101.988296 59.277973 256.000000 232.947038 121.936335 187.001000 64.000000 29.300161 121.787885 186.041118 256.000000 213.559883
108.507429 216.244851 0.000000 10.291628 106.661011 218.322564 256.000000 239.942935 169.906911 35.875727 0.000000 17.756500 169.583738 36.592620 256.000000 236.660113 152.649289 119.533784 64.000000 13.682014 157.713905 114.887356 256.000000 239.770835 124.456796 20.712153 64.000000 13.944467 126.527349 10.190551 256.000000 243.402161
14.969855 76.519402 64.000000 20.148701 23.040969 70.603035 256.000000 221.816419 99.964427 65.037027 64.000000 8.794351 102.680489 66.606560 256.000000 256.864747 140.836731 74.120040 64.000000 32.677639 138.662240 74.737816 256.000000 219.075713 79.912536 79.472865 0.000000 9.568804 79.731082 81.174744 256.000000 239.852582
73.226153 125.661675 64.000000 17.373576 97.698358 126.813696 256.000000 252.041622 32.139251 144.616222 0.000000 19.877642 39.568909 145.952455 256.000000 253.775537 103.464347 23.560178 0.000000 12.335325 102.290080 21.920531 256.000000 258.465284 128.497947 54.051878 0.000000 18.466416 130.733885 67.674793 256.000000 246.431136
11.907249 75.571945 0.000000 12.434283 4.979411 76.533891 256.000000 237.283978 153.700075 142.762785 64.000000 23.706885 151.518924 146.614142 256.000000 234.655138 170.450138 52.688422 0.000000 13.574451 170.942491 52.354720 256.000000 247.261522 33.479500 165.327069 0.000000 56.375920 7.668302 148.384945 256.000000 214.063278
142.202940 85.072442 0.000000 10.214182 141.535887 85.068822 256.000000 251.103672 14.290525 96.595356 64.000000 14.301576 5.753976 98.987444 256.000000 242.812716 96.612778 173.789153 0.000000 19.202147 96.363655 172.467482 256.000000 254.562898 35.017213 23.356598 0.000000 11.074686 38.275025 17.827604 256.000000 244.538027
45.418075 12.638735 64.000000 19.421575 41.598425 13.417487 256.000000 232.753424 20.986631 82.386787 64.000000 11.474821 19.080433 80.518693 256.000000 249.929084 81.804113 37.236589 0.000000 32.083892 72.668318 25.988891 256.000000 230.757055 13.621989 86.889236 0.000000 14.774854 13.987833 80.907378 256.000000 238.058432
29.966969 21.006307 64.000000 11.109107 29.601756 21.458960 256.000000 241.160549 58.760845 98.979018 64.000000 32.255992 45.742220 90.178942 256.000000 231.157190 3.159260 120.385887 0.000000 10.270115 4.538987 123.523689 256.000000 244.895136 95.879473 38.480520 64.000000 18.234080 93.231335 39.147356 256.000000 226.011376
45.863222 182.546398 0.000000 11.294115 60.562124 195.353315 256.000000 249.408479 43.585251 143.427771 0.000000 13.669106 53.183687 145.771256 256.000000 254.967335 13.921880 27.833013 64.000000 8.695393 15.340996 28.094840 256.000000 247.657354 34.638475 92.951553 64.000000 16.285038 38.269567 95.297475 256.000000 250.273286
8.320491 47.894367 64.000000 12.666619 4.747907 49.654144 256.000000 254.696276 29.013856 114.445456 64.000000 15.751526 31.069520 111.506675 256.000000 227.831342 118.593547 84.944075 64.000000 9.035292 117.103122 84.730100 256.000000 258.323301 7.665985 166.410100 64.000000 18.991323 6.955175 165.139015 256.000000 243.918464
13.291520 77.492585 0.000000 15.773038 15.412796 75.082600 256.000000 230.929156 86.631647 30.014638 0.000000 31.851556 83.685418 31.022940 256.000000 237.232348 79.903707 99.402847 64.000000 10.119527 77.978391 101.918524 256.000000 252.136277 105.122256 95.676531 0.000000 9.474149 129.927760 111.348411 256.000000 250.036647
46.903309 71.728085 64.000000 11.909375 52.831480 67.899195 256.000000 245.587842 9.250653 11.833258 64.000000 17.089609 10.334025 12.598653 256.000000 248.040278 66.403798 222.730384 0.000000 38.167655 54.441831 219.630693 256.000000 222.070267 109.057264 50.377209 64.000000 9.796838 109.973702 50.032700 256.000000 244.787573
86.345122 194.990869 64.000000 24.016667 45.345547 218.577109 256.000000 220.676251 107.455458 168.466191 64.000000 10.850955 107.225638 168.654633 256.000000 241.220784 22.302367 13.780002 64.000000 34.093168 21.065949 20.882975 256.000000 238.170297 46.521562 71.949578 0.000000 11.586686 52.977847 64.880971 256.000000 245.970766
156.749382 58.024435 64.000000 31.434211 153.765280 57.189662 256.000000 226.041493 127.819027 147.388564 64.000000 28.758044 111.485202 154.446929 256.000000 222.306906 1.451038 67.424847 0.000000 14.323089 4.434645 68.756905 256.000000 252.480479 38.592873 59.130573 0.000000 8.729813 35.708171 60.596033 256.000000 276.837044
23.808085 126.217093 0.000000 9.839863 26.788376 127.805269 256.000000 230.344013 88.705989 182.485582 64.000000 9.826956 88.678933 181.881818 320.000000 263.619703 28.935753 130.093869 0.000000 38.929201 38.129936 108.293460 256.000000 223.997796 122.533220 122.046825 0.000000 11.371560 124.117011 117.390629 256.000000 233.695676
77.565922 8.814140 0.000000 10.076502 73.164125 5.977558 256.000000 244.843506 116.525573 176.648889 64.000000 9.267628 115.742251 177.558209 256.000000 236.944079 180.904105 87.902444 64.000000 37.406109 177.070344 86.695196 256.000000 218.593831 46.650915 226.942393 0.000000 15.863391 51.632902 227.552911 256.000000 238.437053
2.317280 151.081180 64.000000 22.248331 1.006342 149.302020 256.000000 210.388925 69.111173 115.141782 64.000000 23.332566 65.434929 111.732473 256.000000 237.172112 65.030362 102.853178 0.000000 16.680870 65.243916 99.707951 256.000000 234.091508 74.929262 29.318124 0.000000 11.268300 73.656978 28.601778 256.000000 236.238466
20.948491 153.372344 0.000000 21.779356 26.143158 150.250769 256.000000 226.286737 89.105031 155.075776 0.000000 17.459626 84.315796 157.322756 256.000000 225.331577 54.503698 94.686460 64.000000 18.522349 61.579213 97.908649 256.000000 236.139508 18.961227 190.167156 0.000000 14.632871 33.268118 197.655020 256.000000 218.103344
97.301505 31.731827 64.000000 40.602881 92.174669 36.859913 256.000000 246.168682 2.806311 105.646904 64.000000 32.432396 9.371475 102.622509 256.000000 228.945694 8.699338 188.126031 0.000000 14.654383 15.404667 191.257300 256.000000 238.544616 104.532796 30.353487 64.000000 14.972770 102.737702 29.692907 256.000000 229.565257
35.479602 214.118636 64.000000 15.902114 40.362047 214.904998 256.000000 239.671877 19.268498 76.583405 0.000000 12.309510 20.192465 72.181071 256.000000 234.934802 70.551589 97.984116 0.000000 10.476636 68.978185 100.345242 256.000000 254.644646 56.547967 91.962195 0.000000 15.592332 68.678662 90.769460 256.000000 224.428048
117.574671 112.150369 0.000000 16.211895 123.395164 106.296160 256.000000 243.204246 81.811805 129.247435 64.000000 12.675224 79.551275 133.135431 256.000000 244.658497 50.924882 101.907676 64.000000 42.749839 55.708311 110.575976 256.000000 207.415884 38.498740 70.830453 64.000000 17.012164 33.762356 69.470255 256.000000 236.991407
110.980307 39.017276 64.000000 29.450749 110.314520 40.880665 256.000000 255.100713 145.046724 65.422791 0.000000 17.287525 144.160035 67.327484 256.000000 227.177359 25.922793 23.339127 64.000000 22.295659 0.955447 22.627789 256.000000 223.649292 24.344376 34.909791 0.000000 10.437914 0.733487 29.365676 256.000000 234.921895
197.096056 85.961822 64.000000 19.339827 200.979480 76.254620 256.000000 216.012319 158.178264 174.542102 64.000000 14.938349 153.535516 196.122684 256.000000 247.868177 79.160867 108.490873 64.000000 20.940365 80.316225 103.260384 256.000000 210.423346 76.954364 118.284642 64.000000 21.899827 71.157331 122.704824 256.000000 233.063206
67.789505 37.951442 64.000000 21.387827 70.713189 44.353738 256.000000 242.941792 45.748011 14.723320 64.000000 20.277777 47.710165 14.722842 256.000000 228.975812 52.346904 132.246356 0.000000 20.948970 60.052349 128.208524 256.000000 247.321757 15.251038 88.282773 0.000000 11.225275 7.638380 99.938511 256.000000 244.159405
101.392753 13.857004 0.000000 19.511928 108.434198 21.176429 256.000000 229.363039 69.959264 71.879987 0.000000 29.652968 64.929100 94.237744 256.000000 220.607410 11.949418 12.573405 0.000000 38.352663 10.449798 17.283447 256.000000 233.592416 45.940813 73.010498 64.000000 32.165640 47.056675 80.176718 256.000000 220.904284
165.275338 63.736209 64.000000 30.216598 164.019822 65.284109 256.000000 215.582067 89.529402 214.700113 64.000000 9.512872 87.640271 216.671535 256.000000 249.029858 57.596967 26.205858 64.000000 10.493846 55.812840 22.991004 256.000000 248.956715 41.942809 94.164776 0.000000 18.130819 12.363785 97.294225 256.000000 250.677723
43.310329 174.969855 0.000000 34.114681 41.746644 169.990013 256.000000 215.169025 2.795878 91.286278 0.000000 12.369745 2.705380 84.749860 256.000000 236.100785 73.907073 85.199971 64.000000 9.676367 83.206198 82.148160 256.000000 250.832613 18.338807 183.024289 0.000000 26.413170 21.886427 181.749320 256.000000 230.696820
