13.711691 210.762631 64.000000 10.360468 15.981296 213.930169 256.000000 259.308578 71.587116 37.201785 0.000000 11.917980 66.870815 31.997116 256.000000 231.170097 152.635251 39.261951 64.000000 15.011492 152.336173 39.033353 256.000000 266.300173 25.546158 87.999747 64.000000 17.360668 28.325422 90.837595 256.000000 261.782527
82.556413 223.352818 0.000000 19.838920 80.291540 223.642069 256.000000 230.993694 154.653144 98.069504 0.000000 27.239254 145.645758 96.071140 256.000000 218.473361 141.200056 42.114124 64.000000 52.172358 140.061833 38.980856 256.000000 208.534539 84.997438 7.137920 0.000000 37.363084 88.223882 13.056756 256.000000 220.159948
46.471756 148.689376 64.000000 16.590517 47.204900 147.818342 256.000000 225.594031 85.091258 65.101065 64.000000 28.452565 81.591024 65.294395 256.000000 249.442900 19.513436 125.517320 64.000000 18.302920 17.792036 122.378102 256.000000 222.276788 146.553898 83.978105 64.000000 36.889806 138.145969 89.678995 256.000000 219.437125
132.948542 81.915120 0.000000 31.756900 129.881844 81.158320 256.000000 223.657897 72.586358 113.054887 0.000000 22.889406 70.152636 109.747233 256.000000 238.191810 72.956655 12.436527 64.000000 23.900499 66.317969 16.953136 256.000000 241.573590 41.971773 31.529531 0.000000 10.523964 51.826876 20.715309 256.000000 225.030401
151.391944 36.772813 0.000000 16.048400 151.930191 41.185549 256.000000 243.514027 135.388784 85.391753 0.000000 11.350048 142.696445 94.082167 256.000000 246.280547 154.976873 53.046124 0.000000 43.631855 152.827073 49.478507 256.000000 233.644046 13.921880 27.833013 64.000000 8.695393 15.340996 28.094840 256.000000 247.657354
85.885245 103.005378 64.000000 15.540702 88.346680 99.598531 256.000000 245.704010 153.462440 31.788015 64.000000 18.789105 152.840687 31.011302 256.000000 228.209963 136.248000 144.723802 0.000000 13.746551 134.835607 145.342985 256.000000 217.152487 46.665349 99.270213 64.000000 58.441129 45.774451 97.515585 256.000000 191.741804
43.004689 108.808224 64.000000 28.813976 40.599342 107.416838 256.000000 225.671477 49.470816 13.199765 64.000000 14.391929 42.371545 5.497920 256.000000 246.512883 61.800022 143.056020 0.000000 15.020097 57.059671 146.235351 256.000000 228.975812 56.987635 76.629335 64.000000 22.011692 50.135184 67.344780 256.000000 250.015135
172.779940 31.047020 0.000000 38.847453 149.731725 12.036831 256.000000 225.262737 96.968420 41.387229 64.000000 14.938349 96.176529 41.394533 256.000000 236.617087 50.033649 161.175104 0.000000 14.163896 46.902880 161.201298 256.000000 260.306763 59.841618 20.034662 64.000000 29.343186 53.887813 20.854253 256.000000 235.167138
27.221782 46.299796 0.000000 10.485241 25.805585 46.842780 256.000000 238.325188 138.750482 121.662789 64.000000 8.828771 210.475856 116.605287 256.000000 249.232076 67.418625 185.281969 64.000000 16.448534 54.856196 188.052656 256.000000 239.452448 93.587807 185.023909 0.000000 10.326048 94.026664 184.636433 256.000000 236.651508
32.635696 54.748567 0.000000 44.453637 29.924009 65.402095 256.000000 192.094610 43.219804 154.735115 64.000000 10.059292 44.747007 154.264742 256.000000 246.874295 120.154224 79.102171 0.000000 37.517974 98.228556 81.297158 256.000000 207.041565 11.048927 40.141433 0.000000 14.792064 11.507427 43.371684 256.000000 241.474632
142.965671 185.970033 0.000000 23.990852 128.374420 198.523238 256.000000 234.599206 187.516047 113.130964 0.000000 16.706685 188.188105 119.355173 256.000000 248.664143 55.559758 225.370135 0.000000 8.970754 57.007693 227.077245 256.000000 259.545216 50.674956 121.829155 64.000000 24.253305 49.497775 118.063909 256.000000 218.210907
65.267047 158.935607 64.000000 36.644563 66.925573 152.108949 256.000000 220.934402 64.002536 193.795205 64.000000 23.706885 57.397611 194.005345 256.000000 231.613257 104.968340 48.248435 64.000000 28.594548 98.099460 49.973287 256.000000 230.197728 101.719409 23.537553 64.000000 15.557912 100.411595 21.564780 256.000000 260.199200
110.636747 149.719025 0.000000 27.919052 98.778967 144.314042 256.000000 224.471073 30.904289 102.899113 0.000000 35.568933 31.413405 92.519473 256.000000 238.729625 10.341504 108.867940 0.000000 15.648265 7.227878 103.253080 256.000000 242.799809 101.901313 115.930475 64.000000 16.629240 101.016635 114.754202 256.000000 245.549119
22.338982 52.499553 0.000000 16.736803 30.623811 55.126027 256.000000 224.501191 43.838033 58.717905 64.000000 18.010349 44.789135 46.405373 256.000000 226.923510 94.116909 22.092282 0.000000 85.968652 94.412160 24.000096 256.000000 167.798280 116.549295 113.902927 64.000000 31.322346 96.423324 114.643404 256.000000 231.574534
177.832591 120.504453 0.000000 13.092568 176.914733 128.518749 256.000000 235.322029 176.997251 130.030389 64.000000 21.456667 176.825187 127.341767 256.000000 228.128215 159.988660 71.023185 64.000000 21.366314 159.249764 71.982489 256.000000 250.974597 48.583065 153.667713 0.000000 14.262854 80.038453 169.902678 256.000000 232.934130
162.396082 157.166169 64.000000 35.186009 159.418980 153.910520 256.000000 238.755440 44.628633 157.948949 64.000000 12.821510 41.575627 159.430987 256.000000 230.856013 113.254827 8.670596 0.000000 24.799725 111.758084 9.849851 256.000000 236.229861 82.192055 221.843425 64.000000 15.609543 84.863675 220.734840 256.000000 238.587642
87.798120 159.362447 64.000000 12.214854 88.185938 158.725618 256.000000 256.107503 44.464851 172.984720 0.000000 30.414514 48.782596 175.995935 256.000000 261.507166 23.837776 111.246518 64.000000 17.747895 27.467038 115.159189 256.000000 241.065893 42.335064 13.234591 0.000000 71.727311 42.084591 9.950822 256.000000 192.778711
78.789209 38.798069 64.000000 40.899755 69.968349 42.150224 256.000000 224.286065 97.939984 163.197009 64.000000 9.947426 100.180824 162.525302 256.000000 228.106703 26.070609 150.403436 0.000000 17.644635 22.786273 150.544596 256.000000 234.125928 96.081151 63.830182 0.000000 21.835289 94.904789 65.244616 256.000000 233.639744
60.550665 104.422058 0.000000 41.829099 57.400095 101.759451 256.000000 224.677594 39.130405 214.491964 64.000000 36.713403 36.783056 208.884767 256.000000 219.949125 38.531262 139.901615 0.000000 9.009477 32.591716 147.580916 256.000000 261.507166 136.441284 23.169393 0.000000 91.080046 130.696847 27.582215 256.000000 168.232835
94.576822 59.458844 0.000000 20.518718 95.000007 66.685713 256.000000 245.316783 180.808287 125.784229 64.000000 9.732300 182.452813 125.332305 256.000000 253.624949 1.451038 67.424847 0.000000 14.323089 4.434645 68.756905 256.000000 252.480479 112.365862 35.180280 0.000000 26.748767 114.968247 39.595618 256.000000 224.643174
92.098718 7.506725 64.000000 9.439729 90.167178 5.304175 256.000000 238.884515 88.265982 131.198687 0.000000 13.040938 83.687658 135.297049 256.000000 238.888818 46.178275 29.422133 0.000000 11.031661 54.897660 25.254749 256.000000 247.812244 73.327024 68.915895 0.000000 56.767449 71.376355 66.825856 256.000000 198.600021
77.604131 78.768571 64.000000 22.738818 73.498882 85.034535 256.000000 244.357321 151.010216 121.704836 0.000000 14.972770 150.976073 119.644971 256.000000 239.813860 84.653578 218.273285 0.000000 22.489272 86.015591 217.375867 256.000000 219.686671 114.045678 69.214302 64.000000 9.913006 113.976055 69.028915 256.000000 259.975468
96.447595 41.145758 0.000000 15.243828 95.498624 39.183069 256.000000 219.019781 3.670638 119.854302 0.000000 18.165239 12.205184 130.190871 256.000000 239.271742 156.125245 116.726785 64.000000 34.015723 153.466513 115.334644 256.000000 231.531509 18.793880 116.342107 64.000000 13.062451 20.429240 123.836580 256.000000 250.871336
117.000398 2.317711 64.000000 16.143055 116.678162 2.524773 256.000000 229.857828 161.041867 5.844724 64.000000 15.966652 160.556184 4.353704 256.000000 252.080344 68.890420 18.264289 0.000000 20.527323 65.687898 18.653804 256.000000 228.136820 25.392820 133.274922 0.000000 9.482754 26.938238 133.834724 256.000000 253.883100
20.273304 132.337924 64.000000 13.497005 23.141575 151.243013 256.000000 247.480950 13.656287 63.185929 0.000000 10.532569 11.295011 66.024895 256.000000 237.714230 45.119973 83.292022 0.000000 10.472334 45.390269 81.160973 256.000000 272.840003 61.478242 61.721951 64.000000 15.166383 58.795891 61.684858 256.000000 245.407136
128.952976 147.381224 64.000000 20.114281 131.898395 143.924013 256.000000 234.921895 39.762093 36.088331 0.000000 10.777813 41.876635 37.553860 256.000000 257.346629 45.384304 146.176827 0.000000 27.850212 42.212729 144.778989 256.000000 225.262737 131.240740 83.606082 0.000000 21.086651 129.436236 84.686356 256.000000 240.695876
56.939424 48.462965 0.000000 12.266485 67.427185 38.394342 256.000000 245.075842 1.841678 148.296351 64.000000 19.722752 3.164545 147.599755 256.000000 216.674907 25.439902 85.267993 64.000000 9.254721 26.206829 87.478611 256.000000 242.261994 14.852133 105.945835 0.000000 20.914550 28.529904 97.159033 256.000000 231.824080
77.558213 67.133800 64.000000 16.039795 75.250956 67.667193 256.000000 241.956515 128.003165 19.445631 64.000000 51.092425 108.348384 21.324869 256.000000 211.791547 148.236722 4.904602 0.000000 27.863120 142.849525 8.796605 256.000000 224.139779 147.272880 38.159198 64.000000 51.518374 149.551562 21.901984 256.000000 214.192353
7.181407 91.196636 64.000000 72.157563 5.112496 89.648982 256.000000 178.120025 39.026744 92.786185 0.000000 16.229105 34.798407 91.434885 256.000000 243.294598 116.420562 176.236607 0.000000 46.755485 102.588656 151.522051 256.000000 212.368085 82.811735 48.119747 0.000000 36.678983 62.570049 64.930675 256.000000 214.291311
34.144845 123.532260 0.000000 19.081676 37.672464 127.908742 256.000000 235.640415 83.252893 77.560065 64.000000 30.625337 81.332967 78.212635 256.000000 210.638472 151.941876 50.780047 64.000000 21.882617 150.941267 53.180915 256.000000 243.815203 42.990380 15.533375 64.000000 31.107220 39.289367 17.975336 256.000000 224.458166
156.198555 143.840356 0.000000 16.513072 159.704675 138.990362 256.000000 244.671405 36.195558 138.182978 64.000000 52.873668 30.180204 108.928005 256.000000 213.189866 26.512969 107.131907 64.000000 16.715290 29.340222 104.404925 256.000000 245.850295 90.623665 76.589364 0.000000 11.453308 89.523520 75.939436 256.000000 253.530294
36.882024 141.057731 64.000000 10.541174 32.254927 151.515064 256.000000 249.326731 117.845560 128.212204 64.000000 18.092097 110.823287 146.537649 256.000000 223.984889 32.627616 38.468147 64.000000 19.873340 35.252684 38.644676 256.000000 240.523776 58.330185 140.143935 0.000000 50.786946 59.965555 138.827118 256.000000 208.766875
