163.990195 16.540198 64.000000 20.286382 167.306560 26.790215 256.000000 236.608482 37.528587 37.932958 64.000000 33.981303 94.991202 151.424098 256.000000 228.954299 138.180147 146.572015 64.000000 31.270715 134.197495 147.151211 256.000000 216.253260 86.121393 14.505578 0.000000 15.192198 83.573505 7.712885 256.000000 236.117995
43.383265 120.411653 0.000000 11.410283 47.831362 132.017058 256.000000 261.425418 113.871618 58.505378 0.000000 9.603225 114.990095 61.005585 256.000000 233.252517 55.908742 11.989938 64.000000 19.877642 52.715431 11.706631 256.000000 239.065221 140.397078 39.189145 64.000000 93.984247 139.811302 37.024555 256.000000 169.278347
99.701680 43.436165 64.000000 24.339356 103.188205 47.995915 256.000000 246.560211 18.316640 171.098609 0.000000 27.187624 19.114044 169.402533 256.000000 233.730096 87.539524 151.322829 0.000000 38.899083 73.146418 137.240216 256.000000 215.711143 25.922793 23.339127 64.000000 22.295659 0.955447 22.627789 256.000000 223.649292
72.706282 91.703349 0.000000 21.060835 71.305342 90.104680 256.000000 236.935474 98.456422 17.175013 0.000000 13.527123 97.023649 13.358880 256.000000 241.612313 33.290473 60.444611 0.000000 14.004703 39.174289 62.977458 256.000000 249.756983 111.787004 173.242725 0.000000 36.334781 110.296604 171.861860 256.000000 217.277260
13.921880 27.833013 64.000000 8.695393 15.340996 28.094840 256.000000 247.657354 85.091258 65.101065 64.000000 28.452565 81.591024 65.294395 256.000000 249.442900 82.786665 81.488080 64.000000 57.227819 83.202158 82.519247 256.000000 195.923853 22.719300 22.892785 0.000000 23.792936 63.848687 8.297907 256.000000 230.520417
28.491825 29.640015 0.000000 42.676696 24.693718 41.806180 256.000000 220.899982 63.032120 138.717289 0.000000 18.935391 54.930244 147.083993 256.000000 244.809085 68.073929 116.671867 64.000000 12.098686 74.722451 130.924273 256.000000 242.042565 138.877693 121.401920 64.000000 40.886848 130.541631 101.905971 256.000000 208.078472
124.770665 151.260411 64.000000 13.677711 126.822055 150.330655 256.000000 240.424818 59.812391 80.055664 64.000000 16.069912 56.701885 77.541724 256.000000 249.576278 139.347180 137.527115 64.000000 28.663388 145.918738 119.289540 256.000000 240.269927 152.312395 135.787160 64.000000 27.656599 152.673429 137.780225 256.000000 218.314167
5.744835 54.428362 64.000000 14.585543 5.269593 56.770425 256.000000 229.866434 64.019231 151.090075 0.000000 35.448462 61.520258 145.173715 256.000000 222.268183 39.669145 36.135285 0.000000 10.743392 38.885196 37.179896 256.000000 231.264753 71.717305 132.805616 0.000000 18.191055 71.641555 133.757524 256.000000 256.309721
110.549725 96.654342 0.000000 23.633742 109.261975 96.022325 256.000000 239.280347 66.598675 69.759415 0.000000 28.671993 57.290647 64.069295 256.000000 205.410910 149.456396 4.524131 64.000000 37.746008 141.562658 24.179962 256.000000 228.450904 147.421227 130.641256 64.000000 23.896196 146.411138 129.105055 256.000000 220.624621
60.996771 102.697642 64.000000 10.308838 64.664429 105.205053 256.000000 248.616816 24.682531 141.253156 64.000000 42.100158 26.303105 137.965091 256.000000 209.136892 64.122562 120.417496 0.000000 10.751997 69.759885 122.276655 256.000000 243.608682 106.164738 20.007655 0.000000 9.624737 202.340300 30.829687 256.000000 241.225086
75.312740 12.966951 64.000000 10.829443 78.306480 12.798785 256.000000 229.715845 41.894729 128.676638 0.000000 26.770279 55.655640 115.037045 256.000000 214.334336 88.683056 85.751222 0.000000 25.901170 79.519793 100.146402 256.000000 234.762701 125.836678 24.706549 64.000000 28.525708 123.879165 24.558331 256.000000 221.188251
35.886185 179.490585 64.000000 12.034148 35.315335 178.429455 256.000000 231.505694 34.621905 144.374791 64.000000 12.318115 64.273525 194.261818 256.000000 267.900710 114.644173 195.086160 0.000000 9.999056 118.646240 195.334407 256.000000 236.173928 62.113027 119.317091 0.000000 13.570148 68.498178 117.974380 256.000000 252.631067
122.348936 110.995287 0.000000 11.143527 119.890209 113.292418 256.000000 244.447674 146.542284 144.357918 64.000000 18.354550 146.778833 143.178253 256.000000 246.074026 40.341053 154.911600 64.000000 8.768536 33.807640 164.238951 256.000000 243.118195 64.109078 170.855984 64.000000 31.675152 61.882016 169.720016 256.000000 224.182805
100.441116 150.600907 64.000000 13.983190 99.909655 151.824033 256.000000 242.842834 40.658213 76.527298 64.000000 8.893309 39.447316 75.319222 256.000000 257.677923 94.723938 119.518218 0.000000 43.653368 82.232989 132.856856 256.000000 208.478607 45.940813 73.010498 64.000000 32.165640 47.056675 80.176718 256.000000 220.904284
158.883605 148.252447 64.000000 24.829843 158.129485 147.413400 256.000000 229.406064 39.346242 107.190235 64.000000 18.548164 38.393538 105.990764 256.000000 241.737086 29.966969 21.006307 64.000000 11.109107 29.601756 21.458960 256.000000 241.160549 110.728531 118.487585 64.000000 65.062707 108.628373 114.099815 256.000000 201.727953
48.292851 12.385653 0.000000 27.161809 77.825796 82.409104 256.000000 229.375946 35.928876 80.603860 64.000000 39.639117 39.274893 88.138258 256.000000 206.869464 85.516996 85.848455 64.000000 11.750182 87.561415 91.661093 256.000000 250.264681 152.052822 84.103220 64.000000 26.210952 149.486902 91.305484 256.000000 227.934602
6.321005 100.111393 0.000000 17.175660 9.165342 96.651213 256.000000 234.810029 14.869778 19.332051 64.000000 10.941308 17.178911 17.355649 256.000000 257.875839 62.919975 95.139313 0.000000 11.629712 66.446815 94.249202 256.000000 234.272214 82.678247 78.629227 64.000000 14.297274 91.618587 75.255325 256.000000 256.989520
31.956840 86.672991 0.000000 20.445575 45.048389 90.714458 256.000000 221.683040 161.686467 80.874689 0.000000 30.698480 169.642727 76.135938 256.000000 223.180317 78.714431 81.779155 64.000000 9.379494 77.498058 85.266055 256.000000 249.735471 58.726013 100.350331 64.000000 17.683357 66.840471 96.155435 256.000000 237.021524
50.864775 91.942558 0.000000 18.307223 44.109647 97.514236 256.000000 245.041422 90.028933 86.139129 0.000000 8.712603 90.394191 86.657938 256.000000 251.301588 145.623549 57.938465 64.000000 9.039595 145.500780 57.546065 256.000000 251.675907 92.617525 64.051267 0.000000 20.996298 89.065522 54.712675 256.000000 231.359408
42.335064 13.234591 0.000000 71.727311 42.084591 9.950822 256.000000 192.778711 27.555158 168.445885 0.000000 12.498821 12.534344 202.058020 256.000000 255.703066 146.292069 150.770733 0.000000 37.139353 135.884571 152.432076 256.000000 217.053529 23.837776 111.246518 64.000000 17.747895 27.467038 115.159189 256.000000 241.065893
88.546400 23.517980 64.000000 19.021441 90.561396 25.435018 256.000000 229.221056 51.473053 77.515998 64.000000 14.387627 53.723489 76.070069 256.000000 241.780111 46.521562 71.949578 0.000000 11.586686 52.977847 64.880971 256.000000 245.970766 69.534375 51.584762 0.000000 70.819479 90.166595 51.595124 256.000000 171.403792
180.910936 79.109511 0.000000 16.904601 182.440811 73.376618 256.000000 242.941792 13.750282 10.684022 64.000000 22.420432 23.384805 11.923582 256.000000 240.549591 151.010216 121.704836 0.000000 14.972770 150.976073 119.644971 256.000000 239.813860 117.976671 81.323738 64.000000 12.270787 115.243102 83.453418 256.000000 236.513827
65.103224 44.182833 64.000000 9.865678 64.819998 40.162247 256.000000 247.769219 156.744635 59.425484 0.000000 9.525779 157.335645 60.656424 256.000000 242.834229 10.918882 72.038024 0.000000 24.928801 19.156651 43.661551 256.000000 225.340182 107.926615 194.824993 64.000000 19.881945 110.190704 192.663433 256.000000 235.235978
153.319971 57.742800 0.000000 24.911591 151.904069 78.449427 256.000000 239.607339 32.139251 144.616222 0.000000 19.877642 39.568909 145.952455 256.000000 253.775537 134.128107 110.190229 64.000000 27.660901 142.948925 105.582076 256.000000 236.186835 29.694536 47.710027 64.000000 25.182650 17.141520 41.389595 256.000000 259.609754
146.701682 106.894422 64.000000 14.353207 147.582804 106.098587 256.000000 237.395844 44.405127 58.302631 64.000000 12.068569 46.370195 61.319327 256.000000 248.939505 31.311664 3.335707 64.000000 13.342115 35.148936 1.302473 256.000000 263.679938 91.165540 140.214647 0.000000 51.432324 90.236245 138.926111 256.000000 205.023683
103.123578 77.453435 64.000000 14.383324 101.734740 79.157969 256.000000 245.777152 90.209698 154.280555 64.000000 32.866950 88.473269 151.284313 256.000000 216.008017 177.367100 46.604535 64.000000 10.536871 177.644009 47.025838 256.000000 241.939305 164.055222 41.706422 64.000000 11.449006 164.696631 42.703036 256.000000 246.637656
53.661955 28.600135 0.000000 15.110450 62.388900 31.115484 256.000000 254.851167 116.242722 64.678438 0.000000 27.678111 109.275975 65.386627 256.000000 218.469058 145.296136 157.815900 64.000000 21.628768 147.863720 160.246347 256.000000 248.651236 140.460662 34.401173 64.000000 13.088266 140.896133 34.964665 256.000000 254.283235
59.947264 78.735467 64.000000 23.577810 57.188405 63.809562 256.000000 242.373859 25.288271 88.044671 64.000000 43.300561 32.465227 79.979704 256.000000 206.684456 101.655829 174.287745 64.000000 12.804300 99.576653 186.577687 256.000000 251.176815 111.745724 31.557656 64.000000 9.465544 111.742745 32.154975 256.000000 261.804039
32.428169 119.435591 64.000000 26.882145 33.380325 115.003138 256.000000 233.893592 19.256665 20.994462 64.000000 14.047728 23.530936 19.781402 320.000000 243.367741 14.217020 142.817329 0.000000 11.694249 19.934987 148.222665 256.000000 233.682769 65.720940 79.588853 64.000000 11.849140 72.781016 83.275278 256.000000 65.432724
80.322173 28.327384 64.000000 67.635614 80.861215 30.046551 256.000000 189.543216 98.324007 109.864767 0.000000 9.310653 127.810304 128.243756 256.000000 260.969351 188.475942 75.457798 0.000000 16.676568 195.724895 67.573100 256.000000 249.021253 52.540149 188.787756 0.000000 23.711188 20.196544 194.739711 256.000000 239.951540
129.561271 81.551875 0.000000 12.989308 130.515015 85.484807 256.000000 236.552550 194.709915 55.586649 0.000000 28.839792 195.113953 59.811620 256.000000 231.041021 34.453484 82.291742 0.000000 15.226618 29.613811 84.743878 256.000000 236.311608 91.618011 96.077042 64.000000 41.368730 63.049875 83.136140 256.000000 195.975483
138.346880 106.933933 0.000000 9.934519 139.268758 107.970231 256.000000 250.484109 80.988215 110.907913 64.000000 37.449134 75.722393 122.708896 256.000000 210.638472 28.998175 10.119724 0.000000 9.233208 25.867293 10.235164 256.000000 241.259506 95.499567 190.495865 0.000000 23.913406 93.673945 193.031696 256.000000 240.867977
