101.694889 61.367400 64.000000 29.287254 96.478349 57.961256 256.000000 231.643374 44.405127 58.302631 64.000000 12.068569 46.370195 61.319327 256.000000 248.939505 66.403798 222.730384 0.000000 38.167655 54.441831 219.630693 256.000000 222.070267 49.252427 32.985456 64.000000 17.244500 37.223675 29.402809 256.000000 236.509524
15.443827 173.900460 0.000000 11.965308 12.701275 174.388029 256.000000 235.627508 167.235191 135.983467 64.000000 16.689475 165.646640 135.794740 256.000000 235.038063 53.122098 161.323955 0.000000 25.741977 53.728940 164.495255 256.000000 234.560483 44.134824 213.181225 0.000000 14.185408 37.592673 217.151091 256.000000 256.477520
60.761216 16.128760 64.000000 39.862848 57.535487 16.953255 256.000000 200.372659 9.484584 97.905080 64.000000 29.300161 13.292531 95.409595 256.000000 246.246127 126.685978 52.513716 64.000000 13.049543 127.249775 47.647140 256.000000 225.125056 62.909633 97.187435 64.000000 27.665204 58.158573 84.806785 256.000000 225.667174
83.776496 77.010225 64.000000 26.791792 82.747036 64.602956 256.000000 256.795906 103.464347 23.560178 0.000000 12.335325 102.290080 21.920531 256.000000 258.465284 69.963349 98.712593 0.000000 8.932032 68.749775 99.264402 256.000000 243.797993 150.424771 41.788862 64.000000 8.833074 150.526064 40.276320 256.000000 237.322701
8.429744 189.357575 0.000000 15.600938 4.623798 188.966193 256.000000 218.344285 47.657336 37.843978 0.000000 11.612501 45.787087 38.885891 256.000000 247.149656 51.449187 130.878785 64.000000 18.776197 47.017778 129.563264 256.000000 234.280819 76.791427 74.122149 0.000000 37.074815 74.646985 80.433176 256.000000 233.760214
163.349582 68.993985 0.000000 23.616532 163.795302 72.958098 256.000000 230.787173 2.317280 151.081180 64.000000 22.248331 1.006342 149.302020 256.000000 210.388925 97.108227 106.781964 64.000000 8.747023 97.141222 105.962004 256.000000 256.210763 66.513080 33.341609 0.000000 27.157506 60.694647 37.995367 256.000000 245.312480
121.867304 35.997375 0.000000 20.957575 122.641545 37.634295 256.000000 251.645790 75.475818 19.049284 0.000000 13.957375 74.825027 22.295689 256.000000 233.786029 17.695435 158.722247 0.000000 12.619291 20.932733 161.241327 256.000000 228.941392 58.535091 204.942804 64.000000 22.192398 56.708960 204.681511 256.000000 241.500448
5.286307 5.892498 0.000000 13.772367 1.775676 6.862902 256.000000 236.638600 105.122256 95.676531 0.000000 9.474149 129.927760 111.348411 256.000000 250.036647 94.650325 193.325262 64.000000 12.649409 86.701016 214.280115 256.000000 241.121826 18.388684 126.678331 0.000000 16.693778 21.662318 125.724860 256.000000 231.892920
24.392829 105.426544 64.000000 9.091225 19.277140 109.523236 256.000000 245.097354 61.327762 97.307067 64.000000 9.577410 62.191680 95.845491 256.000000 239.736414 70.432151 84.458938 64.000000 14.370417 71.337058 73.247193 256.000000 246.396715 56.500242 102.336145 64.000000 12.206249 59.234082 99.523696 256.000000 256.890562
151.705800 11.905265 0.000000 23.194885 150.335380 15.406575 256.000000 245.222127 92.921684 149.083367 64.000000 10.721880 93.187562 148.584144 256.000000 230.963576 30.162336 15.381273 64.000000 62.618876 31.658516 16.504993 256.000000 211.322572 24.195180 91.397847 0.000000 17.068097 27.868476 107.730669 256.000000 214.618303
18.530015 42.473191 0.000000 26.933775 15.473658 53.456009 256.000000 213.564185 11.200864 93.048440 0.000000 14.736131 9.096205 102.741642 256.000000 257.806998 97.726187 48.260627 0.000000 21.620163 111.064000 58.825716 256.000000 231.901525 142.953402 96.998153 0.000000 15.807458 155.708320 80.019495 256.000000 243.324716
53.661955 28.600135 0.000000 15.110450 62.388900 31.115484 256.000000 254.851167 34.144845 123.532260 0.000000 19.081676 37.672464 127.908742 256.000000 235.640415 119.845491 67.785267 0.000000 19.821710 140.649409 2.973449 256.000000 225.430535 99.089029 73.494718 64.000000 39.114209 53.255862 54.557236 256.000000 229.517929
86.240676 107.697598 0.000000 17.567189 75.580435 136.538080 256.000000 241.651036 14.319947 211.071262 0.000000 11.651224 21.839251 215.318816 256.000000 252.562227 20.805662 95.547607 0.000000 12.399863 22.098913 94.096278 256.000000 228.541257 29.946147 153.844311 64.000000 9.362284 31.836524 155.488087 256.000000 242.976212
20.009416 189.991613 0.000000 49.018610 27.314880 187.306785 256.000000 213.899782 24.845113 30.073053 0.000000 9.061107 16.153091 15.217713 256.000000 257.161620 44.252789 159.678071 64.000000 34.303992 43.113545 157.416382 256.000000 224.221527 94.449082 5.554682 64.000000 15.463257 94.114471 11.698147 256.000000 219.450033
166.992813 62.228682 64.000000 21.542718 170.942407 87.973335 256.000000 234.874567 57.912033 139.387105 0.000000 21.448062 67.389184 129.254851 256.000000 229.918064 19.252420 134.098738 64.000000 15.545005 8.807758 139.724531 256.000000 241.534868 65.995273 17.603931 64.000000 34.626681 53.849513 26.514911 256.000000 201.310608
72.942876 174.510153 64.000000 8.678183 72.935331 175.652227 256.000000 243.307506 30.026451 59.621100 64.000000 20.071256 19.329796 65.854378 256.000000 237.963776 103.516240 165.912778 0.000000 9.091225 124.590447 171.270542 256.000000 247.442228 109.952689 33.821436 0.000000 10.674552 108.853456 31.638195 256.000000 238.574734
66.095044 137.107722 0.000000 20.114281 71.653827 134.339315 256.000000 238.669389 9.884460 14.019413 0.000000 18.642819 15.113724 13.098302 256.000000 222.814603 141.277691 73.545915 0.000000 17.020769 143.946927 69.409100 256.000000 229.337224 44.533098 208.825487 0.000000 8.794351 47.987598 211.600984 256.000000 263.103401
95.033109 55.801145 0.000000 25.703254 93.563573 54.023420 256.000000 235.786701 16.933209 79.529665 0.000000 23.711188 20.921607 63.080289 256.000000 226.002771 9.711218 130.777976 0.000000 27.979288 7.369576 130.193920 256.000000 234.319542 70.675113 96.419605 0.000000 11.074686 72.369653 104.238335 256.000000 242.270599
85.091258 65.101065 64.000000 28.452565 81.591024 65.294395 256.000000 249.442900 32.466309 42.197318 0.000000 24.253305 40.271478 43.071835 256.000000 237.770163 26.652920 118.370676 64.000000 9.775325 22.983507 116.779675 256.000000 233.884987 3.416065 89.442167 0.000000 36.915622 13.249758 79.175929 256.000000 220.495545
33.716545 44.753367 0.000000 8.815863 33.372135 46.024209 256.000000 247.752009 144.199602 176.502027 0.000000 40.848125 141.510327 175.496847 256.000000 212.871480 124.053538 53.369256 0.000000 48.472190 125.107080 52.732958 256.000000 220.525663 56.218849 151.250540 0.000000 15.153475 56.268862 150.566485 256.000000 233.928012
22.338982 52.499553 0.000000 16.736803 30.623811 55.126027 256.000000 224.501191 75.342238 149.479293 64.000000 11.165039 76.686276 148.235775 256.000000 234.491643 95.294035 206.005509 64.000000 21.994482 96.741102 204.844753 256.000000 241.474632 30.671849 106.610867 0.000000 13.501308 37.389607 114.350785 256.000000 243.957187
131.027647 169.788111 64.000000 54.297802 127.859631 168.259569 256.000000 202.661600 69.959264 71.879987 0.000000 29.652968 64.929100 94.237744 256.000000 220.607410 96.612778 173.789153 0.000000 19.202147 96.363655 172.467482 256.000000 254.562898 101.655829 174.287745 64.000000 12.804300 99.576653 186.577687 256.000000 251.176815
132.254745 95.617764 64.000000 18.586886 132.288778 102.900625 256.000000 218.765932 58.535515 21.703302 0.000000 25.440801 55.598349 27.464729 256.000000 221.674435 119.767975 187.331020 64.000000 22.833474 113.900707 193.559456 256.000000 236.591272 48.310635 71.409182 0.000000 13.922955 39.374124 71.066660 256.000000 246.826967
145.722400 107.301498 0.000000 26.490616 146.534785 98.552553 256.000000 249.305219 111.637507 186.110545 0.000000 25.488128 114.299111 183.536233 256.000000 244.649892 88.569618 89.013815 64.000000 21.392129 85.179122 86.753004 256.000000 239.400818 78.265722 62.911685 0.000000 27.269372 72.669253 66.207731 256.000000 227.211779
28.130504 153.594549 0.000000 19.765777 25.213433 152.043469 256.000000 228.562770 147.290587 146.193787 0.000000 23.431524 154.603685 161.775776 256.000000 242.386767 175.303536 11.550082 64.000000 12.481611 175.001291 3.088404 256.000000 230.636585 115.723735 117.316853 64.000000 26.094784 112.916596 118.088855 256.000000 238.819978
79.160867 108.490873 64.000000 20.940365 80.316225 103.260384 256.000000 210.423346 36.426589 71.039609 0.000000 19.395760 28.279618 74.466893 256.000000 238.897423 22.998995 59.695896 0.000000 17.416601 27.872796 59.257025 256.000000 247.317455 10.295047 160.512218 0.000000 53.970811 9.389993 157.989240 256.000000 200.931987
75.998571 58.705878 64.000000 17.674752 73.947280 56.214180 256.000000 241.749994 117.574671 112.150369 0.000000 16.211895 123.395164 106.296160 256.000000 243.204246 26.893675 14.432065 64.000000 17.700567 25.493556 17.304205 256.000000 233.687071 125.836678 24.706549 64.000000 28.525708 123.879165 24.558331 256.000000 221.188251
100.056744 194.164093 0.000000 53.613702 96.817725 193.252284 256.000000 205.875582 152.761169 36.093205 64.000000 40.241470 145.420842 35.643447 256.000000 212.647748 6.651124 103.185187 0.000000 18.070584 3.407520 93.443140 256.000000 240.528078 93.884996 109.783707 64.000000 25.991523 88.511631 110.600605 256.000000 233.893592
66.651055 88.766507 64.000000 16.814248 64.189540 87.712175 256.000000 245.415741 109.010311 96.435138 64.000000 32.694849 116.407407 90.731064 256.000000 223.382536 16.732105 103.885873 64.000000 12.787089 10.233678 105.868785 256.000000 257.893049 64.038195 109.951524 64.000000 18.539559 62.943036 108.487753 256.000000 249.735471
38.531262 139.901615 0.000000 9.009477 32.591716 147.580916 256.000000 261.507166 21.554542 105.589580 0.000000 9.835561 22.240209 114.830704 256.000000 249.494530 86.209215 166.836916 0.000000 26.417473 83.775091 165.548505 256.000000 218.120554 156.749382 58.024435 64.000000 31.434211 153.765280 57.189662 256.000000 226.041493
37.655033 153.227924 64.000000 13.234552 33.636993 154.167338 256.000000 224.853998 180.196642 60.515404 64.000000 18.264197 179.836416 59.963793 256.000000 265.151400 146.594469 184.003395 0.000000 25.776397 144.065484 184.331687 256.000000 233.403105 73.226153 125.661675 64.000000 17.373576 97.698358 126.813696 256.000000 252.041622
16.463016 76.294175 64.000000 24.425406 29.132931 75.010307 256.000000 218.834772 153.700075 142.762785 64.000000 23.706885 151.518924 146.614142 256.000000 234.655138 103.157171 43.395056 64.000000 43.231721 98.445544 42.642645 256.000000 211.800152 38.592873 59.130573 0.000000 8.729813 35.708171 60.596033 256.000000 276.837044
