79.498115 93.164222 64.000000 20.277777 80.716235 87.634195 256.000000 246.869993 15.328124 91.622364 0.000000 11.780300 18.447360 91.602898 256.000000 241.311137 39.568313 77.333111 0.000000 11.070384 39.902313 74.306769 256.000000 250.957387 65.251740 120.387402 0.000000 10.635829 60.711985 124.179115 256.000000 239.331978
68.045887 55.349971 64.000000 12.442888 71.854453 56.422498 256.000000 253.840075 16.412989 82.842938 0.000000 15.037307 11.401558 91.574504 256.000000 224.397931 151.705800 11.905265 0.000000 23.194885 150.335380 15.406575 256.000000 245.222127 163.349582 68.993985 0.000000 23.616532 163.795302 72.958098 256.000000 230.787173
80.180335 55.398258 0.000000 9.177275 78.581524 55.731649 256.000000 251.030529 47.033384 221.138976 64.000000 31.868766 49.608644 218.487205 256.000000 227.310737 157.199038 90.543456 0.000000 9.396704 159.097991 95.104860 256.000000 244.150800 65.204805 100.295509 0.000000 9.913006 64.851556 106.718382 256.000000 247.511068
109.575876 19.426349 64.000000 11.522149 108.179529 16.076033 256.000000 253.508781 128.092295 123.897553 64.000000 31.034077 127.313840 118.181515 256.000000 230.395643 16.590156 27.671845 64.000000 13.243157 9.357991 26.881149 256.000000 249.421387 25.741325 83.203553 0.000000 12.632199 25.503578 84.724435 256.000000 263.929484
60.736013 29.296227 0.000000 9.482754 64.182224 23.320040 256.000000 258.250158 156.828725 23.579238 64.000000 55.003416 155.217329 24.364844 256.000000 193.630610 104.449642 160.840587 64.000000 11.935190 106.281931 159.681196 320.000000 246.818362 86.240676 107.697598 0.000000 17.567189 75.580435 136.538080 256.000000 241.651036
32.466309 42.197318 0.000000 24.253305 40.271478 43.071835 256.000000 237.770163 48.235713 18.860096 64.000000 21.689003 48.195111 21.396524 256.000000 250.195841 5.286307 5.892498 0.000000 13.772367 1.775676 6.862902 256.000000 236.638600 163.437736 127.803005 0.000000 12.434283 162.399393 122.902498 256.000000 234.293727
31.064222 113.639178 0.000000 21.366314 26.660300 112.214151 256.000000 236.776281 86.915593 157.158807 64.000000 15.071728 84.865016 159.174618 256.000000 236.044852 131.436475 132.259433 0.000000 13.406652 128.352876 132.859693 256.000000 268.133046 17.617282 4.553747 64.000000 12.967795 16.764169 4.981395 256.000000 250.600277
90.699891 157.629104 0.000000 37.109235 86.250660 144.016720 256.000000 207.174943 77.889853 85.567953 64.000000 16.285038 80.469011 80.094949 256.000000 244.641287 65.030362 102.853178 0.000000 16.680870 65.243916 99.707951 256.000000 234.091508 102.562905 107.144187 64.000000 14.249946 103.522555 104.520411 256.000000 232.559811
40.526467 31.338609 0.000000 15.893509 38.588982 34.124676 256.000000 220.129831 45.418075 12.638735 64.000000 19.421575 41.598425 13.417487 256.000000 232.753424 65.966607 108.024138 0.000000 92.740819 66.438907 108.865060 256.000000 162.355592 25.058431 61.405380 64.000000 34.088866 24.791035 63.617433 256.000000 210.113564
106.293267 73.439235 64.000000 16.969139 104.143700 71.778035 256.000000 235.941592 164.054404 50.850473 64.000000 34.433068 164.760091 53.032709 256.000000 228.222871 31.110691 148.347162 0.000000 22.213911 28.545585 146.514947 256.000000 216.137092 71.302495 108.580689 64.000000 23.952129 70.795615 101.881067 256.000000 215.280891
97.223549 93.996600 0.000000 24.214583 91.989965 97.758793 256.000000 235.330634 89.529402 214.700113 64.000000 9.512872 87.640271 216.671535 256.000000 249.029858 104.022325 99.088260 0.000000 24.902986 104.811847 94.821456 256.000000 244.340111 4.482585 60.947360 0.000000 28.073943 9.253745 64.017365 256.000000 234.835844
47.657336 37.843978 0.000000 11.612501 45.787087 38.885891 256.000000 247.149656 52.212576 60.657311 64.000000 14.323089 58.825680 59.606633 256.000000 239.960145 113.603618 169.582007 64.000000 22.183793 112.495885 167.659676 256.000000 247.356177 124.456796 20.712153 64.000000 13.944467 126.527349 10.190551 256.000000 243.402161
15.443827 173.900460 0.000000 11.965308 12.701275 174.388029 256.000000 235.627508 120.131300 95.922253 64.000000 22.756028 119.344667 94.481144 256.000000 228.369157 176.533204 109.459564 0.000000 12.042753 178.785904 115.100145 256.000000 267.763030 105.071569 14.634342 64.000000 30.431724 108.495265 20.784867 256.000000 206.826439
75.741973 65.245789 0.000000 13.191526 80.734222 72.442236 256.000000 242.141523 34.344556 177.771985 64.000000 42.216326 28.940898 177.457331 256.000000 214.588185 129.813982 89.579080 0.000000 10.257208 130.975567 85.667891 256.000000 225.959745 161.442542 40.856015 64.000000 24.881473 159.380556 43.045298 256.000000 225.193897
33.682318 171.988120 64.000000 72.880386 35.508538 169.716615 256.000000 178.941807 184.485104 22.577491 0.000000 8.729813 246.110587 47.141845 256.000000 250.858429 147.993624 116.040238 0.000000 37.926714 140.706900 112.123869 256.000000 239.138364 48.715444 102.749345 64.000000 11.134922 50.791027 104.315775 256.000000 248.010160
92.278616 86.103753 64.000000 10.270115 94.610516 82.934858 256.000000 234.887474 22.964184 132.653222 64.000000 11.078989 18.934851 133.467976 256.000000 251.654395 28.136462 186.115193 0.000000 18.918180 37.678809 191.971800 256.000000 228.842434 51.189600 88.129040 0.000000 9.654855 55.022227 94.940976 256.000000 255.315839
89.312647 44.078720 64.000000 76.133091 87.619060 43.496507 256.000000 186.621805 143.075353 68.552007 0.000000 17.330551 150.792107 70.077338 256.000000 228.179846 97.505313 206.358736 0.000000 44.750511 89.411362 196.387076 256.000000 217.995781 39.362096 172.338411 64.000000 14.155291 34.278104 172.827585 256.000000 226.510468
104.153620 173.283182 64.000000 11.302720 112.065464 171.966009 256.000000 246.327875 18.338807 183.024289 0.000000 26.413170 21.886427 181.749320 256.000000 230.696820 79.423431 114.561280 0.000000 64.120456 76.715956 112.393089 256.000000 207.179246 28.361702 143.574813 0.000000 10.042082 32.654680 146.927524 256.000000 251.396244
160.181080 40.569622 0.000000 13.355022 161.485309 42.465498 256.000000 225.688687 77.653560 13.925771 0.000000 32.819623 79.164693 26.786733 256.000000 217.531109 144.215498 19.641382 0.000000 10.063594 139.672693 12.737285 256.000000 230.115980 13.524527 207.070151 0.000000 19.993810 13.422815 206.461456 256.000000 240.545288
69.111173 115.141782 64.000000 23.332566 65.434929 111.732473 256.000000 237.172112 73.662196 49.694669 64.000000 22.910919 75.720978 53.985982 256.000000 233.101929 26.711402 229.198815 0.000000 19.232264 33.897320 230.493016 256.000000 225.464956 13.097144 69.428396 0.000000 15.157778 16.155373 66.858851 256.000000 219.777024
48.137982 105.288596 0.000000 18.027559 44.245367 101.207942 256.000000 225.464956 16.316124 59.340291 64.000000 12.477308 19.086815 56.692578 256.000000 226.893392 25.086847 44.216236 0.000000 22.127860 22.591904 45.058098 256.000000 241.775809 166.631605 128.515858 64.000000 37.337269 162.924893 128.156316 256.000000 219.239209
91.301173 86.562120 64.000000 26.925170 12.670382 85.198067 256.000000 218.172184 15.682024 21.540947 0.000000 13.716434 16.942878 23.395729 256.000000 213.293126 38.498740 70.830453 64.000000 17.012164 33.762356 69.470255 256.000000 236.991407 51.473053 77.515998 64.000000 14.387627 53.723489 76.070069 256.000000 241.780111
22.719300 22.892785 0.000000 23.792936 63.848687 8.297907 256.000000 230.520417 33.755796 37.319493 64.000000 12.877442 34.717216 37.006160 256.000000 255.311537 141.277691 73.545915 0.000000 17.020769 143.946927 69.409100 256.000000 229.337224 74.835955 67.031935 64.000000 9.194485 75.739980 67.593013 320.000000 256.580780
20.999393 119.279558 64.000000 17.102517 17.046145 117.726627 256.000000 227.280619 27.823949 63.949616 0.000000 8.841679 25.778944 65.926809 256.000000 242.649220 99.870884 142.082678 64.000000 15.962349 139.385895 235.262789 256.000000 230.051442 4.693642 124.230309 0.000000 15.527795 7.162362 124.965491 256.000000 254.235907
78.647229 104.157975 0.000000 24.012364 75.583829 101.986873 256.000000 236.784886 96.590756 108.846300 0.000000 17.033677 99.727211 102.094949 256.000000 227.637728 61.478242 61.721951 64.000000 15.166383 58.795891 61.684858 256.000000 245.407136 117.710613 9.279713 64.000000 17.855458 157.173002 11.948053 256.000000 247.941320
36.747171 90.241693 64.000000 18.987021 39.445645 88.666615 256.000000 257.475704 51.145773 39.748740 0.000000 9.697880 56.182845 40.607776 256.000000 248.801824 21.004871 196.292951 64.000000 20.656399 18.750184 195.534818 256.000000 232.650164 25.439902 85.267993 64.000000 9.254721 26.206829 87.478611 256.000000 242.261994
133.091482 21.088344 64.000000 9.327863 146.022616 22.219964 256.000000 249.305219 20.139365 137.626516 0.000000 18.548164 15.051198 135.749776 256.000000 234.732584 38.592873 59.130573 0.000000 8.729813 35.708171 60.596033 256.000000 276.837044 60.061962 136.356849 64.000000 14.370417 49.133547 148.239076 256.000000 238.449961
102.155133 31.163438 64.000000 10.390586 102.148633 26.658016 256.000000 247.188379 54.093687 131.981395 64.000000 11.324233 64.100242 148.052280 256.000000 224.836788 177.462898 77.332622 0.000000 20.338012 176.707171 77.291805 256.000000 236.324516 50.967238 62.188538 64.000000 8.699695 49.592733 59.912065 256.000000 255.251302
9.267062 20.964173 0.000000 39.096999 148.260442 79.160940 256.000000 218.916520 185.809175 80.042507 64.000000 42.513200 179.344753 75.887973 256.000000 229.909459 11.949418 12.573405 0.000000 38.352663 10.449798 17.283447 256.000000 233.592416 64.919264 32.561102 0.000000 10.773510 70.359025 32.777520 256.000000 251.714630
151.841298 165.223275 0.000000 11.857745 151.699791 170.095996 256.000000 228.532652 90.883716 17.381604 64.000000 14.671593 90.593196 7.693202 256.000000 238.781255 133.784285 119.429318 64.000000 24.989036 131.650522 120.041176 256.000000 257.613385 143.202071 16.856749 0.000000 28.990380 139.576935 15.368255 256.000000 222.083175
42.081087 111.896287 64.000000 13.135594 39.210564 114.513091 256.000000 233.248214 52.995762 162.969340 0.000000 25.638717 54.114371 157.959747 256.000000 252.325588 75.785991 39.740342 0.000000 47.542846 71.951884 41.619989 256.000000 202.308793 93.795107 199.928233 64.000000 25.109507 83.412109 202.157756 256.000000 32.187152
117.012438 150.770460 64.000000 13.578753 118.677687 152.242700 256.000000 226.906300 62.555984 214.410405 64.000000 19.735659 60.756411 214.733724 256.000000 251.232748 76.394438 87.966216 64.000000 16.117240 75.379951 95.895389 256.000000 249.296614 57.429002 47.882036 64.000000 15.867694 55.856078 50.611480 256.000000 236.617087
