120.888104 38.837805 64.000000 37.591117 125.576500 46.390669 256.000000 219.445730 80.557082 100.517693 0.000000 21.874012 76.359676 99.274653 256.000000 248.573790 139.347180 137.527115 64.000000 28.663388 145.918738 119.289540 256.000000 240.269927 99.530796 66.998975 64.000000 20.905945 97.359785 66.493645 256.000000 223.903141
82.396724 102.091376 0.000000 10.330351 80.729275 103.111909 256.000000 237.765860 26.475280 94.457253 0.000000 14.129476 11.066947 93.779413 256.000000 245.944951 30.601027 64.010555 0.000000 24.128532 25.637467 51.931947 256.000000 234.074298 102.562905 107.144187 64.000000 14.249946 103.522555 104.520411 256.000000 232.559811
43.618418 62.736093 64.000000 25.376263 31.993635 57.415096 256.000000 232.680282 19.513436 125.517320 64.000000 18.302920 17.792036 122.378102 256.000000 222.276788 175.033747 134.367053 64.000000 82.634199 175.373647 134.322947 256.000000 190.786644 73.651193 77.663751 64.000000 11.965308 72.752651 74.122364 256.000000 251.052042
16.316124 59.340291 64.000000 12.477308 19.086815 56.692578 256.000000 226.893392 101.694889 61.367400 64.000000 29.287254 96.478349 57.961256 256.000000 231.643374 59.453129 229.706502 64.000000 19.120399 62.289287 218.725742 256.000000 233.394500 131.511256 95.366715 64.000000 46.574779 135.294275 94.324384 256.000000 218.004386
56.456469 88.981484 64.000000 12.283695 55.094705 94.549540 256.000000 255.139436 117.771189 84.190098 0.000000 17.214383 122.831749 87.467305 256.000000 235.932987 44.149500 90.699769 64.000000 13.170014 48.481331 93.808324 256.000000 236.247071 63.772705 32.517511 64.000000 9.151460 63.739524 33.545211 256.000000 243.970094
29.013856 114.445456 64.000000 15.751526 31.069520 111.506675 256.000000 227.831342 156.955900 96.356809 64.000000 24.132835 156.297120 97.753695 256.000000 239.375003 175.351345 64.527758 0.000000 19.727054 174.838480 67.673760 256.000000 229.380249 81.747576 123.584000 64.000000 17.098214 75.401644 133.158278 256.000000 226.880485
90.427344 94.205740 64.000000 14.675896 90.358964 92.491453 256.000000 234.526063 147.384633 183.011729 64.000000 41.003016 101.998853 117.513596 256.000000 189.155989 54.503698 94.686460 64.000000 18.522349 61.579213 97.908649 256.000000 236.139508 85.856175 89.203447 64.000000 25.526851 82.553251 91.437209 256.000000 236.010432
19.538933 112.978591 0.000000 8.927729 16.000482 122.827129 256.000000 246.185892 62.993362 60.839411 0.000000 9.736603 69.209945 61.415104 256.000000 246.211707 58.760845 98.979018 64.000000 32.255992 45.742220 90.178942 256.000000 231.157190 43.838033 58.717905 64.000000 18.010349 44.789135 46.405373 256.000000 226.923510
97.223549 93.996600 0.000000 24.214583 91.989965 97.758793 256.000000 235.330634 87.798120 159.362447 64.000000 12.214854 88.185938 158.725618 256.000000 256.107503 131.229369 99.171653 0.000000 31.692362 124.735569 97.548769 256.000000 225.611241 34.621905 144.374791 64.000000 12.318115 64.273525 194.261818 256.000000 267.900710
75.065669 73.987202 64.000000 13.148501 76.383904 71.513509 256.000000 254.618831 107.357842 164.456444 0.000000 16.409811 111.253740 163.561815 256.000000 224.841090 3.351105 168.902322 64.000000 29.549707 1.942275 168.299724 256.000000 228.166938 27.088107 73.284698 64.000000 19.404365 24.444744 69.556618 256.000000 240.911002
99.847335 60.545264 0.000000 13.884232 99.207118 57.788867 256.000000 254.674764 24.025065 138.670669 0.000000 13.815392 8.837680 150.414669 256.000000 241.999540 149.632862 2.573600 64.000000 10.227090 168.498476 11.383124 256.000000 242.472817 12.881842 105.930407 64.000000 11.608199 8.669916 114.052153 256.000000 220.951612
98.556075 118.918944 0.000000 32.656127 91.653058 116.681853 256.000000 208.784086 148.740002 103.166345 64.000000 12.150316 150.509429 100.763251 256.000000 240.579708 42.057367 86.834884 0.000000 11.539359 45.510091 90.364731 256.000000 232.684584 11.766098 120.078949 64.000000 19.391458 16.382707 123.211927 256.000000 249.800009
26.893675 14.432065 64.000000 17.700567 25.493556 17.304205 256.000000 233.687071 40.938371 146.721080 0.000000 16.964836 40.622140 145.364995 256.000000 253.551806 54.609775 137.292407 64.000000 8.936334 49.852000 143.404751 256.000000 246.512883 92.278616 86.103753 64.000000 10.270115 94.610516 82.934858 256.000000 234.887474
31.316693 133.275080 64.000000 45.331351 22.293304 130.921407 256.000000 219.673764 115.342533 170.993565 64.000000 19.834617 121.664140 168.214305 256.000000 236.019037 4.479284 105.573858 64.000000 22.110650 6.219300 103.285645 256.000000 240.975540 51.496393 200.818249 0.000000 55.502508 54.810955 191.838584 256.000000 209.472489
90.209698 154.280555 64.000000 32.866950 88.473269 151.284313 256.000000 216.008017 48.733893 202.187538 64.000000 43.339284 51.565813 171.715415 256.000000 228.597190 39.026744 92.786185 0.000000 16.229105 34.798407 91.434885 256.000000 243.294598 188.475942 75.457798 0.000000 16.676568 195.724895 67.573100 256.000000 249.021253
31.164604 111.595116 64.000000 21.951457 23.532365 109.004453 256.000000 247.369085 14.370065 126.734165 64.000000 26.864935 23.108011 83.295036 256.000000 240.954028 24.338945 104.556422 64.000000 15.007190 27.190507 103.239689 256.000000 258.017822 41.928820 101.312849 64.000000 15.304064 46.245891 101.398636 256.000000 240.123641
46.729082 82.186998 64.000000 11.431796 46.744396 85.291149 256.000000 261.804039 99.247616 86.645089 0.000000 36.390714 83.799253 91.418087 256.000000 210.866505 160.470915 29.340304 64.000000 49.349904 146.298467 31.481889 256.000000 196.965063 98.526733 100.014049 0.000000 42.104461 78.807127 90.335205 256.000000 227.534468
10.054915 71.765058 0.000000 18.152332 2.047698 67.981571 256.000000 249.133118 78.265722 62.911685 0.000000 27.269372 72.669253 66.207731 256.000000 227.211779 38.785744 0.852631 0.000000 23.263726 43.076189 3.907884 256.000000 229.926669 35.702207 48.098267 64.000000 24.644835 42.931751 60.875165 256.000000 208.766875
73.523582 162.914169 64.000000 17.584399 57.941073 177.223365 256.000000 222.500519 13.024358 80.982916 64.000000 24.498549 12.151293 77.039136 256.000000 222.053057 63.531215 46.181540 64.000000 25.875355 51.510355 44.914173 256.000000 237.000012 45.384304 146.176827 0.000000 27.850212 42.212729 144.778989 256.000000 225.262737
30.966696 108.239598 0.000000 12.795694 24.189013 115.099655 256.000000 237.477591 70.222724 60.143493 0.000000 15.562215 67.047804 62.929629 256.000000 222.530637 26.462947 72.630391 0.000000 19.813105 25.329373 66.076705 256.000000 216.623277 103.983336 202.966805 0.000000 13.079661 100.440244 205.259064 256.000000 245.493186
165.994309 95.377364 64.000000 45.361468 138.321240 111.177962 256.000000 212.307849 8.238425 154.979611 0.000000 8.622250 3.976993 155.641309 256.000000 247.928412 79.022662 131.582060 0.000000 22.226818 78.345040 128.328071 256.000000 216.063949 155.712265 158.191467 0.000000 16.379694 154.900664 157.715829 320.000000 246.401018
72.654287 146.215085 0.000000 22.386012 56.808718 154.967075 256.000000 229.397459 88.459984 7.086082 0.000000 52.082005 89.308867 9.895433 256.000000 227.392485 166.631605 128.515858 64.000000 37.337269 162.924893 128.156316 256.000000 219.239209 164.493722 110.717818 0.000000 10.283023 165.688162 113.750984 256.000000 225.615544
48.649087 129.827682 64.000000 11.457611 50.764484 128.594678 256.000000 256.894864 41.548993 31.532424 64.000000 20.763962 56.945818 26.203604 256.000000 233.549391 44.599467 160.775507 0.000000 29.652968 46.367947 156.202273 256.000000 210.066236 134.128107 110.190229 64.000000 27.660901 142.948925 105.582076 256.000000 236.186835
152.649289 119.533784 64.000000 13.682014 157.713905 114.887356 256.000000 239.770835 160.196462 118.540664 64.000000 17.373576 158.485171 124.654355 256.000000 232.805055 59.490242 153.203640 64.000000 17.803828 76.521733 156.625462 256.000000 233.867777 48.137982 105.288596 0.000000 18.027559 44.245367 101.207942 256.000000 225.464956
27.835733 119.233418 0.000000 14.697408 18.385471 123.348791 256.000000 229.952484 77.693225 143.632307 0.000000 8.901914 77.130242 142.372467 256.000000 256.335537 21.579144 194.973413 0.000000 29.803556 21.264591 192.494615 256.000000 212.888690 157.415973 160.637811 0.000000 8.751326 158.073685 162.645442 256.000000 262.139636
39.971284 178.184240 0.000000 34.342715 114.526695 104.304522 256.000000 200.648020 42.081087 111.896287 64.000000 13.135594 39.210564 114.513091 256.000000 233.248214 79.901436 106.024035 0.000000 15.299761 85.631133 102.335940 256.000000 237.150600 3.399960 49.322305 64.000000 9.934519 4.468853 46.371215 256.000000 244.744548
100.227675 25.756709 64.000000 19.154819 97.630991 24.695044 256.000000 250.342126 77.474265 26.134558 0.000000 10.769208 74.655696 33.081100 256.000000 224.195712 138.782155 183.946978 0.000000 31.279320 138.003609 179.953180 256.000000 230.679610 34.925542 6.227609 64.000000 33.039051 37.302764 7.656760 256.000000 222.276788
113.254827 8.670596 0.000000 24.799725 111.758084 9.849851 256.000000 236.229861 105.968753 36.521145 0.000000 79.166368 109.292409 39.140331 256.000000 185.210578 8.702293 178.268000 0.000000 35.762546 14.497282 171.700444 256.000000 201.616087 101.476091 31.544180 64.000000 10.123830 117.105069 24.156165 256.000000 254.833957
49.014716 74.386191 0.000000 12.429980 42.592236 84.119576 256.000000 246.082631 53.140138 90.721827 0.000000 11.449006 49.790127 94.767793 256.000000 248.909387 40.889696 50.948538 0.000000 11.388770 43.166911 53.849415 256.000000 245.183405 33.434273 104.462471 64.000000 14.546820 13.259400 112.166098 256.000000 233.394500
35.928876 80.603860 64.000000 39.639117 39.274893 88.138258 256.000000 206.869464 35.751500 7.476555 64.000000 21.086651 35.085953 9.439985 256.000000 247.881085 108.143104 5.791636 64.000000 43.821166 100.061705 37.654520 256.000000 199.679953 65.558524 67.818427 0.000000 53.041467 76.095796 57.282760 256.000000 205.617431
81.712804 55.989925 64.000000 14.594148 86.219473 59.345944 256.000000 237.589457 155.426913 160.143784 64.000000 11.978216 155.783631 159.557398 256.000000 256.180646 13.476255 76.350595 64.000000 24.502851 19.089242 77.472098 256.000000 232.030601 85.985198 106.362442 0.000000 24.304935 85.139358 102.937055 256.000000 229.427576
3.012747 228.442109 0.000000 18.203962 1.309424 227.968338 256.000000 239.370700 59.725165 220.897838 0.000000 35.306479 61.405193 215.350700 256.000000 222.414469 146.594469 184.003395 0.000000 25.776397 144.065484 184.331687 256.000000 233.403105 66.651055 88.766507 64.000000 16.814248 64.189540 87.712175 256.000000 245.415741
