14.031216 57.897829 64.000000 10.313140 15.922475 58.768669 256.000000 238.209020 46.820093 42.518704 0.000000 9.151460 48.596529 34.339673 256.000000 233.536483 88.202884 102.429004 64.000000 9.353678 94.212578 103.139895 256.000000 274.522289 176.997251 130.030389 64.000000 21.456667 176.825187 127.341767 256.000000 228.128215
106.783965 58.334618 0.000000 13.458283 111.159164 48.874620 256.000000 246.241825 7.657787 146.166144 0.000000 26.520733 5.554765 142.049376 256.000000 237.232348 170.281976 118.606555 64.000000 40.168327 165.353196 116.893511 256.000000 208.470002 149.650309 1.519524 64.000000 13.436770 149.853516 1.891102 256.000000 241.861859
28.774467 37.713642 64.000000 10.571292 27.133800 38.544455 256.000000 241.922095 15.313413 51.961855 64.000000 78.650066 18.620264 55.702796 256.000000 198.066508 97.770882 177.678844 0.000000 24.868566 97.492076 165.598325 256.000000 222.074570 65.440067 14.076458 0.000000 8.721208 68.973962 12.070816 256.000000 239.116852
20.034225 35.666987 0.000000 32.105404 30.527764 29.790598 256.000000 218.395915 3.781776 49.709664 0.000000 10.334653 1.319605 52.413598 256.000000 245.368413 74.049742 57.527575 0.000000 12.021241 72.133887 52.705895 256.000000 243.582867 44.901253 173.872824 0.000000 28.284766 28.675076 168.090245 256.000000 235.171441
118.353189 46.170409 64.000000 13.841207 117.208893 45.797407 256.000000 237.068852 13.324131 58.957018 64.000000 32.888463 3.053933 54.555411 256.000000 225.206804 178.741449 95.182478 0.000000 17.050887 182.950575 86.786691 256.000000 239.224415 93.587807 185.023909 0.000000 10.326048 94.026664 184.636433 256.000000 236.651508
68.808522 99.461944 64.000000 21.207121 101.942725 212.950325 256.000000 237.481894 90.623620 190.319689 0.000000 10.795023 88.310375 195.452025 256.000000 231.596047 63.034380 44.855225 0.000000 40.379150 63.511016 45.605549 256.000000 214.678538 42.037045 109.095725 0.000000 12.877442 47.470951 108.203542 256.000000 227.508653
176.384225 55.683924 0.000000 13.656198 179.662362 48.764924 256.000000 238.174600 24.227071 73.704742 0.000000 34.192126 21.174500 74.568956 256.000000 212.109933 35.509413 25.335669 0.000000 21.301777 18.160662 21.108951 256.000000 239.314767 75.990789 20.417165 64.000000 18.092097 74.838164 21.240980 256.000000 220.349259
88.459984 7.086082 0.000000 52.082005 89.308867 9.895433 256.000000 227.392485 77.493964 121.814936 0.000000 12.997913 77.062753 120.699315 256.000000 246.882900 35.479602 214.118636 64.000000 15.902114 40.362047 214.904998 256.000000 239.671877 78.265722 62.911685 0.000000 27.269372 72.669253 66.207731 256.000000 227.211779
44.036709 154.400795 64.000000 14.095056 42.259165 154.117025 256.000000 232.860987 90.722300 206.812796 64.000000 13.471190 93.482000 206.273115 256.000000 242.580380 25.916238 85.930833 64.000000 8.850284 26.179273 88.327044 256.000000 20.643491 98.360329 74.379551 0.000000 26.297002 94.694455 76.318693 256.000000 232.594231
172.896900 89.484569 64.000000 13.570148 175.293160 83.119973 320.000000 234.771306 40.338493 112.022138 64.000000 8.716906 38.303893 112.217038 256.000000 244.946766 78.454029 50.187958 64.000000 22.213911 78.492311 56.937940 256.000000 227.973325 84.919511 59.400660 0.000000 10.747695 93.667787 60.232098 256.000000 225.344485
93.490675 78.416520 0.000000 14.456467 104.487905 67.863205 256.000000 253.590529 105.388869 114.415595 64.000000 12.744064 104.406769 118.127204 256.000000 247.003371 106.414075 104.362025 0.000000 24.705070 103.753538 109.786471 256.000000 246.900110 43.871360 15.724200 0.000000 64.172086 45.776309 12.874615 256.000000 181.790075
16.518871 58.171058 64.000000 23.203490 21.380204 59.078296 256.000000 230.159005 149.345276 98.645715 0.000000 23.323961 149.706871 94.562565 256.000000 247.726194 63.516565 130.275618 64.000000 13.673409 64.216416 128.633415 256.000000 238.764045 168.059118 53.524882 64.000000 36.278849 165.008598 54.261125 256.000000 197.378105
10.322749 26.049905 64.000000 63.780556 8.297311 27.259727 256.000000 204.348187 29.696965 61.576584 0.000000 31.808530 35.435462 58.682685 256.000000 230.954971 68.387075 108.106693 0.000000 19.757172 65.763811 106.050015 256.000000 235.326331 132.876520 133.013911 0.000000 8.794351 138.398207 147.697769 256.000000 241.844649
135.399129 23.478411 64.000000 44.797838 119.473100 32.817096 256.000000 221.906772 46.729082 82.186998 64.000000 11.431796 46.744396 85.291149 256.000000 261.804039 69.572307 135.447705 64.000000 16.160265 88.086982 124.405600 256.000000 229.272686 111.019258 9.637267 64.000000 11.393073 116.446024 11.836171 256.000000 241.732784
80.411007 29.077860 0.000000 22.046112 77.330587 28.273902 256.000000 215.607882 25.561853 129.749089 64.000000 17.377878 31.072649 127.752660 256.000000 225.082031 118.789080 103.718982 0.000000 17.485441 117.735893 102.700645 256.000000 216.584554 43.428876 76.231756 64.000000 13.634686 42.648049 72.821784 256.000000 252.033017
44.917489 81.508751 0.000000 11.208065 42.461733 80.206185 256.000000 248.952412 56.470044 56.806998 64.000000 9.164368 56.512636 58.554900 256.000000 237.722835 73.115662 177.791065 64.000000 35.478580 113.752104 141.925847 256.000000 213.516858 103.123578 77.453435 64.000000 14.383324 101.734740 79.157969 256.000000 245.777152
76.872335 180.209191 0.000000 43.713603 53.170967 160.474029 256.000000 211.356992 97.304304 12.048496 64.000000 16.065610 91.853062 15.975922 256.000000 237.916448 76.733167 40.926531 64.000000 36.222916 77.461407 53.732055 256.000000 230.748450 99.180745 15.923224 0.000000 15.846181 92.159591 17.977493 256.000000 242.064078
110.769693 129.124869 64.000000 10.257208 111.337471 129.250256 256.000000 235.343541 14.998062 35.212365 0.000000 20.432667 22.140667 36.819595 256.000000 226.880485 171.840149 95.520485 0.000000 13.492703 175.012815 89.762778 256.000000 239.172784 24.845113 30.073053 0.000000 9.061107 16.153091 15.217713 256.000000 257.161620
119.879175 70.464253 0.000000 22.515087 117.308413 73.066993 256.000000 227.280619 84.387898 16.284607 0.000000 28.340699 91.824376 27.616747 256.000000 231.996181 10.208516 124.995578 64.000000 17.584399 10.256913 131.662200 256.000000 233.708584 127.845804 204.322056 64.000000 36.162681 125.112480 201.901833 256.000000 218.021596
13.553318 51.330640 64.000000 12.034148 10.946902 50.512678 256.000000 240.631339 65.730865 56.223460 64.000000 18.423391 77.502529 53.352165 256.000000 243.492514 2.701676 129.711416 0.000000 33.671522 9.942500 118.365160 256.000000 229.354434 67.207098 114.751053 0.000000 18.543861 67.195098 111.633829 256.000000 248.694261
114.024345 37.282996 64.000000 15.067425 113.117727 36.661784 256.000000 239.194297 180.081069 10.016422 0.000000 10.807930 180.960084 5.652020 256.000000 255.036176 76.791427 74.122149 0.000000 37.074815 74.646985 80.433176 256.000000 233.760214 18.530015 42.473191 0.000000 26.933775 15.473658 53.456009 256.000000 213.564185
30.423956 11.874464 0.000000 22.876499 30.590880 15.805967 256.000000 260.655267 141.061316 74.974935 64.000000 14.013308 169.625020 88.290347 256.000000 228.364854 71.587116 37.201785 0.000000 11.917980 66.870815 31.997116 256.000000 231.170097 129.904482 76.413853 64.000000 24.249003 123.265073 55.015707 256.000000 235.907172
146.444667 37.685045 64.000000 38.851756 106.277769 39.989149 256.000000 195.583954 18.536084 145.631444 0.000000 24.386683 21.125956 148.255602 256.000000 238.217625 16.412989 82.842938 0.000000 15.037307 11.401558 91.574504 256.000000 224.397931 69.241518 79.585076 0.000000 17.997441 72.583980 90.443456 256.000000 229.040350
68.408193 128.905455 0.000000 12.309510 78.928942 113.861480 256.000000 245.996581 22.728935 7.438796 64.000000 14.490887 17.331062 7.132329 256.000000 238.256348 40.207080 146.475033 64.000000 21.482482 33.258915 148.172856 256.000000 236.539642 128.638389 69.605995 64.000000 80.607712 136.709815 77.394011 256.000000 173.830413
23.248864 228.949076 64.000000 27.923355 25.105575 224.136253 256.000000 215.564857 46.631578 21.601269 64.000000 31.761203 45.127693 31.239198 256.000000 226.609426 92.168947 143.467780 0.000000 9.121342 92.208745 144.087784 256.000000 235.180046 32.866305 33.283258 64.000000 18.909575 31.789291 34.250825 256.000000 233.187979
31.331076 199.680395 64.000000 20.953272 30.419884 197.903995 256.000000 222.513427 117.542498 174.683284 64.000000 17.851155 117.573660 173.861036 256.000000 235.455407 80.592340 84.442149 0.000000 14.718921 77.998862 87.980136 256.000000 229.978299 47.679822 226.791865 64.000000 21.138281 54.550549 227.757656 256.000000 226.321157
50.153591 84.448087 0.000000 13.759459 46.883793 84.825035 256.000000 257.282091 42.886829 80.329722 64.000000 14.572635 43.617031 84.323867 256.000000 262.320342 119.897605 12.175644 0.000000 26.008733 116.501420 14.585964 256.000000 232.620046 4.240124 193.735335 0.000000 9.018082 8.809062 196.803295 256.000000 221.825024
114.089773 108.639991 64.000000 16.414114 113.902411 106.606358 256.000000 231.303475 99.908520 95.095236 0.000000 15.906416 98.586711 103.165316 256.000000 229.044652 85.967036 190.469607 0.000000 23.397104 115.944211 178.732200 256.000000 229.122098 187.348636 27.720556 64.000000 10.717577 188.270122 25.712145 256.000000 235.369357
174.797795 102.959762 64.000000 39.578881 171.058205 100.350580 256.000000 205.505565 131.229369 99.171653 0.000000 31.692362 124.735569 97.548769 256.000000 225.611241 65.267047 158.935607 64.000000 36.644563 66.925573 152.108949 256.000000 220.934402 44.517056 49.237293 64.000000 14.641476 40.114182 49.017720 256.000000 227.198871
82.396724 102.091376 0.000000 10.330351 80.729275 103.111909 256.000000 237.765860 110.917571 84.519185 64.000000 38.395688 112.323393 80.582662 256.000000 230.103072 11.680253 70.392700 0.000000 19.486113 10.211235 63.082120 256.000000 231.389526 4.654775 52.965800 0.000000 12.778484 6.345891 55.615051 256.000000 254.575806
99.701680 43.436165 64.000000 24.339356 103.188205 47.995915 256.000000 246.560211 45.863222 182.546398 0.000000 11.294115 60.562124 195.353315 256.000000 249.408479 14.350007 117.136873 64.000000 11.195157 12.633284 115.492778 256.000000 235.507037 21.937913 -0.000004 0.000000 14.194013 16.653593 0.043845 256.000000 232.753424
104.500402 85.448445 64.000000 19.765777 103.286240 84.321731 256.000000 246.986161 21.094405 74.985827 0.000000 14.379022 14.072387 77.396633 256.000000 233.545088 138.388160 88.469353 64.000000 21.869709 137.630013 89.454436 256.000000 235.205861 142.751244 152.214238 64.000000 23.969339 142.147807 150.697493 256.000000 228.941392
