93.146887 127.232491 0.000000 33.056261 85.909820 126.843378 256.000000 228.515442 129.047360 119.633291 64.000000 26.619691 124.054211 118.494016 256.000000 231.957458 62.491029 229.078062 64.000000 19.129004 60.651582 229.096087 256.000000 238.105759 90.722300 206.812796 64.000000 13.471190 93.482000 206.273115 256.000000 242.580380
76.791427 74.122149 0.000000 37.074815 74.646985 80.433176 256.000000 233.760214 48.174678 8.846322 64.000000 63.526708 49.060993 7.247215 256.000000 181.617974 45.653664 45.724671 64.000000 29.097943 48.362493 47.529960 256.000000 223.034032 5.676447 16.418711 0.000000 20.944667 16.208029 15.957409 256.000000 230.757055
73.244876 91.695735 64.000000 12.675224 77.167969 92.537776 256.000000 252.131975 105.847369 116.797478 64.000000 11.276905 104.499575 115.858493 256.000000 268.369685 12.593742 25.548544 0.000000 10.054989 9.894156 19.598156 256.000000 241.995237 134.815598 195.551707 64.000000 30.956631 133.252640 194.638884 256.000000 217.522504
35.928876 80.603860 64.000000 39.639117 39.274893 88.138258 256.000000 206.869464 73.092509 83.654636 64.000000 25.303120 71.742478 85.635738 256.000000 240.936817 63.530215 180.970587 64.000000 13.264669 79.526607 196.449776 256.000000 250.131303 15.443827 173.900460 0.000000 11.965308 12.701275 174.388029 256.000000 235.627508
81.972538 36.510020 0.000000 22.958247 73.752098 23.289231 256.000000 247.786429 32.475382 6.541356 64.000000 9.302048 29.503955 3.167431 256.000000 244.688615 24.282778 121.690191 0.000000 28.379422 19.602264 117.243742 256.000000 218.507781 42.990698 68.049175 64.000000 15.958047 39.475462 70.606084 256.000000 250.286193
63.772705 32.517511 64.000000 9.151460 63.739524 33.545211 256.000000 243.970094 158.317913 63.045402 64.000000 15.114753 158.071907 62.875995 256.000000 254.584411 120.723844 132.333969 0.000000 35.345202 112.367627 128.631611 256.000000 212.346572 55.710364 21.494082 64.000000 32.974513 59.813431 27.896309 256.000000 247.945623
45.946125 33.033680 0.000000 27.635086 39.998651 32.524633 256.000000 229.341526 49.459344 201.804356 64.000000 11.173644 45.796444 203.579418 256.000000 241.246599 119.648467 40.002355 0.000000 20.157306 117.670491 40.960775 256.000000 242.911674 45.652651 95.032395 64.000000 13.823997 46.313815 91.802269 256.000000 238.333793
3.416065 89.442167 0.000000 36.915622 13.249758 79.175929 256.000000 220.495545 56.192825 170.607891 64.000000 24.855658 55.774116 169.459795 256.000000 231.772450 119.879175 70.464253 0.000000 22.515087 117.308413 73.066993 256.000000 227.280619 24.212991 100.730153 64.000000 9.401006 28.501140 101.350276 256.000000 256.761486
135.400716 93.344376 64.000000 25.062179 131.407433 100.341082 256.000000 231.570231 18.164351 151.501191 64.000000 9.667762 20.520647 153.281125 256.000000 243.711943 21.484733 35.989364 64.000000 30.853371 26.704800 35.424836 256.000000 217.664487 5.028629 103.858620 0.000000 20.475693 9.703865 102.446484 256.000000 240.519473
80.180335 55.398258 0.000000 9.177275 78.581524 55.731649 256.000000 251.030529 11.826329 76.868311 64.000000 48.541031 7.807198 75.444485 256.000000 218.395915 35.588591 58.633684 0.000000 19.357037 39.532822 60.909033 256.000000 239.805255 78.886762 117.724633 64.000000 12.227762 74.266924 122.461447 256.000000 244.077657
27.555158 168.445885 0.000000 12.498821 12.534344 202.058020 256.000000 255.703066 110.987427 86.211798 0.000000 27.979288 107.569058 73.634915 256.000000 231.953156 30.966696 108.239598 0.000000 12.795694 24.189013 115.099655 256.000000 237.477591 75.502220 112.963455 64.000000 25.720465 74.815976 108.018075 256.000000 243.333321
147.272880 38.159198 64.000000 51.518374 149.551562 21.901984 256.000000 214.192353 25.971676 219.507631 0.000000 21.275961 27.021558 218.214795 256.000000 245.574934 69.932511 41.632251 64.000000 18.298618 73.251469 45.407082 256.000000 240.300045 57.964849 104.716009 0.000000 26.839120 42.853911 147.904305 256.000000 215.349731
185.595218 68.547236 0.000000 25.526851 182.730076 67.714244 256.000000 194.689030 181.112800 115.454598 0.000000 31.318043 175.674740 125.469545 256.000000 220.943007 76.686089 94.682004 64.000000 13.376535 74.836489 95.817151 256.000000 233.381592 50.661320 13.343282 0.000000 94.427406 50.759442 17.372767 256.000000 154.550821
29.669936 126.116858 64.000000 18.044769 33.509651 126.609618 256.000000 231.316383 69.851945 80.169831 0.000000 17.382181 65.372311 61.783133 256.000000 220.878469 164.988636 74.973093 0.000000 20.570348 165.097602 77.915595 256.000000 240.480750 121.971251 188.831256 0.000000 27.372632 118.645749 190.643704 256.000000 229.388854
11.048927 40.141433 0.000000 14.792064 11.507427 43.371684 256.000000 241.474632 56.567838 196.509396 0.000000 55.760659 55.231724 194.388965 256.000000 199.731583 104.989685 57.777318 0.000000 23.052902 109.966716 71.230445 256.000000 238.213322 47.069705 153.587285 64.000000 12.903257 42.083744 158.445293 256.000000 237.391541
50.707769 80.554858 64.000000 19.550651 45.507407 81.994980 256.000000 227.827039 13.622524 208.336789 0.000000 44.466544 39.434007 191.496649 256.000000 224.204317 178.116747 60.423824 64.000000 8.768536 178.867496 59.178478 256.000000 253.405520 184.485104 22.577491 0.000000 8.729813 246.110587 47.141845 256.000000 250.858429
22.434842 105.241729 64.000000 21.848197 16.313800 122.831256 256.000000 240.622734 134.128107 110.190229 64.000000 27.660901 142.948925 105.582076 256.000000 236.186835 88.439415 91.243116 0.000000 17.136937 91.540305 85.807149 256.000000 240.308650 83.431289 49.861398 64.000000 12.933375 86.793682 37.441764 256.000000 238.703810
66.581571 87.358213 64.000000 10.833745 67.119818 95.958876 256.000000 235.816819 42.796324 158.781738 0.000000 17.515559 44.187855 158.107242 256.000000 254.068109 43.185227 26.159485 64.000000 18.100702 48.098829 27.993369 256.000000 243.729153 114.548991 102.580769 64.000000 33.727454 143.441762 109.170031 256.000000 192.460325
106.293267 73.439235 64.000000 16.969139 104.143700 71.778035 256.000000 235.941592 6.679296 196.971751 0.000000 10.584199 21.577867 212.119249 256.000000 238.157390 9.558311 51.145711 64.000000 10.403493 8.112055 52.238038 256.000000 257.720948 68.408193 128.905455 0.000000 12.309510 78.928942 113.861480 256.000000 245.996581
24.094909 156.069013 0.000000 18.595491 13.543698 147.584393 256.000000 234.637928 65.103224 44.182833 64.000000 9.865678 64.819998 40.162247 256.000000 247.769219 21.185689 133.830636 64.000000 30.827556 29.023255 125.734742 256.000000 217.883915 2.808724 151.635740 0.000000 23.009877 3.930593 148.924642 256.000000 253.031201
59.475844 130.153620 64.000000 21.917037 55.776482 129.282755 256.000000 228.949997 97.223549 93.996600 0.000000 24.214583 91.989965 97.758793 256.000000 235.330634 94.309195 185.275762 64.000000 15.385812 94.662751 185.015647 256.000000 252.691302 124.143615 23.482011 0.000000 26.688532 120.660775 24.310958 256.000000 222.629595
89.700211 94.653529 64.000000 23.973641 92.076336 95.113953 256.000000 215.212050 101.686853 195.261138 64.000000 33.542446 100.233896 194.658505 256.000000 231.763845 157.415973 160.637811 0.000000 8.751326 158.073685 162.645442 256.000000 262.139636 36.688633 231.815058 64.000000 20.600466 32.564958 232.072155 256.000000 246.271942
7.938798 104.321625 0.000000 22.622650 13.311209 97.605391 256.000000 218.150672 67.439509 115.580562 0.000000 12.649409 67.551038 111.647540 256.000000 220.258906 1.033642 157.646918 0.000000 28.917237 7.657093 156.184027 256.000000 221.536755 35.509058 54.475393 0.000000 10.450821 38.037085 58.809929 256.000000 231.755240
29.710844 229.773376 64.000000 39.720865 29.313622 224.282460 256.000000 217.126672 108.938509 133.369435 0.000000 25.879658 97.929782 137.753709 256.000000 215.203445 129.892945 68.038500 64.000000 16.698080 128.010493 64.532669 256.000000 232.348988 2.507265 170.963735 0.000000 43.825469 4.644995 166.098387 256.000000 207.433094
64.019231 151.090075 0.000000 35.448462 61.520258 145.173715 256.000000 222.268183 116.420562 176.236607 0.000000 46.755485 102.588656 151.522051 256.000000 212.368085 98.448636 172.576718 64.000000 27.953472 95.851087 171.420160 256.000000 210.810572 44.840044 62.719467 0.000000 14.860904 36.394969 51.736760 256.000000 229.444787
30.904484 44.759025 64.000000 22.923827 41.732453 52.470291 256.000000 206.193968 1.084342 89.236000 0.000000 27.613573 21.978064 82.761682 256.000000 217.952756 2.806311 105.646904 64.000000 32.432396 9.371475 102.622509 256.000000 228.945694 127.790513 95.847911 64.000000 10.011964 132.727460 91.498209 256.000000 248.677051
79.160867 108.490873 64.000000 20.940365 80.316225 103.260384 256.000000 210.423346 179.955591 65.637891 64.000000 36.442344 176.763462 68.254240 256.000000 205.742204 9.584278 79.470791 0.000000 18.909575 9.525158 85.441798 256.000000 237.107575 76.739367 192.612287 0.000000 29.054918 74.088898 196.664945 256.000000 231.359408
21.056204 38.755151 0.000000 25.066482 12.741302 42.481658 256.000000 229.221056 27.203595 217.591258 64.000000 21.611558 8.829842 224.207747 256.000000 239.314767 85.005984 179.346047 0.000000 16.147358 92.355156 177.921355 256.000000 230.597862 145.748951 134.024447 64.000000 29.248531 135.611013 147.474765 256.000000 215.250773
154.539476 126.376269 0.000000 39.402478 149.851107 131.688956 256.000000 225.692989 97.272409 215.068975 64.000000 38.628025 102.957489 200.669338 256.000000 217.161092 131.133447 30.647740 64.000000 12.240669 133.877187 34.384493 256.000000 242.455607 31.076109 68.769667 0.000000 13.492703 27.947725 70.860773 256.000000 248.857757
126.234200 84.480582 64.000000 20.656399 124.116793 88.775825 256.000000 223.326603 69.608513 139.944938 0.000000 23.160465 62.413695 142.583749 256.000000 215.702538 16.299518 166.911809 64.000000 12.417073 20.312733 173.376262 256.000000 231.066837 90.623620 190.319689 0.000000 10.795023 88.310375 195.452025 256.000000 231.596047
56.620029 43.182800 0.000000 10.429308 61.308098 45.757582 256.000000 226.239409 180.910936 79.109511 0.000000 16.904601 182.440811 73.376618 256.000000 242.941792 18.172682 155.785416 64.000000 15.953744 18.715269 154.982080 256.000000 240.355977 25.753415 139.159595 64.000000 14.477980 30.207600 141.713682 256.000000 239.237322
10.347745 217.035631 64.000000 11.986821 12.258838 218.012185 256.000000 269.187164 86.209215 166.836916 0.000000 26.417473 83.775091 165.548505 256.000000 218.120554 89.312647 44.078720 64.000000 76.133091 87.619060 43.496507 256.000000 186.621805 42.330402 37.655415 0.000000 21.211424 56.758864 49.063316 256.000000 244.628380
