95.115367 96.375140 64.000000 16.134450 101.549136 90.896447 256.000000 239.073826 98.408904 82.428738 0.000000 34.368530 96.186482 103.021316 256.000000 213.465227 107.357842 164.456444 0.000000 16.409811 111.253740 163.561815 256.000000 224.841090 78.065762 97.425749 64.000000 19.266685 86.170007 92.296347 256.000000 232.361895
72.882442 94.234165 64.000000 15.910719 97.727387 91.469945 256.000000 240.876582 103.032411 57.848993 0.000000 15.347089 101.988296 59.277973 256.000000 232.947038 14.729805 113.737736 64.000000 24.571692 21.342771 110.310700 256.000000 237.481894 42.037045 109.095725 0.000000 12.877442 47.470951 108.203542 256.000000 227.508653
184.279813 124.049638 0.000000 40.443688 180.430545 115.849658 256.000000 204.145969 147.221033 52.833153 64.000000 10.747695 153.982162 39.153536 256.000000 229.535139 34.621905 144.374791 64.000000 12.318115 64.273525 194.261818 256.000000 267.900710 31.262835 31.744555 64.000000 19.817407 32.138045 35.180987 256.000000 222.001427
28.424735 113.891418 0.000000 18.156634 24.725631 112.322067 256.000000 248.139236 178.116747 60.423824 64.000000 8.768536 178.867496 59.178478 256.000000 253.405520 28.112242 6.829707 64.000000 22.011692 30.253731 9.195540 256.000000 232.456551 148.656927 72.465880 64.000000 13.858417 150.339022 66.545442 256.000000 252.415941
79.901436 106.024035 0.000000 15.299761 85.631133 102.335940 256.000000 237.150600 58.121231 92.188902 64.000000 54.577466 59.308316 96.001102 256.000000 202.248558 171.840149 95.520485 0.000000 13.492703 175.012815 89.762778 256.000000 239.172784 119.767975 187.331020 64.000000 22.833474 113.900707 193.559456 256.000000 236.591272
84.653578 218.273285 0.000000 22.489272 86.015591 217.375867 256.000000 219.686671 39.362096 172.338411 64.000000 14.155291 34.278104 172.827585 256.000000 226.510468 164.101411 93.101604 0.000000 31.718177 133.859329 96.997445 256.000000 222.238066 169.901353 25.026153 0.000000 79.476149 185.689247 27.197111 256.000000 155.781342
54.503698 94.686460 64.000000 18.522349 61.579213 97.908649 256.000000 236.139508 22.899944 162.850936 64.000000 10.717577 22.832182 162.371427 256.000000 233.786029 82.556413 223.352818 0.000000 19.838920 80.291540 223.642069 256.000000 230.993694 97.134275 46.614773 0.000000 32.957303 87.556209 55.701964 256.000000 208.409766
9.711218 130.777976 0.000000 27.979288 7.369576 130.193920 256.000000 234.319542 33.234049 110.014884 64.000000 17.872668 33.733976 105.940980 256.000000 235.649020 100.746238 142.186009 0.000000 32.389371 97.216833 131.447536 256.000000 213.581395 126.722202 34.362833 64.000000 9.000872 126.344235 32.906193 256.000000 251.989991
70.732104 98.828684 0.000000 24.287725 62.098518 71.977811 256.000000 230.442971 33.755796 37.319493 64.000000 12.877442 34.717216 37.006160 256.000000 255.311537 22.716860 50.697636 0.000000 11.504938 25.135127 49.011104 256.000000 234.272214 49.867045 72.522993 64.000000 16.560399 52.914371 68.374784 256.000000 231.927341
182.978391 40.796069 0.000000 46.863048 172.038967 38.126495 256.000000 205.505565 4.763985 131.091376 0.000000 11.337140 8.067956 133.378438 256.000000 252.859100 97.741644 158.649615 64.000000 19.778684 108.306293 157.300122 256.000000 248.698564 98.219449 154.243025 64.000000 234.840147 96.511273 150.019949 256.000000 27.097271
1.078058 55.351053 64.000000 10.597107 3.034707 56.710411 256.000000 232.189794 121.939742 116.471256 0.000000 29.097943 117.652780 116.251302 256.000000 222.199343 183.018813 42.272142 64.000000 36.145471 181.357131 41.649071 256.000000 226.011376 49.252427 32.985456 64.000000 17.244500 37.223675 29.402809 256.000000 236.509524
16.590156 27.671845 64.000000 13.243157 9.357991 26.881149 256.000000 249.421387 81.390229 137.047847 64.000000 12.055661 79.605222 138.995145 256.000000 236.543945 125.017922 11.136875 64.000000 21.787961 125.068467 11.186591 256.000000 241.616616 36.747171 90.241693 64.000000 18.987021 39.445645 88.666615 256.000000 257.475704
72.709500 94.936333 0.000000 23.569205 69.644238 83.672320 256.000000 236.939776 79.284345 74.961604 0.000000 12.059964 92.453340 65.939716 256.000000 250.324916 52.274480 107.104035 64.000000 22.773238 46.845367 106.007445 256.000000 231.583139 77.131278 58.960256 0.000000 12.688131 76.795344 61.449791 256.000000 239.387910
104.724100 156.169440 64.000000 16.650752 100.969515 159.118905 256.000000 224.780855 30.576245 129.767600 64.000000 13.725039 31.886511 128.416784 256.000000 235.976012 27.088107 73.284698 64.000000 19.404365 24.444744 69.556618 256.000000 240.911002 43.585251 143.427771 0.000000 13.669106 53.183687 145.771256 256.000000 254.967335
80.822089 145.803753 0.000000 16.723895 82.602307 144.003569 256.000000 259.635569 28.491825 29.640015 0.000000 42.676696 24.693718 41.806180 256.000000 220.899982 81.137104 97.780907 0.000000 9.504267 88.928820 94.092995 256.000000 255.238394 34.438675 212.674455 64.000000 10.029174 35.939467 213.739004 256.000000 239.331978
77.641980 124.732633 64.000000 16.078517 79.887307 126.562555 256.000000 207.441699 75.063675 7.713065 64.000000 43.692091 55.462804 24.241136 256.000000 213.491042 48.141338 61.704404 0.000000 49.879114 49.092973 63.059100 256.000000 210.965463 152.094071 105.263680 64.000000 18.100702 151.206073 105.905960 256.000000 231.096954
93.438420 50.090544 64.000000 14.817879 93.646816 43.526962 256.000000 245.699707 50.043402 56.961847 64.000000 28.396632 43.099835 53.450655 256.000000 225.525191 159.475629 62.099385 0.000000 12.391258 189.379187 45.749211 256.000000 231.548719 177.832591 120.504453 0.000000 13.092568 176.914733 128.518749 256.000000 235.322029
90.170676 58.843735 0.000000 35.078446 84.162544 61.515293 256.000000 207.209363 80.628125 184.905969 0.000000 13.690619 74.208142 199.010944 256.000000 247.016278 2.806311 105.646904 64.000000 32.432396 9.371475 102.622509 256.000000 228.945694 116.525573 176.648889 64.000000 9.267628 115.742251 177.558209 256.000000 236.944079
50.864775 91.942558 0.000000 18.307223 44.109647 97.514236 256.000000 245.041422 33.922991 27.599942 64.000000 25.225675 24.517049 36.471291 256.000000 233.579508 11.357169 158.736756 64.000000 37.943924 11.785013 142.982613 256.000000 223.262065 19.806475 122.627095 64.000000 22.218213 27.312800 122.324742 256.000000 248.027370
24.025065 138.670669 0.000000 13.815392 8.837680 150.414669 256.000000 241.999540 136.441284 23.169393 0.000000 91.080046 130.696847 27.582215 256.000000 168.232835 186.278844 71.675176 0.000000 36.489672 182.392795 70.995082 256.000000 205.849767 61.681987 19.305855 64.000000 16.457139 65.373782 23.141476 256.000000 245.566329
121.971251 188.831256 0.000000 27.372632 118.645749 190.643704 256.000000 229.388854 52.915431 59.181100 0.000000 9.844166 51.823020 62.176018 256.000000 240.902397 9.280864 66.225465 0.000000 17.029374 6.905862 63.754227 256.000000 237.628180 139.347180 137.527115 64.000000 28.663388 145.918738 119.289540 256.000000 240.269927
8.030698 88.901573 0.000000 16.319458 12.486653 88.756542 256.000000 238.923238 27.623780 135.372816 0.000000 14.594148 31.704938 135.985402 256.000000 226.970838 92.294133 17.688755 0.000000 67.188152 92.158975 11.076227 256.000000 172.552565 30.359931 154.112727 64.000000 11.853443 28.870515 153.343060 256.000000 248.513555
94.272764 47.003129 64.000000 12.804300 86.475536 38.093967 256.000000 253.254932 166.992813 62.228682 64.000000 21.542718 170.942407 87.973335 256.000000 234.874567 29.280545 128.312682 0.000000 28.861304 19.087105 106.726178 256.000000 235.025155 116.169195 31.991422 0.000000 23.676768 117.336875 36.883958 256.000000 230.498904
11.251509 98.851951 64.000000 22.747423 12.914169 100.737233 256.000000 248.948110 1.451038 67.424847 0.000000 14.323089 4.434645 68.756905 256.000000 252.480479 44.140782 44.708616 64.000000 11.216670 46.614640 40.100553 256.000000 260.500376 71.023216 63.951844 0.000000 20.828499 72.865535 60.527355 256.000000 255.100713
138.388160 88.469353 64.000000 21.869709 137.630013 89.454436 256.000000 235.205861 95.686764 40.861300 64.000000 28.667691 97.710589 45.241753 256.000000 207.725666 158.145115 134.419740 64.000000 19.288197 157.306040 133.287253 256.000000 229.401761 94.116909 22.092282 0.000000 85.968652 94.412160 24.000096 256.000000 167.798280
20.034225 35.666987 0.000000 32.105404 30.527764 29.790598 256.000000 218.395915 59.947264 78.735467 64.000000 23.577810 57.188405 63.809562 256.000000 242.373859 123.191898 58.099889 64.000000 9.568804 164.380047 16.179065 256.000000 235.334936 18.397005 116.335545 0.000000 40.387755 15.984515 116.203725 256.000000 215.216353
117.976671 81.323738 64.000000 12.270787 115.243102 83.453418 256.000000 236.513827 38.498740 70.830453 64.000000 17.012164 33.762356 69.470255 256.000000 236.991407 27.247493 124.377405 64.000000 13.798182 35.322589 133.638278 256.000000 225.615544 64.919264 32.561102 0.000000 10.773510 70.359025 32.777520 256.000000 251.714630
84.533445 101.803485 64.000000 13.290484 102.088102 101.833925 256.000000 238.252045 153.207136 13.822047 64.000000 18.875155 152.823493 13.408478 256.000000 236.126600 118.353189 46.170409 64.000000 13.841207 117.208893 45.797407 256.000000 237.068852 50.080778 83.394193 64.000000 11.715762 52.459424 81.479516 256.000000 255.242696
46.062258 11.126525 64.000000 24.494246 47.256376 13.029269 256.000000 244.430464 105.214025 71.984958 64.000000 36.162681 103.275215 75.369576 256.000000 203.405936 66.413038 165.696158 64.000000 18.135122 68.452264 164.440611 256.000000 237.839003 75.578382 88.042127 64.000000 25.191255 72.764747 92.560487 256.000000 249.227774
62.710680 117.146860 64.000000 11.741577 59.271480 124.146995 256.000000 238.622062 65.223040 58.899631 0.000000 35.039723 57.230173 57.425175 256.000000 217.359008 61.638742 65.037853 64.000000 10.717577 60.493549 67.282913 256.000000 245.949253 178.741449 95.182478 0.000000 17.050887 182.950575 86.786691 256.000000 239.224415
150.424771 41.788862 64.000000 8.833074 150.526064 40.276320 256.000000 237.322701 92.168947 143.467780 0.000000 9.121342 92.208745 144.087784 256.000000 235.180046 25.439902 85.267993 64.000000 9.254721 26.206829 87.478611 256.000000 242.261994 31.164604 111.595116 64.000000 21.951457 23.532365 109.004453 256.000000 247.369085
61.741060 151.034124 0.000000 33.688732 63.958778 142.013827 256.000000 227.418300 31.112453 25.280509 64.000000 13.139896 30.316035 26.897095 256.000000 246.362295 140.305331 57.665624 0.000000 17.975929 141.904100 62.363633 256.000000 250.836916 90.883716 17.381604 64.000000 14.671593 90.593196 7.693202 256.000000 238.781255
