6.651124 103.185187 0.000000 18.070584 3.407520 93.443140 256.000000 240.528078 65.462491 119.861738 64.000000 13.002215 68.523924 117.247624 256.000000 240.179574 78.265722 62.911685 0.000000 27.269372 72.669253 66.207731 256.000000 227.211779 94.667820 102.690209 64.000000 33.671522 95.388856 90.139018 256.000000 227.938905
46.062258 11.126525 64.000000 24.494246 47.256376 13.029269 256.000000 244.430464 116.734149 86.541982 0.000000 18.888063 115.059240 90.344104 256.000000 237.697020 26.627535 18.861747 0.000000 14.370417 31.750582 16.379738 256.000000 259.738830 25.823909 87.685482 0.000000 12.176132 29.892762 87.371789 256.000000 223.141595
145.046724 65.422791 0.000000 17.287525 144.160035 67.327484 256.000000 227.177359 29.986216 175.370064 64.000000 58.195886 30.426882 144.158616 256.000000 206.047683 111.716733 20.589653 0.000000 40.589974 103.463605 23.205078 256.000000 206.602708 60.797484 221.975636 0.000000 10.141040 62.128973 221.668316 256.000000 251.968479
21.361878 76.456105 64.000000 12.709644 18.311453 80.054353 256.000000 257.350931 28.601515 115.262644 64.000000 30.255321 34.710469 104.515171 256.000000 210.285665 70.059447 40.627078 0.000000 10.416401 67.387935 37.223835 256.000000 243.471002 0.056676 107.772167 64.000000 29.850884 4.112976 95.806347 256.000000 223.158805
84.653578 218.273285 0.000000 22.489272 86.015591 217.375867 256.000000 219.686671 160.059382 14.989656 0.000000 9.164368 159.984398 13.662815 256.000000 246.177287 72.130456 52.445524 64.000000 11.767392 68.567898 42.176740 256.000000 246.267640 81.390229 137.047847 64.000000 12.055661 79.605222 138.995145 256.000000 236.543945
168.725611 43.962753 0.000000 31.812833 165.283189 42.737645 256.000000 226.665359 79.770724 217.950949 0.000000 20.763962 85.337900 215.953082 256.000000 241.276717 53.759091 104.932195 0.000000 21.960062 44.897562 106.000480 256.000000 220.172856 70.222724 60.143493 0.000000 15.562215 67.047804 62.929629 256.000000 222.530637
109.178293 208.820035 0.000000 26.447590 116.202855 206.349249 256.000000 217.234235 5.911460 199.200055 64.000000 20.118584 9.231800 199.166485 256.000000 228.825224 53.140173 12.335458 64.000000 32.402278 52.753300 18.934149 256.000000 230.572047 183.926145 28.614742 64.000000 30.517774 182.609365 32.762067 256.000000 224.479678
82.854584 159.863300 0.000000 37.604025 78.893164 153.371364 256.000000 224.570031 169.481160 114.341538 64.000000 41.743049 162.836040 107.508276 256.000000 228.278804 110.980307 39.017276 64.000000 29.450749 110.314520 40.880665 256.000000 255.100713 35.588591 58.633684 0.000000 19.357037 39.532822 60.909033 256.000000 239.805255
54.516300 54.771025 0.000000 13.643291 60.864553 56.003304 256.000000 260.973653 129.700002 87.811096 0.000000 17.993139 128.066664 88.977318 256.000000 227.771106 18.388684 126.678331 0.000000 16.693778 21.662318 125.724860 256.000000 231.892920 137.735602 108.646315 0.000000 16.745408 140.418202 104.396458 256.000000 235.472617
42.733471 98.508684 64.000000 20.436970 43.264304 93.270805 256.000000 242.270599 135.740096 67.877742 0.000000 19.963693 132.309369 68.482191 256.000000 235.145626 35.951702 153.881042 0.000000 24.773910 26.162945 148.092684 256.000000 204.894607 126.722202 34.362833 64.000000 9.000872 126.344235 32.906193 256.000000 251.989991
23.367335 23.716629 64.000000 48.777669 36.381840 43.230727 256.000000 217.389126 12.311309 72.558504 0.000000 11.621107 13.992785 72.649478 256.000000 226.562098 3.177293 18.759402 64.000000 23.465944 9.577495 21.976011 256.000000 224.268855 25.971676 219.507631 0.000000 21.275961 27.021558 218.214795 256.000000 245.574934
68.771984 151.948189 64.000000 27.234952 65.926095 148.043449 256.000000 234.758399 140.397078 39.189145 64.000000 93.984247 139.811302 37.024555 256.000000 169.278347 39.304918 95.981740 0.000000 16.861576 30.724207 98.526136 256.000000 236.892449 52.271455 39.228616 64.000000 13.845509 54.465058 41.480085 256.000000 249.146026
27.831724 197.234445 64.000000 19.421575 29.818404 197.280695 256.000000 242.606195 119.561009 13.491424 0.000000 33.249875 89.587496 9.213684 256.000000 223.903141 160.843309 36.555700 0.000000 18.358853 159.768865 34.572924 256.000000 247.730497 93.408082 88.902727 64.000000 21.263054 94.408216 84.817849 256.000000 246.783942
39.195789 25.976678 0.000000 17.068097 47.395004 38.782520 256.000000 228.739173 48.607022 190.166471 64.000000 15.084635 44.677344 189.900267 256.000000 222.160620 153.679927 103.589647 0.000000 26.968195 139.760867 104.106675 256.000000 219.338167 25.288271 88.044671 64.000000 43.300561 32.465227 79.979704 256.000000 206.684456
20.224455 122.869455 0.000000 19.658214 21.056564 121.324204 256.000000 234.082903 90.623620 190.319689 0.000000 10.795023 88.310375 195.452025 256.000000 231.596047 175.351345 64.527758 0.000000 19.727054 174.838480 67.673760 256.000000 229.380249 16.463016 76.294175 64.000000 24.425406 29.132931 75.010307 256.000000 218.834772
70.718375 21.785533 0.000000 36.407924 59.130627 27.580813 256.000000 211.533396 43.403442 61.256489 64.000000 42.465872 39.350971 95.857562 256.000000 218.748722 100.553756 172.119669 0.000000 11.134922 141.902824 184.039627 256.000000 239.693389 89.560045 183.848382 64.000000 10.747695 88.494069 183.940885 256.000000 226.355577
84.919511 59.400660 0.000000 10.747695 93.667787 60.232098 256.000000 225.344485 129.168147 107.378253 0.000000 19.705542 126.218671 90.826649 256.000000 243.772178 98.349309 138.631836 64.000000 14.241341 97.198009 138.062347 256.000000 251.383336 17.837431 16.989916 0.000000 10.691762 14.855482 18.272404 256.000000 255.117923
62.656262 147.225169 64.000000 21.065138 59.139804 147.653849 256.000000 246.121354 113.871618 58.505378 0.000000 9.603225 114.990095 61.005585 256.000000 233.252517 39.130405 214.491964 64.000000 36.713403 36.783056 208.884767 256.000000 219.949125 103.973642 50.783127 0.000000 12.993610 94.235671 34.254273 256.000000 236.681625
45.946125 33.033680 0.000000 27.635086 39.998651 32.524633 256.000000 229.341526 166.265589 153.914276 64.000000 24.244700 161.746900 150.841364 256.000000 219.493058 12.881842 105.930407 64.000000 11.608199 8.669916 114.052153 256.000000 220.951612 59.545993 127.158145 0.000000 30.207993 58.410516 122.168515 256.000000 225.219712
168.220205 67.506122 64.000000 57.847381 155.965465 65.607033 256.000000 194.719148 44.966851 99.179104 64.000000 13.195829 41.515000 101.531329 256.000000 233.622533 21.937913 -0.000004 0.000000 14.194013 16.653593 0.043845 256.000000 232.753424 144.405364 68.272315 0.000000 18.453508 141.194669 66.344664 256.000000 211.073026
57.436098 138.651549 0.000000 36.481067 63.257880 131.053529 256.000000 212.036791 32.049758 4.973905 64.000000 9.891493 33.376600 4.871907 256.000000 236.944079 17.129778 56.386022 64.000000 8.979359 9.179476 50.325176 256.000000 253.108647 48.067818 140.240185 0.000000 21.000600 47.820120 137.225095 256.000000 219.647949
41.208278 19.752285 0.000000 30.479052 17.326915 21.184807 256.000000 217.122369 50.267040 9.643025 0.000000 20.699424 63.765180 8.912740 256.000000 240.222599 73.839067 175.622813 64.000000 22.433339 74.441098 174.214558 256.000000 230.124585 39.971284 178.184240 0.000000 34.342715 114.526695 104.304522 256.000000 200.648020
59.684571 142.837867 64.000000 20.819894 68.654338 146.831145 256.000000 232.318870 104.852309 154.741280 64.000000 15.114753 116.107822 155.384298 256.000000 236.221256 12.512856 120.806447 0.000000 25.647322 13.590209 118.693925 256.000000 221.790603 117.771189 84.190098 0.000000 17.214383 122.831749 87.467305 256.000000 235.932987
50.924882 101.907676 64.000000 42.749839 55.708311 110.575976 256.000000 207.415884 175.303536 11.550082 64.000000 12.481611 175.001291 3.088404 256.000000 230.636585 76.394438 87.966216 64.000000 16.117240 75.379951 95.895389 256.000000 249.296614 38.135935 144.541271 64.000000 19.770079 31.734284 143.199116 256.000000 219.811444
49.734855 31.232984 0.000000 24.378078 47.512440 38.642784 256.000000 216.838403 42.799125 150.224695 0.000000 16.887391 46.191645 148.552109 256.000000 234.255004 43.838033 58.717905 64.000000 18.010349 44.789135 46.405373 256.000000 226.923510 91.618011 96.077042 64.000000 41.368730 63.049875 83.136140 256.000000 195.975483
80.180335 55.398258 0.000000 9.177275 78.581524 55.731649 256.000000 251.030529 51.496393 200.818249 0.000000 55.502508 54.810955 191.838584 256.000000 209.472489 85.116804 153.250075 0.000000 63.049128 73.346547 178.325209 256.000000 200.992222 99.847335 60.545264 0.000000 13.884232 99.207118 57.788867 256.000000 254.674764
134.209729 79.948745 64.000000 10.704670 133.984449 78.910356 256.000000 237.404449 197.757524 60.892205 0.000000 42.065738 194.354502 59.938664 256.000000 206.869464 84.533445 101.803485 64.000000 13.290484 102.088102 101.833925 256.000000 238.252045 150.369575 122.179767 64.000000 10.377678 152.552218 121.064765 256.000000 249.658026
122.533220 122.046825 0.000000 11.371560 124.117011 117.390629 256.000000 233.695676 47.926016 99.294693 64.000000 14.921139 47.673933 95.688778 256.000000 240.007473 17.149898 17.441598 0.000000 43.593133 15.685915 18.975369 256.000000 209.868321 167.603709 72.528680 64.000000 37.311453 151.483080 66.417885 256.000000 220.327747
88.683056 85.751222 0.000000 25.901170 79.519793 100.146402 256.000000 234.762701 101.574380 144.647124 64.000000 31.098615 98.481935 142.391138 256.000000 236.436382 47.069705 153.587285 64.000000 12.903257 42.083744 158.445293 256.000000 237.391541 174.838038 113.033160 0.000000 9.431124 175.789980 116.011880 256.000000 242.115708
47.404124 56.782093 0.000000 27.867422 47.423016 61.003991 256.000000 215.668118 5.356402 55.670316 64.000000 41.661301 12.051458 56.211045 256.000000 225.279947 18.172682 155.785416 64.000000 15.953744 18.715269 154.982080 256.000000 240.355977 86.855347 117.892760 64.000000 14.172501 85.076131 118.514053 256.000000 234.332449
5.546067 68.419742 0.000000 17.476836 5.041155 76.078853 256.000000 229.720148 11.421742 95.545187 0.000000 12.907560 6.978993 95.032204 256.000000 245.381321 118.433591 133.047058 0.000000 10.024872 120.791416 130.985516 256.000000 232.951340 43.219804 154.735115 64.000000 10.059292 44.747007 154.264742 256.000000 246.874295
38.015253 5.082533 64.000000 16.831458 32.586729 4.569671 256.000000 239.762230 119.897605 12.175644 0.000000 26.008733 116.501420 14.585964 256.000000 232.620046 131.383833 1.460915 0.000000 67.760387 82.822922 43.402340 256.000000 192.309736 103.906342 0.936804 64.000000 52.159450 89.145633 39.366002 256.000000 212.669261
