82.952795 20.976025 64.000000 19.924970 84.307851 23.789213 256.000000 236.982802 99.701680 43.436165 64.000000 24.339356 103.188205 47.995915 256.000000 246.560211 28.203442 39.138742 0.000000 20.445575 13.961553 42.309956 256.000000 230.791475 148.548847 96.899904 64.000000 16.895996 150.210502 95.991184 256.000000 232.125257
87.006205 105.639373 64.000000 14.155291 86.594949 105.020378 256.000000 243.234363 93.060740 84.295367 64.000000 10.011964 93.294835 89.459287 256.000000 250.682025 121.399242 60.704349 0.000000 16.491559 124.812651 66.438678 256.000000 237.916448 105.122256 95.676531 0.000000 9.474149 129.927760 111.348411 256.000000 250.036647
96.207005 214.100720 0.000000 17.537072 95.215042 214.853131 256.000000 237.245255 104.500402 85.448445 64.000000 19.765777 103.286240 84.321731 256.000000 246.986161 91.618011 96.077042 64.000000 41.368730 63.049875 83.136140 256.000000 195.975483 44.599467 160.775507 0.000000 29.652968 46.367947 156.202273 256.000000 210.066236
123.165989 128.758367 0.000000 19.942180 119.408358 132.889098 256.000000 222.035847 21.980498 26.896685 64.000000 29.463657 20.862264 37.833138 256.000000 210.707312 94.650325 193.325262 64.000000 12.649409 86.701016 214.280115 256.000000 241.121826 14.852133 105.945835 0.000000 20.914550 28.529904 97.159033 256.000000 231.824080
94.506133 105.529787 0.000000 21.710516 94.159422 103.381629 256.000000 249.038463 15.225238 88.469391 0.000000 16.939021 5.100496 85.295575 256.000000 247.390597 145.748951 134.024447 64.000000 29.248531 135.611013 147.474765 256.000000 215.250773 102.435165 101.846835 0.000000 29.476565 106.996255 110.999675 256.000000 220.508453
73.258085 84.299040 64.000000 21.400734 72.378600 77.572285 256.000000 233.596718 72.590818 166.390344 0.000000 12.881745 71.052045 166.887513 256.000000 245.428648 71.829467 61.462331 64.000000 16.904601 69.284693 56.986518 256.000000 231.157190 76.906100 223.473953 0.000000 17.033677 81.351725 223.329244 256.000000 240.162364
188.622940 109.204620 0.000000 37.668563 179.767475 107.473880 256.000000 207.992422 74.835955 67.031935 64.000000 9.194485 75.739980 67.593013 320.000000 256.580780 97.989898 143.792695 64.000000 43.089738 96.881940 135.548073 256.000000 226.755712 26.881496 170.209958 64.000000 18.668634 27.413098 167.638395 256.000000 233.734399
27.323335 125.379529 64.000000 11.109107 24.412125 125.734645 256.000000 258.628780 53.484460 165.016847 0.000000 34.725639 61.722278 153.786036 256.000000 198.440827 92.678140 121.839024 0.000000 26.314212 92.213302 116.312642 256.000000 233.351475 27.699311 223.360496 64.000000 12.804300 28.403422 223.432184 256.000000 236.031945
175.323685 111.663289 64.000000 13.578753 182.135367 105.025462 256.000000 242.877254 5.305062 40.585373 64.000000 18.664332 6.465118 42.476422 256.000000 233.919407 92.278616 86.103753 64.000000 10.270115 94.610516 82.934858 256.000000 234.887474 7.667649 30.992782 64.000000 26.008733 24.016235 29.354564 256.000000 234.418500
84.957700 22.063360 0.000000 50.386812 80.985255 24.727738 256.000000 197.898710 89.321740 155.343540 0.000000 17.240198 90.192105 153.414264 256.000000 249.507437 54.516300 54.771025 0.000000 13.643291 60.864553 56.003304 256.000000 260.973653 140.516238 76.090400 0.000000 12.193342 142.077456 72.650993 256.000000 257.428377
55.833224 50.972642 64.000000 9.499964 58.986071 50.294145 256.000000 260.027099 179.207438 18.132211 0.000000 34.669706 163.233793 19.172838 256.000000 228.644518 65.030362 102.853178 0.000000 16.680870 65.243916 99.707951 256.000000 234.091508 60.706916 138.540953 64.000000 11.922283 60.495215 137.696773 256.000000 238.221927
20.999393 119.279558 64.000000 17.102517 17.046145 117.726627 256.000000 227.280619 40.773527 187.026171 0.000000 29.416329 41.050565 183.031842 256.000000 238.118667 86.550169 102.615980 64.000000 16.775525 101.133958 101.724747 256.000000 239.788045 82.763475 121.662993 64.000000 43.971754 79.117640 119.301962 256.000000 208.229060
39.026744 92.786185 0.000000 16.229105 34.798407 91.434885 256.000000 243.294598 38.326205 91.274842 0.000000 13.811089 40.443640 88.092249 256.000000 254.683369 72.104104 58.358636 0.000000 12.782787 71.608455 60.779049 256.000000 232.921223 59.684571 142.837867 64.000000 20.819894 68.654338 146.831145 256.000000 232.318870
132.131129 44.134942 64.000000 19.834617 130.912258 41.784644 256.000000 216.606067 122.023353 179.761607 0.000000 21.099558 122.151736 177.342455 256.000000 227.607611 139.003009 131.048435 0.000000 23.285238 134.918113 121.755336 256.000000 240.407608 80.411007 29.077860 0.000000 22.046112 77.330587 28.273902 256.000000 215.607882
69.380018 139.367293 0.000000 18.354550 72.203704 137.328740 256.000000 248.896479 3.400516 120.934451 0.000000 24.330751 5.061380 120.660231 256.000000 238.854398 30.594424 117.150195 64.000000 42.267956 30.510105 123.355755 256.000000 208.069867 4.285720 177.997860 0.000000 14.404837 4.489453 181.195715 256.000000 240.657154
17.633907 60.549369 64.000000 9.938821 18.487422 61.504064 256.000000 259.149385 19.806475 122.627095 64.000000 22.218213 27.312800 122.324742 256.000000 248.027370 110.637009 40.931269 0.000000 29.300161 102.668438 38.463215 256.000000 213.030673 56.872687 141.665075 0.000000 39.652024 54.075995 129.489362 256.000000 221.033360
13.750282 10.684022 64.000000 22.420432 23.384805 11.923582 256.000000 240.549591 40.963700 114.317300 64.000000 26.477708 35.802769 113.961044 256.000000 233.101929 186.859489 93.003187 0.000000 13.651896 185.430091 95.549695 256.000000 224.776552 77.263780 164.090958 64.000000 12.524636 70.943175 169.606653 256.000000 236.259978
11.278489 29.342864 64.000000 16.624937 15.689805 27.581660 256.000000 233.058903 95.560338 131.982384 64.000000 36.795151 96.245467 129.986865 256.000000 220.344957 74.803342 161.609838 64.000000 17.747895 74.118962 160.430584 256.000000 237.296886 27.089453 195.296627 64.000000 25.273002 32.722991 193.365733 256.000000 220.779511
78.688636 209.415004 0.000000 25.759187 73.828622 205.086965 256.000000 225.744619 80.180335 55.398258 0.000000 9.177275 78.581524 55.731649 256.000000 251.030529 42.632949 164.737391 64.000000 46.437098 39.801280 154.872471 256.000000 220.116923 39.090456 122.459375 0.000000 22.274146 44.244333 116.993493 256.000000 251.516714
46.894709 99.521938 0.000000 10.205577 44.141733 101.486815 256.000000 253.607739 92.168947 143.467780 0.000000 9.121342 92.208745 144.087784 256.000000 235.180046 68.073929 116.671867 64.000000 12.098686 74.722451 130.924273 256.000000 242.042565 132.948542 81.915120 0.000000 31.756900 129.881844 81.158320 256.000000 223.657897
159.988660 71.023185 64.000000 21.366314 159.249764 71.982489 256.000000 250.974597 16.206864 203.503047 64.000000 12.950585 28.679293 233.255189 256.000000 269.686256 114.050225 138.351149 64.000000 23.483154 115.022115 135.786033 256.000000 254.993150 45.384304 146.176827 0.000000 27.850212 42.212729 144.778989 256.000000 225.262737
26.767735 100.509040 64.000000 24.158650 34.611675 97.846275 256.000000 237.735743 49.576649 73.565502 64.000000 17.197172 46.647031 70.089664 256.000000 226.544888 73.360764 53.173465 64.000000 15.902114 74.362509 53.423875 256.000000 225.069124 70.177184 58.365538 64.000000 22.678583 67.081213 58.369976 256.000000 229.560955
78.714431 81.779155 64.000000 9.379494 77.498058 85.266055 256.000000 249.735471 94.357235 14.574693 64.000000 10.932703 92.307151 11.642522 256.000000 260.138964 17.457973 139.377976 64.000000 32.643219 32.364325 142.490380 256.000000 228.541257 27.823949 63.949616 0.000000 8.841679 25.778944 65.926809 256.000000 242.649220
9.558311 51.145711 64.000000 10.403493 8.112055 52.238038 256.000000 257.720948 110.728531 118.487585 64.000000 65.062707 108.628373 114.099815 256.000000 201.727953 52.253673 218.870271 0.000000 36.240126 39.232549 210.818764 256.000000 226.837459 51.162758 0.610736 64.000000 12.490216 49.840502 1.288200 256.000000 233.084718
131.343136 101.392327 64.000000 17.554282 130.179824 103.665585 256.000000 250.363639 2.795878 91.286278 0.000000 12.369745 2.705380 84.749860 256.000000 236.100785 79.800715 159.033807 0.000000 26.137809 76.794038 157.952244 256.000000 229.169425 31.076109 68.769667 0.000000 13.492703 27.947725 70.860773 256.000000 248.857757
136.093627 72.736671 64.000000 38.541974 128.262949 73.783840 256.000000 223.980586 3.896344 97.206602 64.000000 32.178547 6.227873 81.358724 256.000000 224.027914 53.801198 162.290158 0.000000 27.364027 49.744245 153.071369 256.000000 207.144825 136.530042 62.118431 64.000000 15.458954 140.978960 54.573778 256.000000 253.491571
31.538922 7.244607 64.000000 31.640732 29.229636 12.810291 256.000000 225.641359 172.045913 72.252447 64.000000 18.660029 170.577453 76.519153 256.000000 235.963104 114.024345 37.282996 64.000000 15.067425 113.117727 36.661784 256.000000 239.194297 121.295460 84.979211 64.000000 27.359725 117.838256 81.797355 256.000000 223.881628
111.019258 9.637267 64.000000 11.393073 116.446024 11.836171 256.000000 241.732784 165.479765 29.813153 0.000000 8.914821 166.030249 26.809551 256.000000 231.716517 73.750447 135.177778 0.000000 26.124901 112.099833 88.185176 256.000000 217.952756 89.366560 36.870142 0.000000 18.638517 89.898964 40.459925 256.000000 238.131574
51.473053 77.515998 64.000000 14.387627 53.723489 76.070069 256.000000 241.780111 37.787542 79.687278 0.000000 11.104804 40.687669 77.216804 256.000000 242.627708 44.140782 44.708616 64.000000 11.216670 46.614640 40.100553 256.000000 260.500376 157.725207 52.121871 64.000000 24.339356 156.144424 53.131524 256.000000 222.960889
142.328973 114.009949 0.000000 9.740905 148.152027 109.648893 256.000000 260.698292 49.640147 113.028795 64.000000 11.074686 51.048415 120.879238 256.000000 235.743676 113.474164 117.114655 64.000000 35.564630 106.710496 117.216562 256.000000 228.468115 20.224455 122.869455 0.000000 19.658214 21.056564 121.324204 256.000000 234.082903
46.665349 99.270213 64.000000 58.441129 45.774451 97.515585 256.000000 191.741804 24.094909 156.069013 0.000000 18.595491 13.543698 147.584393 256.000000 234.637928 124.143615 23.482011 0.000000 26.688532 120.660775 24.310958 256.000000 222.629595 141.018589 73.088109 64.000000 8.850284 133.899555 72.077964 256.000000 236.939776
49.227076 7.000147 64.000000 20.097071 49.274504 7.262571 256.000000 255.599806 103.068551 190.441102 64.000000 22.747423 92.310358 208.247235 256.000000 229.724450 49.466924 6.033058 0.000000 10.007662 45.242300 4.444564 256.000000 240.282834 170.842029 23.821291 0.000000 46.669434 167.617171 17.426333 256.000000 229.720148
