31.550964 69.746355 0.000000 12.120199 31.537958 75.051489 256.000000 228.050770 165.348235 20.892671 64.000000 17.119727 164.736238 20.136209 256.000000 244.968279 27.857740 83.771762 64.000000 82.165224 33.385389 87.815365 256.000000 194.671820 166.202660 71.847038 64.000000 16.775525 166.689165 75.093273 256.000000 246.882900
8.502069 90.911564 0.000000 15.230921 10.781718 92.459229 256.000000 259.609754 2.768664 166.534965 0.000000 13.010820 2.371824 165.215427 256.000000 248.332849 168.220205 67.506122 64.000000 57.847381 155.965465 65.607033 256.000000 194.719148 67.207098 114.751053 0.000000 18.543861 67.195098 111.633829 256.000000 248.694261
114.050225 138.351149 64.000000 23.483154 115.022115 135.786033 256.000000 254.993150 35.479602 214.118636 64.000000 15.902114 40.362047 214.904998 256.000000 239.671877 38.642693 106.380775 64.000000 43.593133 34.592095 102.946591 256.000000 214.132118 18.793880 116.342107 64.000000 13.062451 20.429240 123.836580 256.000000 250.871336
116.901824 55.167865 64.000000 18.948298 128.195413 77.873984 256.000000 246.999068 68.965715 173.786771 64.000000 12.739762 59.749856 182.907320 256.000000 223.442771 104.160093 115.248535 64.000000 35.121471 122.232162 106.482204 256.000000 227.482837 121.760667 161.875527 0.000000 15.398719 121.404045 161.797715 256.000000 239.189994
65.280440 73.275129 0.000000 16.117240 54.983560 67.066862 256.000000 231.286265 141.018589 73.088109 64.000000 8.850284 133.899555 72.077964 256.000000 236.939776 70.248993 139.091529 0.000000 9.357981 69.767495 139.003267 256.000000 270.103601 87.006205 105.639373 64.000000 14.155291 86.594949 105.020378 256.000000 243.234363
89.785916 43.429000 64.000000 33.034749 88.112218 47.741267 256.000000 212.686471 145.748951 134.024447 64.000000 29.248531 135.611013 147.474765 256.000000 215.250773 79.395465 119.694622 0.000000 11.539359 79.161347 119.904685 256.000000 255.900982 26.627535 18.861747 0.000000 14.370417 31.750582 16.379738 256.000000 259.738830
1.233144 119.627404 0.000000 42.100158 7.022495 115.315484 256.000000 208.788388 105.860751 90.166991 64.000000 20.574651 103.199769 85.817289 256.000000 230.012719 46.471756 148.689376 64.000000 16.590517 47.204900 147.818342 256.000000 225.594031 25.392820 133.274922 0.000000 9.482754 26.938238 133.834724 256.000000 253.883100
70.511225 63.814355 0.000000 24.481339 67.401758 68.055002 256.000000 231.105559 51.945402 152.580724 0.000000 8.854586 57.146653 154.970947 256.000000 276.738086 191.845936 82.146535 0.000000 19.972298 193.118609 109.752218 256.000000 236.819306 43.310329 174.969855 0.000000 34.114681 41.746644 169.990013 256.000000 215.169025
7.790649 12.633595 64.000000 14.865207 14.198675 9.394529 256.000000 235.756583 173.890985 37.565131 64.000000 12.877442 180.354458 20.076735 256.000000 249.485925 106.783965 58.334618 0.000000 13.458283 111.159164 48.874620 256.000000 246.241825 127.679980 168.588975 0.000000 32.419488 127.414318 166.252578 256.000000 240.394700
0.126284 78.851011 0.000000 17.653240 5.340129 78.475291 256.000000 252.820378 18.103691 4.592351 64.000000 213.981530 16.426576 2.806809 256.000000 47.680527 134.209729 79.948745 64.000000 10.704670 133.984449 78.910356 256.000000 237.404449 59.372300 111.012384 64.000000 23.401406 60.199887 105.850555 256.000000 239.646061
148.444205 145.289075 0.000000 39.832730 154.195676 140.770429 256.000000 210.281362 41.700735 51.203125 0.000000 11.087594 35.239185 47.821978 256.000000 232.942735 106.414075 104.362025 0.000000 24.705070 103.753538 109.786471 256.000000 246.900110 82.952795 20.976025 64.000000 19.924970 84.307851 23.789213 256.000000 236.982802
69.963349 98.712593 0.000000 8.932032 68.749775 99.264402 256.000000 243.797993 90.280398 200.981644 64.000000 18.668634 91.120215 200.948415 256.000000 224.505494 19.641027 59.730298 0.000000 10.984334 22.349185 60.807027 256.000000 242.588985 72.130456 52.445524 64.000000 11.767392 68.567898 42.176740 256.000000 246.267640
26.662476 56.202618 0.000000 10.377678 30.467562 51.099275 256.000000 247.046396 14.799233 206.361040 64.000000 35.525908 16.594611 202.269611 256.000000 245.187707 68.490182 196.402231 64.000000 18.711659 69.354405 194.976616 256.000000 239.099641 50.043402 56.961847 64.000000 28.396632 43.099835 53.450655 256.000000 225.525191
92.098718 7.506725 64.000000 9.439729 90.167178 5.304175 256.000000 238.884515 118.423085 100.320709 0.000000 15.372904 123.858064 95.498062 256.000000 226.144754 138.005691 60.712909 0.000000 11.147829 139.299060 62.237858 256.000000 246.439741 2.952198 191.266567 64.000000 9.878586 9.291698 206.502578 256.000000 242.313624
29.860005 138.089495 0.000000 16.775525 20.709164 146.977416 256.000000 247.924110 58.444822 107.412560 0.000000 27.290884 72.155915 92.379602 256.000000 231.583139 132.915722 163.544320 64.000000 9.000872 133.550667 162.402296 256.000000 259.480679 108.583824 189.215696 64.000000 22.893709 106.953207 188.123215 256.000000 215.736958
141.612211 79.407922 0.000000 11.565174 148.297515 88.217416 256.000000 234.001155 107.327693 20.001711 0.000000 10.859560 106.929507 22.111682 256.000000 223.339511 176.162336 44.389535 64.000000 32.453908 171.877078 40.972425 256.000000 228.734871 46.902838 93.312545 0.000000 23.586415 46.065838 85.776809 256.000000 243.591472
176.384225 55.683924 0.000000 13.656198 179.662362 48.764924 256.000000 238.174600 23.582365 2.665527 0.000000 36.674680 31.145773 6.892045 256.000000 242.675036 109.098785 162.475649 0.000000 23.999457 113.098633 146.865098 256.000000 246.844177 172.700120 105.203080 64.000000 17.618819 173.383487 111.564767 256.000000 251.576949
135.740096 67.877742 0.000000 19.963693 132.309369 68.482191 256.000000 235.145626 97.943598 18.903022 64.000000 19.034348 98.183809 21.661776 256.000000 242.184548 146.292069 150.770733 0.000000 37.139353 135.884571 152.432076 256.000000 217.053529 172.451571 40.298064 0.000000 11.664132 173.004613 39.114371 256.000000 233.958130
188.475942 75.457798 0.000000 16.676568 195.724895 67.573100 256.000000 249.021253 18.249973 32.539565 0.000000 10.554082 3.170718 21.309958 256.000000 239.366398 90.028933 86.139129 0.000000 8.712603 90.394191 86.657938 256.000000 251.301588 163.990195 16.540198 64.000000 20.286382 167.306560 26.790215 256.000000 236.608482
31.956840 86.672991 0.000000 20.445575 45.048389 90.714458 256.000000 221.683040 135.399129 23.478411 64.000000 44.797838 119.473100 32.817096 256.000000 221.906772 27.331929 65.996562 64.000000 13.742249 23.773544 67.504200 256.000000 258.551334 114.004929 196.884325 0.000000 16.762618 114.747185 195.806584 256.000000 237.400146
153.565556 25.487793 64.000000 19.348432 152.803716 26.241675 256.000000 235.081088 90.939815 86.055513 0.000000 33.301505 67.297256 54.930335 256.000000 201.366541 18.076787 31.939278 64.000000 26.490616 17.616893 35.631551 256.000000 250.664815 10.372089 99.610429 0.000000 14.619963 10.666113 93.862015 256.000000 213.667446
31.153305 176.368505 0.000000 21.056533 21.794084 181.319244 256.000000 240.657154 151.705800 11.905265 0.000000 23.194885 150.335380 15.406575 256.000000 245.222127 65.030362 102.853178 0.000000 16.680870 65.243916 99.707951 256.000000 234.091508 36.623047 220.726891 0.000000 10.373376 38.544073 219.966227 256.000000 229.380249
7.667649 30.992782 64.000000 26.008733 24.016235 29.354564 256.000000 234.418500 44.149500 90.699769 64.000000 13.170014 48.481331 93.808324 256.000000 236.247071 129.884696 33.697445 64.000000 24.984734 127.836040 34.679527 256.000000 237.679810 48.765582 93.008555 0.000000 19.886247 85.212809 75.825755 256.000000 242.008145
58.567322 87.668222 0.000000 21.770751 52.500033 89.371300 256.000000 237.598062 24.642498 12.323085 0.000000 22.635558 31.728138 13.537602 256.000000 240.678666 176.284393 112.187231 0.000000 9.383796 177.389271 111.464811 256.000000 240.949725 79.047073 40.867598 0.000000 35.814176 23.629425 63.112305 256.000000 206.271414
84.796022 155.880051 0.000000 12.881745 93.171815 154.248184 256.000000 262.535468 82.854584 159.863300 0.000000 37.604025 78.893164 153.371364 256.000000 224.570031 71.916251 75.374965 64.000000 25.049271 66.209195 78.252682 256.000000 232.254332 106.772913 145.713851 64.000000 18.290013 104.826844 145.252331 256.000000 237.172112
124.564520 70.362989 64.000000 19.464600 123.012136 70.618020 256.000000 239.951540 41.000551 62.106598 0.000000 40.245772 8.264296 70.235424 256.000000 202.467986 21.047604 93.199838 0.000000 16.530282 20.598718 86.734373 256.000000 250.367941 127.641767 161.080665 0.000000 29.704598 127.685655 158.390493 256.000000 245.157590
154.379218 70.814216 64.000000 10.631527 155.689215 68.435035 256.000000 245.114564 43.618418 62.736093 64.000000 25.376263 31.993635 57.415096 256.000000 232.680282 75.741973 65.245789 0.000000 13.191526 80.734222 72.442236 256.000000 242.141523 31.118965 34.032187 64.000000 21.882617 33.962080 35.908582 256.000000 234.603508
101.137956 31.597565 64.000000 17.390786 100.454415 32.649235 256.000000 242.778296 19.058364 203.735855 0.000000 15.562215 23.494800 205.882587 256.000000 223.571847 50.040536 152.985855 0.000000 11.307023 58.641909 209.272485 256.000000 251.757655 28.130504 153.594549 0.000000 19.765777 25.213433 152.043469 256.000000 228.562770
81.747576 123.584000 64.000000 17.098214 75.401644 133.158278 256.000000 226.880485 114.024345 37.282996 64.000000 15.067425 113.117727 36.661784 256.000000 239.194297 169.906911 35.875727 0.000000 17.756500 169.583738 36.592620 256.000000 236.660113 43.871360 15.724200 0.000000 64.172086 45.776309 12.874615 256.000000 181.790075
15.537536 151.938358 0.000000 12.223459 12.329438 151.787907 256.000000 233.403105 43.428876 76.231756 64.000000 13.634686 42.648049 72.821784 256.000000 252.033017 152.094071 105.263680 64.000000 18.100702 151.206073 105.905960 256.000000 231.096954 4.240124 193.735335 0.000000 9.018082 8.809062 196.803295 256.000000 221.825024
96.207005 214.100720 0.000000 17.537072 95.215042 214.853131 256.000000 237.245255 33.434273 104.462471 64.000000 14.546820 13.259400 112.166098 256.000000 233.394500 111.808555 161.640847 0.000000 32.927186 104.192224 161.358289 256.000000 223.541729 46.820093 42.518704 0.000000 9.151460 48.596529 34.339673 256.000000 233.536483
85.885245 103.005378 64.000000 15.540702 88.346680 99.598531 256.000000 245.704010 71.829467 61.462331 64.000000 16.904601 69.284693 56.986518 256.000000 231.157190 30.601027 64.010555 0.000000 24.128532 25.637467 51.931947 256.000000 234.074298 2.701676 129.711416 0.000000 33.671522 9.942500 118.365160 256.000000 229.354434
