153.832438 228.541145 64.000000 9.241813 152.426378 229.309398 256.000000 201.947381 215.321569 147.469813 0.000000 11.552266 225.567658 155.674429 256.000000 194.779383 152.838184 198.653700 64.000000 8.725511 151.530295 198.456009 256.000000 231.836988 135.695196 146.066649 0.000000 15.243828 133.594191 132.969507 256.000000 177.100328
19.555016 150.279467 64.000000 29.024800 38.358589 148.564651 256.000000 180.882243 177.782431 108.227484 64.000000 32.144127 83.381244 253.469804 256.000000 190.115451 38.665900 96.179075 0.000000 13.875627 41.274293 100.904440 256.000000 213.886874 119.527636 134.127185 64.000000 9.478452 123.189615 134.600256 256.000000 191.337367
233.847667 156.242378 0.000000 22.945339 229.830840 158.681198 256.000000 184.014478 159.494609 166.646175 64.000000 11.186552 157.940918 166.403667 256.000000 210.036119 4.975264 235.616335 0.000000 23.947826 5.298224 234.048029 256.000000 203.565129 26.707018 234.410709 0.000000 16.031190 32.238580 240.887373 256.000000 228.894064
29.592920 78.329302 0.000000 10.743392 29.929142 86.111253 256.000000 190.683384 228.688136 55.396816 0.000000 11.341443 222.897065 57.954793 256.000000 199.525062 79.745751 119.264524 0.000000 20.755356 86.694700 90.687985 256.000000 234.758399 193.582393 45.900551 64.000000 11.978216 201.045182 50.032525 256.000000 194.073770
210.260715 178.212551 64.000000 14.942652 210.400416 177.836418 256.000000 187.753368 250.386975 118.993425 64.000000 9.710788 236.166615 121.590209 256.000000 197.119954 133.735115 159.934975 0.000000 9.689275 127.439238 161.790525 256.000000 181.420058 159.023522 129.616389 0.000000 8.871796 160.692916 135.025815 256.000000 204.842977
128.542578 235.036542 64.000000 12.929073 129.595065 233.668667 256.000000 238.914633 10.290525 47.337922 64.000000 12.795694 11.252536 49.205485 256.000000 191.909602 125.926802 38.606647 0.000000 8.979359 134.269018 37.679684 256.000000 225.697292 113.963196 148.232962 64.000000 23.685373 109.860096 151.484805 256.000000 200.570575
121.605042 209.451160 0.000000 18.122214 133.948185 196.507885 256.000000 201.319213 69.825724 184.523496 0.000000 9.598922 29.673556 209.092820 256.000000 191.746106 5.128476 227.793340 64.000000 28.439657 7.034771 225.051600 256.000000 192.451720 112.563218 147.537635 64.000000 17.502651 57.748167 249.657535 256.000000 200.815818
140.977140 145.963571 0.000000 12.675224 152.447355 137.098311 256.000000 188.093267 197.608556 99.061744 64.000000 15.415929 204.734556 93.179307 256.000000 188.519216 20.408245 116.194851 0.000000 24.434011 19.764678 121.562116 256.000000 201.022339 149.581216 124.489018 64.000000 14.508097 141.900135 133.414431 256.000000 204.584826
76.925195 100.093440 0.000000 17.317643 81.994411 103.630333 256.000000 196.182004 173.275993 127.407580 64.000000 10.166855 173.455944 130.553958 256.000000 215.306706 46.882945 138.046076 64.000000 13.213039 49.091925 139.894651 256.000000 204.326675 61.279953 128.471460 0.000000 8.669578 64.296060 126.888640 256.000000 195.433366
41.854135 118.148262 0.000000 12.335325 31.333796 110.463356 256.000000 207.880556 212.760298 168.427440 64.000000 24.395288 203.228618 171.164849 256.000000 189.534611 136.866431 149.208924 64.000000 25.914078 146.826480 154.420891 256.000000 175.284665 22.668156 235.240664 64.000000 27.157506 28.671622 228.812038 256.000000 195.416156
98.858775 183.133025 0.000000 21.405037 98.757887 177.834404 256.000000 203.530709 65.071200 74.177149 64.000000 10.468031 62.983118 72.181973 256.000000 211.942135 80.183273 116.141805 0.000000 9.310653 83.184691 112.105660 256.000000 212.587513 91.057040 158.967644 64.000000 14.761946 60.975860 185.558982 256.000000 197.193097
167.541716 171.119316 0.000000 29.239926 166.489509 167.093138 256.000000 170.814347 53.357320 254.128693 64.000000 11.143527 51.326769 253.314678 256.000000 245.127472 68.459491 151.184562 64.000000 29.575522 58.686936 161.242715 256.000000 191.840762 147.581189 3.716871 64.000000 10.115225 146.902164 5.534582 256.000000 205.221599
123.312531 106.986289 0.000000 15.588030 138.986162 132.300600 256.000000 190.704896 140.937625 102.242178 64.000000 18.251290 62.825211 201.724871 256.000000 210.470673 112.739487 238.072965 64.000000 10.859560 112.674298 237.664931 256.000000 211.593631 176.465649 14.550098 0.000000 15.162080 195.420009 20.738265 256.000000 183.717604
13.177869 2.308776 64.000000 13.058148 14.161195 2.308845 320.000000 197.416828 230.523762 241.940880 64.000000 16.409811 230.736782 242.000445 256.000000 208.921766 212.086804 45.130265 0.000000 20.600466 208.382031 45.639645 256.000000 192.081703 88.629162 11.733729 64.000000 14.482282 93.400533 11.213736 256.000000 225.374603
114.124618 94.987031 64.000000 11.195157 112.729107 80.313073 256.000000 205.811044 131.372747 159.092858 64.000000 10.136737 126.602225 157.175713 256.000000 194.895551 156.918849 242.731002 64.000000 15.850484 155.167302 243.228160 256.000000 211.292455 101.149678 160.731042 0.000000 26.920868 101.025478 157.371724 256.000000 208.470002
183.495415 25.921336 64.000000 19.318315 180.603971 28.129345 256.000000 183.919822 99.952522 220.033129 0.000000 11.005846 104.475229 223.416585 256.000000 184.831957 20.178844 184.901949 64.000000 18.126517 23.487018 184.392729 256.000000 186.324931 196.599416 193.126322 0.000000 14.353207 198.340140 189.991231 256.000000 189.108662
135.823575 116.366851 64.000000 12.709644 136.610971 130.992304 256.000000 191.388997 87.303547 112.753462 0.000000 9.065410 89.186275 109.311678 256.000000 204.012591 155.789513 166.940378 64.000000 12.563358 151.289589 171.975507 256.000000 193.604795 243.251875 31.932613 64.000000 20.673609 251.442133 36.772064 256.000000 226.497560
181.935165 229.201284 64.000000 11.427493 178.526205 230.063204 256.000000 204.163179 204.718140 210.863485 64.000000 12.219157 203.061029 213.058045 256.000000 214.570975 236.357647 119.574196 0.000000 13.604568 231.932647 116.368542 256.000000 199.357264 122.186395 167.711140 0.000000 11.423191 124.748175 165.718613 256.000000 204.847280
117.344433 211.118564 0.000000 10.954216 110.208836 210.964782 256.000000 219.807142 179.972122 44.313996 64.000000 8.798653 173.390011 26.622276 256.000000 195.011719 80.150800 175.101975 0.000000 10.313140 78.341776 173.541649 256.000000 204.916120 19.256284 186.761998 0.000000 20.415457 24.277160 190.433887 256.000000 194.899853
78.414085 69.671393 64.000000 24.851356 115.854440 46.867929 256.000000 168.551221 122.348864 236.240822 64.000000 18.496533 126.320722 237.461691 256.000000 208.035447 220.037436 104.144455 0.000000 8.828771 218.720665 105.204156 256.000000 213.228589 110.108105 168.823282 0.000000 11.225275 113.839153 176.875400 256.000000 192.417299
139.671791 166.465327 64.000000 17.463929 114.557653 169.058229 256.000000 192.055888 222.651802 185.728584 0.000000 16.594820 221.290433 182.275284 256.000000 204.989263 182.251904 144.985589 64.000000 17.231593 182.647522 136.080396 256.000000 198.199886 202.610338 128.370720 64.000000 27.351120 193.241442 127.226040 256.000000 181.639487
202.870918 199.596547 64.000000 25.604297 206.945180 194.506973 256.000000 189.857300 125.479418 208.138349 0.000000 27.084363 123.487931 196.825856 256.000000 188.514914 232.452244 126.138802 64.000000 12.404165 231.090945 126.011745 256.000000 202.097969 24.591825 208.906858 0.000000 14.929744 26.320402 213.047851 256.000000 192.576493
163.150858 243.437129 0.000000 16.646450 156.690025 245.009055 256.000000 178.589000 16.463420 118.681147 0.000000 17.537072 17.592951 121.945467 256.000000 201.026642 128.438615 45.325280 64.000000 8.858889 131.110093 45.254576 256.000000 115.264511 160.030358 195.722078 64.000000 15.631055 155.953105 194.103058 256.000000 196.035719
134.208551 149.948307 64.000000 13.858417 138.407640 155.851262 256.000000 179.707655 173.496855 235.124065 64.000000 19.430180 175.110907 233.345285 256.000000 180.688630 10.793773 49.654893 0.000000 20.243357 11.678707 52.922887 256.000000 228.855341 218.007247 158.680782 64.000000 19.468903 214.793338 156.727135 256.000000 215.547647
23.205404 228.157555 0.000000 9.349376 18.785169 224.265911 256.000000 190.842577 13.366398 118.106451 64.000000 9.525779 15.258835 115.129825 256.000000 207.807413 77.104365 165.246015 64.000000 13.875627 79.559524 161.605011 256.000000 175.968765 38.684391 194.496145 0.000000 17.304735 40.593571 196.339996 256.000000 200.278003
146.937142 90.403724 0.000000 26.124901 149.641009 84.323620 256.000000 185.331049 105.148696 149.493700 0.000000 20.901642 110.848365 157.789342 256.000000 190.821065 62.265200 82.093745 64.000000 16.956231 62.604165 81.888442 256.000000 185.438612 40.101191 58.827013 64.000000 13.419560 32.506489 59.397144 256.000000 204.283650
252.446495 9.965069 0.000000 23.668163 248.500378 12.214602 256.000000 198.587113 30.006773 127.750493 64.000000 14.327392 30.466756 123.367369 256.000000 206.181061 96.479527 84.293962 64.000000 36.803756 126.346998 74.581889 256.000000 194.895551 139.661978 99.530927 0.000000 13.311997 138.212015 103.349464 256.000000 223.459981
70.070638 242.141776 0.000000 10.429308 77.212300 240.603205 256.000000 223.916048 114.222889 142.448000 64.000000 9.495662 113.626882 145.994324 256.000000 200.290911 14.839115 196.960822 64.000000 31.382581 44.922420 201.801380 256.000000 184.900797 13.184431 95.582987 64.000000 12.756972 6.482278 90.788529 256.000000 198.251517
35.334865 64.230816 64.000000 20.570348 40.027289 24.457991 256.000000 197.842777 102.931384 77.274182 0.000000 24.369473 107.969600 94.147275 256.000000 181.273773 147.519409 7.291756 0.000000 9.844166 145.644609 6.364147 256.000000 213.585698 250.871565 77.941122 0.000000 17.360668 251.623171 70.110264 256.000000 159.365341
86.283084 141.135038 64.000000 18.341643 92.205804 139.043787 256.000000 179.711958 189.598718 128.861029 64.000000 13.307694 190.199047 133.133949 256.000000 121.576308 238.527795 197.146271 0.000000 34.222244 223.428078 186.820613 256.000000 207.368556 255.223775 186.165238 64.000000 9.865678 235.215347 206.805958 256.000000 113.367099
154.347838 0.117642 0.000000 11.741577 153.650155 0.258273 256.000000 240.549591 11.658691 38.268318 0.000000 35.969067 17.821771 55.932809 256.000000 195.424761 92.233429 24.334887 0.000000 33.482211 87.793565 25.288493 256.000000 181.613672 51.989064 176.776155 0.000000 12.421375 48.542873 172.441504 256.000000 208.224758
251.593015 161.420018 64.000000 10.184065 249.704282 172.858204 256.000000 194.572862 111.278922 96.811504 0.000000 9.603225 95.376098 92.989356 256.000000 105.480580 72.851393 78.399947 64.000000 18.935391 72.151607 77.001513 256.000000 172.987119 38.361689 249.343564 64.000000 26.985405 41.071573 236.731149 256.000000 176.726009
