141.807884 162.971385 64.000000 15.807458 144.887660 158.679796 256.000000 198.199886 165.487013 172.445424 64.000000 15.222316 163.384671 172.114022 256.000000 212.316454 62.276587 87.066440 0.000000 9.887191 63.741009 85.069460 256.000000 222.638200 34.979487 153.004015 0.000000 11.332838 35.886291 154.316987 256.000000 215.138908
200.600256 109.667718 64.000000 8.703998 212.895582 114.115505 256.000000 108.118025 143.578153 81.436651 0.000000 15.269643 134.163831 105.475307 256.000000 215.078672 236.357647 119.574196 0.000000 13.604568 231.932647 116.368542 256.000000 199.357264 248.933269 138.734656 0.000000 16.784131 251.773707 133.032716 256.000000 193.785501
215.426973 220.469171 64.000000 33.662916 237.977882 155.888051 256.000000 185.834444 88.367082 103.884687 64.000000 24.455524 86.245096 105.234082 256.000000 192.176358 209.389145 247.521013 64.000000 13.294787 216.015018 241.053276 256.000000 214.996924 16.463420 118.681147 0.000000 17.537072 17.592951 121.945467 256.000000 201.026642
150.703193 195.764449 0.000000 26.623994 136.300825 197.064984 256.000000 182.547319 237.191520 189.637004 64.000000 10.179762 237.836162 188.889240 256.000000 208.538842 215.321569 147.469813 0.000000 11.552266 225.567658 155.674429 256.000000 194.779383 232.452244 126.138802 64.000000 12.404165 231.090945 126.011745 256.000000 202.097969
24.336753 251.527735 0.000000 34.187824 28.042065 203.339758 256.000000 185.249301 173.496855 235.124065 64.000000 19.430180 175.110907 233.345285 256.000000 180.688630 215.797969 175.667122 64.000000 13.862719 213.744456 181.002275 256.000000 225.477863 188.714256 241.902289 64.000000 21.710516 185.063824 233.289162 256.000000 179.062277
99.499864 198.093869 64.000000 24.644835 104.240993 200.557831 256.000000 192.400089 204.005069 218.920389 0.000000 30.784531 193.263525 224.804671 256.000000 181.983688 96.629015 110.193282 64.000000 24.928801 102.133218 112.437611 256.000000 182.495688 119.527636 134.127185 64.000000 9.478452 123.189615 134.600256 256.000000 191.337367
183.495415 25.921336 64.000000 19.318315 180.603971 28.129345 256.000000 183.919822 46.882945 138.046076 64.000000 13.213039 49.091925 139.894651 256.000000 204.326675 213.902495 121.429505 64.000000 22.566717 211.378358 122.326876 256.000000 221.149528 10.296031 191.566895 0.000000 16.642147 0.512402 192.762247 256.000000 195.910946
130.372940 97.067664 0.000000 16.599122 126.305342 109.735415 256.000000 193.359551 119.449267 77.279480 64.000000 11.122014 124.695293 73.116491 256.000000 201.947381 249.932540 108.032533 0.000000 23.685373 238.233515 95.532425 256.000000 204.386910 80.425578 83.297724 0.000000 17.403693 84.012189 68.411231 256.000000 194.013534
16.838285 132.036955 64.000000 25.849540 13.668529 142.139007 256.000000 201.250373 242.483962 246.554522 0.000000 16.026887 244.870047 244.434229 256.000000 182.031016 182.251904 144.985589 64.000000 17.231593 182.647522 136.080396 256.000000 198.199886 38.361689 249.343564 64.000000 26.985405 41.071573 236.731149 256.000000 176.726009
173.741716 238.008704 0.000000 12.481611 176.024469 237.367849 256.000000 115.565687 125.411202 196.619989 0.000000 27.265069 104.847927 174.459042 256.000000 180.529437 31.448375 145.875038 64.000000 12.752669 35.608893 161.461855 256.000000 204.051314 19.256284 186.761998 0.000000 20.415457 24.277160 190.433887 256.000000 194.899853
189.598718 128.861029 64.000000 13.307694 190.199047 133.133949 256.000000 121.576308 222.651802 185.728584 0.000000 16.594820 221.290433 182.275284 256.000000 204.989263 83.174911 100.027915 64.000000 30.806043 79.253035 103.870655 256.000000 198.759214 242.014962 138.141818 0.000000 30.483354 240.605002 133.986144 256.000000 233.175071
114.136187 59.596880 0.000000 14.374719 103.428216 66.235960 256.000000 181.480294 105.148696 149.493700 0.000000 20.901642 110.848365 157.789342 256.000000 190.821065 19.555016 150.279467 64.000000 29.024800 38.358589 148.564651 256.000000 180.882243 140.937625 102.242178 64.000000 18.251290 62.825211 201.724871 256.000000 210.470673
11.658691 38.268318 0.000000 35.969067 17.821771 55.932809 256.000000 195.424761 212.760298 168.427440 64.000000 24.395288 203.228618 171.164849 256.000000 189.534611 20.408245 116.194851 0.000000 24.434011 19.764678 121.562116 256.000000 201.022339 114.124618 94.987031 64.000000 11.195157 112.729107 80.313073 256.000000 205.811044
228.323022 137.350064 64.000000 12.485913 226.252064 138.552735 256.000000 205.548590 61.214936 108.870595 0.000000 14.749039 66.276145 108.594696 256.000000 188.824695 200.249318 76.074064 0.000000 14.564030 197.305358 78.566500 256.000000 208.332321 149.581216 124.489018 64.000000 14.508097 141.900135 133.414431 256.000000 204.584826
166.875347 141.037698 64.000000 13.221644 165.744995 146.174991 256.000000 197.890105 11.690698 30.017344 64.000000 15.020097 13.703104 32.013811 256.000000 214.773193 163.599385 234.262220 64.000000 11.031661 163.236105 234.303918 256.000000 220.727881 86.349020 203.090116 64.000000 19.765777 74.008447 198.879233 256.000000 191.604123
25.536045 231.257016 64.000000 14.977072 24.842707 229.115778 256.000000 194.990206 65.646075 82.044855 0.000000 8.665275 46.015955 84.040045 256.000000 209.149800 80.150800 175.101975 0.000000 10.313140 78.341776 173.541649 256.000000 204.916120 126.014489 111.979644 64.000000 9.568804 123.157635 108.053549 256.000000 219.062806
137.781882 85.631447 0.000000 15.063123 142.839582 100.425320 256.000000 198.294542 247.974198 173.978955 0.000000 17.679055 225.672549 178.219613 256.000000 196.823080 5.475822 71.200076 64.000000 22.945339 19.541575 78.685098 256.000000 186.561570 87.967845 112.426865 0.000000 9.581712 88.000095 111.932460 256.000000 192.615215
89.328615 42.451384 0.000000 16.870181 85.327062 43.445869 256.000000 201.951684 155.976829 29.654073 0.000000 13.492703 187.883956 23.789220 256.000000 190.253132 135.823575 116.366851 64.000000 12.709644 136.610971 130.992304 256.000000 191.388997 221.158256 61.079231 0.000000 22.966852 219.548600 52.459160 256.000000 180.946781
193.582393 45.900551 64.000000 11.978216 201.045182 50.032525 256.000000 194.073770 134.208551 149.948307 64.000000 13.858417 138.407640 155.851262 256.000000 179.707655 150.261444 135.037089 64.000000 17.696265 152.972191 129.767804 256.000000 194.968694 128.300764 92.673962 64.000000 23.655255 135.324298 98.837133 256.000000 207.583682
154.347838 0.117642 0.000000 11.741577 153.650155 0.258273 256.000000 240.549591 62.805493 109.171671 0.000000 30.642547 70.815905 110.043958 256.000000 193.251988 79.745751 119.264524 0.000000 20.755356 86.694700 90.687985 256.000000 234.758399 72.851393 78.399947 64.000000 18.935391 72.151607 77.001513 256.000000 172.987119
136.030371 67.114991 64.000000 19.955088 132.569736 68.326940 256.000000 188.562242 242.476353 183.360176 64.000000 25.070784 242.111522 186.653009 256.000000 219.148856 174.400913 78.832218 64.000000 8.699695 170.940216 82.224282 256.000000 209.575749 125.926802 38.606647 0.000000 8.979359 134.269018 37.679684 256.000000 225.697292
128.542578 235.036542 64.000000 12.929073 129.595065 233.668667 256.000000 238.914633 127.431787 217.638062 64.000000 24.279120 124.697931 214.475560 256.000000 178.395387 67.101680 148.799635 64.000000 12.167527 67.497125 150.982829 256.000000 207.626708 112.563218 147.537635 64.000000 17.502651 57.748167 249.657535 256.000000 200.815818
96.337191 138.078849 0.000000 16.762618 98.404333 147.072882 256.000000 228.493930 230.523762 241.940880 64.000000 16.409811 230.736782 242.000445 256.000000 208.921766 95.602705 122.644484 0.000000 9.659157 95.901935 125.776865 256.000000 223.262065 10.793773 49.654893 0.000000 20.243357 11.678707 52.922887 256.000000 228.855341
32.397576 195.624747 64.000000 11.866350 36.561318 207.888596 256.000000 213.904084 133.928213 103.597215 64.000000 11.147829 126.918324 103.702533 256.000000 197.425433 137.109793 208.146373 0.000000 23.698280 138.186573 200.077907 256.000000 188.420258 219.611731 88.726020 64.000000 12.386955 214.935411 90.343189 256.000000 194.370644
89.633585 87.480233 0.000000 11.341443 91.253569 87.541900 256.000000 202.304490 26.707018 234.410709 0.000000 16.031190 32.238580 240.887373 256.000000 228.894064 88.629162 11.733729 64.000000 14.482282 93.400533 11.213736 256.000000 225.374603 201.212260 24.124073 64.000000 10.343258 204.050402 24.306540 256.000000 185.318141
254.250833 160.867809 0.000000 19.774382 250.598891 164.087498 256.000000 189.487283 80.183273 116.141805 0.000000 9.310653 83.184691 112.105660 256.000000 212.587513 159.556442 67.883762 64.000000 9.788233 157.360900 69.745911 256.000000 192.150543 110.108105 168.823282 0.000000 11.225275 113.839153 176.875400 256.000000 192.417299
133.735115 159.934975 0.000000 9.689275 127.439238 161.790525 256.000000 181.420058 159.023522 129.616389 0.000000 8.871796 160.692916 135.025815 256.000000 204.842977 95.806622 77.457055 0.000000 21.809474 76.647991 89.250916 256.000000 200.635113 86.876915 56.298458 0.000000 14.142383 89.542938 54.951578 256.000000 216.068252
131.372747 159.092858 64.000000 10.136737 126.602225 157.175713 256.000000 194.895551 181.935165 229.201284 64.000000 11.427493 178.526205 230.063204 256.000000 204.163179 109.602216 55.962840 64.000000 9.758115 110.443453 55.918507 256.000000 217.767747 87.303547 112.753462 0.000000 9.065410 89.186275 109.311678 256.000000 204.012591
25.374164 211.871807 0.000000 31.382581 44.729487 206.471291 256.000000 199.869264 35.808185 79.463616 64.000000 23.465944 37.211509 79.334375 256.000000 212.875782 234.879135 214.958369 0.000000 22.325776 229.887165 209.216438 256.000000 179.393571 144.487707 225.936520 0.000000 15.007190 143.867787 224.443711 256.000000 174.961976
123.312531 106.986289 0.000000 15.588030 138.986162 132.300600 256.000000 190.704896 46.500498 175.315664 0.000000 19.137609 44.624291 172.764165 256.000000 203.427448 142.426031 198.257318 64.000000 26.667019 133.293996 189.950551 256.000000 174.351018 212.086804 45.130265 0.000000 20.600466 208.382031 45.639645 256.000000 192.081703
212.103885 151.972360 64.000000 9.444031 218.411842 149.190909 256.000000 203.840490 86.283084 141.135038 64.000000 18.341643 92.205804 139.043787 256.000000 179.711958 128.438615 45.325280 64.000000 8.858889 131.110093 45.254576 256.000000 115.264511 126.203849 109.491215 0.000000 21.452365 148.248804 119.509069 256.000000 197.347987
134.391773 61.114367 64.000000 12.081476 139.326440 66.200885 256.000000 208.685128 13.177869 2.308776 64.000000 13.058148 14.161195 2.308845 320.000000 197.416828 122.348864 236.240822 64.000000 18.496533 126.320722 237.461691 256.000000 208.035447 228.182107 147.323915 64.000000 25.475221 221.352016 105.703787 256.000000 215.526134
