122.348864 236.240822 64.000000 18.496533 126.320722 237.461691 256.000000 208.035447 46.500498 175.315664 0.000000 19.137609 44.624291 172.764165 256.000000 203.427448 247.358700 106.247207 0.000000 9.043897 245.721600 108.167540 256.000000 209.562842 84.069073 172.402064 0.000000 22.949642 94.474484 171.967676 256.000000 194.723450
140.937625 102.242178 64.000000 18.251290 62.825211 201.724871 256.000000 210.470673 14.839115 196.960822 64.000000 31.382581 44.922420 201.801380 256.000000 184.900797 98.363329 94.150315 64.000000 8.897611 96.407531 88.024047 256.000000 208.986304 101.149678 160.731042 0.000000 26.920868 101.025478 157.371724 256.000000 208.470002
30.300762 145.774153 64.000000 19.116096 35.206982 148.986531 256.000000 196.375618 13.177869 2.308776 64.000000 13.058148 14.161195 2.308845 320.000000 197.416828 128.300764 92.673962 64.000000 23.655255 135.324298 98.837133 256.000000 207.583682 213.902495 121.429505 64.000000 22.566717 211.378358 122.326876 256.000000 221.149528
146.996135 222.173722 64.000000 17.240198 147.692467 221.196716 256.000000 209.257363 202.870918 199.596547 64.000000 25.604297 206.945180 194.506973 256.000000 189.857300 189.598718 128.861029 64.000000 13.307694 190.199047 133.133949 256.000000 121.576308 51.597115 36.172718 64.000000 10.799325 52.497902 36.848815 256.000000 230.705425
249.932540 108.032533 0.000000 23.685373 238.233515 95.532425 256.000000 204.386910 124.632027 237.712309 64.000000 24.752398 110.734278 227.046416 256.000000 201.405264 86.283084 141.135038 64.000000 18.341643 92.205804 139.043787 256.000000 179.711958 174.979762 67.771660 0.000000 26.107691 130.432909 137.394933 256.000000 192.283921
87.967845 112.426865 0.000000 9.581712 88.000095 111.932460 256.000000 192.615215 80.619129 6.607289 0.000000 18.879458 83.058913 8.954367 256.000000 215.375546 144.263205 27.349629 0.000000 16.457139 146.370369 27.495925 256.000000 232.835172 19.382369 45.410675 64.000000 34.248059 31.821280 42.883104 256.000000 178.730983
219.611731 88.726020 64.000000 12.386955 214.935411 90.343189 256.000000 194.370644 93.207173 124.513975 64.000000 19.920668 84.794665 117.278607 256.000000 200.325331 236.792856 140.279795 0.000000 18.216870 234.338522 140.567236 256.000000 212.785429 200.600256 109.667718 64.000000 8.703998 212.895582 114.115505 256.000000 108.118025
112.214185 53.882325 0.000000 12.124501 111.469749 56.996860 256.000000 190.347787 242.483962 246.554522 0.000000 16.026887 244.870047 244.434229 256.000000 182.031016 212.103885 151.972360 64.000000 9.444031 218.411842 149.190909 256.000000 203.840490 80.425578 83.297724 0.000000 17.403693 84.012189 68.411231 256.000000 194.013534
209.389145 247.521013 64.000000 13.294787 216.015018 241.053276 256.000000 214.996924 251.487049 168.241820 0.000000 17.498349 251.134169 173.416991 256.000000 178.795521 35.334865 64.230816 64.000000 20.570348 40.027289 24.457991 256.000000 197.842777 117.344433 211.118564 0.000000 10.954216 110.208836 210.964782 256.000000 219.807142
136.030371 67.114991 64.000000 19.955088 132.569736 68.326940 256.000000 188.562242 112.563218 147.537635 64.000000 17.502651 57.748167 249.657535 256.000000 200.815818 31.448375 145.875038 64.000000 12.752669 35.608893 161.461855 256.000000 204.051314 150.261444 135.037089 64.000000 17.696265 152.972191 129.767804 256.000000 194.968694
40.101191 58.827013 64.000000 13.419560 32.506489 59.397144 256.000000 204.283650 96.455300 85.788498 64.000000 16.525979 96.924075 86.182931 256.000000 206.654338 173.741716 238.008704 0.000000 12.481611 176.024469 237.367849 256.000000 115.565687 75.613071 140.973844 64.000000 20.282079 78.444833 131.483158 256.000000 188.768762
151.611007 76.407242 64.000000 13.152804 147.900480 76.685198 256.000000 213.688958 203.718551 243.114018 0.000000 13.376535 202.208089 243.696120 256.000000 197.864290 147.581189 3.716871 64.000000 10.115225 146.902164 5.534582 256.000000 205.221599 32.397576 195.624747 64.000000 11.866350 36.561318 207.888596 256.000000 213.904084
121.605042 209.451160 0.000000 18.122214 133.948185 196.507885 256.000000 201.319213 24.591825 208.906858 0.000000 14.929744 26.320402 213.047851 256.000000 192.576493 154.347838 0.117642 0.000000 11.741577 153.650155 0.258273 256.000000 240.549591 252.446495 9.965069 0.000000 23.668163 248.500378 12.214602 256.000000 198.587113
174.400913 78.832218 64.000000 8.699695 170.940216 82.224282 256.000000 209.575749 222.651802 185.728584 0.000000 16.594820 221.290433 182.275284 256.000000 204.989263 148.688284 106.385678 0.000000 10.037779 148.573755 109.585905 256.000000 204.597734 149.581216 124.489018 64.000000 14.508097 141.900135 133.414431 256.000000 204.584826
133.735115 159.934975 0.000000 9.689275 127.439238 161.790525 256.000000 181.420058 51.989064 176.776155 0.000000 12.421375 48.542873 172.441504 256.000000 208.224758 251.593015 161.420018 64.000000 10.184065 249.704282 172.858204 256.000000 194.572862 89.633585 87.480233 0.000000 11.341443 91.253569 87.541900 256.000000 202.304490
224.024745 148.918920 0.000000 19.782987 220.852493 151.479504 256.000000 201.968894 116.356880 54.001275 0.000000 17.197172 118.014285 56.008680 256.000000 197.081231 114.124618 94.987031 64.000000 11.195157 112.729107 80.313073 256.000000 205.811044 70.070638 242.141776 0.000000 10.429308 77.212300 240.603205 256.000000 223.916048
21.131915 203.724051 64.000000 10.782115 18.588718 196.492522 256.000000 199.942407 250.871565 77.941122 0.000000 17.360668 251.623171 70.110264 256.000000 159.365341 111.224100 106.039056 64.000000 12.034148 111.882440 103.936175 256.000000 203.930843 248.933269 138.734656 0.000000 16.784131 251.773707 133.032716 256.000000 193.785501
16.463420 118.681147 0.000000 17.537072 17.592951 121.945467 256.000000 201.026642 135.695196 146.066649 0.000000 15.243828 133.594191 132.969507 256.000000 177.100328 12.008318 52.097178 64.000000 12.094384 12.520333 52.844200 256.000000 195.588257 95.602705 122.644484 0.000000 9.659157 95.901935 125.776865 256.000000 223.262065
215.426973 220.469171 64.000000 33.662916 237.977882 155.888051 256.000000 185.834444 113.841813 70.531367 64.000000 34.648194 113.573978 71.047967 256.000000 181.475991 166.875347 141.037698 64.000000 13.221644 165.744995 146.174991 256.000000 197.890105 20.178844 184.901949 64.000000 18.126517 23.487018 184.392729 256.000000 186.324931
21.303882 248.240451 64.000000 30.311253 26.499015 247.883367 256.000000 190.876997 215.321569 147.469813 0.000000 11.552266 225.567658 155.674429 256.000000 194.779383 98.858775 183.133025 0.000000 21.405037 98.757887 177.834404 256.000000 203.530709 220.037436 104.144455 0.000000 8.828771 218.720665 105.204156 256.000000 213.228589
97.131358 123.647396 0.000000 8.712603 86.834011 113.708671 256.000000 94.246701 210.260715 178.212551 64.000000 14.942652 210.400416 177.836418 256.000000 187.753368 25.374164 211.871807 0.000000 31.382581 44.729487 206.471291 256.000000 199.869264 159.134376 145.149464 64.000000 25.453708 153.100298 139.506036 256.000000 178.408294
243.251875 31.932613 64.000000 20.673609 251.442133 36.772064 256.000000 226.497560 152.838184 198.653700 64.000000 8.725511 151.530295 198.456009 256.000000 231.836988 177.782431 108.227484 64.000000 32.144127 83.381244 253.469804 256.000000 190.115451 19.555016 150.279467 64.000000 29.024800 38.358589 148.564651 256.000000 180.882243
113.963196 148.232962 64.000000 23.685373 109.860096 151.484805 256.000000 200.570575 65.071200 74.177149 64.000000 10.468031 62.983118 72.181973 256.000000 211.942135 130.372940 97.067664 0.000000 16.599122 126.305342 109.735415 256.000000 193.359551 196.599416 193.126322 0.000000 14.353207 198.340140 189.991231 256.000000 189.108662
130.471951 127.094142 0.000000 13.126989 122.983105 124.787887 256.000000 222.969494 185.623298 12.696413 0.000000 9.487057 186.273191 14.686304 256.000000 203.255347 126.014489 111.979644 64.000000 9.568804 123.157635 108.053549 256.000000 219.062806 49.181336 6.356822 64.000000 44.337469 56.718927 14.377571 256.000000 208.220455
95.806622 77.457055 0.000000 21.809474 76.647991 89.250916 256.000000 200.635113 5.128476 227.793340 64.000000 28.439657 7.034771 225.051600 256.000000 192.451720 88.629162 11.733729 64.000000 14.482282 93.400533 11.213736 256.000000 225.374603 91.057040 158.967644 64.000000 14.761946 60.975860 185.558982 256.000000 197.193097
125.411202 196.619989 0.000000 27.265069 104.847927 174.459042 256.000000 180.529437 41.854135 118.148262 0.000000 12.335325 31.333796 110.463356 256.000000 207.880556 159.556442 67.883762 64.000000 9.788233 157.360900 69.745911 256.000000 192.150543 156.335213 82.360798 0.000000 14.142383 158.102155 86.371567 256.000000 200.118810
11.658691 38.268318 0.000000 35.969067 17.821771 55.932809 256.000000 195.424761 128.076585 81.631755 0.000000 8.734116 137.999467 78.865504 256.000000 197.520088 135.823575 116.366851 64.000000 12.709644 136.610971 130.992304 256.000000 191.388997 95.252076 178.146189 64.000000 14.800669 110.103438 183.832047 256.000000 182.646277
226.499173 227.692507 64.000000 8.669578 232.540307 233.292531 256.000000 210.169497 26.707018 234.410709 0.000000 16.031190 32.238580 240.887373 256.000000 228.894064 38.361689 249.343564 64.000000 26.985405 41.071573 236.731149 256.000000 176.726009 35.808185 79.463616 64.000000 23.465944 37.211509 79.334375 256.000000 212.875782
132.472242 32.604187 64.000000 23.465944 130.459762 34.599413 256.000000 209.476791 3.321891 115.442184 0.000000 9.573107 4.542760 114.466235 256.000000 209.072354 234.879135 214.958369 0.000000 22.325776 229.887165 209.216438 256.000000 179.393571 5.475822 71.200076 64.000000 22.945339 19.541575 78.685098 256.000000 186.561570
25.536045 231.257016 64.000000 14.977072 24.842707 229.115778 256.000000 194.990206 110.108105 168.823282 0.000000 11.225275 113.839153 176.875400 256.000000 192.417299 11.690698 30.017344 64.000000 15.020097 13.703104 32.013811 256.000000 214.773193 172.541075 88.183251 0.000000 18.853643 170.282347 91.082345 256.000000 201.525734
160.030358 195.722078 64.000000 15.631055 155.953105 194.103058 256.000000 196.035719 183.495415 25.921336 64.000000 19.318315 180.603971 28.129345 256.000000 183.919822 140.977140 145.963571 0.000000 12.675224 152.447355 137.098311 256.000000 188.093267 48.066036 162.538315 0.000000 17.472534 50.255035 162.840351 256.000000 215.668118
197.608556 99.061744 64.000000 15.415929 204.734556 93.179307 256.000000 188.519216 182.251904 144.985589 64.000000 17.231593 182.647522 136.080396 256.000000 198.199886 79.745751 119.264524 0.000000 20.755356 86.694700 90.687985 256.000000 234.758399 193.582393 45.900551 64.000000 11.978216 201.045182 50.032525 256.000000 194.073770
