117.344433 211.118564 0.000000 10.954216 110.208836 210.964782 256.000000 219.807142 116.356880 54.001275 0.000000 17.197172 118.014285 56.008680 256.000000 197.081231 72.851393 78.399947 64.000000 18.935391 72.151607 77.001513 256.000000 172.987119 254.737865 201.967660 0.000000 10.351863 253.565200 203.836771 256.000000 205.058103
38.665900 96.179075 0.000000 13.875627 41.274293 100.904440 256.000000 213.886874 30.300762 145.774153 64.000000 19.116096 35.206982 148.986531 256.000000 196.375618 5.475822 71.200076 64.000000 22.945339 19.541575 78.685098 256.000000 186.561570 218.007247 158.680782 64.000000 19.468903 214.793338 156.727135 256.000000 215.547647
200.600256 109.667718 64.000000 8.703998 212.895582 114.115505 256.000000 108.118025 16.953198 187.973922 64.000000 27.656599 20.910393 185.633595 256.000000 173.266783 79.745751 119.264524 0.000000 20.755356 86.694700 90.687985 256.000000 234.758399 173.496855 235.124065 64.000000 19.430180 175.110907 233.345285 256.000000 180.688630
155.789513 166.940378 64.000000 12.563358 151.289589 171.975507 256.000000 193.604795 58.242033 26.862020 64.000000 19.322617 58.621407 22.102998 256.000000 192.322644 51.690775 99.905480 0.000000 12.025543 45.103507 98.574427 256.000000 206.267111 80.150800 175.101975 0.000000 10.313140 78.341776 173.541649 256.000000 204.916120
3.321891 115.442184 0.000000 9.573107 4.542760 114.466235 256.000000 209.072354 142.402875 114.516822 64.000000 10.334653 137.825442 114.987200 256.000000 216.231748 150.703193 195.764449 0.000000 26.623994 136.300825 197.064984 256.000000 182.547319 232.940276 74.030638 0.000000 28.775254 234.763895 78.459965 256.000000 176.454950
251.487049 168.241820 0.000000 17.498349 251.134169 173.416991 256.000000 178.795521 228.182107 147.323915 64.000000 25.475221 221.352016 105.703787 256.000000 215.526134 172.541075 88.183251 0.000000 18.853643 170.282347 91.082345 256.000000 201.525734 146.937142 90.403724 0.000000 26.124901 149.641009 84.323620 256.000000 185.331049
46.500498 175.315664 0.000000 19.137609 44.624291 172.764165 256.000000 203.427448 211.438422 92.413407 0.000000 9.220300 210.231958 92.555300 256.000000 193.578980 156.519542 39.945578 0.000000 19.103189 162.890389 40.997333 256.000000 201.005129 210.260715 178.212551 64.000000 14.942652 210.400416 177.836418 256.000000 187.753368
56.743882 148.705325 0.000000 26.490616 70.396416 161.595824 256.000000 186.978914 228.688136 55.396816 0.000000 11.341443 222.897065 57.954793 256.000000 199.525062 19.555016 150.279467 64.000000 29.024800 38.358589 148.564651 256.000000 180.882243 133.928213 103.597215 64.000000 11.147829 126.918324 103.702533 256.000000 197.425433
152.838184 198.653700 64.000000 8.725511 151.530295 198.456009 256.000000 231.836988 48.712489 249.308982 0.000000 13.565846 38.666671 250.934667 256.000000 201.345028 78.414085 69.671393 64.000000 24.851356 115.854440 46.867929 256.000000 168.551221 220.037436 104.144455 0.000000 8.828771 218.720665 105.204156 256.000000 213.228589
163.599385 234.262220 64.000000 11.031661 163.236105 234.303918 256.000000 220.727881 31.775711 235.704156 64.000000 19.012836 42.004176 236.324147 256.000000 201.177230 247.358700 106.247207 0.000000 9.043897 245.721600 108.167540 256.000000 209.562842 86.283084 141.135038 64.000000 18.341643 92.205804 139.043787 256.000000 179.711958
24.591825 208.906858 0.000000 14.929744 26.320402 213.047851 256.000000 192.576493 83.174911 100.027915 64.000000 30.806043 79.253035 103.870655 256.000000 198.759214 13.184431 95.582987 64.000000 12.756972 6.482278 90.788529 256.000000 198.251517 204.718140 210.863485 64.000000 12.219157 203.061029 213.058045 256.000000 214.570975
202.870918 199.596547 64.000000 25.604297 206.945180 194.506973 256.000000 189.857300 244.281578 241.481924 64.000000 8.617948 245.937345 239.752313 256.000000 199.172256 86.349020 203.090116 64.000000 19.765777 74.008447 198.879233 256.000000 191.604123 26.707018 234.410709 0.000000 16.031190 32.238580 240.887373 256.000000 228.894064
21.131915 203.724051 64.000000 10.782115 18.588718 196.492522 256.000000 199.942407 62.265200 82.093745 64.000000 16.956231 62.604165 81.888442 256.000000 185.438612 242.476353 183.360176 64.000000 25.070784 242.111522 186.653009 256.000000 219.148856 83.420480 203.227987 64.000000 14.465072 87.733027 199.914818 256.000000 224.931443
69.825724 184.523496 0.000000 9.598922 29.673556 209.092820 256.000000 191.746106 215.797969 175.667122 64.000000 13.862719 213.744456 181.002275 256.000000 225.477863 179.358493 246.967867 64.000000 13.268972 196.956667 255.598835 256.000000 198.526878 57.584815 61.432673 0.000000 21.267356 61.937669 66.249331 256.000000 195.373131
114.642255 56.752698 64.000000 14.865207 117.727560 57.147116 256.000000 190.416628 173.275993 127.407580 64.000000 10.166855 173.455944 130.553958 256.000000 215.306706 46.882945 138.046076 64.000000 13.213039 49.091925 139.894651 256.000000 204.326675 20.408245 116.194851 0.000000 24.434011 19.764678 121.562116 256.000000 201.022339
135.719175 182.733887 0.000000 9.401006 150.992104 178.422731 256.000000 203.014406 30.678715 240.146905 64.000000 19.847525 34.675942 240.595035 256.000000 191.913905 173.741716 238.008704 0.000000 12.481611 176.024469 237.367849 256.000000 115.565687 237.191520 189.637004 64.000000 10.179762 237.836162 188.889240 256.000000 208.538842
97.131358 123.647396 0.000000 8.712603 86.834011 113.708671 256.000000 94.246701 95.806622 77.457055 0.000000 21.809474 76.647991 89.250916 256.000000 200.635113 119.449267 77.279480 64.000000 11.122014 124.695293 73.116491 256.000000 201.947381 181.935165 229.201284 64.000000 11.427493 178.526205 230.063204 256.000000 204.163179
232.452244 126.138802 64.000000 12.404165 231.090945 126.011745 256.000000 202.097969 216.164249 217.116024 64.000000 9.616132 216.903836 218.334036 256.000000 109.301218 13.177869 2.308776 64.000000 13.058148 14.161195 2.308845 320.000000 197.416828 224.024745 148.918920 0.000000 19.782987 220.852493 151.479504 256.000000 201.968894
112.563218 147.537635 64.000000 17.502651 57.748167 249.657535 256.000000 200.815818 35.334865 64.230816 64.000000 20.570348 40.027289 24.457991 256.000000 197.842777 254.250833 160.867809 0.000000 19.774382 250.598891 164.087498 256.000000 189.487283 89.328615 42.451384 0.000000 16.870181 85.327062 43.445869 256.000000 201.951684
209.389145 247.521013 64.000000 13.294787 216.015018 241.053276 256.000000 214.996924 248.356625 110.175640 0.000000 14.198316 252.138198 119.693495 256.000000 216.842705 29.592920 78.329302 0.000000 10.743392 29.929142 86.111253 256.000000 190.683384 144.487707 225.936520 0.000000 15.007190 143.867787 224.443711 256.000000 174.961976
140.977140 145.963571 0.000000 12.675224 152.447355 137.098311 256.000000 188.093267 11.658691 38.268318 0.000000 35.969067 17.821771 55.932809 256.000000 195.424761 203.718551 243.114018 0.000000 13.376535 202.208089 243.696120 256.000000 197.864290 52.671727 244.890036 64.000000 26.963893 54.662155 242.777291 256.000000 203.479078
197.608556 99.061744 64.000000 15.415929 204.734556 93.179307 256.000000 188.519216 209.370871 84.399162 64.000000 16.263526 203.234867 75.016273 256.000000 236.139508 92.233429 24.334887 0.000000 33.482211 87.793565 25.288493 256.000000 181.613672 145.398047 132.712855 64.000000 22.325776 155.105951 173.031856 256.000000 218.753024
196.599416 193.126322 0.000000 14.353207 198.340140 189.991231 256.000000 189.108662 47.895138 98.163633 64.000000 14.645778 44.142169 82.872253 256.000000 203.960961 129.375465 194.191344 0.000000 12.146014 134.519027 194.210411 256.000000 192.240896 180.286484 126.127756 64.000000 19.309710 174.115351 127.473687 256.000000 177.797336
126.203849 109.491215 0.000000 21.452365 148.248804 119.509069 256.000000 197.347987 121.439378 83.610747 64.000000 25.862448 143.434827 80.808938 256.000000 193.393971 90.831824 206.829242 64.000000 11.104804 95.414738 214.578598 256.000000 211.924925 11.690698 30.017344 64.000000 15.020097 13.703104 32.013811 256.000000 214.773193
250.386975 118.993425 64.000000 9.710788 236.166615 121.590209 256.000000 197.119954 229.217964 176.271109 64.000000 24.511456 227.547549 178.169227 256.000000 223.696620 4.975264 235.616335 0.000000 23.947826 5.298224 234.048029 256.000000 203.565129 138.530662 113.588798 0.000000 16.160265 136.215342 121.908413 256.000000 196.831685
255.223775 186.165238 64.000000 9.865678 235.215347 206.805958 256.000000 113.367099 232.225540 216.508793 64.000000 23.943524 230.165389 214.698698 256.000000 201.848423 96.455300 85.788498 64.000000 16.525979 96.924075 86.182931 256.000000 206.654338 38.684391 194.496145 0.000000 17.304735 40.593571 196.339996 256.000000 200.278003
19.217700 51.144642 64.000000 25.419288 22.519847 52.887855 256.000000 184.474848 211.420645 166.746942 0.000000 14.710316 205.803733 185.269371 256.000000 222.259578 0.759205 124.842229 64.000000 22.773238 3.003635 123.273302 256.000000 211.460253 91.057040 158.967644 64.000000 14.761946 60.975860 185.558982 256.000000 197.193097
182.251904 144.985589 64.000000 17.231593 182.647522 136.080396 256.000000 198.199886 160.030358 195.722078 64.000000 15.631055 155.953105 194.103058 256.000000 196.035719 84.069073 172.402064 0.000000 22.949642 94.474484 171.967676 256.000000 194.723450 176.132931 53.115349 64.000000 13.256064 174.406844 54.087362 256.000000 194.138307
159.023522 129.616389 0.000000 8.871796 160.692916 135.025815 256.000000 204.842977 212.760298 168.427440 64.000000 24.395288 203.228618 171.164849 256.000000 189.534611 16.838285 132.036955 64.000000 25.849540 13.668529 142.139007 256.000000 201.250373 111.224100 106.039056 64.000000 12.034148 111.882440 103.936175 256.000000 203.930843
142.426031 198.257318 64.000000 26.667019 133.293996 189.950551 256.000000 174.351018 222.357396 153.320347 0.000000 8.691090 224.402025 155.204929 256.000000 208.478607 114.136187 59.596880 0.000000 14.374719 103.428216 66.235960 256.000000 181.480294 212.103885 151.972360 64.000000 9.444031 218.411842 149.190909 256.000000 203.840490
177.104045 98.824253 0.000000 16.048400 171.943107 113.839929 256.000000 204.911818 247.974198 173.978955 0.000000 17.679055 225.672549 178.219613 256.000000 196.823080 140.937625 102.242178 64.000000 18.251290 62.825211 201.724871 256.000000 210.470673 133.735115 159.934975 0.000000 9.689275 127.439238 161.790525 256.000000 181.420058
200.249318 76.074064 0.000000 14.564030 197.305358 78.566500 256.000000 208.332321 234.879135 214.958369 0.000000 22.325776 229.887165 209.216438 256.000000 179.393571 244.000284 252.903869 0.000000 21.581440 249.554773 250.536218 256.000000 199.340054 175.471164 170.251064 64.000000 16.844366 172.310782 175.362545 256.000000 202.222743
