190.410535 147.751309 64.000000 8.725511 189.476100 145.567827 256.000000 105.489185 179.972122 44.313996 64.000000 8.798653 173.390011 26.622276 256.000000 195.011719 86.876915 56.298458 0.000000 14.142383 89.542938 54.951578 256.000000 216.068252 52.671727 244.890036 64.000000 26.963893 54.662155 242.777291 256.000000 203.479078
75.423020 109.856489 64.000000 29.554010 83.632980 107.060293 256.000000 176.536698 205.008438 22.661560 64.000000 22.205306 203.670367 6.239025 256.000000 233.897895 232.225540 216.508793 64.000000 23.943524 230.165389 214.698698 256.000000 201.848423 242.014962 138.141818 0.000000 30.483354 240.605002 133.986144 256.000000 233.175071
141.807884 162.971385 64.000000 15.807458 144.887660 158.679796 256.000000 198.199886 127.431787 217.638062 64.000000 24.279120 124.697931 214.475560 256.000000 178.395387 41.854135 118.148262 0.000000 12.335325 31.333796 110.463356 256.000000 207.880556 4.975264 235.616335 0.000000 23.947826 5.298224 234.048029 256.000000 203.565129
91.057040 158.967644 64.000000 14.761946 60.975860 185.558982 256.000000 197.193097 163.150858 243.437129 0.000000 16.646450 156.690025 245.009055 256.000000 178.589000 159.556442 67.883762 64.000000 9.788233 157.360900 69.745911 256.000000 192.150543 201.212260 24.124073 64.000000 10.343258 204.050402 24.306540 256.000000 185.318141
224.024745 148.918920 0.000000 19.782987 220.852493 151.479504 256.000000 201.968894 125.063093 255.071811 0.000000 10.949913 132.128344 254.871644 256.000000 215.332521 165.487013 172.445424 64.000000 15.222316 163.384671 172.114022 256.000000 212.316454 0.759205 124.842229 64.000000 22.773238 3.003635 123.273302 256.000000 211.460253
182.251904 144.985589 64.000000 17.231593 182.647522 136.080396 256.000000 198.199886 250.386975 118.993425 64.000000 9.710788 236.166615 121.590209 256.000000 197.119954 232.452244 126.138802 64.000000 12.404165 231.090945 126.011745 256.000000 202.097969 255.223775 186.165238 64.000000 9.865678 235.215347 206.805958 256.000000 113.367099
135.823575 116.366851 64.000000 12.709644 136.610971 130.992304 256.000000 191.388997 212.103885 151.972360 64.000000 9.444031 218.411842 149.190909 256.000000 203.840490 117.344433 211.118564 0.000000 10.954216 110.208836 210.964782 256.000000 219.807142 138.530662 113.588798 0.000000 16.160265 136.215342 121.908413 256.000000 196.831685
142.402875 114.516822 64.000000 10.334653 137.825442 114.987200 256.000000 216.231748 95.806622 77.457055 0.000000 21.809474 76.647991 89.250916 256.000000 200.635113 78.414085 69.671393 64.000000 24.851356 115.854440 46.867929 256.000000 168.551221 24.336753 251.527735 0.000000 34.187824 28.042065 203.339758 256.000000 185.249301
56.743882 148.705325 0.000000 26.490616 70.396416 161.595824 256.000000 186.978914 214.673625 116.180422 0.000000 8.880401 213.251096 115.300165 256.000000 185.227789 53.357320 254.128693 64.000000 11.143527 51.326769 253.314678 256.000000 245.127472 135.695196 146.066649 0.000000 15.243828 133.594191 132.969507 256.000000 177.100328
77.104365 165.246015 64.000000 13.875627 79.559524 161.605011 256.000000 175.968765 126.014489 111.979644 64.000000 9.568804 123.157635 108.053549 256.000000 219.062806 47.918060 127.199882 0.000000 9.542989 48.829758 125.518405 256.000000 227.564585 12.008318 52.097178 64.000000 12.094384 12.520333 52.844200 256.000000 195.588257
250.871565 77.941122 0.000000 17.360668 251.623171 70.110264 256.000000 159.365341 254.250833 160.867809 0.000000 19.774382 250.598891 164.087498 256.000000 189.487283 5.475822 71.200076 64.000000 22.945339 19.541575 78.685098 256.000000 186.561570 174.400913 78.832218 64.000000 8.699695 170.940216 82.224282 256.000000 209.575749
30.678715 240.146905 64.000000 19.847525 34.675942 240.595035 256.000000 191.913905 33.083382 226.967515 64.000000 21.994482 37.522969 229.748047 256.000000 197.485668 116.127456 101.249909 64.000000 29.097943 111.874909 104.772855 256.000000 183.747722 10.290525 47.337922 64.000000 12.795694 11.252536 49.205485 256.000000 191.909602
3.321891 115.442184 0.000000 9.573107 4.542760 114.466235 256.000000 209.072354 215.797969 175.667122 64.000000 13.862719 213.744456 181.002275 256.000000 225.477863 62.802509 61.758045 0.000000 19.275290 69.257476 60.469600 256.000000 179.815218 96.860973 75.416084 64.000000 20.419760 93.538622 92.909287 256.000000 191.819249
167.541716 171.119316 0.000000 29.239926 166.489509 167.093138 256.000000 170.814347 210.260715 178.212551 64.000000 14.942652 210.400416 177.836418 256.000000 187.753368 111.224100 106.039056 64.000000 12.034148 111.882440 103.936175 256.000000 203.930843 61.214936 108.870595 0.000000 14.749039 66.276145 108.594696 256.000000 188.824695
87.967845 112.426865 0.000000 9.581712 88.000095 111.932460 256.000000 192.615215 95.602705 122.644484 0.000000 9.659157 95.901935 125.776865 256.000000 223.262065 163.599385 234.262220 64.000000 11.031661 163.236105 234.303918 256.000000 220.727881 131.372747 159.092858 64.000000 10.136737 126.602225 157.175713 256.000000 194.895551
13.177869 2.308776 64.000000 13.058148 14.161195 2.308845 320.000000 197.416828 35.334865 64.230816 64.000000 20.570348 40.027289 24.457991 256.000000 197.842777 134.391773 61.114367 64.000000 12.081476 139.326440 66.200885 256.000000 208.685128 200.249318 76.074064 0.000000 14.564030 197.305358 78.566500 256.000000 208.332321
215.321569 147.469813 0.000000 11.552266 225.567658 155.674429 256.000000 194.779383 125.912238 206.241640 0.000000 9.839863 127.189216 205.750904 256.000000 202.175415 205.804580 147.464944 0.000000 18.909575 198.244245 145.286931 256.000000 195.140795 80.425578 83.297724 0.000000 17.403693 84.012189 68.411231 256.000000 194.013534
81.171109 83.708209 64.000000 29.360396 89.957036 86.692031 256.000000 211.301060 139.671791 166.465327 64.000000 17.463929 114.557653 169.058229 256.000000 192.055888 144.487707 225.936520 0.000000 15.007190 143.867787 224.443711 256.000000 174.961976 86.349020 203.090116 64.000000 19.765777 74.008447 198.879233 256.000000 191.604123
149.581216 124.489018 64.000000 14.508097 141.900135 133.414431 256.000000 204.584826 212.086804 45.130265 0.000000 20.600466 208.382031 45.639645 256.000000 192.081703 25.374164 211.871807 0.000000 31.382581 44.729487 206.471291 256.000000 199.869264 31.448375 145.875038 64.000000 12.752669 35.608893 161.461855 256.000000 204.051314
89.633585 87.480233 0.000000 11.341443 91.253569 87.541900 256.000000 202.304490 114.642255 56.752698 64.000000 14.865207 117.727560 57.147116 256.000000 190.416628 90.831824 206.829242 64.000000 11.104804 95.414738 214.578598 256.000000 211.924925 19.256284 186.761998 0.000000 20.415457 24.277160 190.433887 256.000000 194.899853
59.144749 113.108471 64.000000 22.059020 63.932436 112.055858 256.000000 197.257634 211.438422 92.413407 0.000000 9.220300 210.231958 92.555300 256.000000 193.578980 47.895138 98.163633 64.000000 14.645778 44.142169 82.872253 256.000000 203.960961 221.158256 61.079231 0.000000 22.966852 219.548600 52.459160 256.000000 180.946781
242.476353 183.360176 64.000000 25.070784 242.111522 186.653009 256.000000 219.148856 10.296031 191.566895 0.000000 16.642147 0.512402 192.762247 256.000000 195.910946 26.707018 234.410709 0.000000 16.031190 32.238580 240.887373 256.000000 228.894064 137.781882 85.631447 0.000000 15.063123 142.839582 100.425320 256.000000 198.294542
247.358700 106.247207 0.000000 9.043897 245.721600 108.167540 256.000000 209.562842 244.000284 252.903869 0.000000 21.581440 249.554773 250.536218 256.000000 199.340054 160.492353 96.864829 64.000000 8.940637 158.702976 94.929796 256.000000 219.858772 154.347838 0.117642 0.000000 11.741577 153.650155 0.258273 256.000000 240.549591
168.860942 153.854440 64.000000 12.029846 164.673345 156.839122 256.000000 206.340254 228.323022 137.350064 64.000000 12.485913 226.252064 138.552735 256.000000 205.548590 126.203849 109.491215 0.000000 21.452365 148.248804 119.509069 256.000000 197.347987 79.745751 119.264524 0.000000 20.755356 86.694700 90.687985 256.000000 234.758399
40.101191 58.827013 64.000000 13.419560 32.506489 59.397144 256.000000 204.283650 252.446495 9.965069 0.000000 23.668163 248.500378 12.214602 256.000000 198.587113 238.527795 197.146271 0.000000 34.222244 223.428078 186.820613 256.000000 207.368556 122.186395 167.711140 0.000000 11.423191 124.748175 165.718613 256.000000 204.847280
214.477093 187.594927 0.000000 13.019426 212.639580 186.553120 256.000000 222.582267 68.459491 151.184562 64.000000 29.575522 58.686936 161.242715 256.000000 191.840762 213.979302 115.696102 64.000000 9.099830 210.851313 121.205482 256.000000 209.997396 159.134376 145.149464 64.000000 25.453708 153.100298 139.506036 256.000000 178.408294
150.703193 195.764449 0.000000 26.623994 136.300825 197.064984 256.000000 182.547319 57.584815 61.432673 0.000000 21.267356 61.937669 66.249331 256.000000 195.373131 135.719175 182.733887 0.000000 9.401006 150.992104 178.422731 256.000000 203.014406 99.952522 220.033129 0.000000 11.005846 104.475229 223.416585 256.000000 184.831957
236.792856 140.279795 0.000000 18.216870 234.338522 140.567236 256.000000 212.785429 31.775711 235.704156 64.000000 19.012836 42.004176 236.324147 256.000000 201.177230 139.661978 99.530927 0.000000 13.311997 138.212015 103.349464 256.000000 223.459981 113.963196 148.232962 64.000000 23.685373 109.860096 151.484805 256.000000 200.570575
249.932540 108.032533 0.000000 23.685373 238.233515 95.532425 256.000000 204.386910 83.420480 203.227987 64.000000 14.465072 87.733027 199.914818 256.000000 224.931443 143.578153 81.436651 0.000000 15.269643 134.163831 105.475307 256.000000 215.078672 133.735115 159.934975 0.000000 9.689275 127.439238 161.790525 256.000000 181.420058
62.805493 109.171671 0.000000 30.642547 70.815905 110.043958 256.000000 193.251988 152.838184 198.653700 64.000000 8.725511 151.530295 198.456009 256.000000 231.836988 219.611731 88.726020 64.000000 12.386955 214.935411 90.343189 256.000000 194.370644 136.030371 67.114991 64.000000 19.955088 132.569736 68.326940 256.000000 188.562242
5.128476 227.793340 64.000000 28.439657 7.034771 225.051600 256.000000 192.451720 159.494609 166.646175 64.000000 11.186552 157.940918 166.403667 256.000000 210.036119 241.766182 177.723951 0.000000 26.864935 237.990824 172.658245 256.000000 173.989606 181.935165 229.201284 64.000000 11.427493 178.526205 230.063204 256.000000 204.163179
98.858775 183.133025 0.000000 21.405037 98.757887 177.834404 256.000000 203.530709 48.712489 249.308982 0.000000 13.565846 38.666671 250.934667 256.000000 201.345028 84.069073 172.402064 0.000000 22.949642 94.474484 171.967676 256.000000 194.723450 236.357647 119.574196 0.000000 13.604568 231.932647 116.368542 256.000000 199.357264
