226.699633 188.045673 0.000000 12.830115 223.249225 186.533375 256.000000 198.032088 48.066036 162.538315 0.000000 17.472534 50.255035 162.840351 256.000000 215.668118 114.136187 59.596880 0.000000 14.374719 103.428216 66.235960 256.000000 181.480294 140.977140 145.963571 0.000000 12.675224 152.447355 137.098311 256.000000 188.093267
218.007247 158.680782 64.000000 19.468903 214.793338 156.727135 256.000000 215.547647 112.563218 147.537635 64.000000 17.502651 57.748167 249.657535 256.000000 200.815818 86.349020 203.090116 64.000000 19.765777 74.008447 198.879233 256.000000 191.604123 105.148696 149.493700 0.000000 20.901642 110.848365 157.789342 256.000000 190.821065
205.008438 22.661560 64.000000 22.205306 203.670367 6.239025 256.000000 233.897895 87.967845 112.426865 0.000000 9.581712 88.000095 111.932460 256.000000 192.615215 62.276587 87.066440 0.000000 9.887191 63.741009 85.069460 256.000000 222.638200 241.766182 177.723951 0.000000 26.864935 237.990824 172.658245 256.000000 173.989606
176.132931 53.115349 64.000000 13.256064 174.406844 54.087362 256.000000 194.138307 47.918060 127.199882 0.000000 9.542989 48.829758 125.518405 256.000000 227.564585 132.071855 152.258053 64.000000 11.922283 132.006025 159.097322 256.000000 208.599077 46.500498 175.315664 0.000000 19.137609 44.624291 172.764165 256.000000 203.427448
20.178844 184.901949 64.000000 18.126517 23.487018 184.392729 256.000000 186.324931 232.452244 126.138802 64.000000 12.404165 231.090945 126.011745 256.000000 202.097969 153.832438 228.541145 64.000000 9.241813 152.426378 229.309398 256.000000 201.947381 172.541075 88.183251 0.000000 18.853643 170.282347 91.082345 256.000000 201.525734
78.414085 69.671393 64.000000 24.851356 115.854440 46.867929 256.000000 168.551221 89.633585 87.480233 0.000000 11.341443 91.253569 87.541900 256.000000 202.304490 128.076585 81.631755 0.000000 8.734116 137.999467 78.865504 256.000000 197.520088 236.792856 140.279795 0.000000 18.216870 234.338522 140.567236 256.000000 212.785429
4.975264 235.616335 0.000000 23.947826 5.298224 234.048029 256.000000 203.565129 79.745751 119.264524 0.000000 20.755356 86.694700 90.687985 256.000000 234.758399 210.260715 178.212551 64.000000 14.942652 210.400416 177.836418 256.000000 187.753368 172.055884 65.186911 64.000000 26.378750 175.620756 65.590853 256.000000 178.791219
173.496855 235.124065 64.000000 19.430180 175.110907 233.345285 256.000000 180.688630 219.611731 88.726020 64.000000 12.386955 214.935411 90.343189 256.000000 194.370644 200.249318 76.074064 0.000000 14.564030 197.305358 78.566500 256.000000 208.332321 31.775711 235.704156 64.000000 19.012836 42.004176 236.324147 256.000000 201.177230
173.275993 127.407580 64.000000 10.166855 173.455944 130.553958 256.000000 215.306706 148.688284 106.385678 0.000000 10.037779 148.573755 109.585905 256.000000 204.597734 159.134376 145.149464 64.000000 25.453708 153.100298 139.506036 256.000000 178.408294 251.593015 161.420018 64.000000 10.184065 249.704282 172.858204 256.000000 194.572862
204.718140 210.863485 64.000000 12.219157 203.061029 213.058045 256.000000 214.570975 228.688136 55.396816 0.000000 11.341443 222.897065 57.954793 256.000000 199.525062 71.454400 27.200287 64.000000 19.589374 58.400931 36.605833 256.000000 182.241840 19.382369 45.410675 64.000000 34.248059 31.821280 42.883104 256.000000 178.730983
70.070638 242.141776 0.000000 10.429308 77.212300 240.603205 256.000000 223.916048 125.063093 255.071811 0.000000 10.949913 132.128344 254.871644 256.000000 215.332521 129.375465 194.191344 0.000000 12.146014 134.519027 194.210411 256.000000 192.240896 204.005069 218.920389 0.000000 30.784531 193.263525 224.804671 256.000000 181.983688
75.423020 109.856489 64.000000 29.554010 83.632980 107.060293 256.000000 176.536698 136.030371 67.114991 64.000000 19.955088 132.569736 68.326940 256.000000 188.562242 20.408245 116.194851 0.000000 24.434011 19.764678 121.562116 256.000000 201.022339 162.172047 160.553169 64.000000 17.691962 159.388807 159.277358 256.000000 202.119482
124.632027 237.712309 64.000000 24.752398 110.734278 227.046416 256.000000 201.405264 110.108105 168.823282 0.000000 11.225275 113.839153 176.875400 256.000000 192.417299 98.363329 94.150315 64.000000 8.897611 96.407531 88.024047 256.000000 208.986304 144.487707 225.936520 0.000000 15.007190 143.867787 224.443711 256.000000 174.961976
213.979302 115.696102 64.000000 9.099830 210.851313 121.205482 256.000000 209.997396 165.487013 172.445424 64.000000 15.222316 163.384671 172.114022 256.000000 212.316454 232.225540 216.508793 64.000000 23.943524 230.165389 214.698698 256.000000 201.848423 250.871565 77.941122 0.000000 17.360668 251.623171 70.110264 256.000000 159.365341
220.789827 146.497524 64.000000 10.885376 221.685622 151.641151 256.000000 198.328962 114.642255 56.752698 64.000000 14.865207 117.727560 57.147116 256.000000 190.416628 53.357320 254.128693 64.000000 11.143527 51.326769 253.314678 256.000000 245.127472 33.083382 226.967515 64.000000 21.994482 37.522969 229.748047 256.000000 197.485668
147.581189 3.716871 64.000000 10.115225 146.902164 5.534582 256.000000 205.221599 80.150800 175.101975 0.000000 10.313140 78.341776 173.541649 256.000000 204.916120 181.935165 229.201284 64.000000 11.427493 178.526205 230.063204 256.000000 204.163179 156.519542 39.945578 0.000000 19.103189 162.890389 40.997333 256.000000 201.005129
19.256284 186.761998 0.000000 20.415457 24.277160 190.433887 256.000000 194.899853 29.592920 78.329302 0.000000 10.743392 29.929142 86.111253 256.000000 190.683384 16.953198 187.973922 64.000000 27.656599 20.910393 185.633595 256.000000 173.266783 189.807155 160.806511 0.000000 14.516702 188.176502 156.840209 256.000000 202.205532
211.438422 92.413407 0.000000 9.220300 210.231958 92.555300 256.000000 193.578980 84.069073 172.402064 0.000000 22.949642 94.474484 171.967676 256.000000 194.723450 52.671727 244.890036 64.000000 26.963893 54.662155 242.777291 256.000000 203.479078 185.623298 12.696413 0.000000 9.487057 186.273191 14.686304 256.000000 203.255347
134.208551 149.948307 64.000000 13.858417 138.407640 155.851262 256.000000 179.707655 122.348864 236.240822 64.000000 18.496533 126.320722 237.461691 256.000000 208.035447 25.374164 211.871807 0.000000 31.382581 44.729487 206.471291 256.000000 199.869264 48.712489 249.308982 0.000000 13.565846 38.666671 250.934667 256.000000 201.345028
90.831824 206.829242 64.000000 11.104804 95.414738 214.578598 256.000000 211.924925 19.555016 150.279467 64.000000 29.024800 38.358589 148.564651 256.000000 180.882243 242.014962 138.141818 0.000000 30.483354 240.605002 133.986144 256.000000 233.175071 156.335213 82.360798 0.000000 14.142383 158.102155 86.371567 256.000000 200.118810
0.759205 124.842229 64.000000 22.773238 3.003635 123.273302 256.000000 211.460253 251.487049 168.241820 0.000000 17.498349 251.134169 173.416991 256.000000 178.795521 52.025629 23.996267 0.000000 21.366314 53.404905 24.760740 256.000000 197.989063 30.300762 145.774153 64.000000 19.116096 35.206982 148.986531 256.000000 196.375618
96.479527 84.293962 64.000000 36.803756 126.346998 74.581889 256.000000 194.895551 31.018265 233.952073 64.000000 8.772838 31.262253 234.101220 256.000000 117.080174 205.804580 147.464944 0.000000 18.909575 198.244245 145.286931 256.000000 195.140795 159.928249 66.649485 0.000000 13.230249 155.188645 65.084622 256.000000 210.251245
143.578153 81.436651 0.000000 15.269643 134.163831 105.475307 256.000000 215.078672 128.438615 45.325280 64.000000 8.858889 131.110093 45.254576 256.000000 115.264511 119.449267 77.279480 64.000000 11.122014 124.695293 73.116491 256.000000 201.947381 239.965158 6.193636 0.000000 24.171557 241.524524 6.497856 256.000000 184.156461
247.358700 106.247207 0.000000 9.043897 245.721600 108.167540 256.000000 209.562842 121.439378 83.610747 64.000000 25.862448 143.434827 80.808938 256.000000 193.393971 211.420645 166.746942 0.000000 14.710316 205.803733 185.269371 256.000000 222.259578 248.356625 110.175640 0.000000 14.198316 252.138198 119.693495 256.000000 216.842705
93.207173 124.513975 64.000000 19.920668 84.794665 117.278607 256.000000 200.325331 121.605042 209.451160 0.000000 18.122214 133.948185 196.507885 256.000000 201.319213 254.737865 201.967660 0.000000 10.351863 253.565200 203.836771 256.000000 205.058103 67.101680 148.799635 64.000000 12.167527 67.497125 150.982829 256.000000 207.626708
151.688622 191.776884 64.000000 10.919796 153.947185 189.563693 256.000000 202.739045 144.263205 27.349629 0.000000 16.457139 146.370369 27.495925 256.000000 232.835172 222.651802 185.728584 0.000000 16.594820 221.290433 182.275284 256.000000 204.989263 150.703193 195.764449 0.000000 26.623994 136.300825 197.064984 256.000000 182.547319
163.150858 243.437129 0.000000 16.646450 156.690025 245.009055 256.000000 178.589000 86.283084 141.135038 64.000000 18.341643 92.205804 139.043787 256.000000 179.711958 244.281578 241.481924 64.000000 8.617948 245.937345 239.752313 256.000000 199.172256 51.597115 36.172718 64.000000 10.799325 52.497902 36.848815 256.000000 230.705425
111.278922 96.811504 0.000000 9.603225 95.376098 92.989356 256.000000 105.480580 75.613071 140.973844 64.000000 20.282079 78.444833 131.483158 256.000000 188.768762 228.323022 137.350064 64.000000 12.485913 226.252064 138.552735 256.000000 205.548590 250.386975 118.993425 64.000000 9.710788 236.166615 121.590209 256.000000 197.119954
61.279953 128.471460 0.000000 8.669578 64.296060 126.888640 256.000000 195.433366 47.895138 98.163633 64.000000 14.645778 44.142169 82.872253 256.000000 203.960961 212.086804 45.130265 0.000000 20.600466 208.382031 45.639645 256.000000 192.081703 150.261444 135.037089 64.000000 17.696265 152.972191 129.767804 256.000000 194.968694
128.542578 235.036542 64.000000 12.929073 129.595065 233.668667 256.000000 238.914633 189.598718 128.861029 64.000000 13.307694 190.199047 133.133949 256.000000 121.576308 255.223775 186.165238 64.000000 9.865678 235.215347 206.805958 256.000000 113.367099 163.443496 126.710002 64.000000 18.707357 161.034811 134.661645 256.000000 197.098441
38.361689 249.343564 64.000000 26.985405 41.071573 236.731149 256.000000 176.726009 11.690698 30.017344 64.000000 15.020097 13.703104 32.013811 256.000000 214.773193 13.184431 95.582987 64.000000 12.756972 6.482278 90.788529 256.000000 198.251517 137.109793 208.146373 0.000000 23.698280 138.186573 200.077907 256.000000 188.420258
177.782431 108.227484 64.000000 32.144127 83.381244 253.469804 256.000000 190.115451 179.972122 44.313996 64.000000 8.798653 173.390011 26.622276 256.000000 195.011719 236.822369 130.455711 64.000000 21.534113 235.640631 130.182053 256.000000 193.282106 117.344433 211.118564 0.000000 10.954216 110.208836 210.964782 256.000000 219.807142
