149.581216 124.489018 64.000000 14.508097 141.900135 133.414431 256.000000 204.584826 201.212260 24.124073 64.000000 10.343258 204.050402 24.306540 256.000000 185.318141 49.181336 6.356822 64.000000 44.337469 56.718927 14.377571 256.000000 208.220455 146.937142 90.403724 0.000000 26.124901 149.641009 84.323620 256.000000 185.331049
21.303882 248.240451 64.000000 30.311253 26.499015 247.883367 256.000000 190.876997 102.931384 77.274182 0.000000 24.369473 107.969600 94.147275 256.000000 181.273773 234.879135 214.958369 0.000000 22.325776 229.887165 209.216438 256.000000 179.393571 111.224100 106.039056 64.000000 12.034148 111.882440 103.936175 256.000000 203.930843
222.357396 153.320347 0.000000 8.691090 224.402025 155.204929 256.000000 208.478607 228.182107 147.323915 64.000000 25.475221 221.352016 105.703787 256.000000 215.526134 109.602216 55.962840 64.000000 9.758115 110.443453 55.918507 256.000000 217.767747 62.276587 87.066440 0.000000 9.887191 63.741009 85.069460 256.000000 222.638200
159.928249 66.649485 0.000000 13.230249 155.188645 65.084622 256.000000 210.251245 80.425578 83.297724 0.000000 17.403693 84.012189 68.411231 256.000000 194.013534 204.005069 218.920389 0.000000 30.784531 193.263525 224.804671 256.000000 181.983688 13.184431 95.582987 64.000000 12.756972 6.482278 90.788529 256.000000 198.251517
137.781882 85.631447 0.000000 15.063123 142.839582 100.425320 256.000000 198.294542 114.642255 56.752698 64.000000 14.865207 117.727560 57.147116 256.000000 190.416628 31.448375 145.875038 64.000000 12.752669 35.608893 161.461855 256.000000 204.051314 220.037436 104.144455 0.000000 8.828771 218.720665 105.204156 256.000000 213.228589
137.109793 208.146373 0.000000 23.698280 138.186573 200.077907 256.000000 188.420258 51.989064 176.776155 0.000000 12.421375 48.542873 172.441504 256.000000 208.224758 255.223775 186.165238 64.000000 9.865678 235.215347 206.805958 256.000000 113.367099 31.775711 235.704156 64.000000 19.012836 42.004176 236.324147 256.000000 201.177230
3.321891 115.442184 0.000000 9.573107 4.542760 114.466235 256.000000 209.072354 76.925195 100.093440 0.000000 17.317643 81.994411 103.630333 256.000000 196.182004 122.293347 140.568245 0.000000 10.171157 137.887015 125.862104 256.000000 211.107446 140.772315 42.559236 64.000000 9.762418 140.900498 43.698138 256.000000 195.411853
30.678715 240.146905 64.000000 19.847525 34.675942 240.595035 256.000000 191.913905 196.599416 193.126322 0.000000 14.353207 198.340140 189.991231 256.000000 189.108662 38.684391 194.496145 0.000000 17.304735 40.593571 196.339996 256.000000 200.278003 131.372747 159.092858 64.000000 10.136737 126.602225 157.175713 256.000000 194.895551
10.290525 47.337922 64.000000 12.795694 11.252536 49.205485 256.000000 191.909602 16.953198 187.973922 64.000000 27.656599 20.910393 185.633595 256.000000 173.266783 155.976829 29.654073 0.000000 13.492703 187.883956 23.789220 256.000000 190.253132 232.452244 126.138802 64.000000 12.404165 231.090945 126.011745 256.000000 202.097969
202.870918 199.596547 64.000000 25.604297 206.945180 194.506973 256.000000 189.857300 142.426031 198.257318 64.000000 26.667019 133.293996 189.950551 256.000000 174.351018 139.671791 166.465327 64.000000 17.463929 114.557653 169.058229 256.000000 192.055888 81.171109 83.708209 64.000000 29.360396 89.957036 86.692031 256.000000 211.301060
205.804580 147.464944 0.000000 18.909575 198.244245 145.286931 256.000000 195.140795 133.735115 159.934975 0.000000 9.689275 127.439238 161.790525 256.000000 181.420058 243.251875 31.932613 64.000000 20.673609 251.442133 36.772064 256.000000 226.497560 130.283773 242.525771 0.000000 15.123358 133.821711 246.766855 256.000000 222.560755
22.668156 235.240664 64.000000 27.157506 28.671622 228.812038 256.000000 195.416156 119.449267 77.279480 64.000000 11.122014 124.695293 73.116491 256.000000 201.947381 58.242033 26.862020 64.000000 19.322617 58.621407 22.102998 256.000000 192.322644 86.349020 203.090116 64.000000 19.765777 74.008447 198.879233 256.000000 191.604123
77.104365 165.246015 64.000000 13.875627 79.559524 161.605011 256.000000 175.968765 89.328615 42.451384 0.000000 16.870181 85.327062 43.445869 256.000000 201.951684 228.688136 55.396816 0.000000 11.341443 222.897065 57.954793 256.000000 199.525062 215.321569 147.469813 0.000000 11.552266 225.567658 155.674429 256.000000 194.779383
251.593015 161.420018 64.000000 10.184065 249.704282 172.858204 256.000000 194.572862 96.860973 75.416084 64.000000 20.419760 93.538622 92.909287 256.000000 191.819249 46.882945 138.046076 64.000000 13.213039 49.091925 139.894651 256.000000 204.326675 174.979762 67.771660 0.000000 26.107691 130.432909 137.394933 256.000000 192.283921
152.838184 198.653700 64.000000 8.725511 151.530295 198.456009 256.000000 231.836988 111.914889 171.496302 64.000000 9.422519 105.728629 173.023131 256.000000 217.840890 71.454400 27.200287 64.000000 19.589374 58.400931 36.605833 256.000000 182.241840 138.530662 113.588798 0.000000 16.160265 136.215342 121.908413 256.000000 196.831685
242.483962 246.554522 0.000000 16.026887 244.870047 244.434229 256.000000 182.031016 45.335309 209.237675 0.000000 26.129204 45.149922 206.963291 256.000000 193.114308 247.358700 106.247207 0.000000 9.043897 245.721600 108.167540 256.000000 209.562842 125.926802 38.606647 0.000000 8.979359 134.269018 37.679684 256.000000 225.697292
111.278922 96.811504 0.000000 9.603225 95.376098 92.989356 256.000000 105.480580 236.822369 130.455711 64.000000 21.534113 235.640631 130.182053 256.000000 193.282106 150.703193 195.764449 0.000000 26.623994 136.300825 197.064984 256.000000 182.547319 38.665900 96.179075 0.000000 13.875627 41.274293 100.904440 256.000000 213.886874
47.895138 98.163633 64.000000 14.645778 44.142169 82.872253 256.000000 203.960961 57.584815 61.432673 0.000000 21.267356 61.937669 66.249331 256.000000 195.373131 39.412125 74.858145 64.000000 11.431796 43.365975 74.353936 256.000000 188.579452 158.241089 69.845636 0.000000 10.915493 160.329569 72.852760 256.000000 193.807013
86.283084 141.135038 64.000000 18.341643 92.205804 139.043787 256.000000 179.711958 193.582393 45.900551 64.000000 11.978216 201.045182 50.032525 256.000000 194.073770 34.186280 74.428233 64.000000 18.393273 36.447744 74.123869 256.000000 205.484053 213.979302 115.696102 64.000000 9.099830 210.851313 121.205482 256.000000 209.997396
135.823575 116.366851 64.000000 12.709644 136.610971 130.992304 256.000000 191.388997 96.629015 110.193282 64.000000 24.928801 102.133218 112.437611 256.000000 182.495688 96.337191 138.078849 0.000000 16.762618 98.404333 147.072882 256.000000 228.493930 125.411202 196.619989 0.000000 27.265069 104.847927 174.459042 256.000000 180.529437
159.023522 129.616389 0.000000 8.871796 160.692916 135.025815 256.000000 204.842977 52.901075 21.329045 0.000000 29.562615 53.132793 25.951507 256.000000 206.607010 173.275993 127.407580 64.000000 10.166855 173.455944 130.553958 256.000000 215.306706 28.342365 112.689140 0.000000 15.902114 31.557482 114.406718 256.000000 197.197399
130.372940 97.067664 0.000000 16.599122 126.305342 109.735415 256.000000 193.359551 0.213856 67.069547 0.000000 29.726111 17.086047 63.462300 256.000000 176.127959 21.131915 203.724051 64.000000 10.782115 18.588718 196.492522 256.000000 199.942407 134.766342 196.945396 64.000000 15.811761 123.928895 187.021413 256.000000 190.317670
62.265200 82.093745 64.000000 16.956231 62.604165 81.888442 256.000000 185.438612 209.389145 247.521013 64.000000 13.294787 216.015018 241.053276 256.000000 214.996924 172.055884 65.186911 64.000000 26.378750 175.620756 65.590853 256.000000 178.791219 140.937625 102.242178 64.000000 18.251290 62.825211 201.724871 256.000000 210.470673
112.563218 147.537635 64.000000 17.502651 57.748167 249.657535 256.000000 200.815818 233.847667 156.242378 0.000000 22.945339 229.830840 158.681198 256.000000 184.014478 59.144749 113.108471 64.000000 22.059020 63.932436 112.055858 256.000000 197.257634 211.438422 92.413407 0.000000 9.220300 210.231958 92.555300 256.000000 193.578980
25.536045 231.257016 64.000000 14.977072 24.842707 229.115778 256.000000 194.990206 244.000284 252.903869 0.000000 21.581440 249.554773 250.536218 256.000000 199.340054 10.296031 191.566895 0.000000 16.642147 0.512402 192.762247 256.000000 195.910946 87.531891 170.166273 0.000000 8.794351 78.865378 175.520807 256.000000 206.422002
140.977140 145.963571 0.000000 12.675224 152.447355 137.098311 256.000000 188.093267 250.871565 77.941122 0.000000 17.360668 251.623171 70.110264 256.000000 159.365341 248.933269 138.734656 0.000000 16.784131 251.773707 133.032716 256.000000 193.785501 174.400913 78.832218 64.000000 8.699695 170.940216 82.224282 256.000000 209.575749
254.737865 201.967660 0.000000 10.351863 253.565200 203.836771 256.000000 205.058103 79.745751 119.264524 0.000000 20.755356 86.694700 90.687985 256.000000 234.758399 212.103885 151.972360 64.000000 9.444031 218.411842 149.190909 256.000000 203.840490 30.006773 127.750493 64.000000 14.327392 30.466756 123.367369 256.000000 206.181061
12.008318 52.097178 64.000000 12.094384 12.520333 52.844200 256.000000 195.588257 154.034162 106.774400 64.000000 22.829171 59.911891 118.967993 256.000000 191.969837 242.014962 138.141818 0.000000 30.483354 240.605002 133.986144 256.000000 233.175071 224.024745 148.918920 0.000000 19.782987 220.852493 151.479504 256.000000 201.968894
99.499864 198.093869 64.000000 24.644835 104.240993 200.557831 256.000000 192.400089 252.446495 9.965069 0.000000 23.668163 248.500378 12.214602 256.000000 198.587113 38.361689 249.343564 64.000000 26.985405 41.071573 236.731149 256.000000 176.726009 203.718551 243.114018 0.000000 13.376535 202.208089 243.696120 256.000000 197.864290
128.438615 45.325280 64.000000 8.858889 131.110093 45.254576 256.000000 115.264511 181.935165 229.201284 64.000000 11.427493 178.526205 230.063204 256.000000 204.163179 183.495415 25.921336 64.000000 19.318315 180.603971 28.129345 256.000000 183.919822 153.832438 228.541145 64.000000 9.241813 152.426378 229.309398 256.000000 201.947381
179.972122 44.313996 64.000000 8.798653 173.390011 26.622276 256.000000 195.011719 31.018265 233.952073 64.000000 8.772838 31.262253 234.101220 256.000000 117.080174 214.477093 187.594927 0.000000 13.019426 212.639580 186.553120 256.000000 222.582267 99.952522 220.033129 0.000000 11.005846 104.475229 223.416585 256.000000 184.831957
189.807155 160.806511 0.000000 14.516702 188.176502 156.840209 256.000000 202.205532 87.303547 112.753462 0.000000 9.065410 89.186275 109.311678 256.000000 204.012591 51.690775 99.905480 0.000000 12.025543 45.103507 98.574427 256.000000 206.267111 230.523762 241.940880 64.000000 16.409811 230.736782 242.000445 256.000000 208.921766
