14.839115 196.960822 64.000000 31.382581 44.922420 201.801380 256.000000 184.900797 10.793773 49.654893 0.000000 20.243357 11.678707 52.922887 256.000000 228.855341 11.690698 30.017344 64.000000 15.020097 13.703104 32.013811 256.000000 214.773193 78.414085 69.671393 64.000000 24.851356 115.854440 46.867929 256.000000 168.551221
13.366398 118.106451 64.000000 9.525779 15.258835 115.129825 256.000000 207.807413 62.805493 109.171671 0.000000 30.642547 70.815905 110.043958 256.000000 193.251988 147.581189 3.716871 64.000000 10.115225 146.902164 5.534582 256.000000 205.221599 179.358493 246.967867 64.000000 13.268972 196.956667 255.598835 256.000000 198.526878
182.891615 9.171542 64.000000 11.276905 177.862685 6.273080 256.000000 209.274573 48.066036 162.538315 0.000000 17.472534 50.255035 162.840351 256.000000 215.668118 221.332527 9.003945 0.000000 13.182921 218.667038 8.938707 256.000000 210.160892 117.344433 211.118564 0.000000 10.954216 110.208836 210.964782 256.000000 219.807142
41.854135 118.148262 0.000000 12.335325 31.333796 110.463356 256.000000 207.880556 40.101191 58.827013 64.000000 13.419560 32.506489 59.397144 256.000000 204.283650 209.389145 247.521013 64.000000 13.294787 216.015018 241.053276 256.000000 214.996924 212.760298 168.427440 64.000000 24.395288 203.228618 171.164849 256.000000 189.534611
146.996135 222.173722 64.000000 17.240198 147.692467 221.196716 256.000000 209.257363 213.902495 121.429505 64.000000 22.566717 211.378358 122.326876 256.000000 221.149528 34.186280 74.428233 64.000000 18.393273 36.447744 74.123869 256.000000 205.484053 0.759205 124.842229 64.000000 22.773238 3.003635 123.273302 256.000000 211.460253
210.260715 178.212551 64.000000 14.942652 210.400416 177.836418 256.000000 187.753368 46.500498 175.315664 0.000000 19.137609 44.624291 172.764165 256.000000 203.427448 236.357647 119.574196 0.000000 13.604568 231.932647 116.368542 256.000000 199.357264 30.300762 145.774153 64.000000 19.116096 35.206982 148.986531 256.000000 196.375618
61.279953 128.471460 0.000000 8.669578 64.296060 126.888640 256.000000 195.433366 113.963196 148.232962 64.000000 23.685373 109.860096 151.484805 256.000000 200.570575 203.970862 161.399482 0.000000 14.120871 205.360985 204.222764 256.000000 212.837059 51.597115 36.172718 64.000000 10.799325 52.497902 36.848815 256.000000 230.705425
212.103885 151.972360 64.000000 9.444031 218.411842 149.190909 256.000000 203.840490 121.439378 83.610747 64.000000 25.862448 143.434827 80.808938 256.000000 193.393971 158.241089 69.845636 0.000000 10.915493 160.329569 72.852760 256.000000 193.807013 130.372940 97.067664 0.000000 16.599122 126.305342 109.735415 256.000000 193.359551
247.974198 173.978955 0.000000 17.679055 225.672549 178.219613 256.000000 196.823080 62.265200 82.093745 64.000000 16.956231 62.604165 81.888442 256.000000 185.438612 196.599416 193.126322 0.000000 14.353207 198.340140 189.991231 256.000000 189.108662 80.150800 175.101975 0.000000 10.313140 78.341776 173.541649 256.000000 204.916120
127.431787 217.638062 64.000000 24.279120 124.697931 214.475560 256.000000 178.395387 252.446495 9.965069 0.000000 23.668163 248.500378 12.214602 256.000000 198.587113 52.671727 244.890036 64.000000 26.963893 54.662155 242.777291 256.000000 203.479078 150.261444 135.037089 64.000000 17.696265 152.972191 129.767804 256.000000 194.968694
122.293347 140.568245 0.000000 10.171157 137.887015 125.862104 256.000000 211.107446 128.542578 235.036542 64.000000 12.929073 129.595065 233.668667 256.000000 238.914633 134.208551 149.948307 64.000000 13.858417 138.407640 155.851262 256.000000 179.707655 244.000284 252.903869 0.000000 21.581440 249.554773 250.536218 256.000000 199.340054
67.101680 148.799635 64.000000 12.167527 67.497125 150.982829 256.000000 207.626708 19.217700 51.144642 64.000000 25.419288 22.519847 52.887855 256.000000 184.474848 135.719175 182.733887 0.000000 9.401006 150.992104 178.422731 256.000000 203.014406 12.008318 52.097178 64.000000 12.094384 12.520333 52.844200 256.000000 195.588257
136.866431 149.208924 64.000000 25.914078 146.826480 154.420891 256.000000 175.284665 155.976829 29.654073 0.000000 13.492703 187.883956 23.789220 256.000000 190.253132 232.225540 216.508793 64.000000 23.943524 230.165389 214.698698 256.000000 201.848423 98.858775 183.133025 0.000000 21.405037 98.757887 177.834404 256.000000 203.530709
101.149678 160.731042 0.000000 26.920868 101.025478 157.371724 256.000000 208.470002 52.025629 23.996267 0.000000 21.366314 53.404905 24.760740 256.000000 197.989063 5.475822 71.200076 64.000000 22.945339 19.541575 78.685098 256.000000 186.561570 247.358700 106.247207 0.000000 9.043897 245.721600 108.167540 256.000000 209.562842
172.055884 65.186911 64.000000 26.378750 175.620756 65.590853 256.000000 178.791219 110.108105 168.823282 0.000000 11.225275 113.839153 176.875400 256.000000 192.417299 190.410535 147.751309 64.000000 8.725511 189.476100 145.567827 256.000000 105.489185 127.726309 176.587396 64.000000 18.651424 130.105571 182.028125 256.000000 196.255147
128.076585 81.631755 0.000000 8.734116 137.999467 78.865504 256.000000 197.520088 88.367082 103.884687 64.000000 24.455524 86.245096 105.234082 256.000000 192.176358 251.593015 161.420018 64.000000 10.184065 249.704282 172.858204 256.000000 194.572862 149.581216 124.489018 64.000000 14.508097 141.900135 133.414431 256.000000 204.584826
62.802509 61.758045 0.000000 19.275290 69.257476 60.469600 256.000000 179.815218 111.278922 96.811504 0.000000 9.603225 95.376098 92.989356 256.000000 105.480580 154.034162 106.774400 64.000000 22.829171 59.911891 118.967993 256.000000 191.969837 86.349020 203.090116 64.000000 19.765777 74.008447 198.879233 256.000000 191.604123
193.582393 45.900551 64.000000 11.978216 201.045182 50.032525 256.000000 194.073770 250.386975 118.993425 64.000000 9.710788 236.166615 121.590209 256.000000 197.119954 119.449267 77.279480 64.000000 11.122014 124.695293 73.116491 256.000000 201.947381 181.935165 229.201284 64.000000 11.427493 178.526205 230.063204 256.000000 204.163179
80.619129 6.607289 0.000000 18.879458 83.058913 8.954367 256.000000 215.375546 68.459491 151.184562 64.000000 29.575522 58.686936 161.242715 256.000000 191.840762 221.158256 61.079231 0.000000 22.966852 219.548600 52.459160 256.000000 180.946781 234.879135 214.958369 0.000000 22.325776 229.887165 209.216438 256.000000 179.393571
215.321569 147.469813 0.000000 11.552266 225.567658 155.674429 256.000000 194.779383 22.668156 235.240664 64.000000 27.157506 28.671622 228.812038 256.000000 195.416156 237.191520 189.637004 64.000000 10.179762 237.836162 188.889240 256.000000 208.538842 177.104045 98.824253 0.000000 16.048400 171.943107 113.839929 256.000000 204.911818
51.989064 176.776155 0.000000 12.421375 48.542873 172.441504 256.000000 208.224758 200.600256 109.667718 64.000000 8.703998 212.895582 114.115505 256.000000 108.118025 96.479527 84.293962 64.000000 36.803756 126.346998 74.581889 256.000000 194.895551 163.443496 126.710002 64.000000 18.707357 161.034811 134.661645 256.000000 197.098441
24.336753 251.527735 0.000000 34.187824 28.042065 203.339758 256.000000 185.249301 176.132931 53.115349 64.000000 13.256064 174.406844 54.087362 256.000000 194.138307 57.584815 61.432673 0.000000 21.267356 61.937669 66.249331 256.000000 195.373131 154.347838 0.117642 0.000000 11.741577 153.650155 0.258273 256.000000 240.549591
228.182107 147.323915 64.000000 25.475221 221.352016 105.703787 256.000000 215.526134 189.807155 160.806511 0.000000 14.516702 188.176502 156.840209 256.000000 202.205532 126.014489 111.979644 64.000000 9.568804 123.157635 108.053549 256.000000 219.062806 244.281578 241.481924 64.000000 8.617948 245.937345 239.752313 256.000000 199.172256
147.519409 7.291756 0.000000 9.844166 145.644609 6.364147 256.000000 213.585698 163.599385 234.262220 64.000000 11.031661 163.236105 234.303918 256.000000 220.727881 13.184431 95.582987 64.000000 12.756972 6.482278 90.788529 256.000000 198.251517 29.592920 78.329302 0.000000 10.743392 29.929142 86.111253 256.000000 190.683384
121.605042 209.451160 0.000000 18.122214 133.948185 196.507885 256.000000 201.319213 77.104365 165.246015 64.000000 13.875627 79.559524 161.605011 256.000000 175.968765 159.023522 129.616389 0.000000 8.871796 160.692916 135.025815 256.000000 204.842977 61.214936 108.870595 0.000000 14.749039 66.276145 108.594696 256.000000 188.824695
160.492353 96.864829 64.000000 8.940637 158.702976 94.929796 256.000000 219.858772 174.979762 67.771660 0.000000 26.107691 130.432909 137.394933 256.000000 192.283921 140.937625 102.242178 64.000000 18.251290 62.825211 201.724871 256.000000 210.470673 96.455300 85.788498 64.000000 16.525979 96.924075 86.182931 256.000000 206.654338
132.071855 152.258053 64.000000 11.922283 132.006025 159.097322 256.000000 208.599077 211.420645 166.746942 0.000000 14.710316 205.803733 185.269371 256.000000 222.259578 25.536045 231.257016 64.000000 14.977072 24.842707 229.115778 256.000000 194.990206 65.071200 74.177149 64.000000 10.468031 62.983118 72.181973 256.000000 211.942135
81.171109 83.708209 64.000000 29.360396 89.957036 86.692031 256.000000 211.301060 220.037436 104.144455 0.000000 8.828771 218.720665 105.204156 256.000000 213.228589 116.127456 101.249909 64.000000 29.097943 111.874909 104.772855 256.000000 183.747722 137.109793 208.146373 0.000000 23.698280 138.186573 200.077907 256.000000 188.420258
241.766182 177.723951 0.000000 26.864935 237.990824 172.658245 256.000000 173.989606 188.714256 241.902289 64.000000 21.710516 185.063824 233.289162 256.000000 179.062277 139.661978 99.530927 0.000000 13.311997 138.212015 103.349464 256.000000 223.459981 20.178844 184.901949 64.000000 18.126517 23.487018 184.392729 256.000000 186.324931
251.487049 168.241820 0.000000 17.498349 251.134169 173.416991 256.000000 178.795521 202.610338 128.370720 64.000000 27.351120 193.241442 127.226040 256.000000 181.639487 236.792856 140.279795 0.000000 18.216870 234.338522 140.567236 256.000000 212.785429 141.807884 162.971385 64.000000 15.807458 144.887660 158.679796 256.000000 198.199886
209.370871 84.399162 64.000000 16.263526 203.234867 75.016273 256.000000 236.139508 137.781882 85.631447 0.000000 15.063123 142.839582 100.425320 256.000000 198.294542 142.402875 114.516822 64.000000 10.334653 137.825442 114.987200 256.000000 216.231748 159.134376 145.149464 64.000000 25.453708 153.100298 139.506036 256.000000 178.408294
23.205404 228.157555 0.000000 9.349376 18.785169 224.265911 256.000000 190.842577 215.426973 220.469171 64.000000 33.662916 237.977882 155.888051 256.000000 185.834444 250.871565 77.941122 0.000000 17.360668 251.623171 70.110264 256.000000 159.365341 228.323022 137.350064 64.000000 12.485913 226.252064 138.552735 256.000000 205.548590
