211.438422 92.413407 0.000000 9.220300 210.231958 92.555300 256.000000 193.578980 122.348864 236.240822 64.000000 18.496533 126.320722 237.461691 256.000000 208.035447 34.979487 153.004015 0.000000 11.332838 35.886291 154.316987 256.000000 215.138908 4.975264 235.616335 0.000000 23.947826 5.298224 234.048029 256.000000 203.565129
139.661978 99.530927 0.000000 13.311997 138.212015 103.349464 256.000000 223.459981 177.104045 98.824253 0.000000 16.048400 171.943107 113.839929 256.000000 204.911818 47.895138 98.163633 64.000000 14.645778 44.142169 82.872253 256.000000 203.960961 241.878653 17.982529 0.000000 34.196429 248.820229 50.991020 256.000000 203.126272
13.184431 95.582987 64.000000 12.756972 6.482278 90.788529 256.000000 198.251517 46.500498 175.315664 0.000000 19.137609 44.624291 172.764165 256.000000 203.427448 130.283773 242.525771 0.000000 15.123358 133.821711 246.766855 256.000000 222.560755 156.918849 242.731002 64.000000 15.850484 155.167302 243.228160 256.000000 211.292455
33.083382 226.967515 64.000000 21.994482 37.522969 229.748047 256.000000 197.485668 179.358493 246.967867 64.000000 13.268972 196.956667 255.598835 256.000000 198.526878 110.108105 168.823282 0.000000 11.225275 113.839153 176.875400 256.000000 192.417299 70.070638 242.141776 0.000000 10.429308 77.212300 240.603205 256.000000 223.916048
0.213856 67.069547 0.000000 29.726111 17.086047 63.462300 256.000000 176.127959 154.034162 106.774400 64.000000 22.829171 59.911891 118.967993 256.000000 191.969837 159.249473 97.968289 0.000000 9.039595 156.190480 94.609418 256.000000 202.523919 99.499864 198.093869 64.000000 24.644835 104.240993 200.557831 256.000000 192.400089
71.454400 27.200287 64.000000 19.589374 58.400931 36.605833 256.000000 182.241840 209.370871 84.399162 64.000000 16.263526 203.234867 75.016273 256.000000 236.139508 143.578153 81.436651 0.000000 15.269643 134.163831 105.475307 256.000000 215.078672 87.967845 112.426865 0.000000 9.581712 88.000095 111.932460 256.000000 192.615215
245.387820 178.433704 64.000000 9.603225 246.140827 178.076567 256.000000 222.401561 62.276587 87.066440 0.000000 9.887191 63.741009 85.069460 256.000000 222.638200 140.772315 42.559236 64.000000 9.762418 140.900498 43.698138 256.000000 195.411853 99.952522 220.033129 0.000000 11.005846 104.475229 223.416585 256.000000 184.831957
128.300764 92.673962 64.000000 23.655255 135.324298 98.837133 256.000000 207.583682 159.928249 66.649485 0.000000 13.230249 155.188645 65.084622 256.000000 210.251245 179.972122 44.313996 64.000000 8.798653 173.390011 26.622276 256.000000 195.011719 59.144749 113.108471 64.000000 22.059020 63.932436 112.055858 256.000000 197.257634
205.008438 22.661560 64.000000 22.205306 203.670367 6.239025 256.000000 233.897895 38.684391 194.496145 0.000000 17.304735 40.593571 196.339996 256.000000 200.278003 12.008318 52.097178 64.000000 12.094384 12.520333 52.844200 256.000000 195.588257 51.989064 176.776155 0.000000 12.421375 48.542873 172.441504 256.000000 208.224758
75.613071 140.973844 64.000000 20.282079 78.444833 131.483158 256.000000 188.768762 51.597115 36.172718 64.000000 10.799325 52.497902 36.848815 256.000000 230.705425 48.066036 162.538315 0.000000 17.472534 50.255035 162.840351 256.000000 215.668118 210.260715 178.212551 64.000000 14.942652 210.400416 177.836418 256.000000 187.753368
228.688136 55.396816 0.000000 11.341443 222.897065 57.954793 256.000000 199.525062 111.224100 106.039056 64.000000 12.034148 111.882440 103.936175 256.000000 203.930843 222.651802 185.728584 0.000000 16.594820 221.290433 182.275284 256.000000 204.989263 244.000284 252.903869 0.000000 21.581440 249.554773 250.536218 256.000000 199.340054
242.483962 246.554522 0.000000 16.026887 244.870047 244.434229 256.000000 182.031016 226.499173 227.692507 64.000000 8.669578 232.540307 233.292531 256.000000 210.169497 30.006773 127.750493 64.000000 14.327392 30.466756 123.367369 256.000000 206.181061 222.357396 153.320347 0.000000 8.691090 224.402025 155.204929 256.000000 208.478607
138.530662 113.588798 0.000000 16.160265 136.215342 121.908413 256.000000 196.831685 242.014962 138.141818 0.000000 30.483354 240.605002 133.986144 256.000000 233.175071 236.822369 130.455711 64.000000 21.534113 235.640631 130.182053 256.000000 193.282106 96.629015 110.193282 64.000000 24.928801 102.133218 112.437611 256.000000 182.495688
167.541716 171.119316 0.000000 29.239926 166.489509 167.093138 256.000000 170.814347 89.633585 87.480233 0.000000 11.341443 91.253569 87.541900 256.000000 202.304490 159.134376 145.149464 64.000000 25.453708 153.100298 139.506036 256.000000 178.408294 183.495415 25.921336 64.000000 19.318315 180.603971 28.129345 256.000000 183.919822
168.860942 153.854440 64.000000 12.029846 164.673345 156.839122 256.000000 206.340254 19.382369 45.410675 64.000000 34.248059 31.821280 42.883104 256.000000 178.730983 152.838184 198.653700 64.000000 8.725511 151.530295 198.456009 256.000000 231.836988 126.203849 109.491215 0.000000 21.452365 148.248804 119.509069 256.000000 197.347987
51.690775 99.905480 0.000000 12.025543 45.103507 98.574427 256.000000 206.267111 112.563218 147.537635 64.000000 17.502651 57.748167 249.657535 256.000000 200.815818 28.342365 112.689140 0.000000 15.902114 31.557482 114.406718 256.000000 197.197399 16.463420 118.681147 0.000000 17.537072 17.592951 121.945467 256.000000 201.026642
243.251875 31.932613 64.000000 20.673609 251.442133 36.772064 256.000000 226.497560 176.465649 14.550098 0.000000 15.162080 195.420009 20.738265 256.000000 183.717604 62.805493 109.171671 0.000000 30.642547 70.815905 110.043958 256.000000 193.251988 48.712489 249.308982 0.000000 13.565846 38.666671 250.934667 256.000000 201.345028
247.084153 102.046967 64.000000 13.402350 246.351371 101.882244 256.000000 210.285665 41.854135 118.148262 0.000000 12.335325 31.333796 110.463356 256.000000 207.880556 40.101191 58.827013 64.000000 13.419560 32.506489 59.397144 256.000000 204.283650 72.851393 78.399947 64.000000 18.935391 72.151607 77.001513 256.000000 172.987119
10.793773 49.654893 0.000000 20.243357 11.678707 52.922887 256.000000 228.855341 114.136187 59.596880 0.000000 14.374719 103.428216 66.235960 256.000000 181.480294 219.611731 88.726020 64.000000 12.386955 214.935411 90.343189 256.000000 194.370644 252.446495 9.965069 0.000000 23.668163 248.500378 12.214602 256.000000 198.587113
203.718551 243.114018 0.000000 13.376535 202.208089 243.696120 256.000000 197.864290 127.431787 217.638062 64.000000 24.279120 124.697931 214.475560 256.000000 178.395387 16.953198 187.973922 64.000000 27.656599 20.910393 185.633595 256.000000 173.266783 215.321569 147.469813 0.000000 11.552266 225.567658 155.674429 256.000000 194.779383
185.623298 12.696413 0.000000 9.487057 186.273191 14.686304 256.000000 203.255347 30.300762 145.774153 64.000000 19.116096 35.206982 148.986531 256.000000 196.375618 159.494609 166.646175 64.000000 11.186552 157.940918 166.403667 256.000000 210.036119 159.556442 67.883762 64.000000 9.788233 157.360900 69.745911 256.000000 192.150543
63.052587 90.789802 0.000000 11.285510 63.526338 86.364618 256.000000 194.495417 215.426973 220.469171 64.000000 33.662916 237.977882 155.888051 256.000000 185.834444 230.523762 241.940880 64.000000 16.409811 230.736782 242.000445 256.000000 208.921766 13.366398 118.106451 64.000000 9.525779 15.258835 115.129825 256.000000 207.807413
226.699633 188.045673 0.000000 12.830115 223.249225 186.533375 256.000000 198.032088 145.398047 132.712855 64.000000 22.325776 155.105951 173.031856 256.000000 218.753024 24.591825 208.906858 0.000000 14.929744 26.320402 213.047851 256.000000 192.576493 236.792856 140.279795 0.000000 18.216870 234.338522 140.567236 256.000000 212.785429
134.766342 196.945396 64.000000 15.811761 123.928895 187.021413 256.000000 190.317670 172.055884 65.186911 64.000000 26.378750 175.620756 65.590853 256.000000 178.791219 249.932540 108.032533 0.000000 23.685373 238.233515 95.532425 256.000000 204.386910 204.005069 218.920389 0.000000 30.784531 193.263525 224.804671 256.000000 181.983688
174.979762 67.771660 0.000000 26.107691 130.432909 137.394933 256.000000 192.283921 213.979302 115.696102 64.000000 9.099830 210.851313 121.205482 256.000000 209.997396 174.400913 78.832218 64.000000 8.699695 170.940216 82.224282 256.000000 209.575749 128.438615 45.325280 64.000000 8.858889 131.110093 45.254576 256.000000 115.264511
13.177869 2.308776 64.000000 13.058148 14.161195 2.308845 320.000000 197.416828 25.536045 231.257016 64.000000 14.977072 24.842707 229.115778 256.000000 194.990206 114.642255 56.752698 64.000000 14.865207 117.727560 57.147116 256.000000 190.416628 62.802509 61.758045 0.000000 19.275290 69.257476 60.469600 256.000000 179.815218
80.183273 116.141805 0.000000 9.310653 83.184691 112.105660 256.000000 212.587513 180.783991 54.370795 0.000000 12.460098 155.252429 16.972729 256.000000 209.192825 180.286484 126.127756 64.000000 19.309710 174.115351 127.473687 256.000000 177.797336 109.602216 55.962840 64.000000 9.758115 110.443453 55.918507 256.000000 217.767747
232.225540 216.508793 64.000000 23.943524 230.165389 214.698698 256.000000 201.848423 160.030358 195.722078 64.000000 15.631055 155.953105 194.103058 256.000000 196.035719 88.367082 103.884687 64.000000 24.455524 86.245096 105.234082 256.000000 192.176358 166.875347 141.037698 64.000000 13.221644 165.744995 146.174991 256.000000 197.890105
131.372747 159.092858 64.000000 10.136737 126.602225 157.175713 256.000000 194.895551 248.933269 138.734656 0.000000 16.784131 251.773707 133.032716 256.000000 193.785501 255.223775 186.165238 64.000000 9.865678 235.215347 206.805958 256.000000 113.367099 200.249318 76.074064 0.000000 14.564030 197.305358 78.566500 256.000000 208.332321
134.391773 61.114367 64.000000 12.081476 139.326440 66.200885 256.000000 208.685128 203.970862 161.399482 0.000000 14.120871 205.360985 204.222764 256.000000 212.837059 65.071200 74.177149 64.000000 10.468031 62.983118 72.181973 256.000000 211.942135 254.737865 201.967660 0.000000 10.351863 253.565200 203.836771 256.000000 205.058103
250.386975 118.993425 64.000000 9.710788 236.166615 121.590209 256.000000 197.119954 19.256284 186.761998 0.000000 20.415457 24.277160 190.433887 256.000000 194.899853 20.178844 184.901949 64.000000 18.126517 23.487018 184.392729 256.000000 186.324931 247.358700 106.247207 0.000000 9.043897 245.721600 108.167540 256.000000 209.562842
117.344433 211.118564 0.000000 10.954216 110.208836 210.964782 256.000000 219.807142 80.150800 175.101975 0.000000 10.313140 78.341776 173.541649 256.000000 204.916120 31.018265 233.952073 64.000000 8.772838 31.262253 234.101220 256.000000 117.080174 197.608556 99.061744 64.000000 15.415929 204.734556 93.179307 256.000000 188.519216
