72.851393 78.399947 64.000000 18.935391 72.151607 77.001513 256.000000 172.987119 160.030358 195.722078 64.000000 15.631055 155.953105 194.103058 256.000000 196.035719 174.400913 78.832218 64.000000 8.699695 170.940216 82.224282 256.000000 209.575749 69.825724 184.523496 0.000000 9.598922 29.673556 209.092820 256.000000 191.746106
83.174911 100.027915 64.000000 30.806043 79.253035 103.870655 256.000000 198.759214 210.260715 178.212551 64.000000 14.942652 210.400416 177.836418 256.000000 187.753368 79.745751 119.264524 0.000000 20.755356 86.694700 90.687985 256.000000 234.758399 62.276587 87.066440 0.000000 9.887191 63.741009 85.069460 256.000000 222.638200
234.879135 214.958369 0.000000 22.325776 229.887165 209.216438 256.000000 179.393571 215.426973 220.469171 64.000000 33.662916 237.977882 155.888051 256.000000 185.834444 180.286484 126.127756 64.000000 19.309710 174.115351 127.473687 256.000000 177.797336 101.149678 160.731042 0.000000 26.920868 101.025478 157.371724 256.000000 208.470002
52.025629 23.996267 0.000000 21.366314 53.404905 24.760740 256.000000 197.989063 126.014489 111.979644 64.000000 9.568804 123.157635 108.053549 256.000000 219.062806 125.411202 196.619989 0.000000 27.265069 104.847927 174.459042 256.000000 180.529437 33.083382 226.967515 64.000000 21.994482 37.522969 229.748047 256.000000 197.485668
29.592920 78.329302 0.000000 10.743392 29.929142 86.111253 256.000000 190.683384 179.972122 44.313996 64.000000 8.798653 173.390011 26.622276 256.000000 195.011719 89.633585 87.480233 0.000000 11.341443 91.253569 87.541900 256.000000 202.304490 185.623298 12.696413 0.000000 9.487057 186.273191 14.686304 256.000000 203.255347
230.523762 241.940880 64.000000 16.409811 230.736782 242.000445 256.000000 208.921766 22.668156 235.240664 64.000000 27.157506 28.671622 228.812038 256.000000 195.416156 141.807884 162.971385 64.000000 15.807458 144.887660 158.679796 256.000000 198.199886 250.386975 118.993425 64.000000 9.710788 236.166615 121.590209 256.000000 197.119954
188.714256 241.902289 64.000000 21.710516 185.063824 233.289162 256.000000 179.062277 32.397576 195.624747 64.000000 11.866350 36.561318 207.888596 256.000000 213.904084 48.066036 162.538315 0.000000 17.472534 50.255035 162.840351 256.000000 215.668118 254.250833 160.867809 0.000000 19.774382 250.598891 164.087498 256.000000 189.487283
248.933269 138.734656 0.000000 16.784131 251.773707 133.032716 256.000000 193.785501 95.602705 122.644484 0.000000 9.659157 95.901935 125.776865 256.000000 223.262065 212.086804 45.130265 0.000000 20.600466 208.382031 45.639645 256.000000 192.081703 0.759205 124.842229 64.000000 22.773238 3.003635 123.273302 256.000000 211.460253
125.479418 208.138349 0.000000 27.084363 123.487931 196.825856 256.000000 188.514914 51.690775 99.905480 0.000000 12.025543 45.103507 98.574427 256.000000 206.267111 201.212260 24.124073 64.000000 10.343258 204.050402 24.306540 256.000000 185.318141 229.217964 176.271109 64.000000 24.511456 227.547549 178.169227 256.000000 223.696620
159.249473 97.968289 0.000000 9.039595 156.190480 94.609418 256.000000 202.523919 175.471164 170.251064 64.000000 16.844366 172.310782 175.362545 256.000000 202.222743 135.719175 182.733887 0.000000 9.401006 150.992104 178.422731 256.000000 203.014406 142.402875 114.516822 64.000000 10.334653 137.825442 114.987200 256.000000 216.231748
159.023522 129.616389 0.000000 8.871796 160.692916 135.025815 256.000000 204.842977 127.726309 176.587396 64.000000 18.651424 130.105571 182.028125 256.000000 196.255147 146.937142 90.403724 0.000000 26.124901 149.641009 84.323620 256.000000 185.331049 121.439378 83.610747 64.000000 25.862448 143.434827 80.808938 256.000000 193.393971
140.977140 145.963571 0.000000 12.675224 152.447355 137.098311 256.000000 188.093267 61.279953 128.471460 0.000000 8.669578 64.296060 126.888640 256.000000 195.433366 13.177869 2.308776 64.000000 13.058148 14.161195 2.308845 320.000000 197.416828 119.527636 134.127185 64.000000 9.478452 123.189615 134.600256 256.000000 191.337367
145.398047 132.712855 64.000000 22.325776 155.105951 173.031856 256.000000 218.753024 98.858775 183.133025 0.000000 21.405037 98.757887 177.834404 256.000000 203.530709 30.678715 240.146905 64.000000 19.847525 34.675942 240.595035 256.000000 191.913905 10.793773 49.654893 0.000000 20.243357 11.678707 52.922887 256.000000 228.855341
87.303547 112.753462 0.000000 9.065410 89.186275 109.311678 256.000000 204.012591 214.673625 116.180422 0.000000 8.880401 213.251096 115.300165 256.000000 185.227789 97.131358 123.647396 0.000000 8.712603 86.834011 113.708671 256.000000 94.246701 159.494609 166.646175 64.000000 11.186552 157.940918 166.403667 256.000000 210.036119
80.183273 116.141805 0.000000 9.310653 83.184691 112.105660 256.000000 212.587513 242.014962 138.141818 0.000000 30.483354 240.605002 133.986144 256.000000 233.175071 204.005069 218.920389 0.000000 30.784531 193.263525 224.804671 256.000000 181.983688 3.321891 115.442184 0.000000 9.573107 4.542760 114.466235 256.000000 209.072354
122.186395 167.711140 0.000000 11.423191 124.748175 165.718613 256.000000 204.847280 62.802509 61.758045 0.000000 19.275290 69.257476 60.469600 256.000000 179.815218 203.718551 243.114018 0.000000 13.376535 202.208089 243.696120 256.000000 197.864290 99.499864 198.093869 64.000000 24.644835 104.240993 200.557831 256.000000 192.400089
122.348864 236.240822 64.000000 18.496533 126.320722 237.461691 256.000000 208.035447 202.610338 128.370720 64.000000 27.351120 193.241442 127.226040 256.000000 181.639487 159.084387 122.960051 0.000000 13.897140 157.347173 128.694353 256.000000 181.729840 23.205404 228.157555 0.000000 9.349376 18.785169 224.265911 256.000000 190.842577
95.806622 77.457055 0.000000 21.809474 76.647991 89.250916 256.000000 200.635113 119.449267 77.279480 64.000000 11.122014 124.695293 73.116491 256.000000 201.947381 172.055884 65.186911 64.000000 26.378750 175.620756 65.590853 256.000000 178.791219 75.423020 109.856489 64.000000 29.554010 83.632980 107.060293 256.000000 176.536698
248.356625 110.175640 0.000000 14.198316 252.138198 119.693495 256.000000 216.842705 135.695196 146.066649 0.000000 15.243828 133.594191 132.969507 256.000000 177.100328 177.782431 108.227484 64.000000 32.144127 83.381244 253.469804 256.000000 190.115451 88.629162 11.733729 64.000000 14.482282 93.400533 11.213736 256.000000 225.374603
140.772315 42.559236 64.000000 9.762418 140.900498 43.698138 256.000000 195.411853 113.144362 132.873573 64.000000 16.891694 112.713316 138.824989 256.000000 176.639959 134.208551 149.948307 64.000000 13.858417 138.407640 155.851262 256.000000 179.707655 131.372747 159.092858 64.000000 10.136737 126.602225 157.175713 256.000000 194.895551
130.471951 127.094142 0.000000 13.126989 122.983105 124.787887 256.000000 222.969494 150.703193 195.764449 0.000000 26.623994 136.300825 197.064984 256.000000 182.547319 134.766342 196.945396 64.000000 15.811761 123.928895 187.021413 256.000000 190.317670 151.611007 76.407242 64.000000 13.152804 147.900480 76.685198 256.000000 213.688958
110.108105 168.823282 0.000000 11.225275 113.839153 176.875400 256.000000 192.417299 150.261444 135.037089 64.000000 17.696265 152.972191 129.767804 256.000000 194.968694 173.496855 235.124065 64.000000 19.430180 175.110907 233.345285 256.000000 180.688630 222.651802 185.728584 0.000000 16.594820 221.290433 182.275284 256.000000 204.989263
172.541075 88.183251 0.000000 18.853643 170.282347 91.082345 256.000000 201.525734 137.781882 85.631447 0.000000 15.063123 142.839582 100.425320 256.000000 198.294542 16.838285 132.036955 64.000000 25.849540 13.668529 142.139007 256.000000 201.250373 236.792856 140.279795 0.000000 18.216870 234.338522 140.567236 256.000000 212.785429
204.718140 210.863485 64.000000 12.219157 203.061029 213.058045 256.000000 214.570975 146.996135 222.173722 64.000000 17.240198 147.692467 221.196716 256.000000 209.257363 133.735115 159.934975 0.000000 9.689275 127.439238 161.790525 256.000000 181.420058 80.150800 175.101975 0.000000 10.313140 78.341776 173.541649 256.000000 204.916120
116.837195 165.980680 64.000000 28.783859 121.787656 151.328782 256.000000 210.272757 21.131915 203.724051 64.000000 10.782115 18.588718 196.492522 256.000000 199.942407 236.357647 119.574196 0.000000 13.604568 231.932647 116.368542 256.000000 199.357264 221.158256 61.079231 0.000000 22.966852 219.548600 52.459160 256.000000 180.946781
86.283084 141.135038 64.000000 18.341643 92.205804 139.043787 256.000000 179.711958 62.805493 109.171671 0.000000 30.642547 70.815905 110.043958 256.000000 193.251988 124.632027 237.712309 64.000000 24.752398 110.734278 227.046416 256.000000 201.405264 25.374164 211.871807 0.000000 31.382581 44.729487 206.471291 256.000000 199.869264
179.358493 246.967867 64.000000 13.268972 196.956667 255.598835 256.000000 198.526878 154.034162 106.774400 64.000000 22.829171 59.911891 118.967993 256.000000 191.969837 138.530662 113.588798 0.000000 16.160265 136.215342 121.908413 256.000000 196.831685 244.281578 241.481924 64.000000 8.617948 245.937345 239.752313 256.000000 199.172256
203.970862 161.399482 0.000000 14.120871 205.360985 204.222764 256.000000 212.837059 163.150858 243.437129 0.000000 16.646450 156.690025 245.009055 256.000000 178.589000 0.213856 67.069547 0.000000 29.726111 17.086047 63.462300 256.000000 176.127959 216.164249 217.116024 64.000000 9.616132 216.903836 218.334036 256.000000 109.301218
49.181336 6.356822 64.000000 44.337469 56.718927 14.377571 256.000000 208.220455 135.823575 116.366851 64.000000 12.709644 136.610971 130.992304 256.000000 191.388997 68.459491 151.184562 64.000000 29.575522 58.686936 161.242715 256.000000 191.840762 211.420645 166.746942 0.000000 14.710316 205.803733 185.269371 256.000000 222.259578
213.902495 121.429505 64.000000 22.566717 211.378358 122.326876 256.000000 221.149528 114.124618 94.987031 64.000000 11.195157 112.729107 80.313073 256.000000 205.811044 112.214185 53.882325 0.000000 12.124501 111.469749 56.996860 256.000000 190.347787 220.789827 146.497524 64.000000 10.885376 221.685622 151.641151 256.000000 198.328962
92.233429 24.334887 0.000000 33.482211 87.793565 25.288493 256.000000 181.613672 11.690698 30.017344 64.000000 15.020097 13.703104 32.013811 256.000000 214.773193 128.438615 45.325280 64.000000 8.858889 131.110093 45.254576 256.000000 115.264511 77.104365 165.246015 64.000000 13.875627 79.559524 161.605011 256.000000 175.968765
224.024745 148.918920 0.000000 19.782987 220.852493 151.479504 256.000000 201.968894 19.217700 51.144642 64.000000 25.419288 22.519847 52.887855 256.000000 184.474848 220.037436 104.144455 0.000000 8.828771 218.720665 105.204156 256.000000 213.228589 59.144749 113.108471 64.000000 22.059020 63.932436 112.055858 256.000000 197.257634
