134.766342 196.945396 64.000000 15.811761 123.928895 187.021413 256.000000 190.317670 69.825724 184.523496 0.000000 9.598922 29.673556 209.092820 256.000000 191.746106 250.871565 77.941122 0.000000 17.360668 251.623171 70.110264 256.000000 159.365341 32.397576 195.624747 64.000000 11.866350 36.561318 207.888596 256.000000 213.904084
51.989064 176.776155 0.000000 12.421375 48.542873 172.441504 256.000000 208.224758 135.719175 182.733887 0.000000 9.401006 150.992104 178.422731 256.000000 203.014406 95.806622 77.457055 0.000000 21.809474 76.647991 89.250916 256.000000 200.635113 132.071855 152.258053 64.000000 11.922283 132.006025 159.097322 256.000000 208.599077
174.400913 78.832218 64.000000 8.699695 170.940216 82.224282 256.000000 209.575749 122.348864 236.240822 64.000000 18.496533 126.320722 237.461691 256.000000 208.035447 13.177869 2.308776 64.000000 13.058148 14.161195 2.308845 320.000000 197.416828 232.452244 126.138802 64.000000 12.404165 231.090945 126.011745 256.000000 202.097969
159.084387 122.960051 0.000000 13.897140 157.347173 128.694353 256.000000 181.729840 122.293347 140.568245 0.000000 10.171157 137.887015 125.862104 256.000000 211.107446 189.598718 128.861029 64.000000 13.307694 190.199047 133.133949 256.000000 121.576308 16.953198 187.973922 64.000000 27.656599 20.910393 185.633595 256.000000 173.266783
153.832438 228.541145 64.000000 9.241813 152.426378 229.309398 256.000000 201.947381 24.591825 208.906858 0.000000 14.929744 26.320402 213.047851 256.000000 192.576493 156.918849 242.731002 64.000000 15.850484 155.167302 243.228160 256.000000 211.292455 211.438422 92.413407 0.000000 9.220300 210.231958 92.555300 256.000000 193.578980
172.541075 88.183251 0.000000 18.853643 170.282347 91.082345 256.000000 201.525734 222.357396 153.320347 0.000000 8.691090 224.402025 155.204929 256.000000 208.478607 52.671727 244.890036 64.000000 26.963893 54.662155 242.777291 256.000000 203.479078 128.300764 92.673962 64.000000 23.655255 135.324298 98.837133 256.000000 207.583682
142.426031 198.257318 64.000000 26.667019 133.293996 189.950551 256.000000 174.351018 212.103885 151.972360 64.000000 9.444031 218.411842 149.190909 256.000000 203.840490 159.928249 66.649485 0.000000 13.230249 155.188645 65.084622 256.000000 210.251245 168.860942 153.854440 64.000000 12.029846 164.673345 156.839122 256.000000 206.340254
34.186280 74.428233 64.000000 18.393273 36.447744 74.123869 256.000000 205.484053 173.275993 127.407580 64.000000 10.166855 173.455944 130.553958 256.000000 215.306706 228.323022 137.350064 64.000000 12.485913 226.252064 138.552735 256.000000 205.548590 87.531891 170.166273 0.000000 8.794351 78.865378 175.520807 256.000000 206.422002
116.127456 101.249909 64.000000 29.097943 111.874909 104.772855 256.000000 183.747722 247.974198 173.978955 0.000000 17.679055 225.672549 178.219613 256.000000 196.823080 179.358493 246.967867 64.000000 13.268972 196.956667 255.598835 256.000000 198.526878 218.007247 158.680782 64.000000 19.468903 214.793338 156.727135 256.000000 215.547647
13.184431 95.582987 64.000000 12.756972 6.482278 90.788529 256.000000 198.251517 129.375465 194.191344 0.000000 12.146014 134.519027 194.210411 256.000000 192.240896 93.207173 124.513975 64.000000 19.920668 84.794665 117.278607 256.000000 200.325331 114.124618 94.987031 64.000000 11.195157 112.729107 80.313073 256.000000 205.811044
45.335309 209.237675 0.000000 26.129204 45.149922 206.963291 256.000000 193.114308 203.718551 243.114018 0.000000 13.376535 202.208089 243.696120 256.000000 197.864290 226.699633 188.045673 0.000000 12.830115 223.249225 186.533375 256.000000 198.032088 75.613071 140.973844 64.000000 20.282079 78.444833 131.483158 256.000000 188.768762
174.979762 67.771660 0.000000 26.107691 130.432909 137.394933 256.000000 192.283921 121.605042 209.451160 0.000000 18.122214 133.948185 196.507885 256.000000 201.319213 122.186395 167.711140 0.000000 11.423191 124.748175 165.718613 256.000000 204.847280 202.870918 199.596547 64.000000 25.604297 206.945180 194.506973 256.000000 189.857300
112.563218 147.537635 64.000000 17.502651 57.748167 249.657535 256.000000 200.815818 202.610338 128.370720 64.000000 27.351120 193.241442 127.226040 256.000000 181.639487 26.707018 234.410709 0.000000 16.031190 32.238580 240.887373 256.000000 228.894064 80.150800 175.101975 0.000000 10.313140 78.341776 173.541649 256.000000 204.916120
24.336753 251.527735 0.000000 34.187824 28.042065 203.339758 256.000000 185.249301 160.492353 96.864829 64.000000 8.940637 158.702976 94.929796 256.000000 219.858772 254.737865 201.967660 0.000000 10.351863 253.565200 203.836771 256.000000 205.058103 65.071200 74.177149 64.000000 10.468031 62.983118 72.181973 256.000000 211.942135
107.520362 144.229575 0.000000 11.496333 104.147911 148.984304 256.000000 207.566472 154.347838 0.117642 0.000000 11.741577 153.650155 0.258273 256.000000 240.549591 193.582393 45.900551 64.000000 11.978216 201.045182 50.032525 256.000000 194.073770 140.977140 145.963571 0.000000 12.675224 152.447355 137.098311 256.000000 188.093267
132.472242 32.604187 64.000000 23.465944 130.459762 34.599413 256.000000 209.476791 255.223775 186.165238 64.000000 9.865678 235.215347 206.805958 256.000000 113.367099 80.619129 6.607289 0.000000 18.879458 83.058913 8.954367 256.000000 215.375546 215.321569 147.469813 0.000000 11.552266 225.567658 155.674429 256.000000 194.779383
236.822369 130.455711 64.000000 21.534113 235.640631 130.182053 256.000000 193.282106 13.366398 118.106451 64.000000 9.525779 15.258835 115.129825 256.000000 207.807413 30.300762 145.774153 64.000000 19.116096 35.206982 148.986531 256.000000 196.375618 99.499864 198.093869 64.000000 24.644835 104.240993 200.557831 256.000000 192.400089
38.684391 194.496145 0.000000 17.304735 40.593571 196.339996 256.000000 200.278003 83.420480 203.227987 64.000000 14.465072 87.733027 199.914818 256.000000 224.931443 211.420645 166.746942 0.000000 14.710316 205.803733 185.269371 256.000000 222.259578 87.303547 112.753462 0.000000 9.065410 89.186275 109.311678 256.000000 204.012591
38.665900 96.179075 0.000000 13.875627 41.274293 100.904440 256.000000 213.886874 35.808185 79.463616 64.000000 23.465944 37.211509 79.334375 256.000000 212.875782 14.839115 196.960822 64.000000 31.382581 44.922420 201.801380 256.000000 184.900797 219.611731 88.726020 64.000000 12.386955 214.935411 90.343189 256.000000 194.370644
87.967845 112.426865 0.000000 9.581712 88.000095 111.932460 256.000000 192.615215 213.979302 115.696102 64.000000 9.099830 210.851313 121.205482 256.000000 209.997396 52.025629 23.996267 0.000000 21.366314 53.404905 24.760740 256.000000 197.989063 31.775711 235.704156 64.000000 19.012836 42.004176 236.324147 256.000000 201.177230
128.076585 81.631755 0.000000 8.734116 137.999467 78.865504 256.000000 197.520088 39.412125 74.858145 64.000000 11.431796 43.365975 74.353936 256.000000 188.579452 150.261444 135.037089 64.000000 17.696265 152.972191 129.767804 256.000000 194.968694 216.164249 217.116024 64.000000 9.616132 216.903836 218.334036 256.000000 109.301218
214.673625 116.180422 0.000000 8.880401 213.251096 115.300165 256.000000 185.227789 159.249473 97.968289 0.000000 9.039595 156.190480 94.609418 256.000000 202.523919 3.321891 115.442184 0.000000 9.573107 4.542760 114.466235 256.000000 209.072354 146.937142 90.403724 0.000000 26.124901 149.641009 84.323620 256.000000 185.331049
185.623298 12.696413 0.000000 9.487057 186.273191 14.686304 256.000000 203.255347 137.109793 208.146373 0.000000 23.698280 138.186573 200.077907 256.000000 188.420258 134.208551 149.948307 64.000000 13.858417 138.407640 155.851262 256.000000 179.707655 254.250833 160.867809 0.000000 19.774382 250.598891 164.087498 256.000000 189.487283
80.425578 83.297724 0.000000 17.403693 84.012189 68.411231 256.000000 194.013534 232.940276 74.030638 0.000000 28.775254 234.763895 78.459965 256.000000 176.454950 232.225540 216.508793 64.000000 23.943524 230.165389 214.698698 256.000000 201.848423 0.213856 67.069547 0.000000 29.726111 17.086047 63.462300 256.000000 176.127959
152.838184 198.653700 64.000000 8.725511 151.530295 198.456009 256.000000 231.836988 70.070638 242.141776 0.000000 10.429308 77.212300 240.603205 256.000000 223.916048 228.688136 55.396816 0.000000 11.341443 222.897065 57.954793 256.000000 199.525062 35.334865 64.230816 64.000000 20.570348 40.027289 24.457991 256.000000 197.842777
173.741716 238.008704 0.000000 12.481611 176.024469 237.367849 256.000000 115.565687 88.629162 11.733729 64.000000 14.482282 93.400533 11.213736 256.000000 225.374603 125.411202 196.619989 0.000000 27.265069 104.847927 174.459042 256.000000 180.529437 21.131915 203.724051 64.000000 10.782115 18.588718 196.492522 256.000000 199.942407
163.599385 234.262220 64.000000 11.031661 163.236105 234.303918 256.000000 220.727881 65.646075 82.044855 0.000000 8.665275 46.015955 84.040045 256.000000 209.149800 188.714256 241.902289 64.000000 21.710516 185.063824 233.289162 256.000000 179.062277 31.448375 145.875038 64.000000 12.752669 35.608893 161.461855 256.000000 204.051314
90.831824 206.829242 64.000000 11.104804 95.414738 214.578598 256.000000 211.924925 11.658691 38.268318 0.000000 35.969067 17.821771 55.932809 256.000000 195.424761 242.483962 246.554522 0.000000 16.026887 244.870047 244.434229 256.000000 182.031016 22.668156 235.240664 64.000000 27.157506 28.671622 228.812038 256.000000 195.416156
116.837195 165.980680 64.000000 28.783859 121.787656 151.328782 256.000000 210.272757 144.487707 225.936520 0.000000 15.007190 143.867787 224.443711 256.000000 174.961976 252.446495 9.965069 0.000000 23.668163 248.500378 12.214602 256.000000 198.587113 98.858775 183.133025 0.000000 21.405037 98.757887 177.834404 256.000000 203.530709
61.214936 108.870595 0.000000 14.749039 66.276145 108.594696 256.000000 188.824695 221.158256 61.079231 0.000000 22.966852 219.548600 52.459160 256.000000 180.946781 130.471951 127.094142 0.000000 13.126989 122.983105 124.787887 256.000000 222.969494 68.459491 151.184562 64.000000 29.575522 58.686936 161.242715 256.000000 191.840762
239.965158 6.193636 0.000000 24.171557 241.524524 6.497856 256.000000 184.156461 249.932540 108.032533 0.000000 23.685373 238.233515 95.532425 256.000000 204.386910 179.972122 44.313996 64.000000 8.798653 173.390011 26.622276 256.000000 195.011719 237.191520 189.637004 64.000000 10.179762 237.836162 188.889240 256.000000 208.538842
141.807884 162.971385 64.000000 15.807458 144.887660 158.679796 256.000000 198.199886 215.797969 175.667122 64.000000 13.862719 213.744456 181.002275 256.000000 225.477863 112.739487 238.072965 64.000000 10.859560 112.674298 237.664931 256.000000 211.593631 83.174911 100.027915 64.000000 30.806043 79.253035 103.870655 256.000000 198.759214
