79.745751 119.264524 0.000000 20.755356 86.694700 90.687985 256.000000 234.758399 160.030358 195.722078 64.000000 15.631055 155.953105 194.103058 256.000000 196.035719 143.578153 81.436651 0.000000 15.269643 134.163831 105.475307 256.000000 215.078672 81.171109 83.708209 64.000000 29.360396 89.957036 86.692031 256.000000 211.301060
215.426973 220.469171 64.000000 33.662916 237.977882 155.888051 256.000000 185.834444 129.375465 194.191344 0.000000 12.146014 134.519027 194.210411 256.000000 192.240896 228.182107 147.323915 64.000000 25.475221 221.352016 105.703787 256.000000 215.526134 84.069073 172.402064 0.000000 22.949642 94.474484 171.967676 256.000000 194.723450
213.902495 121.429505 64.000000 22.566717 211.378358 122.326876 256.000000 221.149528 173.496855 235.124065 64.000000 19.430180 175.110907 233.345285 256.000000 180.688630 209.370871 84.399162 64.000000 16.263526 203.234867 75.016273 256.000000 236.139508 3.321891 115.442184 0.000000 9.573107 4.542760 114.466235 256.000000 209.072354
134.766342 196.945396 64.000000 15.811761 123.928895 187.021413 256.000000 190.317670 117.344433 211.118564 0.000000 10.954216 110.208836 210.964782 256.000000 219.807142 32.397576 195.624747 64.000000 11.866350 36.561318 207.888596 256.000000 213.904084 52.901075 21.329045 0.000000 29.562615 53.132793 25.951507 256.000000 206.607010
125.912238 206.241640 0.000000 9.839863 127.189216 205.750904 256.000000 202.175415 77.104365 165.246015 64.000000 13.875627 79.559524 161.605011 256.000000 175.968765 46.500498 175.315664 0.000000 19.137609 44.624291 172.764165 256.000000 203.427448 159.249473 97.968289 0.000000 9.039595 156.190480 94.609418 256.000000 202.523919
112.563218 147.537635 64.000000 17.502651 57.748167 249.657535 256.000000 200.815818 226.499173 227.692507 64.000000 8.669578 232.540307 233.292531 256.000000 210.169497 255.223775 186.165238 64.000000 9.865678 235.215347 206.805958 256.000000 113.367099 21.303882 248.240451 64.000000 30.311253 26.499015 247.883367 256.000000 190.876997
203.970862 161.399482 0.000000 14.120871 205.360985 204.222764 256.000000 212.837059 19.256284 186.761998 0.000000 20.415457 24.277160 190.433887 256.000000 194.899853 40.101191 58.827013 64.000000 13.419560 32.506489 59.397144 256.000000 204.283650 202.870918 199.596547 64.000000 25.604297 206.945180 194.506973 256.000000 189.857300
204.718140 210.863485 64.000000 12.219157 203.061029 213.058045 256.000000 214.570975 25.374164 211.871807 0.000000 31.382581 44.729487 206.471291 256.000000 199.869264 48.712489 249.308982 0.000000 13.565846 38.666671 250.934667 256.000000 201.345028 163.599385 234.262220 64.000000 11.031661 163.236105 234.303918 256.000000 220.727881
101.149678 160.731042 0.000000 26.920868 101.025478 157.371724 256.000000 208.470002 124.632027 237.712309 64.000000 24.752398 110.734278 227.046416 256.000000 201.405264 14.839115 196.960822 64.000000 31.382581 44.922420 201.801380 256.000000 184.900797 95.602705 122.644484 0.000000 9.659157 95.901935 125.776865 256.000000 223.262065
30.678715 240.146905 64.000000 19.847525 34.675942 240.595035 256.000000 191.913905 159.556442 67.883762 64.000000 9.788233 157.360900 69.745911 256.000000 192.150543 80.183273 116.141805 0.000000 9.310653 83.184691 112.105660 256.000000 212.587513 62.802509 61.758045 0.000000 19.275290 69.257476 60.469600 256.000000 179.815218
197.608556 99.061744 64.000000 15.415929 204.734556 93.179307 256.000000 188.519216 180.286484 126.127756 64.000000 19.309710 174.115351 127.473687 256.000000 177.797336 5.128476 227.793340 64.000000 28.439657 7.034771 225.051600 256.000000 192.451720 46.882945 138.046076 64.000000 13.213039 49.091925 139.894651 256.000000 204.326675
122.293347 140.568245 0.000000 10.171157 137.887015 125.862104 256.000000 211.107446 5.475822 71.200076 64.000000 22.945339 19.541575 78.685098 256.000000 186.561570 228.688136 55.396816 0.000000 11.341443 222.897065 57.954793 256.000000 199.525062 58.242033 26.862020 64.000000 19.322617 58.621407 22.102998 256.000000 192.322644
216.164249 217.116024 64.000000 9.616132 216.903836 218.334036 256.000000 109.301218 153.832438 228.541145 64.000000 9.241813 152.426378 229.309398 256.000000 201.947381 244.281578 241.481924 64.000000 8.617948 245.937345 239.752313 256.000000 199.172256 212.086804 45.130265 0.000000 20.600466 208.382031 45.639645 256.000000 192.081703
228.323022 137.350064 64.000000 12.485913 226.252064 138.552735 256.000000 205.548590 247.974198 173.978955 0.000000 17.679055 225.672549 178.219613 256.000000 196.823080 72.851393 78.399947 64.000000 18.935391 72.151607 77.001513 256.000000 172.987119 109.602216 55.962840 64.000000 9.758115 110.443453 55.918507 256.000000 217.767747
242.483962 246.554522 0.000000 16.026887 244.870047 244.434229 256.000000 182.031016 80.150800 175.101975 0.000000 10.313140 78.341776 173.541649 256.000000 204.916120 38.665900 96.179075 0.000000 13.875627 41.274293 100.904440 256.000000 213.886874 38.684391 194.496145 0.000000 17.304735 40.593571 196.339996 256.000000 200.278003
20.408245 116.194851 0.000000 24.434011 19.764678 121.562116 256.000000 201.022339 125.063093 255.071811 0.000000 10.949913 132.128344 254.871644 256.000000 215.332521 145.398047 132.712855 64.000000 22.325776 155.105951 173.031856 256.000000 218.753024 111.224100 106.039056 64.000000 12.034148 111.882440 103.936175 256.000000 203.930843
19.555016 150.279467 64.000000 29.024800 38.358589 148.564651 256.000000 180.882243 41.854135 118.148262 0.000000 12.335325 31.333796 110.463356 256.000000 207.880556 71.454400 27.200287 64.000000 19.589374 58.400931 36.605833 256.000000 182.241840 16.953198 187.973922 64.000000 27.656599 20.910393 185.633595 256.000000 173.266783
87.303547 112.753462 0.000000 9.065410 89.186275 109.311678 256.000000 204.012591 30.300762 145.774153 64.000000 19.116096 35.206982 148.986531 256.000000 196.375618 31.448375 145.875038 64.000000 12.752669 35.608893 161.461855 256.000000 204.051314 20.178844 184.901949 64.000000 18.126517 23.487018 184.392729 256.000000 186.324931
10.290525 47.337922 64.000000 12.795694 11.252536 49.205485 256.000000 191.909602 175.471164 170.251064 64.000000 16.844366 172.310782 175.362545 256.000000 202.222743 91.057040 158.967644 64.000000 14.761946 60.975860 185.558982 256.000000 197.193097 236.357647 119.574196 0.000000 13.604568 231.932647 116.368542 256.000000 199.357264
75.423020 109.856489 64.000000 29.554010 83.632980 107.060293 256.000000 176.536698 80.549687 141.099809 64.000000 10.717577 84.348731 139.336745 256.000000 213.228589 144.263205 27.349629 0.000000 16.457139 146.370369 27.495925 256.000000 232.835172 88.367082 103.884687 64.000000 24.455524 86.245096 105.234082 256.000000 192.176358
249.932540 108.032533 0.000000 23.685373 238.233515 95.532425 256.000000 204.386910 62.276587 87.066440 0.000000 9.887191 63.741009 85.069460 256.000000 222.638200 130.372940 97.067664 0.000000 16.599122 126.305342 109.735415 256.000000 193.359551 250.871565 77.941122 0.000000 17.360668 251.623171 70.110264 256.000000 159.365341
134.208551 149.948307 64.000000 13.858417 138.407640 155.851262 256.000000 179.707655 62.265200 82.093745 64.000000 16.956231 62.604165 81.888442 256.000000 185.438612 136.030371 67.114991 64.000000 19.955088 132.569736 68.326940 256.000000 188.562242 125.411202 196.619989 0.000000 27.265069 104.847927 174.459042 256.000000 180.529437
173.275993 127.407580 64.000000 10.166855 173.455944 130.553958 256.000000 215.306706 116.356880 54.001275 0.000000 17.197172 118.014285 56.008680 256.000000 197.081231 212.760298 168.427440 64.000000 24.395288 203.228618 171.164849 256.000000 189.534611 24.591825 208.906858 0.000000 14.929744 26.320402 213.047851 256.000000 192.576493
182.251904 144.985589 64.000000 17.231593 182.647522 136.080396 256.000000 198.199886 87.531891 170.166273 0.000000 8.794351 78.865378 175.520807 256.000000 206.422002 173.741716 238.008704 0.000000 12.481611 176.024469 237.367849 256.000000 115.565687 111.914889 171.496302 64.000000 9.422519 105.728629 173.023131 256.000000 217.840890
222.357396 153.320347 0.000000 8.691090 224.402025 155.204929 256.000000 208.478607 155.789513 166.940378 64.000000 12.563358 151.289589 171.975507 256.000000 193.604795 248.356625 110.175640 0.000000 14.198316 252.138198 119.693495 256.000000 216.842705 51.690775 99.905480 0.000000 12.025543 45.103507 98.574427 256.000000 206.267111
28.342365 112.689140 0.000000 15.902114 31.557482 114.406718 256.000000 197.197399 127.726309 176.587396 64.000000 18.651424 130.105571 182.028125 256.000000 196.255147 52.025629 23.996267 0.000000 21.366314 53.404905 24.760740 256.000000 197.989063 160.492353 96.864829 64.000000 8.940637 158.702976 94.929796 256.000000 219.858772
19.217700 51.144642 64.000000 25.419288 22.519847 52.887855 256.000000 184.474848 112.214185 53.882325 0.000000 12.124501 111.469749 56.996860 256.000000 190.347787 119.449267 77.279480 64.000000 11.122014 124.695293 73.116491 256.000000 201.947381 78.414085 69.671393 64.000000 24.851356 115.854440 46.867929 256.000000 168.551221
62.805493 109.171671 0.000000 30.642547 70.815905 110.043958 256.000000 193.251988 189.807155 160.806511 0.000000 14.516702 188.176502 156.840209 256.000000 202.205532 13.366398 118.106451 64.000000 9.525779 15.258835 115.129825 256.000000 207.807413 22.668156 235.240664 64.000000 27.157506 28.671622 228.812038 256.000000 195.416156
45.335309 209.237675 0.000000 26.129204 45.149922 206.963291 256.000000 193.114308 31.775711 235.704156 64.000000 19.012836 42.004176 236.324147 256.000000 201.177230 26.707018 234.410709 0.000000 16.031190 32.238580 240.887373 256.000000 228.894064 123.312531 106.986289 0.000000 15.588030 138.986162 132.300600 256.000000 190.704896
56.743882 148.705325 0.000000 26.490616 70.396416 161.595824 256.000000 186.978914 172.055884 65.186911 64.000000 26.378750 175.620756 65.590853 256.000000 178.791219 242.014962 138.141818 0.000000 30.483354 240.605002 133.986144 256.000000 233.175071 151.688622 191.776884 64.000000 10.919796 153.947185 189.563693 256.000000 202.739045
220.037436 104.144455 0.000000 8.828771 218.720665 105.204156 256.000000 213.228589 88.629162 11.733729 64.000000 14.482282 93.400533 11.213736 256.000000 225.374603 16.463420 118.681147 0.000000 17.537072 17.592951 121.945467 256.000000 201.026642 215.797969 175.667122 64.000000 13.862719 213.744456 181.002275 256.000000 225.477863
10.793773 49.654893 0.000000 20.243357 11.678707 52.922887 256.000000 228.855341 159.494609 166.646175 64.000000 11.186552 157.940918 166.403667 256.000000 210.036119 121.439378 83.610747 64.000000 25.862448 143.434827 80.808938 256.000000 193.393971 131.372747 159.092858 64.000000 10.136737 126.602225 157.175713 256.000000 194.895551
