91.057040 158.967644 64.000000 14.761946 60.975860 185.558982 256.000000 197.193097 232.225540 216.508793 64.000000 23.943524 230.165389 214.698698 256.000000 201.848423 11.690698 30.017344 64.000000 15.020097 13.703104 32.013811 256.000000 214.773193 13.366398 118.106451 64.000000 9.525779 15.258835 115.129825 256.000000 207.807413
111.914889 171.496302 64.000000 9.422519 105.728629 173.023131 256.000000 217.840890 155.976829 29.654073 0.000000 13.492703 187.883956 23.789220 256.000000 190.253132 202.870918 199.596547 64.000000 25.604297 206.945180 194.506973 256.000000 189.857300 163.443496 126.710002 64.000000 18.707357 161.034811 134.661645 256.000000 197.098441
215.426973 220.469171 64.000000 33.662916 237.977882 155.888051 256.000000 185.834444 0.213856 67.069547 0.000000 29.726111 17.086047 63.462300 256.000000 176.127959 151.611007 76.407242 64.000000 13.152804 147.900480 76.685198 256.000000 213.688958 111.278922 96.811504 0.000000 9.603225 95.376098 92.989356 256.000000 105.480580
128.076585 81.631755 0.000000 8.734116 137.999467 78.865504 256.000000 197.520088 226.499173 227.692507 64.000000 8.669578 232.540307 233.292531 256.000000 210.169497 218.007247 158.680782 64.000000 19.468903 214.793338 156.727135 256.000000 215.547647 51.989064 176.776155 0.000000 12.421375 48.542873 172.441504 256.000000 208.224758
87.303547 112.753462 0.000000 9.065410 89.186275 109.311678 256.000000 204.012591 45.335309 209.237675 0.000000 26.129204 45.149922 206.963291 256.000000 193.114308 121.605042 209.451160 0.000000 18.122214 133.948185 196.507885 256.000000 201.319213 96.337191 138.078849 0.000000 16.762618 98.404333 147.072882 256.000000 228.493930
190.410535 147.751309 64.000000 8.725511 189.476100 145.567827 256.000000 105.489185 179.358493 246.967867 64.000000 13.268972 196.956667 255.598835 256.000000 198.526878 128.542578 235.036542 64.000000 12.929073 129.595065 233.668667 256.000000 238.914633 113.841813 70.531367 64.000000 34.648194 113.573978 71.047967 256.000000 181.475991
84.069073 172.402064 0.000000 22.949642 94.474484 171.967676 256.000000 194.723450 75.423020 109.856489 64.000000 29.554010 83.632980 107.060293 256.000000 176.536698 62.265200 82.093745 64.000000 16.956231 62.604165 81.888442 256.000000 185.438612 46.882945 138.046076 64.000000 13.213039 49.091925 139.894651 256.000000 204.326675
62.276587 87.066440 0.000000 9.887191 63.741009 85.069460 256.000000 222.638200 125.912238 206.241640 0.000000 9.839863 127.189216 205.750904 256.000000 202.175415 21.131915 203.724051 64.000000 10.782115 18.588718 196.492522 256.000000 199.942407 213.979302 115.696102 64.000000 9.099830 210.851313 121.205482 256.000000 209.997396
209.389145 247.521013 64.000000 13.294787 216.015018 241.053276 256.000000 214.996924 189.807155 160.806511 0.000000 14.516702 188.176502 156.840209 256.000000 202.205532 24.336753 251.527735 0.000000 34.187824 28.042065 203.339758 256.000000 185.249301 80.549687 141.099809 64.000000 10.717577 84.348731 139.336745 256.000000 213.228589
75.613071 140.973844 64.000000 20.282079 78.444833 131.483158 256.000000 188.768762 188.714256 241.902289 64.000000 21.710516 185.063824 233.289162 256.000000 179.062277 148.688284 106.385678 0.000000 10.037779 148.573755 109.585905 256.000000 204.597734 135.695196 146.066649 0.000000 15.243828 133.594191 132.969507 256.000000 177.100328
30.300762 145.774153 64.000000 19.116096 35.206982 148.986531 256.000000 196.375618 244.281578 241.481924 64.000000 8.617948 245.937345 239.752313 256.000000 199.172256 245.387820 178.433704 64.000000 9.603225 246.140827 178.076567 256.000000 222.401561 142.426031 198.257318 64.000000 26.667019 133.293996 189.950551 256.000000 174.351018
238.527795 197.146271 0.000000 34.222244 223.428078 186.820613 256.000000 207.368556 90.831824 206.829242 64.000000 11.104804 95.414738 214.578598 256.000000 211.924925 19.217700 51.144642 64.000000 25.419288 22.519847 52.887855 256.000000 184.474848 69.825724 184.523496 0.000000 9.598922 29.673556 209.092820 256.000000 191.746106
96.860973 75.416084 64.000000 20.419760 93.538622 92.909287 256.000000 191.819249 47.895138 98.163633 64.000000 14.645778 44.142169 82.872253 256.000000 203.960961 77.104365 165.246015 64.000000 13.875627 79.559524 161.605011 256.000000 175.968765 48.712489 249.308982 0.000000 13.565846 38.666671 250.934667 256.000000 201.345028
137.109793 208.146373 0.000000 23.698280 138.186573 200.077907 256.000000 188.420258 71.454400 27.200287 64.000000 19.589374 58.400931 36.605833 256.000000 182.241840 229.217964 176.271109 64.000000 24.511456 227.547549 178.169227 256.000000 223.696620 248.933269 138.734656 0.000000 16.784131 251.773707 133.032716 256.000000 193.785501
236.822369 130.455711 64.000000 21.534113 235.640631 130.182053 256.000000 193.282106 126.203849 109.491215 0.000000 21.452365 148.248804 119.509069 256.000000 197.347987 239.965158 6.193636 0.000000 24.171557 241.524524 6.497856 256.000000 184.156461 111.224100 106.039056 64.000000 12.034148 111.882440 103.936175 256.000000 203.930843
47.918060 127.199882 0.000000 9.542989 48.829758 125.518405 256.000000 227.564585 224.024745 148.918920 0.000000 19.782987 220.852493 151.479504 256.000000 201.968894 61.214936 108.870595 0.000000 14.749039 66.276145 108.594696 256.000000 188.824695 51.690775 99.905480 0.000000 12.025543 45.103507 98.574427 256.000000 206.267111
232.452244 126.138802 64.000000 12.404165 231.090945 126.011745 256.000000 202.097969 28.342365 112.689140 0.000000 15.902114 31.557482 114.406718 256.000000 197.197399 214.477093 187.594927 0.000000 13.019426 212.639580 186.553120 256.000000 222.582267 204.005069 218.920389 0.000000 30.784531 193.263525 224.804671 256.000000 181.983688
30.678715 240.146905 64.000000 19.847525 34.675942 240.595035 256.000000 191.913905 112.563218 147.537635 64.000000 17.502651 57.748167 249.657535 256.000000 200.815818 114.642255 56.752698 64.000000 14.865207 117.727560 57.147116 256.000000 190.416628 203.970862 161.399482 0.000000 14.120871 205.360985 204.222764 256.000000 212.837059
236.357647 119.574196 0.000000 13.604568 231.932647 116.368542 256.000000 199.357264 20.408245 116.194851 0.000000 24.434011 19.764678 121.562116 256.000000 201.022339 142.402875 114.516822 64.000000 10.334653 137.825442 114.987200 256.000000 216.231748 81.171109 83.708209 64.000000 29.360396 89.957036 86.692031 256.000000 211.301060
141.807884 162.971385 64.000000 15.807458 144.887660 158.679796 256.000000 198.199886 87.967845 112.426865 0.000000 9.581712 88.000095 111.932460 256.000000 192.615215 182.891615 9.171542 64.000000 11.276905 177.862685 6.273080 256.000000 209.274573 41.854135 118.148262 0.000000 12.335325 31.333796 110.463356 256.000000 207.880556
226.699633 188.045673 0.000000 12.830115 223.249225 186.533375 256.000000 198.032088 89.633585 87.480233 0.000000 11.341443 91.253569 87.541900 256.000000 202.304490 153.141673 172.921407 0.000000 21.301777 144.288344 193.876715 256.000000 186.802511 101.149678 160.731042 0.000000 26.920868 101.025478 157.371724 256.000000 208.470002
219.611731 88.726020 64.000000 12.386955 214.935411 90.343189 256.000000 194.370644 105.148696 149.493700 0.000000 20.901642 110.848365 157.789342 256.000000 190.821065 127.431787 217.638062 64.000000 24.279120 124.697931 214.475560 256.000000 178.395387 159.134376 145.149464 64.000000 25.453708 153.100298 139.506036 256.000000 178.408294
181.935165 229.201284 64.000000 11.427493 178.526205 230.063204 256.000000 204.163179 124.632027 237.712309 64.000000 24.752398 110.734278 227.046416 256.000000 201.405264 242.476353 183.360176 64.000000 25.070784 242.111522 186.653009 256.000000 219.148856 20.178844 184.901949 64.000000 18.126517 23.487018 184.392729 256.000000 186.324931
205.008438 22.661560 64.000000 22.205306 203.670367 6.239025 256.000000 233.897895 237.191520 189.637004 64.000000 10.179762 237.836162 188.889240 256.000000 208.538842 185.623298 12.696413 0.000000 9.487057 186.273191 14.686304 256.000000 203.255347 65.646075 82.044855 0.000000 8.665275 46.015955 84.040045 256.000000 209.149800
159.556442 67.883762 64.000000 9.788233 157.360900 69.745911 256.000000 192.150543 132.472242 32.604187 64.000000 23.465944 130.459762 34.599413 256.000000 209.476791 228.323022 137.350064 64.000000 12.485913 226.252064 138.552735 256.000000 205.548590 250.386975 118.993425 64.000000 9.710788 236.166615 121.590209 256.000000 197.119954
95.806622 77.457055 0.000000 21.809474 76.647991 89.250916 256.000000 200.635113 212.086804 45.130265 0.000000 20.600466 208.382031 45.639645 256.000000 192.081703 163.599385 234.262220 64.000000 11.031661 163.236105 234.303918 256.000000 220.727881 122.293347 140.568245 0.000000 10.171157 137.887015 125.862104 256.000000 211.107446
174.400913 78.832218 64.000000 8.699695 170.940216 82.224282 256.000000 209.575749 176.132931 53.115349 64.000000 13.256064 174.406844 54.087362 256.000000 194.138307 143.578153 81.436651 0.000000 15.269643 134.163831 105.475307 256.000000 215.078672 136.030371 67.114991 64.000000 19.955088 132.569736 68.326940 256.000000 188.562242
131.372747 159.092858 64.000000 10.136737 126.602225 157.175713 256.000000 194.895551 159.494609 166.646175 64.000000 11.186552 157.940918 166.403667 256.000000 210.036119 165.487013 172.445424 64.000000 15.222316 163.384671 172.114022 256.000000 212.316454 242.014962 138.141818 0.000000 30.483354 240.605002 133.986144 256.000000 233.175071
38.361689 249.343564 64.000000 26.985405 41.071573 236.731149 256.000000 176.726009 250.871565 77.941122 0.000000 17.360668 251.623171 70.110264 256.000000 159.365341 249.932540 108.032533 0.000000 23.685373 238.233515 95.532425 256.000000 204.386910 134.391773 61.114367 64.000000 12.081476 139.326440 66.200885 256.000000 208.685128
56.743882 148.705325 0.000000 26.490616 70.396416 161.595824 256.000000 186.978914 252.446495 9.965069 0.000000 23.668163 248.500378 12.214602 256.000000 198.587113 151.688622 191.776884 64.000000 10.919796 153.947185 189.563693 256.000000 202.739045 16.463420 118.681147 0.000000 17.537072 17.592951 121.945467 256.000000 201.026642
102.931384 77.274182 0.000000 24.369473 107.969600 94.147275 256.000000 181.273773 62.805493 109.171671 0.000000 30.642547 70.815905 110.043958 256.000000 193.251988 134.766342 196.945396 64.000000 15.811761 123.928895 187.021413 256.000000 190.317670 116.127456 101.249909 64.000000 29.097943 111.874909 104.772855 256.000000 183.747722
109.602216 55.962840 64.000000 9.758115 110.443453 55.918507 256.000000 217.767747 119.449267 77.279480 64.000000 11.122014 124.695293 73.116491 256.000000 201.947381 182.251904 144.985589 64.000000 17.231593 182.647522 136.080396 256.000000 198.199886 201.212260 24.124073 64.000000 10.343258 204.050402 24.306540 256.000000 185.318141
