167.541716 171.119316 0.000000 29.239926 166.489509 167.093138 256.000000 170.814347 149.581216 124.489018 64.000000 14.508097 141.900135 133.414431 256.000000 204.584826 109.602216 55.962840 64.000000 9.758115 110.443453 55.918507 256.000000 217.767747 140.772315 42.559236 64.000000 9.762418 140.900498 43.698138 256.000000 195.411853
132.071855 152.258053 64.000000 11.922283 132.006025 159.097322 256.000000 208.599077 19.555016 150.279467 64.000000 29.024800 38.358589 148.564651 256.000000 180.882243 35.334865 64.230816 64.000000 20.570348 40.027289 24.457991 256.000000 197.842777 154.034162 106.774400 64.000000 22.829171 59.911891 118.967993 256.000000 191.969837
63.052587 90.789802 0.000000 11.285510 63.526338 86.364618 256.000000 194.495417 202.870918 199.596547 64.000000 25.604297 206.945180 194.506973 256.000000 189.857300 80.183273 116.141805 0.000000 9.310653 83.184691 112.105660 256.000000 212.587513 89.633585 87.480233 0.000000 11.341443 91.253569 87.541900 256.000000 202.304490
189.807155 160.806511 0.000000 14.516702 188.176502 156.840209 256.000000 202.205532 125.479418 208.138349 0.000000 27.084363 123.487931 196.825856 256.000000 188.514914 95.806622 77.457055 0.000000 21.809474 76.647991 89.250916 256.000000 200.635113 69.825724 184.523496 0.000000 9.598922 29.673556 209.092820 256.000000 191.746106
113.963196 148.232962 64.000000 23.685373 109.860096 151.484805 256.000000 200.570575 30.300762 145.774153 64.000000 19.116096 35.206982 148.986531 256.000000 196.375618 130.471951 127.094142 0.000000 13.126989 122.983105 124.787887 256.000000 222.969494 11.658691 38.268318 0.000000 35.969067 17.821771 55.932809 256.000000 195.424761
77.104365 165.246015 64.000000 13.875627 79.559524 161.605011 256.000000 175.968765 200.600256 109.667718 64.000000 8.703998 212.895582 114.115505 256.000000 108.118025 87.303547 112.753462 0.000000 9.065410 89.186275 109.311678 256.000000 204.012591 236.792856 140.279795 0.000000 18.216870 234.338522 140.567236 256.000000 212.785429
87.967845 112.426865 0.000000 9.581712 88.000095 111.932460 256.000000 192.615215 72.851393 78.399947 64.000000 18.935391 72.151607 77.001513 256.000000 172.987119 214.673625 116.180422 0.000000 8.880401 213.251096 115.300165 256.000000 185.227789 215.426973 220.469171 64.000000 33.662916 237.977882 155.888051 256.000000 185.834444
193.582393 45.900551 64.000000 11.978216 201.045182 50.032525 256.000000 194.073770 13.177869 2.308776 64.000000 13.058148 14.161195 2.308845 320.000000 197.416828 205.008438 22.661560 64.000000 22.205306 203.670367 6.239025 256.000000 233.897895 25.536045 231.257016 64.000000 14.977072 24.842707 229.115778 256.000000 194.990206
96.860973 75.416084 64.000000 20.419760 93.538622 92.909287 256.000000 191.819249 137.781882 85.631447 0.000000 15.063123 142.839582 100.425320 256.000000 198.294542 62.805493 109.171671 0.000000 30.642547 70.815905 110.043958 256.000000 193.251988 220.789827 146.497524 64.000000 10.885376 221.685622 151.641151 256.000000 198.328962
159.084387 122.960051 0.000000 13.897140 157.347173 128.694353 256.000000 181.729840 83.174911 100.027915 64.000000 30.806043 79.253035 103.870655 256.000000 198.759214 121.605042 209.451160 0.000000 18.122214 133.948185 196.507885 256.000000 201.319213 150.261444 135.037089 64.000000 17.696265 152.972191 129.767804 256.000000 194.968694
113.144362 132.873573 64.000000 16.891694 112.713316 138.824989 256.000000 176.639959 102.931384 77.274182 0.000000 24.369473 107.969600 94.147275 256.000000 181.273773 212.103885 151.972360 64.000000 9.444031 218.411842 149.190909 256.000000 203.840490 22.668156 235.240664 64.000000 27.157506 28.671622 228.812038 256.000000 195.416156
96.479527 84.293962 64.000000 36.803756 126.346998 74.581889 256.000000 194.895551 93.207173 124.513975 64.000000 19.920668 84.794665 117.278607 256.000000 200.325331 238.527795 197.146271 0.000000 34.222244 223.428078 186.820613 256.000000 207.368556 113.841813 70.531367 64.000000 34.648194 113.573978 71.047967 256.000000 181.475991
212.760298 168.427440 64.000000 24.395288 203.228618 171.164849 256.000000 189.534611 24.591825 208.906858 0.000000 14.929744 26.320402 213.047851 256.000000 192.576493 76.925195 100.093440 0.000000 17.317643 81.994411 103.630333 256.000000 196.182004 244.281578 241.481924 64.000000 8.617948 245.937345 239.752313 256.000000 199.172256
3.321891 115.442184 0.000000 9.573107 4.542760 114.466235 256.000000 209.072354 125.912238 206.241640 0.000000 9.839863 127.189216 205.750904 256.000000 202.175415 49.181336 6.356822 64.000000 44.337469 56.718927 14.377571 256.000000 208.220455 249.932540 108.032533 0.000000 23.685373 238.233515 95.532425 256.000000 204.386910
162.172047 160.553169 64.000000 17.691962 159.388807 159.277358 256.000000 202.119482 89.328615 42.451384 0.000000 16.870181 85.327062 43.445869 256.000000 201.951684 130.283773 242.525771 0.000000 15.123358 133.821711 246.766855 256.000000 222.560755 248.933269 138.734656 0.000000 16.784131 251.773707 133.032716 256.000000 193.785501
34.186280 74.428233 64.000000 18.393273 36.447744 74.123869 256.000000 205.484053 62.276587 87.066440 0.000000 9.887191 63.741009 85.069460 256.000000 222.638200 163.599385 234.262220 64.000000 11.031661 163.236105 234.303918 256.000000 220.727881 221.332527 9.003945 0.000000 13.182921 218.667038 8.938707 256.000000 210.160892
242.014962 138.141818 0.000000 30.483354 240.605002 133.986144 256.000000 233.175071 96.629015 110.193282 64.000000 24.928801 102.133218 112.437611 256.000000 182.495688 96.337191 138.078849 0.000000 16.762618 98.404333 147.072882 256.000000 228.493930 62.802509 61.758045 0.000000 19.275290 69.257476 60.469600 256.000000 179.815218
146.937142 90.403724 0.000000 26.124901 149.641009 84.323620 256.000000 185.331049 95.602705 122.644484 0.000000 9.659157 95.901935 125.776865 256.000000 223.262065 190.410535 147.751309 64.000000 8.725511 189.476100 145.567827 256.000000 105.489185 98.363329 94.150315 64.000000 8.897611 96.407531 88.024047 256.000000 208.986304
156.519542 39.945578 0.000000 19.103189 162.890389 40.997333 256.000000 201.005129 209.370871 84.399162 64.000000 16.263526 203.234867 75.016273 256.000000 236.139508 251.487049 168.241820 0.000000 17.498349 251.134169 173.416991 256.000000 178.795521 65.071200 74.177149 64.000000 10.468031 62.983118 72.181973 256.000000 211.942135
99.499864 198.093869 64.000000 24.644835 104.240993 200.557831 256.000000 192.400089 51.989064 176.776155 0.000000 12.421375 48.542873 172.441504 256.000000 208.224758 128.542578 235.036542 64.000000 12.929073 129.595065 233.668667 256.000000 238.914633 147.581189 3.716871 64.000000 10.115225 146.902164 5.534582 256.000000 205.221599
159.928249 66.649485 0.000000 13.230249 155.188645 65.084622 256.000000 210.251245 131.372747 159.092858 64.000000 10.136737 126.602225 157.175713 256.000000 194.895551 33.083382 226.967515 64.000000 21.994482 37.522969 229.748047 256.000000 197.485668 205.804580 147.464944 0.000000 18.909575 198.244245 145.286931 256.000000 195.140795
251.593015 161.420018 64.000000 10.184065 249.704282 172.858204 256.000000 194.572862 116.837195 165.980680 64.000000 28.783859 121.787656 151.328782 256.000000 210.272757 175.471164 170.251064 64.000000 16.844366 172.310782 175.362545 256.000000 202.222743 29.592920 78.329302 0.000000 10.743392 29.929142 86.111253 256.000000 190.683384
75.423020 109.856489 64.000000 29.554010 83.632980 107.060293 256.000000 176.536698 41.854135 118.148262 0.000000 12.335325 31.333796 110.463356 256.000000 207.880556 80.150800 175.101975 0.000000 10.313140 78.341776 173.541649 256.000000 204.916120 153.141673 172.921407 0.000000 21.301777 144.288344 193.876715 256.000000 186.802511
11.690698 30.017344 64.000000 15.020097 13.703104 32.013811 256.000000 214.773193 21.303882 248.240451 64.000000 30.311253 26.499015 247.883367 256.000000 190.876997 51.597115 36.172718 64.000000 10.799325 52.497902 36.848815 256.000000 230.705425 150.703193 195.764449 0.000000 26.623994 136.300825 197.064984 256.000000 182.547319
254.250833 160.867809 0.000000 19.774382 250.598891 164.087498 256.000000 189.487283 45.335309 209.237675 0.000000 26.129204 45.149922 206.963291 256.000000 193.114308 196.599416 193.126322 0.000000 14.353207 198.340140 189.991231 256.000000 189.108662 71.454400 27.200287 64.000000 19.589374 58.400931 36.605833 256.000000 182.241840
250.871565 77.941122 0.000000 17.360668 251.623171 70.110264 256.000000 159.365341 254.737865 201.967660 0.000000 10.351863 253.565200 203.836771 256.000000 205.058103 30.006773 127.750493 64.000000 14.327392 30.466756 123.367369 256.000000 206.181061 232.452244 126.138802 64.000000 12.404165 231.090945 126.011745 256.000000 202.097969
173.275993 127.407580 64.000000 10.166855 173.455944 130.553958 256.000000 215.306706 197.608556 99.061744 64.000000 15.415929 204.734556 93.179307 256.000000 188.519216 159.134376 145.149464 64.000000 25.453708 153.100298 139.506036 256.000000 178.408294 236.822369 130.455711 64.000000 21.534113 235.640631 130.182053 256.000000 193.282106
224.024745 148.918920 0.000000 19.782987 220.852493 151.479504 256.000000 201.968894 83.420480 203.227987 64.000000 14.465072 87.733027 199.914818 256.000000 224.931443 12.008318 52.097178 64.000000 12.094384 12.520333 52.844200 256.000000 195.588257 81.171109 83.708209 64.000000 29.360396 89.957036 86.692031 256.000000 211.301060
21.131915 203.724051 64.000000 10.782115 18.588718 196.492522 256.000000 199.942407 247.358700 106.247207 0.000000 9.043897 245.721600 108.167540 256.000000 209.562842 119.527636 134.127185 64.000000 9.478452 123.189615 134.600256 256.000000 191.337367 203.718551 243.114018 0.000000 13.376535 202.208089 243.696120 256.000000 197.864290
245.387820 178.433704 64.000000 9.603225 246.140827 178.076567 256.000000 222.401561 95.252076 178.146189 64.000000 14.800669 110.103438 183.832047 256.000000 182.646277 166.875347 141.037698 64.000000 13.221644 165.744995 146.174991 256.000000 197.890105 31.775711 235.704156 64.000000 19.012836 42.004176 236.324147 256.000000 201.177230
133.928213 103.597215 64.000000 11.147829 126.918324 103.702533 256.000000 197.425433 226.499173 227.692507 64.000000 8.669578 232.540307 233.292531 256.000000 210.169497 53.357320 254.128693 64.000000 11.143527 51.326769 253.314678 256.000000 245.127472 156.335213 82.360798 0.000000 14.142383 158.102155 86.371567 256.000000 200.118810
247.084153 102.046967 64.000000 13.402350 246.351371 101.882244 256.000000 210.285665 176.132931 53.115349 64.000000 13.256064 174.406844 54.087362 256.000000 194.138307 135.823575 116.366851 64.000000 12.709644 136.610971 130.992304 256.000000 191.388997 128.300764 92.673962 64.000000 23.655255 135.324298 98.837133 256.000000 207.583682
