203.970862 161.399482 0.000000 14.120871 205.360985 204.222764 256.000000 212.837059 5.128476 227.793340 64.000000 28.439657 7.034771 225.051600 256.000000 192.451720 201.212260 24.124073 64.000000 10.343258 204.050402 24.306540 256.000000 185.318141 218.007247 158.680782 64.000000 19.468903 214.793338 156.727135 256.000000 215.547647
19.256284 186.761998 0.000000 20.415457 24.277160 190.433887 256.000000 194.899853 98.858775 183.133025 0.000000 21.405037 98.757887 177.834404 256.000000 203.530709 156.335213 82.360798 0.000000 14.142383 158.102155 86.371567 256.000000 200.118810 101.149678 160.731042 0.000000 26.920868 101.025478 157.371724 256.000000 208.470002
61.279953 128.471460 0.000000 8.669578 64.296060 126.888640 256.000000 195.433366 180.783991 54.370795 0.000000 12.460098 155.252429 16.972729 256.000000 209.192825 212.086804 45.130265 0.000000 20.600466 208.382031 45.639645 256.000000 192.081703 28.342365 112.689140 0.000000 15.902114 31.557482 114.406718 256.000000 197.197399
21.131915 203.724051 64.000000 10.782115 18.588718 196.492522 256.000000 199.942407 111.278922 96.811504 0.000000 9.603225 95.376098 92.989356 256.000000 105.480580 40.101191 58.827013 64.000000 13.419560 32.506489 59.397144 256.000000 204.283650 62.802509 61.758045 0.000000 19.275290 69.257476 60.469600 256.000000 179.815218
16.838285 132.036955 64.000000 25.849540 13.668529 142.139007 256.000000 201.250373 22.668156 235.240664 64.000000 27.157506 28.671622 228.812038 256.000000 195.416156 13.366398 118.106451 64.000000 9.525779 15.258835 115.129825 256.000000 207.807413 132.472242 32.604187 64.000000 23.465944 130.459762 34.599413 256.000000 209.476791
112.214185 53.882325 0.000000 12.124501 111.469749 56.996860 256.000000 190.347787 80.425578 83.297724 0.000000 17.403693 84.012189 68.411231 256.000000 194.013534 210.260715 178.212551 64.000000 14.942652 210.400416 177.836418 256.000000 187.753368 247.084153 102.046967 64.000000 13.402350 246.351371 101.882244 256.000000 210.285665
204.005069 218.920389 0.000000 30.784531 193.263525 224.804671 256.000000 181.983688 24.591825 208.906858 0.000000 14.929744 26.320402 213.047851 256.000000 192.576493 159.249473 97.968289 0.000000 9.039595 156.190480 94.609418 256.000000 202.523919 226.499173 227.692507 64.000000 8.669578 232.540307 233.292531 256.000000 210.169497
144.263205 27.349629 0.000000 16.457139 146.370369 27.495925 256.000000 232.835172 0.759205 124.842229 64.000000 22.773238 3.003635 123.273302 256.000000 211.460253 89.328615 42.451384 0.000000 16.870181 85.327062 43.445869 256.000000 201.951684 211.420645 166.746942 0.000000 14.710316 205.803733 185.269371 256.000000 222.259578
159.134376 145.149464 64.000000 25.453708 153.100298 139.506036 256.000000 178.408294 14.839115 196.960822 64.000000 31.382581 44.922420 201.801380 256.000000 184.900797 96.337191 138.078849 0.000000 16.762618 98.404333 147.072882 256.000000 228.493930 159.084387 122.960051 0.000000 13.897140 157.347173 128.694353 256.000000 181.729840
232.225540 216.508793 64.000000 23.943524 230.165389 214.698698 256.000000 201.848423 11.690698 30.017344 64.000000 15.020097 13.703104 32.013811 256.000000 214.773193 89.633585 87.480233 0.000000 11.341443 91.253569 87.541900 256.000000 202.304490 131.372747 159.092858 64.000000 10.136737 126.602225 157.175713 256.000000 194.895551
205.008438 22.661560 64.000000 22.205306 203.670367 6.239025 256.000000 233.897895 91.057040 158.967644 64.000000 14.761946 60.975860 185.558982 256.000000 197.193097 174.979762 67.771660 0.000000 26.107691 130.432909 137.394933 256.000000 192.283921 117.344433 211.118564 0.000000 10.954216 110.208836 210.964782 256.000000 219.807142
113.144362 132.873573 64.000000 16.891694 112.713316 138.824989 256.000000 176.639959 26.707018 234.410709 0.000000 16.031190 32.238580 240.887373 256.000000 228.894064 162.172047 160.553169 64.000000 17.691962 159.388807 159.277358 256.000000 202.119482 87.967845 112.426865 0.000000 9.581712 88.000095 111.932460 256.000000 192.615215
140.937625 102.242178 64.000000 18.251290 62.825211 201.724871 256.000000 210.470673 242.014962 138.141818 0.000000 30.483354 240.605002 133.986144 256.000000 233.175071 10.296031 191.566895 0.000000 16.642147 0.512402 192.762247 256.000000 195.910946 137.109793 208.146373 0.000000 23.698280 138.186573 200.077907 256.000000 188.420258
241.878653 17.982529 0.000000 34.196429 248.820229 50.991020 256.000000 203.126272 233.847667 156.242378 0.000000 22.945339 229.830840 158.681198 256.000000 184.014478 110.108105 168.823282 0.000000 11.225275 113.839153 176.875400 256.000000 192.417299 214.673625 116.180422 0.000000 8.880401 213.251096 115.300165 256.000000 185.227789
80.549687 141.099809 64.000000 10.717577 84.348731 139.336745 256.000000 213.228589 62.265200 82.093745 64.000000 16.956231 62.604165 81.888442 256.000000 185.438612 31.448375 145.875038 64.000000 12.752669 35.608893 161.461855 256.000000 204.051314 213.902495 121.429505 64.000000 22.566717 211.378358 122.326876 256.000000 221.149528
172.541075 88.183251 0.000000 18.853643 170.282347 91.082345 256.000000 201.525734 19.382369 45.410675 64.000000 34.248059 31.821280 42.883104 256.000000 178.730983 113.963196 148.232962 64.000000 23.685373 109.860096 151.484805 256.000000 200.570575 19.555016 150.279467 64.000000 29.024800 38.358589 148.564651 256.000000 180.882243
35.334865 64.230816 64.000000 20.570348 40.027289 24.457991 256.000000 197.842777 20.408245 116.194851 0.000000 24.434011 19.764678 121.562116 256.000000 201.022339 242.483962 246.554522 0.000000 16.026887 244.870047 244.434229 256.000000 182.031016 176.465649 14.550098 0.000000 15.162080 195.420009 20.738265 256.000000 183.717604
200.600256 109.667718 64.000000 8.703998 212.895582 114.115505 256.000000 108.118025 183.495415 25.921336 64.000000 19.318315 180.603971 28.129345 256.000000 183.919822 179.972122 44.313996 64.000000 8.798653 173.390011 26.622276 256.000000 195.011719 196.599416 193.126322 0.000000 14.353207 198.340140 189.991231 256.000000 189.108662
75.423020 109.856489 64.000000 29.554010 83.632980 107.060293 256.000000 176.536698 69.825724 184.523496 0.000000 9.598922 29.673556 209.092820 256.000000 191.746106 95.602705 122.644484 0.000000 9.659157 95.901935 125.776865 256.000000 223.262065 0.213856 67.069547 0.000000 29.726111 17.086047 63.462300 256.000000 176.127959
10.290525 47.337922 64.000000 12.795694 11.252536 49.205485 256.000000 191.909602 153.141673 172.921407 0.000000 21.301777 144.288344 193.876715 256.000000 186.802511 142.402875 114.516822 64.000000 10.334653 137.825442 114.987200 256.000000 216.231748 163.599385 234.262220 64.000000 11.031661 163.236105 234.303918 256.000000 220.727881
92.233429 24.334887 0.000000 33.482211 87.793565 25.288493 256.000000 181.613672 56.743882 148.705325 0.000000 26.490616 70.396416 161.595824 256.000000 186.978914 139.661978 99.530927 0.000000 13.311997 138.212015 103.349464 256.000000 223.459981 126.203849 109.491215 0.000000 21.452365 148.248804 119.509069 256.000000 197.347987
232.940276 74.030638 0.000000 28.775254 234.763895 78.459965 256.000000 176.454950 244.000284 252.903869 0.000000 21.581440 249.554773 250.536218 256.000000 199.340054 142.426031 198.257318 64.000000 26.667019 133.293996 189.950551 256.000000 174.351018 46.500498 175.315664 0.000000 19.137609 44.624291 172.764165 256.000000 203.427448
136.866431 149.208924 64.000000 25.914078 146.826480 154.420891 256.000000 175.284665 125.479418 208.138349 0.000000 27.084363 123.487931 196.825856 256.000000 188.514914 126.014489 111.979644 64.000000 9.568804 123.157635 108.053549 256.000000 219.062806 151.688622 191.776884 64.000000 10.919796 153.947185 189.563693 256.000000 202.739045
241.766182 177.723951 0.000000 26.864935 237.990824 172.658245 256.000000 173.989606 167.541716 171.119316 0.000000 29.239926 166.489509 167.093138 256.000000 170.814347 121.439378 83.610747 64.000000 25.862448 143.434827 80.808938 256.000000 193.393971 229.217964 176.271109 64.000000 24.511456 227.547549 178.169227 256.000000 223.696620
220.789827 146.497524 64.000000 10.885376 221.685622 151.641151 256.000000 198.328962 48.712489 249.308982 0.000000 13.565846 38.666671 250.934667 256.000000 201.345028 158.241089 69.845636 0.000000 10.915493 160.329569 72.852760 256.000000 193.807013 67.101680 148.799635 64.000000 12.167527 67.497125 150.982829 256.000000 207.626708
10.793773 49.654893 0.000000 20.243357 11.678707 52.922887 256.000000 228.855341 34.979487 153.004015 0.000000 11.332838 35.886291 154.316987 256.000000 215.138908 25.374164 211.871807 0.000000 31.382581 44.729487 206.471291 256.000000 199.869264 236.357647 119.574196 0.000000 13.604568 231.932647 116.368542 256.000000 199.357264
147.519409 7.291756 0.000000 9.844166 145.644609 6.364147 256.000000 213.585698 47.918060 127.199882 0.000000 9.542989 48.829758 125.518405 256.000000 227.564585 242.476353 183.360176 64.000000 25.070784 242.111522 186.653009 256.000000 219.148856 31.775711 235.704156 64.000000 19.012836 42.004176 236.324147 256.000000 201.177230
177.104045 98.824253 0.000000 16.048400 171.943107 113.839929 256.000000 204.911818 122.348864 236.240822 64.000000 18.496533 126.320722 237.461691 256.000000 208.035447 111.224100 106.039056 64.000000 12.034148 111.882440 103.936175 256.000000 203.930843 254.737865 201.967660 0.000000 10.351863 253.565200 203.836771 256.000000 205.058103
251.593015 161.420018 64.000000 10.184065 249.704282 172.858204 256.000000 194.572862 80.183273 116.141805 0.000000 9.310653 83.184691 112.105660 256.000000 212.587513 35.808185 79.463616 64.000000 23.465944 37.211509 79.334375 256.000000 212.875782 220.037436 104.144455 0.000000 8.828771 218.720665 105.204156 256.000000 213.228589
116.356880 54.001275 0.000000 17.197172 118.014285 56.008680 256.000000 197.081231 176.132931 53.115349 64.000000 13.256064 174.406844 54.087362 256.000000 194.138307 16.463420 118.681147 0.000000 17.537072 17.592951 121.945467 256.000000 201.026642 154.347838 0.117642 0.000000 11.741577 153.650155 0.258273 256.000000 240.549591
52.901075 21.329045 0.000000 29.562615 53.132793 25.951507 256.000000 206.607010 236.822369 130.455711 64.000000 21.534113 235.640631 130.182053 256.000000 193.282106 159.023522 129.616389 0.000000 8.871796 160.692916 135.025815 256.000000 204.842977 205.804580 147.464944 0.000000 18.909575 198.244245 145.286931 256.000000 195.140795
179.358493 246.967867 64.000000 13.268972 196.956667 255.598835 256.000000 198.526878 137.781882 85.631447 0.000000 15.063123 142.839582 100.425320 256.000000 198.294542 62.276587 87.066440 0.000000 9.887191 63.741009 85.069460 256.000000 222.638200 52.671727 244.890036 64.000000 26.963893 54.662155 242.777291 256.000000 203.479078
