152.838184 198.653700 64.000000 8.725511 151.530295 198.456009 256.000000 231.836988 122.293347 140.568245 0.000000 10.171157 137.887015 125.862104 256.000000 211.107446 146.996135 222.173722 64.000000 17.240198 147.692467 221.196716 256.000000 209.257363 80.183273 116.141805 0.000000 9.310653 83.184691 112.105660 256.000000 212.587513
147.581189 3.716871 64.000000 10.115225 146.902164 5.534582 256.000000 205.221599 16.953198 187.973922 64.000000 27.656599 20.910393 185.633595 256.000000 173.266783 150.703193 195.764449 0.000000 26.623994 136.300825 197.064984 256.000000 182.547319 182.251904 144.985589 64.000000 17.231593 182.647522 136.080396 256.000000 198.199886
26.707018 234.410709 0.000000 16.031190 32.238580 240.887373 256.000000 228.894064 117.344433 211.118564 0.000000 10.954216 110.208836 210.964782 256.000000 219.807142 119.527636 134.127185 64.000000 9.478452 123.189615 134.600256 256.000000 191.337367 163.150858 243.437129 0.000000 16.646450 156.690025 245.009055 256.000000 178.589000
51.690775 99.905480 0.000000 12.025543 45.103507 98.574427 256.000000 206.267111 65.646075 82.044855 0.000000 8.665275 46.015955 84.040045 256.000000 209.149800 61.214936 108.870595 0.000000 14.749039 66.276145 108.594696 256.000000 188.824695 226.499173 227.692507 64.000000 8.669578 232.540307 233.292531 256.000000 210.169497
173.496855 235.124065 64.000000 19.430180 175.110907 233.345285 256.000000 180.688630 222.651802 185.728584 0.000000 16.594820 221.290433 182.275284 256.000000 204.989263 139.661978 99.530927 0.000000 13.311997 138.212015 103.349464 256.000000 223.459981 96.337191 138.078849 0.000000 16.762618 98.404333 147.072882 256.000000 228.493930
197.608556 99.061744 64.000000 15.415929 204.734556 93.179307 256.000000 188.519216 4.975264 235.616335 0.000000 23.947826 5.298224 234.048029 256.000000 203.565129 40.101191 58.827013 64.000000 13.419560 32.506489 59.397144 256.000000 204.283650 30.678715 240.146905 64.000000 19.847525 34.675942 240.595035 256.000000 191.913905
25.374164 211.871807 0.000000 31.382581 44.729487 206.471291 256.000000 199.869264 46.882945 138.046076 64.000000 13.213039 49.091925 139.894651 256.000000 204.326675 65.071200 74.177149 64.000000 10.468031 62.983118 72.181973 256.000000 211.942135 77.104365 165.246015 64.000000 13.875627 79.559524 161.605011 256.000000 175.968765
86.876915 56.298458 0.000000 14.142383 89.542938 54.951578 256.000000 216.068252 134.391773 61.114367 64.000000 12.081476 139.326440 66.200885 256.000000 208.685128 92.233429 24.334887 0.000000 33.482211 87.793565 25.288493 256.000000 181.613672 99.952522 220.033129 0.000000 11.005846 104.475229 223.416585 256.000000 184.831957
130.471951 127.094142 0.000000 13.126989 122.983105 124.787887 256.000000 222.969494 88.367082 103.884687 64.000000 24.455524 86.245096 105.234082 256.000000 192.176358 59.144749 113.108471 64.000000 22.059020 63.932436 112.055858 256.000000 197.257634 51.989064 176.776155 0.000000 12.421375 48.542873 172.441504 256.000000 208.224758
13.366398 118.106451 64.000000 9.525779 15.258835 115.129825 256.000000 207.807413 111.914889 171.496302 64.000000 9.422519 105.728629 173.023131 256.000000 217.840890 155.789513 166.940378 64.000000 12.563358 151.289589 171.975507 256.000000 193.604795 144.487707 225.936520 0.000000 15.007190 143.867787 224.443711 256.000000 174.961976
111.278922 96.811504 0.000000 9.603225 95.376098 92.989356 256.000000 105.480580 48.712489 249.308982 0.000000 13.565846 38.666671 250.934667 256.000000 201.345028 190.410535 147.751309 64.000000 8.725511 189.476100 145.567827 256.000000 105.489185 0.759205 124.842229 64.000000 22.773238 3.003635 123.273302 256.000000 211.460253
209.370871 84.399162 64.000000 16.263526 203.234867 75.016273 256.000000 236.139508 241.766182 177.723951 0.000000 26.864935 237.990824 172.658245 256.000000 173.989606 159.134376 145.149464 64.000000 25.453708 153.100298 139.506036 256.000000 178.408294 38.361689 249.343564 64.000000 26.985405 41.071573 236.731149 256.000000 176.726009
255.223775 186.165238 64.000000 9.865678 235.215347 206.805958 256.000000 113.367099 86.349020 203.090116 64.000000 19.765777 74.008447 198.879233 256.000000 191.604123 89.633585 87.480233 0.000000 11.341443 91.253569 87.541900 256.000000 202.304490 62.276587 87.066440 0.000000 9.887191 63.741009 85.069460 256.000000 222.638200
110.108105 168.823282 0.000000 11.225275 113.839153 176.875400 256.000000 192.417299 96.455300 85.788498 64.000000 16.525979 96.924075 86.182931 256.000000 206.654338 127.726309 176.587396 64.000000 18.651424 130.105571 182.028125 256.000000 196.255147 116.837195 165.980680 64.000000 28.783859 121.787656 151.328782 256.000000 210.272757
238.527795 197.146271 0.000000 34.222244 223.428078 186.820613 256.000000 207.368556 83.174911 100.027915 64.000000 30.806043 79.253035 103.870655 256.000000 198.759214 46.500498 175.315664 0.000000 19.137609 44.624291 172.764165 256.000000 203.427448 135.823575 116.366851 64.000000 12.709644 136.610971 130.992304 256.000000 191.388997
216.164249 217.116024 64.000000 9.616132 216.903836 218.334036 256.000000 109.301218 205.804580 147.464944 0.000000 18.909575 198.244245 145.286931 256.000000 195.140795 114.642255 56.752698 64.000000 14.865207 117.727560 57.147116 256.000000 190.416628 151.688622 191.776884 64.000000 10.919796 153.947185 189.563693 256.000000 202.739045
105.148696 149.493700 0.000000 20.901642 110.848365 157.789342 256.000000 190.821065 67.101680 148.799635 64.000000 12.167527 67.497125 150.982829 256.000000 207.626708 116.356880 54.001275 0.000000 17.197172 118.014285 56.008680 256.000000 197.081231 159.084387 122.960051 0.000000 13.897140 157.347173 128.694353 256.000000 181.729840
251.593015 161.420018 64.000000 10.184065 249.704282 172.858204 256.000000 194.572862 250.871565 77.941122 0.000000 17.360668 251.623171 70.110264 256.000000 159.365341 16.463420 118.681147 0.000000 17.537072 17.592951 121.945467 256.000000 201.026642 220.037436 104.144455 0.000000 8.828771 218.720665 105.204156 256.000000 213.228589
91.057040 158.967644 64.000000 14.761946 60.975860 185.558982 256.000000 197.193097 101.149678 160.731042 0.000000 26.920868 101.025478 157.371724 256.000000 208.470002 239.965158 6.193636 0.000000 24.171557 241.524524 6.497856 256.000000 184.156461 70.070638 242.141776 0.000000 10.429308 77.212300 240.603205 256.000000 223.916048
75.613071 140.973844 64.000000 20.282079 78.444833 131.483158 256.000000 188.768762 112.563218 147.537635 64.000000 17.502651 57.748167 249.657535 256.000000 200.815818 148.688284 106.385678 0.000000 10.037779 148.573755 109.585905 256.000000 204.597734 20.178844 184.901949 64.000000 18.126517 23.487018 184.392729 256.000000 186.324931
156.918849 242.731002 64.000000 15.850484 155.167302 243.228160 256.000000 211.292455 234.879135 214.958369 0.000000 22.325776 229.887165 209.216438 256.000000 179.393571 247.358700 106.247207 0.000000 9.043897 245.721600 108.167540 256.000000 209.562842 173.741716 238.008704 0.000000 12.481611 176.024469 237.367849 256.000000 115.565687
125.479418 208.138349 0.000000 27.084363 123.487931 196.825856 256.000000 188.514914 95.602705 122.644484 0.000000 9.659157 95.901935 125.776865 256.000000 223.262065 129.375465 194.191344 0.000000 12.146014 134.519027 194.210411 256.000000 192.240896 185.623298 12.696413 0.000000 9.487057 186.273191 14.686304 256.000000 203.255347
204.718140 210.863485 64.000000 12.219157 203.061029 213.058045 256.000000 214.570975 11.690698 30.017344 64.000000 15.020097 13.703104 32.013811 256.000000 214.773193 244.281578 241.481924 64.000000 8.617948 245.937345 239.752313 256.000000 199.172256 31.775711 235.704156 64.000000 19.012836 42.004176 236.324147 256.000000 201.177230
177.104045 98.824253 0.000000 16.048400 171.943107 113.839929 256.000000 204.911818 155.976829 29.654073 0.000000 13.492703 187.883956 23.789220 256.000000 190.253132 228.323022 137.350064 64.000000 12.485913 226.252064 138.552735 256.000000 205.548590 244.000284 252.903869 0.000000 21.581440 249.554773 250.536218 256.000000 199.340054
125.926802 38.606647 0.000000 8.979359 134.269018 37.679684 256.000000 225.697292 34.979487 153.004015 0.000000 11.332838 35.886291 154.316987 256.000000 215.138908 53.357320 254.128693 64.000000 11.143527 51.326769 253.314678 256.000000 245.127472 128.300764 92.673962 64.000000 23.655255 135.324298 98.837133 256.000000 207.583682
159.556442 67.883762 64.000000 9.788233 157.360900 69.745911 256.000000 192.150543 254.250833 160.867809 0.000000 19.774382 250.598891 164.087498 256.000000 189.487283 215.797969 175.667122 64.000000 13.862719 213.744456 181.002275 256.000000 225.477863 62.802509 61.758045 0.000000 19.275290 69.257476 60.469600 256.000000 179.815218
81.171109 83.708209 64.000000 29.360396 89.957036 86.692031 256.000000 211.301060 229.217964 176.271109 64.000000 24.511456 227.547549 178.169227 256.000000 223.696620 250.386975 118.993425 64.000000 9.710788 236.166615 121.590209 256.000000 197.119954 80.619129 6.607289 0.000000 18.879458 83.058913 8.954367 256.000000 215.375546
68.459491 151.184562 64.000000 29.575522 58.686936 161.242715 256.000000 191.840762 127.431787 217.638062 64.000000 24.279120 124.697931 214.475560 256.000000 178.395387 31.018265 233.952073 64.000000 8.772838 31.262253 234.101220 256.000000 117.080174 167.541716 171.119316 0.000000 29.239926 166.489509 167.093138 256.000000 170.814347
176.465649 14.550098 0.000000 15.162080 195.420009 20.738265 256.000000 183.717604 180.783991 54.370795 0.000000 12.460098 155.252429 16.972729 256.000000 209.192825 159.023522 129.616389 0.000000 8.871796 160.692916 135.025815 256.000000 204.842977 96.860973 75.416084 64.000000 20.419760 93.538622 92.909287 256.000000 191.819249
98.858775 183.133025 0.000000 21.405037 98.757887 177.834404 256.000000 203.530709 122.186395 167.711140 0.000000 11.423191 124.748175 165.718613 256.000000 204.847280 213.902495 121.429505 64.000000 22.566717 211.378358 122.326876 256.000000 221.149528 166.875347 141.037698 64.000000 13.221644 165.744995 146.174991 256.000000 197.890105
248.356625 110.175640 0.000000 14.198316 252.138198 119.693495 256.000000 216.842705 159.928249 66.649485 0.000000 13.230249 155.188645 65.084622 256.000000 210.251245 16.838285 132.036955 64.000000 25.849540 13.668529 142.139007 256.000000 201.250373 87.967845 112.426865 0.000000 9.581712 88.000095 111.932460 256.000000 192.615215
160.492353 96.864829 64.000000 8.940637 158.702976 94.929796 256.000000 219.858772 201.212260 24.124073 64.000000 10.343258 204.050402 24.306540 256.000000 185.318141 13.184431 95.582987 64.000000 12.756972 6.482278 90.788529 256.000000 198.251517 147.519409 7.291756 0.000000 9.844166 145.644609 6.364147 256.000000 213.585698
