136.030371 67.114991 64.000000 19.955088 132.569736 68.326940 256.000000 188.562242 247.974198 173.978955 0.000000 17.679055 225.672549 178.219613 256.000000 196.823080 77.104365 165.246015 64.000000 13.875627 79.559524 161.605011 256.000000 175.968765 233.847667 156.242378 0.000000 22.945339 229.830840 158.681198 256.000000 184.014478
213.902495 121.429505 64.000000 22.566717 211.378358 122.326876 256.000000 221.149528 159.134376 145.149464 64.000000 25.453708 153.100298 139.506036 256.000000 178.408294 114.642255 56.752698 64.000000 14.865207 117.727560 57.147116 256.000000 190.416628 148.688284 106.385678 0.000000 10.037779 148.573755 109.585905 256.000000 204.597734
52.901075 21.329045 0.000000 29.562615 53.132793 25.951507 256.000000 206.607010 71.454400 27.200287 64.000000 19.589374 58.400931 36.605833 256.000000 182.241840 180.286484 126.127756 64.000000 19.309710 174.115351 127.473687 256.000000 177.797336 125.479418 208.138349 0.000000 27.084363 123.487931 196.825856 256.000000 188.514914
48.066036 162.538315 0.000000 17.472534 50.255035 162.840351 256.000000 215.668118 34.979487 153.004015 0.000000 11.332838 35.886291 154.316987 256.000000 215.138908 117.344433 211.118564 0.000000 10.954216 110.208836 210.964782 256.000000 219.807142 40.101191 58.827013 64.000000 13.419560 32.506489 59.397144 256.000000 204.283650
131.372747 159.092858 64.000000 10.136737 126.602225 157.175713 256.000000 194.895551 189.807155 160.806511 0.000000 14.516702 188.176502 156.840209 256.000000 202.205532 251.593015 161.420018 64.000000 10.184065 249.704282 172.858204 256.000000 194.572862 251.487049 168.241820 0.000000 17.498349 251.134169 173.416991 256.000000 178.795521
87.531891 170.166273 0.000000 8.794351 78.865378 175.520807 256.000000 206.422002 78.414085 69.671393 64.000000 24.851356 115.854440 46.867929 256.000000 168.551221 32.397576 195.624747 64.000000 11.866350 36.561318 207.888596 256.000000 213.904084 248.933269 138.734656 0.000000 16.784131 251.773707 133.032716 256.000000 193.785501
62.276587 87.066440 0.000000 9.887191 63.741009 85.069460 256.000000 222.638200 133.928213 103.597215 64.000000 11.147829 126.918324 103.702533 256.000000 197.425433 177.104045 98.824253 0.000000 16.048400 171.943107 113.839929 256.000000 204.911818 245.387820 178.433704 64.000000 9.603225 246.140827 178.076567 256.000000 222.401561
125.926802 38.606647 0.000000 8.979359 134.269018 37.679684 256.000000 225.697292 147.581189 3.716871 64.000000 10.115225 146.902164 5.534582 256.000000 205.221599 165.487013 172.445424 64.000000 15.222316 163.384671 172.114022 256.000000 212.316454 226.699633 188.045673 0.000000 12.830115 223.249225 186.533375 256.000000 198.032088
14.839115 196.960822 64.000000 31.382581 44.922420 201.801380 256.000000 184.900797 24.591825 208.906858 0.000000 14.929744 26.320402 213.047851 256.000000 192.576493 46.500498 175.315664 0.000000 19.137609 44.624291 172.764165 256.000000 203.427448 174.979762 67.771660 0.000000 26.107691 130.432909 137.394933 256.000000 192.283921
75.423020 109.856489 64.000000 29.554010 83.632980 107.060293 256.000000 176.536698 150.703193 195.764449 0.000000 26.623994 136.300825 197.064984 256.000000 182.547319 159.023522 129.616389 0.000000 8.871796 160.692916 135.025815 256.000000 204.842977 87.967845 112.426865 0.000000 9.581712 88.000095 111.932460 256.000000 192.615215
96.479527 84.293962 64.000000 36.803756 126.346998 74.581889 256.000000 194.895551 98.858775 183.133025 0.000000 21.405037 98.757887 177.834404 256.000000 203.530709 86.349020 203.090116 64.000000 19.765777 74.008447 198.879233 256.000000 191.604123 144.263205 27.349629 0.000000 16.457139 146.370369 27.495925 256.000000 232.835172
139.661978 99.530927 0.000000 13.311997 138.212015 103.349464 256.000000 223.459981 16.463420 118.681147 0.000000 17.537072 17.592951 121.945467 256.000000 201.026642 179.972122 44.313996 64.000000 8.798653 173.390011 26.622276 256.000000 195.011719 25.536045 231.257016 64.000000 14.977072 24.842707 229.115778 256.000000 194.990206
125.912238 206.241640 0.000000 9.839863 127.189216 205.750904 256.000000 202.175415 22.668156 235.240664 64.000000 27.157506 28.671622 228.812038 256.000000 195.416156 58.242033 26.862020 64.000000 19.322617 58.621407 22.102998 256.000000 192.322644 254.250833 160.867809 0.000000 19.774382 250.598891 164.087498 256.000000 189.487283
222.357396 153.320347 0.000000 8.691090 224.402025 155.204929 256.000000 208.478607 254.737865 201.967660 0.000000 10.351863 253.565200 203.836771 256.000000 205.058103 189.598718 128.861029 64.000000 13.307694 190.199047 133.133949 256.000000 121.576308 122.186395 167.711140 0.000000 11.423191 124.748175 165.718613 256.000000 204.847280
163.150858 243.437129 0.000000 16.646450 156.690025 245.009055 256.000000 178.589000 248.356625 110.175640 0.000000 14.198316 252.138198 119.693495 256.000000 216.842705 114.222889 142.448000 64.000000 9.495662 113.626882 145.994324 256.000000 200.290911 128.438615 45.325280 64.000000 8.858889 131.110093 45.254576 256.000000 115.264511
80.150800 175.101975 0.000000 10.313140 78.341776 173.541649 256.000000 204.916120 62.802509 61.758045 0.000000 19.275290 69.257476 60.469600 256.000000 179.815218 140.937625 102.242178 64.000000 18.251290 62.825211 201.724871 256.000000 210.470673 61.214936 108.870595 0.000000 14.749039 66.276145 108.594696 256.000000 188.824695
221.158256 61.079231 0.000000 22.966852 219.548600 52.459160 256.000000 180.946781 211.420645 166.746942 0.000000 14.710316 205.803733 185.269371 256.000000 222.259578 159.084387 122.960051 0.000000 13.897140 157.347173 128.694353 256.000000 181.729840 30.678715 240.146905 64.000000 19.847525 34.675942 240.595035 256.000000 191.913905
69.825724 184.523496 0.000000 9.598922 29.673556 209.092820 256.000000 191.746106 212.086804 45.130265 0.000000 20.600466 208.382031 45.639645 256.000000 192.081703 232.225540 216.508793 64.000000 23.943524 230.165389 214.698698 256.000000 201.848423 124.632027 237.712309 64.000000 24.752398 110.734278 227.046416 256.000000 201.405264
30.006773 127.750493 64.000000 14.327392 30.466756 123.367369 256.000000 206.181061 212.760298 168.427440 64.000000 24.395288 203.228618 171.164849 256.000000 189.534611 80.619129 6.607289 0.000000 18.879458 83.058913 8.954367 256.000000 215.375546 139.671791 166.465327 64.000000 17.463929 114.557653 169.058229 256.000000 192.055888
122.348864 236.240822 64.000000 18.496533 126.320722 237.461691 256.000000 208.035447 47.895138 98.163633 64.000000 14.645778 44.142169 82.872253 256.000000 203.960961 156.335213 82.360798 0.000000 14.142383 158.102155 86.371567 256.000000 200.118810 111.224100 106.039056 64.000000 12.034148 111.882440 103.936175 256.000000 203.930843
88.629162 11.733729 64.000000 14.482282 93.400533 11.213736 256.000000 225.374603 11.658691 38.268318 0.000000 35.969067 17.821771 55.932809 256.000000 195.424761 31.775711 235.704156 64.000000 19.012836 42.004176 236.324147 256.000000 201.177230 53.357320 254.128693 64.000000 11.143527 51.326769 253.314678 256.000000 245.127472
20.178844 184.901949 64.000000 18.126517 23.487018 184.392729 256.000000 186.324931 41.854135 118.148262 0.000000 12.335325 31.333796 110.463356 256.000000 207.880556 51.597115 36.172718 64.000000 10.799325 52.497902 36.848815 256.000000 230.705425 116.837195 165.980680 64.000000 28.783859 121.787656 151.328782 256.000000 210.272757
19.217700 51.144642 64.000000 25.419288 22.519847 52.887855 256.000000 184.474848 31.448375 145.875038 64.000000 12.752669 35.608893 161.461855 256.000000 204.051314 99.499864 198.093869 64.000000 24.644835 104.240993 200.557831 256.000000 192.400089 130.471951 127.094142 0.000000 13.126989 122.983105 124.787887 256.000000 222.969494
130.372940 97.067664 0.000000 16.599122 126.305342 109.735415 256.000000 193.359551 12.008318 52.097178 64.000000 12.094384 12.520333 52.844200 256.000000 195.588257 35.334865 64.230816 64.000000 20.570348 40.027289 24.457991 256.000000 197.842777 57.584815 61.432673 0.000000 21.267356 61.937669 66.249331 256.000000 195.373131
102.931384 77.274182 0.000000 24.369473 107.969600 94.147275 256.000000 181.273773 111.278922 96.811504 0.000000 9.603225 95.376098 92.989356 256.000000 105.480580 212.103885 151.972360 64.000000 9.444031 218.411842 149.190909 256.000000 203.840490 222.651802 185.728584 0.000000 16.594820 221.290433 182.275284 256.000000 204.989263
159.494609 166.646175 64.000000 11.186552 157.940918 166.403667 256.000000 210.036119 48.712489 249.308982 0.000000 13.565846 38.666671 250.934667 256.000000 201.345028 65.071200 74.177149 64.000000 10.468031 62.983118 72.181973 256.000000 211.942135 190.410535 147.751309 64.000000 8.725511 189.476100 145.567827 256.000000 105.489185
142.402875 114.516822 64.000000 10.334653 137.825442 114.987200 256.000000 216.231748 154.347838 0.117642 0.000000 11.741577 153.650155 0.258273 256.000000 240.549591 197.608556 99.061744 64.000000 15.415929 204.734556 93.179307 256.000000 188.519216 116.356880 54.001275 0.000000 17.197172 118.014285 56.008680 256.000000 197.081231
31.018265 233.952073 64.000000 8.772838 31.262253 234.101220 256.000000 117.080174 137.781882 85.631447 0.000000 15.063123 142.839582 100.425320 256.000000 198.294542 113.144362 132.873573 64.000000 16.891694 112.713316 138.824989 256.000000 176.639959 95.806622 77.457055 0.000000 21.809474 76.647991 89.250916 256.000000 200.635113
35.808185 79.463616 64.000000 23.465944 37.211509 79.334375 256.000000 212.875782 62.265200 82.093745 64.000000 16.956231 62.604165 81.888442 256.000000 185.438612 38.361689 249.343564 64.000000 26.985405 41.071573 236.731149 256.000000 176.726009 203.718551 243.114018 0.000000 13.376535 202.208089 243.696120 256.000000 197.864290
143.578153 81.436651 0.000000 15.269643 134.163831 105.475307 256.000000 215.078672 89.633585 87.480233 0.000000 11.341443 91.253569 87.541900 256.000000 202.304490 242.476353 183.360176 64.000000 25.070784 242.111522 186.653009 256.000000 219.148856 215.426973 220.469171 64.000000 33.662916 237.977882 155.888051 256.000000 185.834444
26.707018 234.410709 0.000000 16.031190 32.238580 240.887373 256.000000 228.894064 109.602216 55.962840 64.000000 9.758115 110.443453 55.918507 256.000000 217.767747 241.766182 177.723951 0.000000 26.864935 237.990824 172.658245 256.000000 173.989606 121.439378 83.610747 64.000000 25.862448 143.434827 80.808938 256.000000 193.393971
213.979302 115.696102 64.000000 9.099830 210.851313 121.205482 256.000000 209.997396 16.838285 132.036955 64.000000 25.849540 13.668529 142.139007 256.000000 201.250373 179.358493 246.967867 64.000000 13.268972 196.956667 255.598835 256.000000 198.526878 142.426031 198.257318 64.000000 26.667019 133.293996 189.950551 256.000000 174.351018
