183.495415 25.921336 64.000000 19.318315 180.603971 28.129345 256.000000 183.919822 200.600256 109.667718 64.000000 8.703998 212.895582 114.115505 256.000000 108.118025 140.772315 42.559236 64.000000 9.762418 140.900498 43.698138 256.000000 195.411853 14.839115 196.960822 64.000000 31.382581 44.922420 201.801380 256.000000 184.900797
119.449267 77.279480 64.000000 11.122014 124.695293 73.116491 256.000000 201.947381 149.581216 124.489018 64.000000 14.508097 141.900135 133.414431 256.000000 204.584826 51.597115 36.172718 64.000000 10.799325 52.497902 36.848815 256.000000 230.705425 220.037436 104.144455 0.000000 8.828771 218.720665 105.204156 256.000000 213.228589
30.678715 240.146905 64.000000 19.847525 34.675942 240.595035 256.000000 191.913905 141.807884 162.971385 64.000000 15.807458 144.887660 158.679796 256.000000 198.199886 250.871565 77.941122 0.000000 17.360668 251.623171 70.110264 256.000000 159.365341 95.252076 178.146189 64.000000 14.800669 110.103438 183.832047 256.000000 182.646277
205.008438 22.661560 64.000000 22.205306 203.670367 6.239025 256.000000 233.897895 34.979487 153.004015 0.000000 11.332838 35.886291 154.316987 256.000000 215.138908 121.605042 209.451160 0.000000 18.122214 133.948185 196.507885 256.000000 201.319213 174.400913 78.832218 64.000000 8.699695 170.940216 82.224282 256.000000 209.575749
215.797969 175.667122 64.000000 13.862719 213.744456 181.002275 256.000000 225.477863 90.831824 206.829242 64.000000 11.104804 95.414738 214.578598 256.000000 211.924925 222.357396 153.320347 0.000000 8.691090 224.402025 155.204929 256.000000 208.478607 244.000284 252.903869 0.000000 21.581440 249.554773 250.536218 256.000000 199.340054
210.260715 178.212551 64.000000 14.942652 210.400416 177.836418 256.000000 187.753368 10.290525 47.337922 64.000000 12.795694 11.252536 49.205485 256.000000 191.909602 72.851393 78.399947 64.000000 18.935391 72.151607 77.001513 256.000000 172.987119 86.349020 203.090116 64.000000 19.765777 74.008447 198.879233 256.000000 191.604123
185.623298 12.696413 0.000000 9.487057 186.273191 14.686304 256.000000 203.255347 130.372940 97.067664 0.000000 16.599122 126.305342 109.735415 256.000000 193.359551 101.149678 160.731042 0.000000 26.920868 101.025478 157.371724 256.000000 208.470002 166.875347 141.037698 64.000000 13.221644 165.744995 146.174991 256.000000 197.890105
172.055884 65.186911 64.000000 26.378750 175.620756 65.590853 256.000000 178.791219 228.323022 137.350064 64.000000 12.485913 226.252064 138.552735 256.000000 205.548590 147.519409 7.291756 0.000000 9.844166 145.644609 6.364147 256.000000 213.585698 21.131915 203.724051 64.000000 10.782115 18.588718 196.492522 256.000000 199.942407
175.471164 170.251064 64.000000 16.844366 172.310782 175.362545 256.000000 202.222743 247.084153 102.046967 64.000000 13.402350 246.351371 101.882244 256.000000 210.285665 0.759205 124.842229 64.000000 22.773238 3.003635 123.273302 256.000000 211.460253 128.542578 235.036542 64.000000 12.929073 129.595065 233.668667 256.000000 238.914633
142.426031 198.257318 64.000000 26.667019 133.293996 189.950551 256.000000 174.351018 134.391773 61.114367 64.000000 12.081476 139.326440 66.200885 256.000000 208.685128 95.602705 122.644484 0.000000 9.659157 95.901935 125.776865 256.000000 223.262065 254.737865 201.967660 0.000000 10.351863 253.565200 203.836771 256.000000 205.058103
132.472242 32.604187 64.000000 23.465944 130.459762 34.599413 256.000000 209.476791 230.523762 241.940880 64.000000 16.409811 230.736782 242.000445 256.000000 208.921766 89.633585 87.480233 0.000000 11.341443 91.253569 87.541900 256.000000 202.304490 76.925195 100.093440 0.000000 17.317643 81.994411 103.630333 256.000000 196.182004
80.150800 175.101975 0.000000 10.313140 78.341776 173.541649 256.000000 204.916120 125.063093 255.071811 0.000000 10.949913 132.128344 254.871644 256.000000 215.332521 63.052587 90.789802 0.000000 11.285510 63.526338 86.364618 256.000000 194.495417 130.283773 242.525771 0.000000 15.123358 133.821711 246.766855 256.000000 222.560755
112.739487 238.072965 64.000000 10.859560 112.674298 237.664931 256.000000 211.593631 250.386975 118.993425 64.000000 9.710788 236.166615 121.590209 256.000000 197.119954 20.408245 116.194851 0.000000 24.434011 19.764678 121.562116 256.000000 201.022339 126.203849 109.491215 0.000000 21.452365 148.248804 119.509069 256.000000 197.347987
87.967845 112.426865 0.000000 9.581712 88.000095 111.932460 256.000000 192.615215 46.500498 175.315664 0.000000 19.137609 44.624291 172.764165 256.000000 203.427448 65.071200 74.177149 64.000000 10.468031 62.983118 72.181973 256.000000 211.942135 38.361689 249.343564 64.000000 26.985405 41.071573 236.731149 256.000000 176.726009
127.726309 176.587396 64.000000 18.651424 130.105571 182.028125 256.000000 196.255147 145.398047 132.712855 64.000000 22.325776 155.105951 173.031856 256.000000 218.753024 134.766342 196.945396 64.000000 15.811761 123.928895 187.021413 256.000000 190.317670 209.389145 247.521013 64.000000 13.294787 216.015018 241.053276 256.000000 214.996924
31.775711 235.704156 64.000000 19.012836 42.004176 236.324147 256.000000 201.177230 113.963196 148.232962 64.000000 23.685373 109.860096 151.484805 256.000000 200.570575 129.375465 194.191344 0.000000 12.146014 134.519027 194.210411 256.000000 192.240896 182.251904 144.985589 64.000000 17.231593 182.647522 136.080396 256.000000 198.199886
203.718551 243.114018 0.000000 13.376535 202.208089 243.696120 256.000000 197.864290 49.181336 6.356822 64.000000 44.337469 56.718927 14.377571 256.000000 208.220455 132.071855 152.258053 64.000000 11.922283 132.006025 159.097322 256.000000 208.599077 189.598718 128.861029 64.000000 13.307694 190.199047 133.133949 256.000000 121.576308
78.414085 69.671393 64.000000 24.851356 115.854440 46.867929 256.000000 168.551221 111.224100 106.039056 64.000000 12.034148 111.882440 103.936175 256.000000 203.930843 26.707018 234.410709 0.000000 16.031190 32.238580 240.887373 256.000000 228.894064 236.822369 130.455711 64.000000 21.534113 235.640631 130.182053 256.000000 193.282106
146.996135 222.173722 64.000000 17.240198 147.692467 221.196716 256.000000 209.257363 211.420645 166.746942 0.000000 14.710316 205.803733 185.269371 256.000000 222.259578 102.931384 77.274182 0.000000 24.369473 107.969600 94.147275 256.000000 181.273773 114.222889 142.448000 64.000000 9.495662 113.626882 145.994324 256.000000 200.290911
57.584815 61.432673 0.000000 21.267356 61.937669 66.249331 256.000000 195.373131 61.279953 128.471460 0.000000 8.669578 64.296060 126.888640 256.000000 195.433366 159.928249 66.649485 0.000000 13.230249 155.188645 65.084622 256.000000 210.251245 173.741716 238.008704 0.000000 12.481611 176.024469 237.367849 256.000000 115.565687
147.581189 3.716871 64.000000 10.115225 146.902164 5.534582 256.000000 205.221599 19.256284 186.761998 0.000000 20.415457 24.277160 190.433887 256.000000 194.899853 216.164249 217.116024 64.000000 9.616132 216.903836 218.334036 256.000000 109.301218 96.479527 84.293962 64.000000 36.803756 126.346998 74.581889 256.000000 194.895551
83.420480 203.227987 64.000000 14.465072 87.733027 199.914818 256.000000 224.931443 122.293347 140.568245 0.000000 10.171157 137.887015 125.862104 256.000000 211.107446 212.086804 45.130265 0.000000 20.600466 208.382031 45.639645 256.000000 192.081703 41.854135 118.148262 0.000000 12.335325 31.333796 110.463356 256.000000 207.880556
122.186395 167.711140 0.000000 11.423191 124.748175 165.718613 256.000000 204.847280 80.183273 116.141805 0.000000 9.310653 83.184691 112.105660 256.000000 212.587513 121.439378 83.610747 64.000000 25.862448 143.434827 80.808938 256.000000 193.393971 168.860942 153.854440 64.000000 12.029846 164.673345 156.839122 256.000000 206.340254
228.688136 55.396816 0.000000 11.341443 222.897065 57.954793 256.000000 199.525062 221.158256 61.079231 0.000000 22.966852 219.548600 52.459160 256.000000 180.946781 88.629162 11.733729 64.000000 14.482282 93.400533 11.213736 256.000000 225.374603 30.300762 145.774153 64.000000 19.116096 35.206982 148.986531 256.000000 196.375618
22.668156 235.240664 64.000000 27.157506 28.671622 228.812038 256.000000 195.416156 116.356880 54.001275 0.000000 17.197172 118.014285 56.008680 256.000000 197.081231 123.312531 106.986289 0.000000 15.588030 138.986162 132.300600 256.000000 190.704896 229.217964 176.271109 64.000000 24.511456 227.547549 178.169227 256.000000 223.696620
91.057040 158.967644 64.000000 14.761946 60.975860 185.558982 256.000000 197.193097 159.084387 122.960051 0.000000 13.897140 157.347173 128.694353 256.000000 181.729840 62.805493 109.171671 0.000000 30.642547 70.815905 110.043958 256.000000 193.251988 35.334865 64.230816 64.000000 20.570348 40.027289 24.457991 256.000000 197.842777
19.217700 51.144642 64.000000 25.419288 22.519847 52.887855 256.000000 184.474848 254.250833 160.867809 0.000000 19.774382 250.598891 164.087498 256.000000 189.487283 34.186280 74.428233 64.000000 18.393273 36.447744 74.123869 256.000000 205.484053 180.783991 54.370795 0.000000 12.460098 155.252429 16.972729 256.000000 209.192825
19.382369 45.410675 64.000000 34.248059 31.821280 42.883104 256.000000 178.730983 135.719175 182.733887 0.000000 9.401006 150.992104 178.422731 256.000000 203.014406 243.251875 31.932613 64.000000 20.673609 251.442133 36.772064 256.000000 226.497560 242.483962 246.554522 0.000000 16.026887 244.870047 244.434229 256.000000 182.031016
203.970862 161.399482 0.000000 14.120871 205.360985 204.222764 256.000000 212.837059 214.477093 187.594927 0.000000 13.019426 212.639580 186.553120 256.000000 222.582267 214.673625 116.180422 0.000000 8.880401 213.251096 115.300165 256.000000 185.227789 80.425578 83.297724 0.000000 17.403693 84.012189 68.411231 256.000000 194.013534
58.242033 26.862020 64.000000 19.322617 58.621407 22.102998 256.000000 192.322644 99.499864 198.093869 64.000000 24.644835 104.240993 200.557831 256.000000 192.400089 40.101191 58.827013 64.000000 13.419560 32.506489 59.397144 256.000000 204.283650 128.300764 92.673962 64.000000 23.655255 135.324298 98.837133 256.000000 207.583682
11.690698 30.017344 64.000000 15.020097 13.703104 32.013811 256.000000 214.773193 35.808185 79.463616 64.000000 23.465944 37.211509 79.334375 256.000000 212.875782 39.412125 74.858145 64.000000 11.431796 43.365975 74.353936 256.000000 188.579452 126.014489 111.979644 64.000000 9.568804 123.157635 108.053549 256.000000 219.062806
70.070638 242.141776 0.000000 10.429308 77.212300 240.603205 256.000000 223.916048 87.531891 170.166273 0.000000 8.794351 78.865378 175.520807 256.000000 206.422002 172.541075 88.183251 0.000000 18.853643 170.282347 91.082345 256.000000 201.525734 86.283084 141.135038 64.000000 18.341643 92.205804 139.043787 256.000000 179.711958
