146.937142 90.403724 0.000000 26.124901 149.641009 84.323620 256.000000 185.331049 28.342365 112.689140 0.000000 15.902114 31.557482 114.406718 256.000000 197.197399 3.321891 115.442184 0.000000 9.573107 4.542760 114.466235 256.000000 209.072354 212.760298 168.427440 64.000000 24.395288 203.228618 171.164849 256.000000 189.534611
123.312531 106.986289 0.000000 15.588030 138.986162 132.300600 256.000000 190.704896 202.610338 128.370720 64.000000 27.351120 193.241442 127.226040 256.000000 181.639487 228.323022 137.350064 64.000000 12.485913 226.252064 138.552735 256.000000 205.548590 71.454400 27.200287 64.000000 19.589374 58.400931 36.605833 256.000000 182.241840
30.678715 240.146905 64.000000 19.847525 34.675942 240.595035 256.000000 191.913905 114.136187 59.596880 0.000000 14.374719 103.428216 66.235960 256.000000 181.480294 53.357320 254.128693 64.000000 11.143527 51.326769 253.314678 256.000000 245.127472 45.335309 209.237675 0.000000 26.129204 45.149922 206.963291 256.000000 193.114308
151.688622 191.776884 64.000000 10.919796 153.947185 189.563693 256.000000 202.739045 96.629015 110.193282 64.000000 24.928801 102.133218 112.437611 256.000000 182.495688 39.412125 74.858145 64.000000 11.431796 43.365975 74.353936 256.000000 188.579452 156.335213 82.360798 0.000000 14.142383 158.102155 86.371567 256.000000 200.118810
116.356880 54.001275 0.000000 17.197172 118.014285 56.008680 256.000000 197.081231 247.084153 102.046967 64.000000 13.402350 246.351371 101.882244 256.000000 210.285665 130.471951 127.094142 0.000000 13.126989 122.983105 124.787887 256.000000 222.969494 92.233429 24.334887 0.000000 33.482211 87.793565 25.288493 256.000000 181.613672
99.499864 198.093869 64.000000 24.644835 104.240993 200.557831 256.000000 192.400089 173.496855 235.124065 64.000000 19.430180 175.110907 233.345285 256.000000 180.688630 86.283084 141.135038 64.000000 18.341643 92.205804 139.043787 256.000000 179.711958 150.261444 135.037089 64.000000 17.696265 152.972191 129.767804 256.000000 194.968694
96.860973 75.416084 64.000000 20.419760 93.538622 92.909287 256.000000 191.819249 77.104365 165.246015 64.000000 13.875627 79.559524 161.605011 256.000000 175.968765 242.476353 183.360176 64.000000 25.070784 242.111522 186.653009 256.000000 219.148856 97.131358 123.647396 0.000000 8.712603 86.834011 113.708671 256.000000 94.246701
232.225540 216.508793 64.000000 23.943524 230.165389 214.698698 256.000000 201.848423 215.426973 220.469171 64.000000 33.662916 237.977882 155.888051 256.000000 185.834444 51.989064 176.776155 0.000000 12.421375 48.542873 172.441504 256.000000 208.224758 189.807155 160.806511 0.000000 14.516702 188.176502 156.840209 256.000000 202.205532
135.719175 182.733887 0.000000 9.401006 150.992104 178.422731 256.000000 203.014406 250.386975 118.993425 64.000000 9.710788 236.166615 121.590209 256.000000 197.119954 68.459491 151.184562 64.000000 29.575522 58.686936 161.242715 256.000000 191.840762 31.018265 233.952073 64.000000 8.772838 31.262253 234.101220 256.000000 117.080174
211.420645 166.746942 0.000000 14.710316 205.803733 185.269371 256.000000 222.259578 38.684391 194.496145 0.000000 17.304735 40.593571 196.339996 256.000000 200.278003 88.629162 11.733729 64.000000 14.482282 93.400533 11.213736 256.000000 225.374603 241.878653 17.982529 0.000000 34.196429 248.820229 50.991020 256.000000 203.126272
205.008438 22.661560 64.000000 22.205306 203.670367 6.239025 256.000000 233.897895 95.602705 122.644484 0.000000 9.659157 95.901935 125.776865 256.000000 223.262065 96.455300 85.788498 64.000000 16.525979 96.924075 86.182931 256.000000 206.654338 113.963196 148.232962 64.000000 23.685373 109.860096 151.484805 256.000000 200.570575
247.358700 106.247207 0.000000 9.043897 245.721600 108.167540 256.000000 209.562842 21.303882 248.240451 64.000000 30.311253 26.499015 247.883367 256.000000 190.876997 254.250833 160.867809 0.000000 19.774382 250.598891 164.087498 256.000000 189.487283 125.912238 206.241640 0.000000 9.839863 127.189216 205.750904 256.000000 202.175415
204.005069 218.920389 0.000000 30.784531 193.263525 224.804671 256.000000 181.983688 40.101191 58.827013 64.000000 13.419560 32.506489 59.397144 256.000000 204.283650 134.766342 196.945396 64.000000 15.811761 123.928895 187.021413 256.000000 190.317670 156.918849 242.731002 64.000000 15.850484 155.167302 243.228160 256.000000 211.292455
228.688136 55.396816 0.000000 11.341443 222.897065 57.954793 256.000000 199.525062 234.879135 214.958369 0.000000 22.325776 229.887165 209.216438 256.000000 179.393571 86.876915 56.298458 0.000000 14.142383 89.542938 54.951578 256.000000 216.068252 127.726309 176.587396 64.000000 18.651424 130.105571 182.028125 256.000000 196.255147
32.397576 195.624747 64.000000 11.866350 36.561318 207.888596 256.000000 213.904084 200.600256 109.667718 64.000000 8.703998 212.895582 114.115505 256.000000 108.118025 25.374164 211.871807 0.000000 31.382581 44.729487 206.471291 256.000000 199.869264 23.205404 228.157555 0.000000 9.349376 18.785169 224.265911 256.000000 190.842577
159.928249 66.649485 0.000000 13.230249 155.188645 65.084622 256.000000 210.251245 78.414085 69.671393 64.000000 24.851356 115.854440 46.867929 256.000000 168.551221 245.387820 178.433704 64.000000 9.603225 246.140827 178.076567 256.000000 222.401561 109.602216 55.962840 64.000000 9.758115 110.443453 55.918507 256.000000 217.767747
31.448375 145.875038 64.000000 12.752669 35.608893 161.461855 256.000000 204.051314 215.321569 147.469813 0.000000 11.552266 225.567658 155.674429 256.000000 194.779383 244.281578 241.481924 64.000000 8.617948 245.937345 239.752313 256.000000 199.172256 122.293347 140.568245 0.000000 10.171157 137.887015 125.862104 256.000000 211.107446
156.519542 39.945578 0.000000 19.103189 162.890389 40.997333 256.000000 201.005129 51.690775 99.905480 0.000000 12.025543 45.103507 98.574427 256.000000 206.267111 124.632027 237.712309 64.000000 24.752398 110.734278 227.046416 256.000000 201.405264 232.940276 74.030638 0.000000 28.775254 234.763895 78.459965 256.000000 176.454950
173.741716 238.008704 0.000000 12.481611 176.024469 237.367849 256.000000 115.565687 128.542578 235.036542 64.000000 12.929073 129.595065 233.668667 256.000000 238.914633 21.131915 203.724051 64.000000 10.782115 18.588718 196.492522 256.000000 199.942407 80.425578 83.297724 0.000000 17.403693 84.012189 68.411231 256.000000 194.013534
13.177869 2.308776 64.000000 13.058148 14.161195 2.308845 320.000000 197.416828 112.563218 147.537635 64.000000 17.502651 57.748167 249.657535 256.000000 200.815818 38.665900 96.179075 0.000000 13.875627 41.274293 100.904440 256.000000 213.886874 20.178844 184.901949 64.000000 18.126517 23.487018 184.392729 256.000000 186.324931
134.208551 149.948307 64.000000 13.858417 138.407640 155.851262 256.000000 179.707655 133.735115 159.934975 0.000000 9.689275 127.439238 161.790525 256.000000 181.420058 133.928213 103.597215 64.000000 11.147829 126.918324 103.702533 256.000000 197.425433 216.164249 217.116024 64.000000 9.616132 216.903836 218.334036 256.000000 109.301218
4.975264 235.616335 0.000000 23.947826 5.298224 234.048029 256.000000 203.565129 95.806622 77.457055 0.000000 21.809474 76.647991 89.250916 256.000000 200.635113 190.410535 147.751309 64.000000 8.725511 189.476100 145.567827 256.000000 105.489185 162.172047 160.553169 64.000000 17.691962 159.388807 159.277358 256.000000 202.119482
201.212260 24.124073 64.000000 10.343258 204.050402 24.306540 256.000000 185.318141 24.591825 208.906858 0.000000 14.929744 26.320402 213.047851 256.000000 192.576493 224.024745 148.918920 0.000000 19.782987 220.852493 151.479504 256.000000 201.968894 75.423020 109.856489 64.000000 29.554010 83.632980 107.060293 256.000000 176.536698
13.184431 95.582987 64.000000 12.756972 6.482278 90.788529 256.000000 198.251517 76.925195 100.093440 0.000000 17.317643 81.994411 103.630333 256.000000 196.182004 93.207173 124.513975 64.000000 19.920668 84.794665 117.278607 256.000000 200.325331 70.070638 242.141776 0.000000 10.429308 77.212300 240.603205 256.000000 223.916048
150.703193 195.764449 0.000000 26.623994 136.300825 197.064984 256.000000 182.547319 226.699633 188.045673 0.000000 12.830115 223.249225 186.533375 256.000000 198.032088 233.847667 156.242378 0.000000 22.945339 229.830840 158.681198 256.000000 184.014478 219.611731 88.726020 64.000000 12.386955 214.935411 90.343189 256.000000 194.370644
222.651802 185.728584 0.000000 16.594820 221.290433 182.275284 256.000000 204.989263 112.214185 53.882325 0.000000 12.124501 111.469749 56.996860 256.000000 190.347787 213.902495 121.429505 64.000000 22.566717 211.378358 122.326876 256.000000 221.149528 11.658691 38.268318 0.000000 35.969067 17.821771 55.932809 256.000000 195.424761
238.527795 197.146271 0.000000 34.222244 223.428078 186.820613 256.000000 207.368556 155.789513 166.940378 64.000000 12.563358 151.289589 171.975507 256.000000 193.604795 56.743882 148.705325 0.000000 26.490616 70.396416 161.595824 256.000000 186.978914 19.256284 186.761998 0.000000 20.415457 24.277160 190.433887 256.000000 194.899853
111.914889 171.496302 64.000000 9.422519 105.728629 173.023131 256.000000 217.840890 215.797969 175.667122 64.000000 13.862719 213.744456 181.002275 256.000000 225.477863 16.463420 118.681147 0.000000 17.537072 17.592951 121.945467 256.000000 201.026642 218.007247 158.680782 64.000000 19.468903 214.793338 156.727135 256.000000 215.547647
154.347838 0.117642 0.000000 11.741577 153.650155 0.258273 256.000000 240.549591 52.671727 244.890036 64.000000 26.963893 54.662155 242.777291 256.000000 203.479078 98.858775 183.133025 0.000000 21.405037 98.757887 177.834404 256.000000 203.530709 159.134376 145.149464 64.000000 25.453708 153.100298 139.506036 256.000000 178.408294
140.772315 42.559236 64.000000 9.762418 140.900498 43.698138 256.000000 195.411853 143.578153 81.436651 0.000000 15.269643 134.163831 105.475307 256.000000 215.078672 121.439378 83.610747 64.000000 25.862448 143.434827 80.808938 256.000000 193.393971 11.690698 30.017344 64.000000 15.020097 13.703104 32.013811 256.000000 214.773193
16.953198 187.973922 64.000000 27.656599 20.910393 185.633595 256.000000 173.266783 136.030371 67.114991 64.000000 19.955088 132.569736 68.326940 256.000000 188.562242 34.186280 74.428233 64.000000 18.393273 36.447744 74.123869 256.000000 205.484053 248.356625 110.175640 0.000000 14.198316 252.138198 119.693495 256.000000 216.842705
159.249473 97.968289 0.000000 9.039595 156.190480 94.609418 256.000000 202.523919 83.420480 203.227987 64.000000 14.465072 87.733027 199.914818 256.000000 224.931443 154.034162 106.774400 64.000000 22.829171 59.911891 118.967993 256.000000 191.969837 244.000284 252.903869 0.000000 21.581440 249.554773 250.536218 256.000000 199.340054
