250.871565 77.941122 0.000000 17.360668 251.623171 70.110264 256.000000 159.365341 121.439378 83.610747 64.000000 25.862448 143.434827 80.808938 256.000000 193.393971 95.806622 77.457055 0.000000 21.809474 76.647991 89.250916 256.000000 200.635113 209.389145 247.521013 64.000000 13.294787 216.015018 241.053276 256.000000 214.996924
142.426031 198.257318 64.000000 26.667019 133.293996 189.950551 256.000000 174.351018 233.847667 156.242378 0.000000 22.945339 229.830840 158.681198 256.000000 184.014478 236.792856 140.279795 0.000000 18.216870 234.338522 140.567236 256.000000 212.785429 51.989064 176.776155 0.000000 12.421375 48.542873 172.441504 256.000000 208.224758
204.005069 218.920389 0.000000 30.784531 193.263525 224.804671 256.000000 181.983688 116.356880 54.001275 0.000000 17.197172 118.014285 56.008680 256.000000 197.081231 188.714256 241.902289 64.000000 21.710516 185.063824 233.289162 256.000000 179.062277 134.391773 61.114367 64.000000 12.081476 139.326440 66.200885 256.000000 208.685128
247.358700 106.247207 0.000000 9.043897 245.721600 108.167540 256.000000 209.562842 117.344433 211.118564 0.000000 10.954216 110.208836 210.964782 256.000000 219.807142 254.737865 201.967660 0.000000 10.351863 253.565200 203.836771 256.000000 205.058103 149.581216 124.489018 64.000000 14.508097 141.900135 133.414431 256.000000 204.584826
83.174911 100.027915 64.000000 30.806043 79.253035 103.870655 256.000000 198.759214 139.671791 166.465327 64.000000 17.463929 114.557653 169.058229 256.000000 192.055888 114.136187 59.596880 0.000000 14.374719 103.428216 66.235960 256.000000 181.480294 81.171109 83.708209 64.000000 29.360396 89.957036 86.692031 256.000000 211.301060
202.870918 199.596547 64.000000 25.604297 206.945180 194.506973 256.000000 189.857300 196.599416 193.126322 0.000000 14.353207 198.340140 189.991231 256.000000 189.108662 205.008438 22.661560 64.000000 22.205306 203.670367 6.239025 256.000000 233.897895 221.332527 9.003945 0.000000 13.182921 218.667038 8.938707 256.000000 210.160892
99.952522 220.033129 0.000000 11.005846 104.475229 223.416585 256.000000 184.831957 77.104365 165.246015 64.000000 13.875627 79.559524 161.605011 256.000000 175.968765 197.608556 99.061744 64.000000 15.415929 204.734556 93.179307 256.000000 188.519216 159.556442 67.883762 64.000000 9.788233 157.360900 69.745911 256.000000 192.150543
173.275993 127.407580 64.000000 10.166855 173.455944 130.553958 256.000000 215.306706 180.783991 54.370795 0.000000 12.460098 155.252429 16.972729 256.000000 209.192825 125.063093 255.071811 0.000000 10.949913 132.128344 254.871644 256.000000 215.332521 134.766342 196.945396 64.000000 15.811761 123.928895 187.021413 256.000000 190.317670
13.177869 2.308776 64.000000 13.058148 14.161195 2.308845 320.000000 197.416828 113.841813 70.531367 64.000000 34.648194 113.573978 71.047967 256.000000 181.475991 75.613071 140.973844 64.000000 20.282079 78.444833 131.483158 256.000000 188.768762 38.361689 249.343564 64.000000 26.985405 41.071573 236.731149 256.000000 176.726009
22.668156 235.240664 64.000000 27.157506 28.671622 228.812038 256.000000 195.416156 3.321891 115.442184 0.000000 9.573107 4.542760 114.466235 256.000000 209.072354 220.037436 104.144455 0.000000 8.828771 218.720665 105.204156 256.000000 213.228589 31.018265 233.952073 64.000000 8.772838 31.262253 234.101220 256.000000 117.080174
128.542578 235.036542 64.000000 12.929073 129.595065 233.668667 256.000000 238.914633 20.408245 116.194851 0.000000 24.434011 19.764678 121.562116 256.000000 201.022339 242.476353 183.360176 64.000000 25.070784 242.111522 186.653009 256.000000 219.148856 91.057040 158.967644 64.000000 14.761946 60.975860 185.558982 256.000000 197.193097
177.782431 108.227484 64.000000 32.144127 83.381244 253.469804 256.000000 190.115451 162.172047 160.553169 64.000000 17.691962 159.388807 159.277358 256.000000 202.119482 101.149678 160.731042 0.000000 26.920868 101.025478 157.371724 256.000000 208.470002 210.260715 178.212551 64.000000 14.942652 210.400416 177.836418 256.000000 187.753368
38.684391 194.496145 0.000000 17.304735 40.593571 196.339996 256.000000 200.278003 125.926802 38.606647 0.000000 8.979359 134.269018 37.679684 256.000000 225.697292 86.283084 141.135038 64.000000 18.341643 92.205804 139.043787 256.000000 179.711958 213.979302 115.696102 64.000000 9.099830 210.851313 121.205482 256.000000 209.997396
183.495415 25.921336 64.000000 19.318315 180.603971 28.129345 256.000000 183.919822 80.619129 6.607289 0.000000 18.879458 83.058913 8.954367 256.000000 215.375546 146.937142 90.403724 0.000000 26.124901 149.641009 84.323620 256.000000 185.331049 172.541075 88.183251 0.000000 18.853643 170.282347 91.082345 256.000000 201.525734
229.217964 176.271109 64.000000 24.511456 227.547549 178.169227 256.000000 223.696620 154.034162 106.774400 64.000000 22.829171 59.911891 118.967993 256.000000 191.969837 200.249318 76.074064 0.000000 14.564030 197.305358 78.566500 256.000000 208.332321 144.487707 225.936520 0.000000 15.007190 143.867787 224.443711 256.000000 174.961976
220.789827 146.497524 64.000000 10.885376 221.685622 151.641151 256.000000 198.328962 119.449267 77.279480 64.000000 11.122014 124.695293 73.116491 256.000000 201.947381 159.134376 145.149464 64.000000 25.453708 153.100298 139.506036 256.000000 178.408294 35.808185 79.463616 64.000000 23.465944 37.211509 79.334375 256.000000 212.875782
56.743882 148.705325 0.000000 26.490616 70.396416 161.595824 256.000000 186.978914 80.549687 141.099809 64.000000 10.717577 84.348731 139.336745 256.000000 213.228589 212.760298 168.427440 64.000000 24.395288 203.228618 171.164849 256.000000 189.534611 96.455300 85.788498 64.000000 16.525979 96.924075 86.182931 256.000000 206.654338
46.500498 175.315664 0.000000 19.137609 44.624291 172.764165 256.000000 203.427448 25.536045 231.257016 64.000000 14.977072 24.842707 229.115778 256.000000 194.990206 96.479527 84.293962 64.000000 36.803756 126.346998 74.581889 256.000000 194.895551 221.158256 61.079231 0.000000 22.966852 219.548600 52.459160 256.000000 180.946781
5.475822 71.200076 64.000000 22.945339 19.541575 78.685098 256.000000 186.561570 24.591825 208.906858 0.000000 14.929744 26.320402 213.047851 256.000000 192.576493 140.937625 102.242178 64.000000 18.251290 62.825211 201.724871 256.000000 210.470673 131.372747 159.092858 64.000000 10.136737 126.602225 157.175713 256.000000 194.895551
136.866431 149.208924 64.000000 25.914078 146.826480 154.420891 256.000000 175.284665 13.184431 95.582987 64.000000 12.756972 6.482278 90.788529 256.000000 198.251517 47.918060 127.199882 0.000000 9.542989 48.829758 125.518405 256.000000 227.564585 172.055884 65.186911 64.000000 26.378750 175.620756 65.590853 256.000000 178.791219
79.745751 119.264524 0.000000 20.755356 86.694700 90.687985 256.000000 234.758399 232.225540 216.508793 64.000000 23.943524 230.165389 214.698698 256.000000 201.848423 110.108105 168.823282 0.000000 11.225275 113.839153 176.875400 256.000000 192.417299 228.182107 147.323915 64.000000 25.475221 221.352016 105.703787 256.000000 215.526134
72.851393 78.399947 64.000000 18.935391 72.151607 77.001513 256.000000 172.987119 249.932540 108.032533 0.000000 23.685373 238.233515 95.532425 256.000000 204.386910 159.084387 122.960051 0.000000 13.897140 157.347173 128.694353 256.000000 181.729840 47.895138 98.163633 64.000000 14.645778 44.142169 82.872253 256.000000 203.960961
141.807884 162.971385 64.000000 15.807458 144.887660 158.679796 256.000000 198.199886 193.582393 45.900551 64.000000 11.978216 201.045182 50.032525 256.000000 194.073770 16.953198 187.973922 64.000000 27.656599 20.910393 185.633595 256.000000 173.266783 179.358493 246.967867 64.000000 13.268972 196.956667 255.598835 256.000000 198.526878
254.250833 160.867809 0.000000 19.774382 250.598891 164.087498 256.000000 189.487283 32.397576 195.624747 64.000000 11.866350 36.561318 207.888596 256.000000 213.904084 38.665900 96.179075 0.000000 13.875627 41.274293 100.904440 256.000000 213.886874 84.069073 172.402064 0.000000 22.949642 94.474484 171.967676 256.000000 194.723450
255.223775 186.165238 64.000000 9.865678 235.215347 206.805958 256.000000 113.367099 123.312531 106.986289 0.000000 15.588030 138.986162 132.300600 256.000000 190.704896 83.420480 203.227987 64.000000 14.465072 87.733027 199.914818 256.000000 224.931443 61.279953 128.471460 0.000000 8.669578 64.296060 126.888640 256.000000 195.433366
19.256284 186.761998 0.000000 20.415457 24.277160 190.433887 256.000000 194.899853 86.876915 56.298458 0.000000 14.142383 89.542938 54.951578 256.000000 216.068252 204.718140 210.863485 64.000000 12.219157 203.061029 213.058045 256.000000 214.570975 140.772315 42.559236 64.000000 9.762418 140.900498 43.698138 256.000000 195.411853
31.448375 145.875038 64.000000 12.752669 35.608893 161.461855 256.000000 204.051314 19.217700 51.144642 64.000000 25.419288 22.519847 52.887855 256.000000 184.474848 244.000284 252.903869 0.000000 21.581440 249.554773 250.536218 256.000000 199.340054 181.935165 229.201284 64.000000 11.427493 178.526205 230.063204 256.000000 204.163179
132.071855 152.258053 64.000000 11.922283 132.006025 159.097322 256.000000 208.599077 156.519542 39.945578 0.000000 19.103189 162.890389 40.997333 256.000000 201.005129 146.996135 222.173722 64.000000 17.240198 147.692467 221.196716 256.000000 209.257363 10.296031 191.566895 0.000000 16.642147 0.512402 192.762247 256.000000 195.910946
159.249473 97.968289 0.000000 9.039595 156.190480 94.609418 256.000000 202.523919 135.719175 182.733887 0.000000 9.401006 150.992104 178.422731 256.000000 203.014406 159.023522 129.616389 0.000000 8.871796 160.692916 135.025815 256.000000 204.842977 19.382369 45.410675 64.000000 34.248059 31.821280 42.883104 256.000000 178.730983
143.578153 81.436651 0.000000 15.269643 134.163831 105.475307 256.000000 215.078672 58.242033 26.862020 64.000000 19.322617 58.621407 22.102998 256.000000 192.322644 244.281578 241.481924 64.000000 8.617948 245.937345 239.752313 256.000000 199.172256 236.357647 119.574196 0.000000 13.604568 231.932647 116.368542 256.000000 199.357264
31.775711 235.704156 64.000000 19.012836 42.004176 236.324147 256.000000 201.177230 29.592920 78.329302 0.000000 10.743392 29.929142 86.111253 256.000000 190.683384 158.241089 69.845636 0.000000 10.915493 160.329569 72.852760 256.000000 193.807013 160.030358 195.722078 64.000000 15.631055 155.953105 194.103058 256.000000 196.035719
232.940276 74.030638 0.000000 28.775254 234.763895 78.459965 256.000000 176.454950 69.825724 184.523496 0.000000 9.598922 29.673556 209.092820 256.000000 191.746106 105.148696 149.493700 0.000000 20.901642 110.848365 157.789342 256.000000 190.821065 89.633585 87.480233 0.000000 11.341443 91.253569 87.541900 256.000000 202.304490
