214.673625 116.180422 0.000000 8.880401 213.251096 115.300165 256.000000 185.227789 30.300762 145.774153 64.000000 19.116096 35.206982 148.986531 256.000000 196.375618 153.832438 228.541145 64.000000 9.241813 152.426378 229.309398 256.000000 201.947381 154.034162 106.774400 64.000000 22.829171 59.911891 118.967993 256.000000 191.969837
163.443496 126.710002 64.000000 18.707357 161.034811 134.661645 256.000000 197.098441 98.363329 94.150315 64.000000 8.897611 96.407531 88.024047 256.000000 208.986304 180.286484 126.127756 64.000000 19.309710 174.115351 127.473687 256.000000 177.797336 119.527636 134.127185 64.000000 9.478452 123.189615 134.600256 256.000000 191.337367
150.261444 135.037089 64.000000 17.696265 152.972191 129.767804 256.000000 194.968694 125.912238 206.241640 0.000000 9.839863 127.189216 205.750904 256.000000 202.175415 136.030371 67.114991 64.000000 19.955088 132.569736 68.326940 256.000000 188.562242 232.452244 126.138802 64.000000 12.404165 231.090945 126.011745 256.000000 202.097969
59.144749 113.108471 64.000000 22.059020 63.932436 112.055858 256.000000 197.257634 182.891615 9.171542 64.000000 11.276905 177.862685 6.273080 256.000000 209.274573 32.397576 195.624747 64.000000 11.866350 36.561318 207.888596 256.000000 213.904084 219.611731 88.726020 64.000000 12.386955 214.935411 90.343189 256.000000 194.370644
12.008318 52.097178 64.000000 12.094384 12.520333 52.844200 256.000000 195.588257 222.651802 185.728584 0.000000 16.594820 221.290433 182.275284 256.000000 204.989263 155.976829 29.654073 0.000000 13.492703 187.883956 23.789220 256.000000 190.253132 189.807155 160.806511 0.000000 14.516702 188.176502 156.840209 256.000000 202.205532
61.279953 128.471460 0.000000 8.669578 64.296060 126.888640 256.000000 195.433366 210.260715 178.212551 64.000000 14.942652 210.400416 177.836418 256.000000 187.753368 69.825724 184.523496 0.000000 9.598922 29.673556 209.092820 256.000000 191.746106 14.839115 196.960822 64.000000 31.382581 44.922420 201.801380 256.000000 184.900797
57.584815 61.432673 0.000000 21.267356 61.937669 66.249331 256.000000 195.373131 5.475822 71.200076 64.000000 22.945339 19.541575 78.685098 256.000000 186.561570 38.665900 96.179075 0.000000 13.875627 41.274293 100.904440 256.000000 213.886874 144.263205 27.349629 0.000000 16.457139 146.370369 27.495925 256.000000 232.835172
140.977140 145.963571 0.000000 12.675224 152.447355 137.098311 256.000000 188.093267 213.979302 115.696102 64.000000 9.099830 210.851313 121.205482 256.000000 209.997396 141.807884 162.971385 64.000000 15.807458 144.887660 158.679796 256.000000 198.199886 135.695196 146.066649 0.000000 15.243828 133.594191 132.969507 256.000000 177.100328
127.726309 176.587396 64.000000 18.651424 130.105571 182.028125 256.000000 196.255147 121.605042 209.451160 0.000000 18.122214 133.948185 196.507885 256.000000 201.319213 30.006773 127.750493 64.000000 14.327392 30.466756 123.367369 256.000000 206.181061 128.542578 235.036542 64.000000 12.929073 129.595065 233.668667 256.000000 238.914633
68.459491 151.184562 64.000000 29.575522 58.686936 161.242715 256.000000 191.840762 244.281578 241.481924 64.000000 8.617948 245.937345 239.752313 256.000000 199.172256 214.477093 187.594927 0.000000 13.019426 212.639580 186.553120 256.000000 222.582267 63.052587 90.789802 0.000000 11.285510 63.526338 86.364618 256.000000 194.495417
48.066036 162.538315 0.000000 17.472534 50.255035 162.840351 256.000000 215.668118 177.104045 98.824253 0.000000 16.048400 171.943107 113.839929 256.000000 204.911818 31.775711 235.704156 64.000000 19.012836 42.004176 236.324147 256.000000 201.177230 133.735115 159.934975 0.000000 9.689275 127.439238 161.790525 256.000000 181.420058
132.472242 32.604187 64.000000 23.465944 130.459762 34.599413 256.000000 209.476791 130.372940 97.067664 0.000000 16.599122 126.305342 109.735415 256.000000 193.359551 245.387820 178.433704 64.000000 9.603225 246.140827 178.076567 256.000000 222.401561 80.619129 6.607289 0.000000 18.879458 83.058913 8.954367 256.000000 215.375546
255.223775 186.165238 64.000000 9.865678 235.215347 206.805958 256.000000 113.367099 96.337191 138.078849 0.000000 16.762618 98.404333 147.072882 256.000000 228.493930 40.101191 58.827013 64.000000 13.419560 32.506489 59.397144 256.000000 204.283650 156.918849 242.731002 64.000000 15.850484 155.167302 243.228160 256.000000 211.292455
163.599385 234.262220 64.000000 11.031661 163.236105 234.303918 256.000000 220.727881 70.070638 242.141776 0.000000 10.429308 77.212300 240.603205 256.000000 223.916048 80.183273 116.141805 0.000000 9.310653 83.184691 112.105660 256.000000 212.587513 160.492353 96.864829 64.000000 8.940637 158.702976 94.929796 256.000000 219.858772
114.124618 94.987031 64.000000 11.195157 112.729107 80.313073 256.000000 205.811044 153.141673 172.921407 0.000000 21.301777 144.288344 193.876715 256.000000 186.802511 114.642255 56.752698 64.000000 14.865207 117.727560 57.147116 256.000000 190.416628 109.602216 55.962840 64.000000 9.758115 110.443453 55.918507 256.000000 217.767747
143.578153 81.436651 0.000000 15.269643 134.163831 105.475307 256.000000 215.078672 38.684391 194.496145 0.000000 17.304735 40.593571 196.339996 256.000000 200.278003 211.438422 92.413407 0.000000 9.220300 210.231958 92.555300 256.000000 193.578980 243.251875 31.932613 64.000000 20.673609 251.442133 36.772064 256.000000 226.497560
62.802509 61.758045 0.000000 19.275290 69.257476 60.469600 256.000000 179.815218 147.519409 7.291756 0.000000 9.844166 145.644609 6.364147 256.000000 213.585698 201.212260 24.124073 64.000000 10.343258 204.050402 24.306540 256.000000 185.318141 113.841813 70.531367 64.000000 34.648194 113.573978 71.047967 256.000000 181.475991
137.109793 208.146373 0.000000 23.698280 138.186573 200.077907 256.000000 188.420258 13.177869 2.308776 64.000000 13.058148 14.161195 2.308845 320.000000 197.416828 145.398047 132.712855 64.000000 22.325776 155.105951 173.031856 256.000000 218.753024 21.131915 203.724051 64.000000 10.782115 18.588718 196.492522 256.000000 199.942407
205.008438 22.661560 64.000000 22.205306 203.670367 6.239025 256.000000 233.897895 181.935165 229.201284 64.000000 11.427493 178.526205 230.063204 256.000000 204.163179 244.000284 252.903869 0.000000 21.581440 249.554773 250.536218 256.000000 199.340054 149.581216 124.489018 64.000000 14.508097 141.900135 133.414431 256.000000 204.584826
92.233429 24.334887 0.000000 33.482211 87.793565 25.288493 256.000000 181.613672 159.023522 129.616389 0.000000 8.871796 160.692916 135.025815 256.000000 204.842977 65.646075 82.044855 0.000000 8.665275 46.015955 84.040045 256.000000 209.149800 152.838184 198.653700 64.000000 8.725511 151.530295 198.456009 256.000000 231.836988
20.178844 184.901949 64.000000 18.126517 23.487018 184.392729 256.000000 186.324931 185.623298 12.696413 0.000000 9.487057 186.273191 14.686304 256.000000 203.255347 204.718140 210.863485 64.000000 12.219157 203.061029 213.058045 256.000000 214.570975 24.336753 251.527735 0.000000 34.187824 28.042065 203.339758 256.000000 185.249301
182.251904 144.985589 64.000000 17.231593 182.647522 136.080396 256.000000 198.199886 52.901075 21.329045 0.000000 29.562615 53.132793 25.951507 256.000000 206.607010 196.599416 193.126322 0.000000 14.353207 198.340140 189.991231 256.000000 189.108662 25.536045 231.257016 64.000000 14.977072 24.842707 229.115778 256.000000 194.990206
247.358700 106.247207 0.000000 9.043897 245.721600 108.167540 256.000000 209.562842 5.128476 227.793340 64.000000 28.439657 7.034771 225.051600 256.000000 192.451720 248.933269 138.734656 0.000000 16.784131 251.773707 133.032716 256.000000 193.785501 33.083382 226.967515 64.000000 21.994482 37.522969 229.748047 256.000000 197.485668
22.668156 235.240664 64.000000 27.157506 28.671622 228.812038 256.000000 195.416156 174.400913 78.832218 64.000000 8.699695 170.940216 82.224282 256.000000 209.575749 19.256284 186.761998 0.000000 20.415457 24.277160 190.433887 256.000000 194.899853 148.688284 106.385678 0.000000 10.037779 148.573755 109.585905 256.000000 204.597734
67.101680 148.799635 64.000000 12.167527 67.497125 150.982829 256.000000 207.626708 159.556442 67.883762 64.000000 9.788233 157.360900 69.745911 256.000000 192.150543 62.276587 87.066440 0.000000 9.887191 63.741009 85.069460 256.000000 222.638200 0.213856 67.069547 0.000000 29.726111 17.086047 63.462300 256.000000 176.127959
224.024745 148.918920 0.000000 19.782987 220.852493 151.479504 256.000000 201.968894 129.375465 194.191344 0.000000 12.146014 134.519027 194.210411 256.000000 192.240896 159.494609 166.646175 64.000000 11.186552 157.940918 166.403667 256.000000 210.036119 146.937142 90.403724 0.000000 26.124901 149.641009 84.323620 256.000000 185.331049
25.374164 211.871807 0.000000 31.382581 44.729487 206.471291 256.000000 199.869264 19.382369 45.410675 64.000000 34.248059 31.821280 42.883104 256.000000 178.730983 142.426031 198.257318 64.000000 26.667019 133.293996 189.950551 256.000000 174.351018 242.014962 138.141818 0.000000 30.483354 240.605002 133.986144 256.000000 233.175071
166.875347 141.037698 64.000000 13.221644 165.744995 146.174991 256.000000 197.890105 233.847667 156.242378 0.000000 22.945339 229.830840 158.681198 256.000000 184.014478 247.084153 102.046967 64.000000 13.402350 246.351371 101.882244 256.000000 210.285665 220.037436 104.144455 0.000000 8.828771 218.720665 105.204156 256.000000 213.228589
138.530662 113.588798 0.000000 16.160265 136.215342 121.908413 256.000000 196.831685 232.225540 216.508793 64.000000 23.943524 230.165389 214.698698 256.000000 201.848423 52.671727 244.890036 64.000000 26.963893 54.662155 242.777291 256.000000 203.479078 168.860942 153.854440 64.000000 12.029846 164.673345 156.839122 256.000000 206.340254
251.593015 161.420018 64.000000 10.184065 249.704282 172.858204 256.000000 194.572862 53.357320 254.128693 64.000000 11.143527 51.326769 253.314678 256.000000 245.127472 176.132931 53.115349 64.000000 13.256064 174.406844 54.087362 256.000000 194.138307 162.172047 160.553169 64.000000 17.691962 159.388807 159.277358 256.000000 202.119482
111.914889 171.496302 64.000000 9.422519 105.728629 173.023131 256.000000 217.840890 99.952522 220.033129 0.000000 11.005846 104.475229 223.416585 256.000000 184.831957 88.629162 11.733729 64.000000 14.482282 93.400533 11.213736 256.000000 225.374603 10.296031 191.566895 0.000000 16.642147 0.512402 192.762247 256.000000 195.910946
88.367082 103.884687 64.000000 24.455524 86.245096 105.234082 256.000000 192.176358 209.389145 247.521013 64.000000 13.294787 216.015018 241.053276 256.000000 214.996924 99.499864 198.093869 64.000000 24.644835 104.240993 200.557831 256.000000 192.400089 46.500498 175.315664 0.000000 19.137609 44.624291 172.764165 256.000000 203.427448
