230.523762 241.940880 64.000000 16.409811 230.736782 242.000445 256.000000 208.921766 47.918060 127.199882 0.000000 9.542989 48.829758 125.518405 256.000000 227.564585 145.398047 132.712855 64.000000 22.325776 155.105951 173.031856 256.000000 218.753024 134.391773 61.114367 64.000000 12.081476 139.326440 66.200885 256.000000 208.685128
35.808185 79.463616 64.000000 23.465944 37.211509 79.334375 256.000000 212.875782 138.530662 113.588798 0.000000 16.160265 136.215342 121.908413 256.000000 196.831685 38.665900 96.179075 0.000000 13.875627 41.274293 100.904440 256.000000 213.886874 48.066036 162.538315 0.000000 17.472534 50.255035 162.840351 256.000000 215.668118
173.741716 238.008704 0.000000 12.481611 176.024469 237.367849 256.000000 115.565687 185.623298 12.696413 0.000000 9.487057 186.273191 14.686304 256.000000 203.255347 34.186280 74.428233 64.000000 18.393273 36.447744 74.123869 256.000000 205.484053 189.598718 128.861029 64.000000 13.307694 190.199047 133.133949 256.000000 121.576308
65.646075 82.044855 0.000000 8.665275 46.015955 84.040045 256.000000 209.149800 219.611731 88.726020 64.000000 12.386955 214.935411 90.343189 256.000000 194.370644 32.397576 195.624747 64.000000 11.866350 36.561318 207.888596 256.000000 213.904084 21.131915 203.724051 64.000000 10.782115 18.588718 196.492522 256.000000 199.942407
210.260715 178.212551 64.000000 14.942652 210.400416 177.836418 256.000000 187.753368 5.475822 71.200076 64.000000 22.945339 19.541575 78.685098 256.000000 186.561570 128.076585 81.631755 0.000000 8.734116 137.999467 78.865504 256.000000 197.520088 172.055884 65.186911 64.000000 26.378750 175.620756 65.590853 256.000000 178.791219
180.783991 54.370795 0.000000 12.460098 155.252429 16.972729 256.000000 209.192825 200.600256 109.667718 64.000000 8.703998 212.895582 114.115505 256.000000 108.118025 150.703193 195.764449 0.000000 26.623994 136.300825 197.064984 256.000000 182.547319 126.203849 109.491215 0.000000 21.452365 148.248804 119.509069 256.000000 197.347987
204.718140 210.863485 64.000000 12.219157 203.061029 213.058045 256.000000 214.570975 254.250833 160.867809 0.000000 19.774382 250.598891 164.087498 256.000000 189.487283 23.205404 228.157555 0.000000 9.349376 18.785169 224.265911 256.000000 190.842577 156.519542 39.945578 0.000000 19.103189 162.890389 40.997333 256.000000 201.005129
84.069073 172.402064 0.000000 22.949642 94.474484 171.967676 256.000000 194.723450 96.337191 138.078849 0.000000 16.762618 98.404333 147.072882 256.000000 228.493930 52.901075 21.329045 0.000000 29.562615 53.132793 25.951507 256.000000 206.607010 239.965158 6.193636 0.000000 24.171557 241.524524 6.497856 256.000000 184.156461
70.070638 242.141776 0.000000 10.429308 77.212300 240.603205 256.000000 223.916048 41.854135 118.148262 0.000000 12.335325 31.333796 110.463356 256.000000 207.880556 71.454400 27.200287 64.000000 19.589374 58.400931 36.605833 256.000000 182.241840 212.086804 45.130265 0.000000 20.600466 208.382031 45.639645 256.000000 192.081703
167.541716 171.119316 0.000000 29.239926 166.489509 167.093138 256.000000 170.814347 109.602216 55.962840 64.000000 9.758115 110.443453 55.918507 256.000000 217.767747 163.443496 126.710002 64.000000 18.707357 161.034811 134.661645 256.000000 197.098441 218.007247 158.680782 64.000000 19.468903 214.793338 156.727135 256.000000 215.547647
204.005069 218.920389 0.000000 30.784531 193.263525 224.804671 256.000000 181.983688 87.303547 112.753462 0.000000 9.065410 89.186275 109.311678 256.000000 204.012591 134.208551 149.948307 64.000000 13.858417 138.407640 155.851262 256.000000 179.707655 113.144362 132.873573 64.000000 16.891694 112.713316 138.824989 256.000000 176.639959
31.775711 235.704156 64.000000 19.012836 42.004176 236.324147 256.000000 201.177230 51.597115 36.172718 64.000000 10.799325 52.497902 36.848815 256.000000 230.705425 10.296031 191.566895 0.000000 16.642147 0.512402 192.762247 256.000000 195.910946 252.446495 9.965069 0.000000 23.668163 248.500378 12.214602 256.000000 198.587113
220.789827 146.497524 64.000000 10.885376 221.685622 151.641151 256.000000 198.328962 87.531891 170.166273 0.000000 8.794351 78.865378 175.520807 256.000000 206.422002 250.871565 77.941122 0.000000 17.360668 251.623171 70.110264 256.000000 159.365341 244.281578 241.481924 64.000000 8.617948 245.937345 239.752313 256.000000 199.172256
52.025629 23.996267 0.000000 21.366314 53.404905 24.760740 256.000000 197.989063 238.527795 197.146271 0.000000 34.222244 223.428078 186.820613 256.000000 207.368556 53.357320 254.128693 64.000000 11.143527 51.326769 253.314678 256.000000 245.127472 119.449267 77.279480 64.000000 11.122014 124.695293 73.116491 256.000000 201.947381
221.332527 9.003945 0.000000 13.182921 218.667038 8.938707 256.000000 210.160892 163.150858 243.437129 0.000000 16.646450 156.690025 245.009055 256.000000 178.589000 156.918849 242.731002 64.000000 15.850484 155.167302 243.228160 256.000000 211.292455 80.619129 6.607289 0.000000 18.879458 83.058913 8.954367 256.000000 215.375546
159.084387 122.960051 0.000000 13.897140 157.347173 128.694353 256.000000 181.729840 213.902495 121.429505 64.000000 22.566717 211.378358 122.326876 256.000000 221.149528 248.356625 110.175640 0.000000 14.198316 252.138198 119.693495 256.000000 216.842705 0.213856 67.069547 0.000000 29.726111 17.086047 63.462300 256.000000 176.127959
19.217700 51.144642 64.000000 25.419288 22.519847 52.887855 256.000000 184.474848 65.071200 74.177149 64.000000 10.468031 62.983118 72.181973 256.000000 211.942135 86.876915 56.298458 0.000000 14.142383 89.542938 54.951578 256.000000 216.068252 140.772315 42.559236 64.000000 9.762418 140.900498 43.698138 256.000000 195.411853
62.265200 82.093745 64.000000 16.956231 62.604165 81.888442 256.000000 185.438612 121.605042 209.451160 0.000000 18.122214 133.948185 196.507885 256.000000 201.319213 86.283084 141.135038 64.000000 18.341643 92.205804 139.043787 256.000000 179.711958 95.252076 178.146189 64.000000 14.800669 110.103438 183.832047 256.000000 182.646277
125.479418 208.138349 0.000000 27.084363 123.487931 196.825856 256.000000 188.514914 139.661978 99.530927 0.000000 13.311997 138.212015 103.349464 256.000000 223.459981 179.972122 44.313996 64.000000 8.798653 173.390011 26.622276 256.000000 195.011719 13.366398 118.106451 64.000000 9.525779 15.258835 115.129825 256.000000 207.807413
16.953198 187.973922 64.000000 27.656599 20.910393 185.633595 256.000000 173.266783 165.487013 172.445424 64.000000 15.222316 163.384671 172.114022 256.000000 212.316454 241.766182 177.723951 0.000000 26.864935 237.990824 172.658245 256.000000 173.989606 205.008438 22.661560 64.000000 22.205306 203.670367 6.239025 256.000000 233.897895
236.792856 140.279795 0.000000 18.216870 234.338522 140.567236 256.000000 212.785429 86.349020 203.090116 64.000000 19.765777 74.008447 198.879233 256.000000 191.604123 93.207173 124.513975 64.000000 19.920668 84.794665 117.278607 256.000000 200.325331 182.251904 144.985589 64.000000 17.231593 182.647522 136.080396 256.000000 198.199886
111.224100 106.039056 64.000000 12.034148 111.882440 103.936175 256.000000 203.930843 117.344433 211.118564 0.000000 10.954216 110.208836 210.964782 256.000000 219.807142 175.471164 170.251064 64.000000 16.844366 172.310782 175.362545 256.000000 202.222743 49.181336 6.356822 64.000000 44.337469 56.718927 14.377571 256.000000 208.220455
168.860942 153.854440 64.000000 12.029846 164.673345 156.839122 256.000000 206.340254 10.793773 49.654893 0.000000 20.243357 11.678707 52.922887 256.000000 228.855341 62.802509 61.758045 0.000000 19.275290 69.257476 60.469600 256.000000 179.815218 102.931384 77.274182 0.000000 24.369473 107.969600 94.147275 256.000000 181.273773
67.101680 148.799635 64.000000 12.167527 67.497125 150.982829 256.000000 207.626708 69.825724 184.523496 0.000000 9.598922 29.673556 209.092820 256.000000 191.746106 13.184431 95.582987 64.000000 12.756972 6.482278 90.788529 256.000000 198.251517 137.781882 85.631447 0.000000 15.063123 142.839582 100.425320 256.000000 198.294542
39.412125 74.858145 64.000000 11.431796 43.365975 74.353936 256.000000 188.579452 19.256284 186.761998 0.000000 20.415457 24.277160 190.433887 256.000000 194.899853 31.448375 145.875038 64.000000 12.752669 35.608893 161.461855 256.000000 204.051314 222.357396 153.320347 0.000000 8.691090 224.402025 155.204929 256.000000 208.478607
126.014489 111.979644 64.000000 9.568804 123.157635 108.053549 256.000000 219.062806 154.034162 106.774400 64.000000 22.829171 59.911891 118.967993 256.000000 191.969837 163.599385 234.262220 64.000000 11.031661 163.236105 234.303918 256.000000 220.727881 229.217964 176.271109 64.000000 24.511456 227.547549 178.169227 256.000000 223.696620
125.912238 206.241640 0.000000 9.839863 127.189216 205.750904 256.000000 202.175415 51.690775 99.905480 0.000000 12.025543 45.103507 98.574427 256.000000 206.267111 122.293347 140.568245 0.000000 10.171157 137.887015 125.862104 256.000000 211.107446 47.895138 98.163633 64.000000 14.645778 44.142169 82.872253 256.000000 203.960961
76.925195 100.093440 0.000000 17.317643 81.994411 103.630333 256.000000 196.182004 114.222889 142.448000 64.000000 9.495662 113.626882 145.994324 256.000000 200.290911 156.335213 82.360798 0.000000 14.142383 158.102155 86.371567 256.000000 200.118810 10.290525 47.337922 64.000000 12.795694 11.252536 49.205485 256.000000 191.909602
180.286484 126.127756 64.000000 19.309710 174.115351 127.473687 256.000000 177.797336 159.928249 66.649485 0.000000 13.230249 155.188645 65.084622 256.000000 210.251245 122.186395 167.711140 0.000000 11.423191 124.748175 165.718613 256.000000 204.847280 130.372940 97.067664 0.000000 16.599122 126.305342 109.735415 256.000000 193.359551
159.556442 67.883762 64.000000 9.788233 157.360900 69.745911 256.000000 192.150543 26.707018 234.410709 0.000000 16.031190 32.238580 240.887373 256.000000 228.894064 159.134376 145.149464 64.000000 25.453708 153.100298 139.506036 256.000000 178.408294 121.439378 83.610747 64.000000 25.862448 143.434827 80.808938 256.000000 193.393971
212.103885 151.972360 64.000000 9.444031 218.411842 149.190909 256.000000 203.840490 112.214185 53.882325 0.000000 12.124501 111.469749 56.996860 256.000000 190.347787 205.804580 147.464944 0.000000 18.909575 198.244245 145.286931 256.000000 195.140795 242.483962 246.554522 0.000000 16.026887 244.870047 244.434229 256.000000 182.031016
91.057040 158.967644 64.000000 14.761946 60.975860 185.558982 256.000000 197.193097 83.420480 203.227987 64.000000 14.465072 87.733027 199.914818 256.000000 224.931443 101.149678 160.731042 0.000000 26.920868 101.025478 157.371724 256.000000 208.470002 150.261444 135.037089 64.000000 17.696265 152.972191 129.767804 256.000000 194.968694
