18.998730 3.298344 50.500000 0.027913 21.378265 5.352898 52.000000 0.016880
-60.778435 -66.230644 50.500000 0.005380 -61.111282 -63.985523 52.000000 0.047335
-15.888199 30.984854 50.000000 0.005965 -31.042912 46.487659 52.000000 0.038757
-17.266861 8.575604 50.500000 0.005241 -18.338142 10.462290 52.000000 0.046393
45.458847 65.029701 50.500000 0.034298 45.840687 66.937759 52.000000 0.012851
49.972008 39.944252 50.000000 0.003602 50.271076 42.505154 52.000000 0.043404
-8.120655 50.172176 50.500000 0.003339 -7.027868 48.724174 52.000000 0.045452
-20.175114 56.274475 50.500000 0.003956 -18.090368 56.471642 52.000000 0.042110
39.549927 -27.467764 50.500000 0.004695 41.602551 -25.979666 52.000000 0.043816
-1.273222 27.878147 50.500000 0.002704 -1.276951 31.851288 52.000000 0.043017
-32.625465 17.824682 50.000000 0.021290 -30.425169 16.617907 52.000000 0.023244
-56.044048 -20.228697 50.500000 0.002766 -55.302486 -21.217052 52.000000 0.049609
63.693836 -27.294357 50.000000 0.002366 64.712463 -27.101788 52.000000 0.043952
1.356745 56.710373 50.500000 0.002364 3.124808 57.726803 52.000000 0.047762
63.534203 20.720934 50.000000 0.028248 63.671215 20.931717 52.000000 0.024909
14.676890 -23.708189 50.000000 0.002050 25.665775 -21.077959 52.000000 0.047376
-32.199665 62.748741 50.000000 0.003364 -26.713997 68.815292 52.000000 0.046382
21.535189 3.743037 50.000000 0.005311 17.278244 3.348429 52.000000 0.041864
-68.501045 -62.767883 50.000000 0.007739 -65.160881 -61.835682 52.000000 0.047483
-57.137222 41.883156 50.500000 0.004020 -57.999695 40.699833 52.000000 0.051430
-11.245629 -32.193085 50.500000 0.029134 -13.245223 -30.349051 52.000000 0.023419
13.697331 62.935047 50.500000 0.028526 12.097496 61.333332 52.000000 0.019160
53.548962 62.185352 50.000000 0.003141 53.605415 60.455708 52.000000 0.051006
34.529121 -42.087349 50.000000 0.003525 32.623547 -44.505741 52.000000 0.040721
33.743176 -36.917770 50.500000 0.024008 33.089123 -36.257462 52.000000 0.030128
62.020687 37.654980 50.500000 0.002542 61.479874 42.530399 52.000000 0.043367
19.009232 26.559830 50.000000 0.033184 18.620146 29.287661 52.000000 0.019154
-53.190655 -52.153946 50.000000 0.003784 -54.505032 -50.404797 52.000000 0.047528
-50.776375 22.753338 50.500000 0.030978 -49.677067 18.209564 52.000000 0.021056
-66.864677 -3.044593 50.500000 0.029400 -67.803749 -3.138399 52.000000 0.017700
1.114866 -18.689169 50.500000 0.003886 -2.063160 -16.691729 52.000000 0.045972
-14.729298 -33.617088 50.500000 0.002700 -16.346220 -34.107891 52.000000 0.047994
-17.009052 11.134135 50.500000 0.002056 -15.675587 12.956038 52.000000 0.049970
-48.929070 19.143370 50.500000 0.028615 -49.073441 18.642094 52.000000 0.023752
-7.441693 4.830279 50.500000 0.003489 -4.014691 10.025811 52.000000 0.045927
-67.597565 47.411552 50.500000 0.003776 -67.265686 46.645416 52.000000 0.049161
-38.814022 -31.899584 50.500000 0.005633 -38.802567 -33.217278 52.000000 0.042870
12.174879 -36.164669 50.500000 0.009103 11.995173 -35.496204 52.000000 0.038964
-30.235668 25.514940 50.500000 0.004949 -11.357947 32.597923 52.000000 0.040247
48.158371 -26.300419 50.000000 0.003553 48.728092 -25.219025 52.000000 0.047129
29.352554 -10.330967 50.500000 0.007508 29.859203 -10.782161 52.000000 0.011897
-4.172009 17.830299 50.000000 0.002028 -1.700301 18.883533 52.000000 0.046329
24.699862 22.589334 50.000000 0.005575 21.884274 25.805048 52.000000 0.039991
-45.559113 19.572704 50.500000 0.002241 -45.093712 19.047714 52.000000 0.047654
-6.456106 32.668785 50.500000 0.002266 -3.974737 32.881271 52.000000 0.048708
-26.771988 19.239283 50.500000 0.003110 -25.925262 18.937162 52.000000 0.043166
30.944590 -59.431057 50.000000 0.002751 33.885414 -59.392334 52.000000 0.046890
-15.392139 44.842491 50.000000 0.017316 6.321130 37.783043 52.000000 0.039847
31.854496 17.163036 50.000000 0.002761 30.573631 28.029402 52.000000 0.043922
11.815392 -6.432059 50.000000 0.002870 12.544815 -6.078118 52.000000 0.051502
39.652397 37.841961 50.000000 0.022284 38.907059 41.675774 52.000000 0.027255
0.021358 -48.805000 50.500000 0.003233 1.119890 -48.833843 52.000000 0.046666
-22.716352 -8.532674 50.500000 0.002669 -20.690224 -6.546558 52.000000 0.048492
7.947269 2.745777 50.500000 0.024676 8.300051 4.064681 52.000000 0.022714
-32.668934 51.143143 50.000000 0.004789 -31.146534 46.665882 52.000000 0.046918
-49.267796 -23.329521 50.500000 0.009312 -49.657322 -19.578825 52.000000 0.038228
-19.888546 19.013401 50.500000 0.030135 -23.978022 23.202078 52.000000 0.021540
-29.024290 -45.595074 50.000000 0.003667 -29.757370 -44.366146 52.000000 0.047441
-50.987839 -58.202221 50.500000 0.007560 -50.610981 -58.552181 52.000000 0.042388
-48.223572 49.670273 50.500000 0.007094 -48.396839 49.914219 52.000000 0.049737
34.222191 -41.119862 50.500000 0.002021 35.708275 -58.929466 52.000000 0.045713
-48.449455 34.518063 50.500000 0.002305 -47.534641 34.479454 52.000000 0.046830
31.723385 -52.170681 50.500000 0.010145 33.733994 -48.284698 52.000000 0.040566
28.523808 45.099209 50.000000 0.003181 24.969999 42.072083 52.000000 0.047724
44.170174 -14.459830 50.500000 0.002482 45.295361 -15.724043 52.000000 0.050459
3.597291 59.687962 50.500000 0.015110 3.189620 58.805275 52.000000 0.041847
11.562221 -0.831887 50.500000 0.024566 12.036152 0.170251 52.000000 0.028927
-17.882248 44.156303 50.000000 0.028076 -18.592541 46.046188 52.000000 0.023934
-33.650009 69.631805 50.500000 0.002745 -33.154919 67.926071 52.000000 0.049391
41.598755 14.223339 50.500000 0.004110 40.194210 13.220061 52.000000 0.049069
1.723045 61.047665 50.500000 0.002107 1.317439 62.321346 52.000000 0.047300
21.723749 17.168064 50.000000 0.006269 23.675432 16.360006 52.000000 0.040466
-12.417638 40.062218 50.000000 0.002096 -11.803959 38.746059 52.000000 0.046023
58.245430 -3.462752 50.000000 0.002229 56.454308 -0.863994 52.000000 0.047368
-8.055237 52.740284 50.000000 0.027315 -9.355517 53.614040 52.000000 0.018882
17.700350 6.253342 50.000000 0.002196 18.422527 5.037073 52.000000 0.052608
7.239664 -18.636442 50.000000 0.004741 0.713310 -11.192552 52.000000 0.016994
-16.967646 -19.742376 50.000000 0.004028 9.496543 -43.420582 52.000000 0.052507
-65.006538 26.461155 50.500000 0.004011 -63.584526 26.836195 52.000000 0.047078
-50.459663 27.593960 50.000000 0.005815 -51.533821 24.103542 52.000000 0.050242
1.206389 -18.848000 50.000000 0.027201 3.531102 -16.694658 52.000000 0.020575
39.316139 -44.587723 50.000000 0.006073 35.909164 -44.646503 52.000000 0.020706
46.265663 -37.318707 50.000000 0.006014 2.404629 -29.735752 52.000000 0.047900
18.193922 51.125183 50.500000 0.002905 19.521301 52.419140 52.000000 0.047462
-1.200223 -8.967060 50.500000 0.002509 0.431032 -9.989182 52.000000 0.021449
-62.145897 -70.312538 50.000000 0.007032 -60.280872 -68.782898 52.000000 0.019297
38.729862 46.347164 50.500000 0.004424 41.429173 45.492844 52.000000 0.048658
15.635110 1.993135 50.500000 0.003459 17.599571 3.696347 52.000000 0.049649
25.948900 19.046642 50.000000 0.004286 26.837992 11.630579 52.000000 0.022556
-40.595600 -19.584141 50.500000 0.004577 -39.314236 -18.730116 52.000000 0.044791
18.591541 -27.942640 50.500000 0.004506 17.976007 -27.452049 52.000000 0.045135
63.796879 -29.871120 50.500000 0.002616 62.647511 -30.527842 52.000000 0.050243
-9.941615 22.572104 50.000000 0.002484 -9.478907 20.784279 52.000000 0.056385
-26.977293 20.769711 50.500000 0.004319 -25.492487 23.363791 52.000000 0.050051
-51.226868 56.741287 50.500000 0.027520 -52.807690 56.846901 52.000000 0.018800
45.420483 30.856466 50.000000 0.004535 42.733467 26.106058 52.000000 0.040268
-18.297380 47.118294 50.000000 0.007942 -14.245461 48.215954 52.000000 0.051819
52.955017 -69.039093 50.000000 0.003620 52.012405 -68.698349 52.000000 0.050740
39.600739 -60.041561 50.500000 0.009512 41.095188 -51.158829 52.000000 0.048122
25.645927 32.084820 50.500000 0.002937 23.625654 34.450653 52.000000 0.047316
-7.406947 -32.141056 50.500000 0.011267 -8.359264 -32.249783 52.000000 0.041690
-58.686932 -15.932141 50.500000 0.006024 -57.680000 -17.874659 52.000000 0.039050
-7.559196 -44.583195 50.000000 0.004723 -14.550691 -51.385319 52.000000 0.042815
42.100262 -6.314976 50.000000 0.027517 41.582676 -5.999774 52.000000 0.024534
-22.136597 6.203129 50.000000 0.005365 -25.304338 -2.112167 52.000000 0.019556
0.852379 32.130070 50.000000 0.002986 5.836478 31.106533 52.000000 0.047425
-18.655025 -20.345705 50.000000 0.003066 -16.002195 -18.737680 52.000000 0.026772
-28.139828 57.059845 50.000000 0.003931 -29.426447 55.772453 52.000000 0.049682
61.202190 5.069058 50.000000 0.003661 60.833611 12.089741 52.000000 0.046957
6.014675 -41.022808 50.000000 0.012379 5.948847 -39.565861 52.000000 0.039262
-59.242332 -4.894253 50.000000 0.004462 -58.372093 -4.994125 52.000000 0.049202
34.076996 34.457272 50.000000 0.005478 32.518028 32.717094 52.000000 0.045563
-50.332638 65.900597 50.000000 0.002320 -49.746399 66.508270 52.000000 0.052083
0.278198 -53.392570 50.500000 0.004120 0.896665 -52.808502 52.000000 0.052348
24.970213 25.924665 50.500000 0.021969 25.594093 26.832846 52.000000 0.012280
25.824665 -38.497009 50.500000 0.002506 28.608364 -36.913998 52.000000 0.047046
64.053917 26.457230 50.000000 0.024173 65.707397 32.930779 52.000000 0.023356
-29.540796 -29.731737 50.000000 0.002860 -30.300554 -27.207245 52.000000 0.048954
-54.960274 -23.508648 50.500000 0.009693 -52.432213 -20.039434 52.000000 0.040478
-40.489849 -21.438641 50.000000 0.002459 -41.344341 -20.008383 52.000000 0.049379
9.228478 51.793350 50.500000 0.021614 9.004331 51.046959 52.000000 0.021752
53.956490 12.979417 50.500000 0.006711 51.341980 10.966233 52.000000 0.019075
42.881340 12.296952 50.500000 0.005088 43.475052 16.253050 52.000000 0.054598
49.861835 30.563641 50.000000 0.002700 61.127708 31.299244 52.000000 0.040583
29.193068 1.963989 50.500000 0.025997 32.048862 4.375789 52.000000 0.023181
-14.752032 -5.271972 50.000000 0.002433 -13.419166 -4.776900 52.000000 0.048257
-53.305534 -8.677898 50.500000 0.002140 -54.002403 -6.036469 52.000000 0.045221
22.118034 -56.260361 50.500000 0.005669 25.699604 -58.232121 52.000000 0.044624
63.443584 18.260101 50.000000 0.009141 45.084465 29.266712 52.000000 0.042665
28.044899 42.397720 50.500000 0.002828 24.601599 42.162502 52.000000 0.040967
-43.015575 -61.698566 50.500000 0.003188 -36.995331 -67.405701 52.000000 0.049456
-52.715290 -62.165264 50.000000 0.004339 -52.495239 -61.769283 52.000000 0.047328
47.295609 -26.607042 50.500000 0.023753 44.148788 -28.276815 52.000000 0.026286
-4.673332 21.050327 50.500000 0.036091 -1.752390 14.222382 52.000000 0.015335
-6.416841 26.095440 50.000000 0.035446 -5.447171 28.252752 52.000000 0.009333
14.209794 -60.027821 50.000000 0.004335 8.542833 -50.997299 52.000000 0.042549
-10.816090 54.481327 50.000000 0.003923 -14.306950 53.898563 52.000000 0.048161
6.540421 48.489491 50.000000 0.004120 -5.464789 54.077549 52.000000 0.048833
18.632816 -6.232569 50.500000 0.003944 17.939327 -3.027185 52.000000 0.050459
-55.933575 -55.243916 50.500000 0.007836 -55.083542 -55.027168 52.000000 0.049835
-27.487877 56.713867 50.000000 0.003436 -24.091425 53.126743 52.000000 0.047493
55.012569 -69.297394 50.000000 0.002167 55.364780 -69.251617 52.000000 0.049939
6.168429 -34.708282 50.500000 0.002352 -19.892159 -27.207844 52.000000 0.048887
-7.282419 7.521467 50.500000 0.028541 -8.420953 9.817667 52.000000 0.023333
14.311695 14.095188 50.000000 0.027371 15.825630 10.316454 52.000000 0.020259
37.630310 -28.575178 50.000000 0.002935 36.807438 -28.022316 52.500000 0.048496
-21.475630 -45.819622 50.000000 0.005641 -20.004324 -50.334549 52.000000 0.040828
13.681588 29.479807 50.000000 0.038724 14.270791 30.438402 52.000000 0.008313
-36.891891 33.224739 50.000000 0.011379 -37.752552 33.105930 52.000000 0.037037
-28.676025 9.027781 50.500000 0.013245 -23.164005 10.175606 52.000000 0.036756
43.497688 42.887024 50.000000 0.031266 42.544243 42.150520 52.000000 0.020704
34.620079 -49.002289 50.000000 0.009562 29.980522 -55.868538 52.000000 0.043176
28.438087 -18.660089 50.000000 0.003291 28.357113 -24.192900 52.000000 0.051300
-51.942760 -25.375523 50.000000 0.003119 -45.452244 -54.620880 52.000000 0.045141
-23.191973 19.215815 50.500000 0.008253 -20.179216 24.304857 52.000000 0.042413
21.550190 -50.734646 50.500000 0.005824 21.942606 -48.983768 52.000000 0.050934
-66.709175 -23.635069 50.000000 0.005820 -64.670776 -23.672993 52.000000 0.044587
68.674698 55.824360 50.500000 0.002501 68.265541 56.700996 52.000000 0.049017
46.289452 45.724228 50.000000 0.002267 46.719662 44.477703 52.000000 0.043553
-69.213577 -4.459556 50.500000 0.002008 -69.736176 -4.670389 52.500000 0.025699
19.880560 55.554646 50.000000 0.002724 20.070768 55.497700 52.000000 0.045844
56.075474 36.470264 50.500000 0.002260 57.282108 36.979023 52.000000 0.050205
8.337613 60.390114 50.500000 0.002445 9.668606 61.963066 52.000000 0.052285
0.772265 55.097210 50.500000 0.027792 0.849270 55.302269 52.000000 0.024948
-19.502119 -12.061155 50.000000 0.005766 -21.657896 -8.078787 52.000000 0.049498
-52.733822 -51.303982 50.500000 0.002296 -53.331917 -50.745327 52.000000 0.049291
30.882826 -27.149843 50.000000 0.003039 32.111111 -26.084547 52.000000 0.048109
50.415451 8.063852 50.500000 0.006375 47.959129 6.509274 52.000000 0.046868
29.799215 38.702057 50.500000 0.010637 25.718439 40.365940 52.000000 0.044090
-23.308565 -9.994398 50.500000 0.031183 -22.332882 -6.818578 52.000000 0.017063
36.924252 49.997078 50.500000 0.035201 37.508781 49.595882 52.000000 0.017739
-58.046829 -19.381544 50.000000 0.010970 -58.121632 -19.150635 52.000000 0.047086
61.922230 -27.466543 50.000000 0.021354 67.801140 -19.362482 52.000000 0.024756
-7.267945 -1.391125 50.000000 0.002350 -3.843559 -4.097903 52.000000 0.016573
34.314629 -29.496647 50.000000 0.004405 32.229698 -24.127264 52.000000 0.041201
59.374580 41.319309 50.500000 0.003045 64.278809 41.399380 52.000000 0.051026
24.143850 46.982243 50.000000 0.002545 31.128717 51.808487 52.000000 0.046387
26.419889 -18.667004 50.000000 0.004245 26.368954 -17.841539 52.000000 0.045844
-32.074768 -56.443039 50.500000 0.003297 -32.175251 -55.602543 52.000000 0.045744
-14.635325 -33.330933 50.500000 0.024700 -14.605096 -32.938774 52.000000 0.021697
14.120093 -22.256348 50.000000 0.007976 17.759249 -21.124434 52.000000 0.038462
52.171150 45.599648 50.000000 0.008480 42.023510 46.867294 52.000000 0.047213
32.661514 -69.150536 50.500000 0.004033 32.318577 -68.591614 52.000000 0.049456
29.353436 -45.028545 50.000000 0.005981 25.268881 -45.393528 52.000000 0.049164
66.216881 -43.864670 50.500000 0.006240 65.312256 -42.023407 52.000000 0.039443
-12.719441 34.520325 50.500000 0.028016 -11.295988 34.582001 52.000000 0.019662
-54.370510 2.964474 50.500000 0.006329 -50.668972 13.044089 52.000000 0.042328
8.449346 12.167712 50.000000 0.003748 13.552735 6.801895 52.000000 0.042510
64.070381 -3.302376 50.500000 0.003787 61.745491 -3.682764 52.000000 0.046902
-57.222980 -36.281635 50.500000 0.003177 -57.668522 -40.473888 52.000000 0.047570
46.005814 54.355270 50.500000 0.005214 45.175087 52.870937 52.000000 0.041438
4.817776 4.370891 50.500000 0.003063 9.262987 2.398885 52.000000 0.044138
52.317230 -56.596844 50.500000 0.003702 51.451698 -57.311043 52.000000 0.048222
-7.613595 34.967529 50.000000 0.002333 -6.263445 33.681583 52.000000 0.046880
58.972675 -19.855801 50.500000 0.002993 58.912304 -19.089283 52.000000 0.054136
38.931118 19.647032 50.000000 0.032924 37.175587 25.265289 52.000000 0.016453
-35.729347 1.450366 50.500000 0.003508 -35.137432 -1.636525 52.000000 0.047182
-28.421587 40.461010 50.000000 0.030575 -28.582890 39.217999 52.000000 0.020204
-34.927502 40.240120 50.000000 0.002337 -37.436169 40.823952 52.000000 0.047315
-30.991831 -3.843689 50.500000 0.002904 -32.527142 -5.141381 52.000000 0.050075
-13.647453 -6.699341 50.500000 0.003379 -13.874058 -5.118568 52.000000 0.048583
33.623035 -24.872618 50.000000 0.007686 30.816191 -25.362703 52.000000 0.040593
28.827002 4.805034 50.000000 0.002375 27.553909 6.851478 52.000000 0.044935
-52.432323 -39.686028 50.500000 0.033320 -53.265110 -40.873241 52.000000 0.027705
-45.811157 -27.645828 50.500000 0.002907 -63.693634 -21.929987 52.000000 0.048195
-69.036667 40.655808 50.500000 0.003552 -67.603973 40.016033 52.000000 0.022504
-37.541729 43.688171 50.000000 0.006624 -32.708767 37.724075 52.000000 0.041812
-26.181276 30.558750 50.000000 0.003009 -26.965582 29.116369 52.000000 0.050388
-9.808048 -12.391295 50.000000 0.003737 -18.044910 -9.220078 52.000000 0.044787
5.483656 58.059120 50.500000 0.002235 2.205960 56.379807 52.000000 0.026231
12.636929 7.231931 50.000000 0.002065 11.842058 4.739199 52.000000 0.024793
-0.740417 -33.983437 50.500000 0.002719 -1.138529 -32.822071 52.000000 0.048627
16.153555 -58.884640 50.000000 0.005934 11.004208 -56.729706 52.000000 0.049699
-41.196991 14.708496 50.000000 0.003829 -36.551125 13.890894 52.000000 0.043404
0.956684 18.847803 50.500000 0.006999 6.986259 19.766855 52.000000 0.017807
43.301003 10.557531 50.500000 0.007629 39.692200 17.576689 52.000000 0.014419
-68.151276 68.304222 50.000000 0.032635 -67.425232 68.597069 52.000000 0.024190
13.451700 64.550514 50.000000 0.003886 11.941689 60.977051 52.000000 0.042405
-69.325699 -13.459984 50.500000 0.005126 -68.233315 -12.870079 52.000000 0.013728
13.760659 -27.082943 50.000000 0.024433 14.675094 -24.547543 52.000000 0.027695
-44.286762 9.811876 50.000000 0.021597 -47.654751 12.332574 52.000000 0.027571
-67.011307 67.970169 50.000000 0.003509 -65.012764 68.707252 52.000000 0.041635
-43.928921 64.483322 50.000000 0.002298 -45.129044 64.503105 52.000000 0.048510
11.364153 48.594006 50.500000 0.004207 10.812576 47.617550 52.000000 0.048116
0.610292 6.119613 50.000000 0.002242 -0.315937 4.441105 52.000000 0.047057
-16.887154 1.017658 50.500000 0.003857 -14.327826 3.669048 52.000000 0.053158
-30.557755 47.100342 50.500000 0.002297 -28.811148 49.181454 52.000000 0.047440
-20.255733 -26.342285 50.500000 0.003834 -17.967819 -26.554045 52.000000 0.041929
45.628483 -19.192799 50.000000 0.006300 42.551609 -18.644768 52.000000 0.049705
-39.323872 24.987898 50.000000 0.037264 -38.943451 24.121927 52.000000 0.018389
45.788380 -30.825743 50.500000 0.030652 59.607922 -27.446859 52.000000 0.019219
65.469673 -3.372954 50.000000 0.002635 68.523422 -5.258449 52.000000 0.049316
-21.886103 -54.951942 50.500000 0.002664 -23.065502 -53.451302 52.000000 0.044995
60.004246 -6.016320 50.500000 0.002390 59.510223 -5.812900 52.000000 0.047384
-33.485687 -34.665085 50.500000 0.024455 -36.192524 -32.515766 52.000000 0.024874
-47.723080 40.338085 50.500000 0.004752 -48.924313 33.299026 52.000000 0.044095
11.533653 -55.587193 50.000000 0.003226 19.090750 -57.555580 52.000000 0.046173
45.405029 -31.653049 50.500000 0.024223 44.030621 -31.568701 52.000000 0.029208
68.982086 12.458117 50.500000 0.005664 65.640724 3.725255 52.000000 0.046045
-54.000202 4.510817 50.500000 0.002255 -53.885155 3.413903 52.000000 0.052204
-16.050295 44.829090 50.500000 0.040705 -15.485899 43.260334 52.000000 0.007623
-27.675570 -18.953327 50.000000 0.003641 -29.191370 -26.424196 52.000000 0.048649
-48.411274 -68.343597 50.500000 0.004997 -48.497025 -66.554817 52.000000 0.042838
30.663300 3.916273 50.000000 0.005872 27.203972 5.282162 52.000000 0.044404
45.659828 26.872358 50.500000 0.006898 41.550034 27.238346 52.000000 0.049882
0.624482 31.708696 50.500000 0.022668 1.165891 30.950638 52.000000 0.027736
12.245175 28.973753 50.500000 0.021810 11.555660 23.922924 52.000000 0.028486
14.397576 69.000870 50.000000 0.006494 13.302291 65.712746 52.000000 0.042774
13.924650 60.475929 50.500000 0.022145 12.690641 63.911964 52.000000 0.030447
14.485484 17.135157 50.500000 0.009744 33.619526 37.507030 52.000000 0.032560
-68.828041 -44.586182 50.500000 0.002849 -67.580711 -44.555439 52.000000 0.042416
37.197857 31.461679 50.000000 0.002555 35.481102 30.234951 52.000000 0.044097
-62.181988 11.362276 50.500000 0.002026 -62.322342 7.667273 52.000000 0.046536
3.336760 16.238436 50.500000 0.002100 3.589203 17.160387 52.000000 0.048272
45.267258 12.547992 50.500000 0.006809 43.928181 11.780666 52.000000 0.041911
40.257786 -56.020332 50.500000 0.003101 37.261284 -57.043385 52.000000 0.049334
57.242455 55.432774 50.000000 0.002112 56.134441 58.121738 52.000000 0.050037
-42.066372 47.816601 50.500000 0.010989 -35.702389 42.813026 52.000000 0.045317
9.281070 -59.645992 50.000000 0.005643 8.142308 -59.995438 52.000000 0.042677
26.764326 47.705410 50.500000 0.004095 20.779787 57.413773 52.000000 0.018413
43.486324 -28.751579 50.000000 0.003466 42.601315 -28.473711 52.000000 0.042490
7.988403 15.565660 50.500000 0.031379 9.731957 4.016819 52.000000 0.015375
-48.141445 3.659053 50.000000 0.002674 -55.556435 3.714058 52.000000 0.048746
-47.331787 -43.724384 50.500000 0.005676 -46.771305 -58.431477 52.000000 0.049991
19.235378 -41.374992 50.000000 0.002487 19.207832 -40.147438 52.000000 0.048763
53.406975 19.709673 50.000000 0.004773 45.086285 17.420174 52.000000 0.041656
-41.279694 9.726163 50.500000 0.002513 -40.727814 10.627204 52.000000 0.047960
43.139645 23.086103 50.000000 0.003328 41.916477 23.041533 52.000000 0.047240
-30.012856 28.848585 50.000000 0.004527 -19.655272 27.289200 52.000000 0.046451
-24.789629 19.756617 50.500000 0.028315 -24.313467 19.036526 52.000000 0.023774
-25.601482 33.514568 50.000000 0.003469 -24.307432 31.021412 52.000000 0.046478
-33.522961 -7.266492 50.500000 0.004803 -34.169216 -6.078142 52.000000 0.042377
-34.614780 -20.753956 50.000000 0.007718 -45.623348 -21.447922 52.000000 0.044015
-47.612209 -36.505920 50.500000 0.004225 -44.666737 -37.335232 52.000000 0.043677
47.455212 19.561245 50.500000 0.003503 47.640991 18.843494 52.000000 0.049453
30.446140 -5.751813 50.500000 0.002070 30.878685 -9.636969 52.000000 0.047268
-26.617542 -67.528107 50.500000 0.006464 -29.999613 -60.444057 52.000000 0.043849
34.156609 29.712889 50.000000 0.002342 32.446991 30.954098 52.000000 0.044678
-54.439514 -24.404894 50.500000 0.024549 -50.816910 -31.407274 52.000000 0.023302
-24.461433 53.217342 50.500000 0.003731 -18.529795 52.381046 52.000000 0.010950
-59.247692 -29.185282 50.000000 0.031881 -60.599373 -27.510035 52.000000 0.021395
-38.222706 31.318029 50.000000 0.004910 -31.144716 37.835815 52.000000 0.041621
-4.540882 -66.002602 50.500000 0.003160 0.339754 -67.627632 52.000000 0.046956
66.658943 58.951889 50.500000 0.021406 66.190483 60.457253 52.000000 0.030893
-6.210656 -44.619591 50.000000 0.003863 -4.134276 -42.303432 52.000000 0.050005
-62.155308 12.347745 50.000000 0.002930 -61.067604 10.485799 52.000000 0.048708
33.670307 -41.232300 50.000000 0.013899 34.146564 -35.532837 52.000000 0.036931
45.775417 24.252989 50.500000 0.004909 42.774464 23.248898 52.000000 0.052725
24.405884 69.649506 50.500000 0.003212 23.243099 68.733192 52.000000 0.042298
31.681393 -26.193855 50.500000 0.004551 26.877171 -24.090839 52.000000 0.041314
-29.503761 -56.127434 50.500000 0.035189 -28.204817 -56.199532 52.000000 0.023326
-3.465821 35.777023 50.000000 0.002573 -14.361145 37.323063 52.000000 0.044628
29.746260 52.576057 50.500000 0.003156 28.765831 52.850525 52.000000 0.043225
-0.962514 -60.017761 50.000000 0.003786 -1.403885 -59.257153 52.000000 0.046025
47.240971 -42.985161 50.500000 0.003363 46.956306 -44.491379 52.000000 0.051962
18.753155 28.706087 50.500000 0.002545 17.897486 28.356606 52.000000 0.046803
-53.484337 0.000715 50.500000 0.003665 -53.578968 -3.471426 52.000000 0.041875
21.709669 -51.862469 50.500000 0.026040 11.335607 -55.131756 52.000000 0.020527
-48.145264 -14.889024 50.500000 0.003133 -46.132812 -14.801831 52.000000 0.048087
-21.552467 -19.525253 50.500000 0.026465 -24.903746 -18.031168 52.000000 0.026952
21.239641 3.576066 50.500000 0.004074 25.634117 8.990028 52.000000 0.043312
-8.369034 45.425537 50.500000 0.002623 -6.374421 55.343250 52.000000 0.047140
-40.390106 -42.011234 50.500000 0.003398 -42.128258 -40.208546 52.000000 0.046283
29.362949 41.576263 50.000000 0.004328 27.775667 39.197105 52.000000 0.040838
-46.527279 -13.726665 50.000000 0.024387 -45.137794 -13.354225 52.000000 0.025313
19.664207 -67.044922 50.500000 0.002187 20.162128 -66.634514 52.000000 0.051809
7.045626 62.918571 50.500000 0.004084 6.614804 61.973835 52.000000 0.045280
-64.353333 66.020905 50.000000 0.006305 -40.179440 70.342880 52.000000 0.048086
18.184036 -15.510649 50.000000 0.005675 1.643657 -15.054416 52.000000 0.045454
33.454250 -16.553038 50.500000 0.022414 30.283424 -13.980116 52.000000 0.028597
-63.636906 -14.984118 50.000000 0.026605 -64.321289 -13.536799 52.000000 0.020215
24.328247 27.827761 50.000000 0.003169 22.962713 26.382870 52.000000 0.047757
-47.579227 41.191154 50.500000 0.002201 -48.610626 39.794884 52.000000 0.044510
60.262039 9.522734 50.000000 0.009497 60.318584 9.446820 52.000000 0.040360
10.620142 54.986572 50.500000 0.021709 11.467651 54.256298 52.000000 0.024271
-46.113594 61.209824 50.500000 0.003919 -47.272369 63.484314 52.000000 0.048808
-49.714828 -44.100460 50.500000 0.002548 -52.390858 -43.998104 52.000000 0.049496
12.097401 -52.778893 50.500000 0.005525 19.564177 -48.917618 52.000000 0.044750
-5.661014 -47.535702 50.500000 0.029872 -8.359669 -53.797230 52.000000 0.022323
-31.190660 -21.869844 50.000000 0.003021 -32.828224 -23.945602 52.000000 0.046663
-10.305470 -9.575112 50.000000 0.003394 -12.217858 -6.517643 52.000000 0.019393
54.471905 -42.371979 50.000000 0.002388 55.428009 -41.329731 52.000000 0.049534
45.127205 6.364419 50.500000 0.003124 46.310467 5.691624 52.000000 0.030487
14.868049 -33.287090 50.500000 0.035666 13.262217 -34.134209 52.000000 0.011966
-42.105431 -27.683733 50.000000 0.004107 -40.701691 -27.482712 52.000000 0.045505
-38.005947 -51.420486 50.500000 0.023688 -39.856239 -54.762428 52.000000 0.022575
27.489800 -49.904312 50.500000 0.003556 26.935682 -49.390903 52.000000 0.044082
-0.441360 -25.160460 50.500000 0.005218 -4.367181 -21.760654 52.000000 0.043530
-1.642220 37.353710 50.500000 0.003837 -3.415086 34.187832 52.000000 0.041845
22.495005 -31.684879 50.000000 0.005290 20.991240 -32.858963 52.000000 0.049779
3.342407 69.846306 50.500000 0.002199 0.673019 69.190956 52.000000 0.043314
-38.105698 22.594542 50.500000 0.002272 -37.024223 22.225502 52.000000 0.047435
8.713231 -25.149633 50.000000 0.004602 7.406210 -22.432394 52.000000 0.041258
-15.099822 42.592941 50.000000 0.006982 -18.533941 40.835495 52.000000 0.041386
-15.429423 -11.148582 50.500000 0.032850 -17.302813 -8.856648 52.000000 0.017627
21.731796 -27.624126 50.000000 0.028415 19.543339 -26.233950 52.000000 0.023602
10.211396 -4.991829 50.500000 0.003323 9.414052 -2.695042 52.000000 0.044776
-29.450394 32.738735 50.000000 0.030269 -29.577406 32.540195 52.000000 0.025143
12.048550 -4.488444 50.000000 0.002115 11.330315 -5.706387 52.000000 0.050410
-6.802668 54.183533 50.500000 0.003148 -5.492478 53.492168 52.000000 0.041532
58.502014 55.457878 50.000000 0.002894 56.694309 56.947266 52.000000 0.050716
68.226212 16.616516 50.000000 0.002798 68.836899 19.264017 52.000000 0.050271
34.176304 59.484066 50.500000 0.005140 32.079151 59.248657 52.000000 0.044800
-7.571808 -13.954003 50.500000 0.002735 -7.012443 -15.711845 52.000000 0.047118
7.099161 -26.935843 50.500000 0.004061 10.987330 -21.714676 52.000000 0.019887
10.737430 -48.017189 50.500000 0.031987 9.112440 -48.557243 52.000000 0.021912
3.952943 -28.950527 50.000000 0.004421 9.903420 -18.898037 52.000000 0.042614
15.437778 33.436390 50.500000 0.004161 15.125742 33.345287 52.000000 0.047819
-37.030518 31.767815 50.500000 0.005518 -28.184771 24.337248 52.000000 0.046001
-9.646401 -9.657400 50.500000 0.002675 -10.276157 -9.276255 52.000000 0.049750
4.172916 18.216854 50.500000 0.006093 3.432233 21.192951 52.000000 0.018137
-50.884296 38.096287 50.000000 0.005585 -48.220680 35.244728 52.000000 0.046776
-49.436058 19.670136 50.000000 0.003272 -47.558704 24.472942 52.000000 0.052015
28.036913 22.651703 50.500000 0.006010 30.347984 23.355799 52.000000 0.038924
-21.808994 25.214645 50.500000 0.004575 -37.399639 48.002117 52.000000 0.040815
-36.099079 63.786922 50.500000 0.004507 -43.994572 66.247704 52.000000 0.050037
52.563488 -17.703259 50.000000 0.024349 50.358265 -16.924271 52.000000 0.021039
69.020866 -54.229897 50.500000 0.029218 67.173943 -56.026340 52.000000 0.019473
13.304761 70.281921 50.000000 0.025988 10.709135 66.994553 52.000000 0.020598
39.067013 23.423536 50.500000 0.002223 39.929405 24.826838 52.000000 0.051702
53.940643 11.957532 50.500000 0.004237 49.575241 12.825581 52.000000 0.047225
29.922325 50.845287 50.500000 0.006007 20.097488 47.140194 52.000000 0.045499
21.485344 -4.173909 50.000000 0.006715 12.580687 2.936224 52.000000 0.036777
41.803555 -46.293804 50.500000 0.004203 41.670933 -45.418301 52.000000 0.052850
-21.917896 54.853851 50.500000 0.004082 -19.811958 54.179401 52.000000 0.044326
-49.061489 -36.093369 50.500000 0.002919 -48.081306 -35.778358 52.000000 0.009272
4.818759 28.172260 50.500000 0.005675 4.559115 28.128414 52.000000 0.050917
-11.531945 -17.569828 50.000000 0.024536 -12.364866 -15.470646 52.000000 0.027825
26.583216 19.060574 50.000000 0.002894 25.060318 20.496023 52.000000 0.048487
13.274429 10.524234 50.000000 0.025209 12.191713 13.937000 52.000000 0.019764
-29.194424 -41.246082 50.500000 0.006125 -21.341366 -41.100178 52.000000 0.044173
-1.032030 5.529462 50.500000 0.022584 1.490433 6.546054 52.000000 0.027537
-58.058151 -23.313665 50.500000 0.025039 -60.621494 -23.144157 52.000000 0.018104
4.766383 62.283123 50.000000 0.031864 4.336303 62.260609 52.000000 0.022804
-18.653023 -15.619102 50.500000 0.002568 -18.393721 -14.543924 52.000000 0.044700
-28.718718 6.139364 50.500000 0.004459 -23.253336 12.335838 52.000000 0.046090
3.427807 -5.763361 50.500000 0.004175 1.179655 -6.912226 52.000000 0.047693
18.556362 30.635607 50.000000 0.002301 13.506641 31.805080 52.000000 0.018583
43.177578 32.893791 50.000000 0.027765 41.132114 32.582851 52.000000 0.024290
-8.236225 -56.286362 50.500000 0.009005 -8.763142 -55.337406 52.000000 0.042923
-60.204510 10.233257 50.000000 0.005975 -53.781261 12.310808 52.000000 0.041339
-6.139358 -59.042133 50.000000 0.003626 -3.171435 -57.946724 52.000000 0.052131
25.535576 65.314209 50.000000 0.007615 23.989594 55.131325 52.000000 0.039891
-50.564827 35.736710 50.000000 0.030478 -50.550900 35.815289 52.000000 0.021636
29.882030 20.837456 50.500000 0.004406 24.063108 21.218777 52.000000 0.047001
26.100130 19.740984 50.000000 0.004393 24.979984 9.548957 52.000000 0.045433
-39.417423 3.842456 50.500000 0.004263 -40.445053 -6.486965 52.000000 0.014013
63.666553 -60.568573 50.500000 0.004190 63.227665 -60.199760 52.000000 0.045034
-30.617521 35.573544 50.500000 0.028464 -30.923830 35.039089 52.000000 0.022282
43.246037 -5.962217 50.000000 0.007563 38.309082 -8.635437 52.000000 0.044423
65.191933 -10.665701 50.500000 0.024935 46.444374 -5.365030 52.000000 0.025623
-38.573063 5.294343 50.500000 0.003235 -46.798542 17.488197 52.000000 0.016737
-19.583406 -8.986964 50.000000 0.004517 -18.805939 -14.040469 52.000000 0.050044
-47.050270 -11.285871 50.500000 0.004327 -44.411591 -12.906490 52.000000 0.049210
-57.503155 -13.709322 50.000000 0.005509 -58.728695 -12.216339 52.000000 0.042718
-27.551252 60.471539 50.000000 0.002298 -30.981575 62.980087 52.000000 0.043292
-23.571789 54.457626 50.500000 0.022353 -30.154539 30.074736 52.000000 0.025897
61.300179 31.242970 50.500000 0.004798 62.381248 29.721272 52.000000 0.043976
-23.972418 -6.389905 50.000000 0.005203 -27.670113 -6.932956 52.000000 0.043361
36.950455 27.826750 50.500000 0.003778 32.956951 21.272318 52.000000 0.042414
45.310150 31.071909 50.500000 0.023734 43.237412 32.382740 52.000000 0.024650
-16.421928 42.374031 50.500000 0.005015 -15.897054 40.924988 52.000000 0.045603
67.479935 -60.529675 50.500000 0.002701 67.735733 -61.221516 52.000000 0.047987
-19.878670 -21.215448 50.000000 0.003012 -24.959295 -19.856985 52.000000 0.047640
43.762192 -4.405622 50.500000 0.022949 44.345837 -5.264985 52.000000 0.025276
-21.505781 0.495404 50.500000 0.004870 -18.938906 0.255825 52.000000 0.048528
14.668442 -20.276241 50.000000 0.002286 15.727006 -19.705397 52.000000 0.020728
37.991684 43.255245 50.500000 0.003319 37.952381 41.849785 52.000000 0.043847
-67.115288 3.388702 50.000000 0.025150 -66.260323 2.092866 52.000000 0.029855
7.864099 -8.016601 50.000000 0.005670 1.767441 -6.357897 52.000000 0.049074
-17.869396 -43.120018 50.000000 0.002627 -20.945183 -44.575024 52.000000 0.047330
-13.269962 4.296169 50.500000 0.007832 -14.297403 2.441701 52.000000 0.042853
-34.459602 47.880215 50.000000 0.029336 -33.650555 48.948227 52.000000 0.028973
-3.341425 -58.093781 50.000000 0.004132 -3.075398 -55.267258 52.000000 0.044974
22.226980 13.332660 50.500000 0.027656 21.380732 13.563696 52.000000 0.020799
-0.476783 -8.462255 50.000000 0.003665 -0.164377 -12.163122 52.000000 0.046736
-11.231408 44.055046 50.000000 0.031124 -9.790500 42.510803 52.000000 0.020220
-30.103670 41.788311 50.500000 0.008150 -29.202261 43.073750 52.000000 0.044238
-61.032455 31.336729 50.000000 0.002552 -59.120083 31.235292 52.000000 0.046854
36.008236 16.364943 50.500000 0.005970 37.094425 16.319880 52.000000 0.051480
35.540493 61.932133 50.000000 0.005097 37.953842 61.063477 52.000000 0.045929
20.006987 -4.428175 50.500000 0.002819 18.893602 -3.311009 52.000000 0.048322
-25.532190 23.342203 50.500000 0.003202 -25.337852 22.522022 52.000000 0.043386
-22.745310 36.962826 50.000000 0.004325 -22.848568 34.042103 52.000000 0.049034
9.048135 19.661339 50.000000 0.002983 8.449103 20.661167 52.000000 0.043862
-20.488079 -2.969945 50.000000 0.004760 -22.438515 1.679603 52.000000 0.046902
-61.164524 -8.682472 50.000000 0.004094 -59.638321 -6.020248 52.000000 0.023343
-30.337236 -30.160639 50.500000 0.004397 -27.987364 -29.293013 52.000000 0.045423
17.514559 5.900464 50.000000 0.005630 14.518374 5.509526 52.000000 0.039705
37.005405 -12.491492 50.000000 0.006850 34.469681 -2.330387 52.000000 0.040325
-64.357132 5.883726 50.000000 0.005226 -62.336452 -1.737195 52.000000 0.045575
21.209375 44.610512 50.500000 0.029199 18.924458 46.083122 52.000000 0.021126
9.799777 24.424726 50.000000 0.003852 13.392410 37.740860 52.000000 0.048068
-9.281085 -28.690186 50.500000 0.028758 -12.021664 -28.512430 52.000000 0.017146
-2.400847 -37.572945 50.000000 0.002524 -3.863944 -37.141514 52.000000 0.053381
-33.888035 -1.590500 50.000000 0.002681 -31.907814 -6.362137 52.000000 0.047153
8.567694 -38.906204 50.000000 0.002135 5.839699 -39.932529 52.000000 0.051811
-29.285332 -30.915901 50.500000 0.005898 -31.922625 -32.617390 52.000000 0.041969
-47.369015 -12.009182 50.500000 0.026140 -53.673882 -8.109774 52.000000 0.021644
-48.484974 6.052873 50.500000 0.002309 -47.240246 5.256953 52.000000 0.019952
63.181332 -59.821171 50.500000 0.007462 61.908962 -61.883499 52.000000 0.039263
-23.524616 54.010159 50.500000 0.030023 -24.305286 57.370918 52.000000 0.022318
6.275974 51.026543 50.500000 0.031230 3.583095 51.574326 52.000000 0.017624
45.147877 63.905964 50.500000 0.021555 44.373890 64.022476 52.000000 0.026702
34.640774 23.688051 50.500000 0.011178 35.674610 18.420908 52.000000 0.042710
-13.583448 44.523731 50.000000 0.002442 -12.571699 43.611084 52.000000 0.049109
-46.974674 -63.870285 50.000000 0.030966 -50.393032 -67.741142 52.000000 0.015927
32.678684 33.443207 50.500000 0.005567 38.631447 48.989052 52.000000 0.047527
-20.601795 -40.394661 50.000000 0.002051 -21.849804 -33.870743 52.000000 0.049981
57.457661 -40.238819 50.000000 0.002706 55.749187 -44.002182 52.000000 0.024165
13.889299 -8.974546 50.000000 0.005216 8.575889 -3.010686 52.000000 0.023427
44.464737 2.700354 50.000000 0.002857 43.780289 1.834401 52.000000 0.048892
55.498009 32.910568 50.500000 0.002432 55.291790 33.491852 52.000000 0.020960
-24.515488 2.578687 50.500000 0.003250 -30.744724 10.320426 52.000000 0.048352
16.614614 -9.128124 50.000000 0.028018 10.753126 -8.114602 52.000000 0.017823
-62.701401 45.804565 50.500000 0.002896 -60.597168 43.296753 52.000000 0.046202
-62.834301 1.739970 50.500000 0.020342 -62.830105 1.001169 52.000000 0.026680
-53.495434 15.741694 50.500000 0.003714 -52.904999 16.924004 52.000000 0.025913
2.516879 7.943562 50.500000 0.024057 2.594665 8.268221 52.000000 0.025757
8.522034 -40.398182 50.500000 0.027809 8.003908 -42.532608 52.000000 0.020592
-21.812887 -65.633904 50.000000 0.004196 -25.350460 -66.888268 52.000000 0.039697
-42.624130 -31.022184 50.000000 0.009386 -42.254704 -34.704082 52.000000 0.042406
-30.091326 -68.849693 50.000000 0.006451 -23.789555 -43.526916 52.000000 0.043808
26.572044 -2.132051 50.000000 0.002077 36.897755 -9.826373 52.000000 0.022350
-63.148163 56.534657 50.000000 0.005986 -62.515537 52.365597 52.000000 0.044068
-31.508142 19.387663 50.000000 0.004733 -26.890547 26.517775 52.000000 0.046119
18.237823 36.637043 50.500000 0.004035 18.719717 34.074886 52.000000 0.012833
-27.264275 -1.414492 50.500000 0.008125 -26.963497 -8.422331 52.000000 0.041657
-45.258751 -48.753590 50.000000 0.024209 -45.613407 -48.261173 52.000000 0.025058
-59.115108 -12.913669 50.500000 0.002823 -58.491207 -16.005749 52.000000 0.047660
-4.424045 -0.478204 50.500000 0.026099 -4.111093 -0.203313 52.000000 0.022728
-14.097917 8.494755 50.500000 0.034903 -12.591127 7.323730 52.000000 0.017069
43.648338 -43.084064 50.500000 0.028151 44.084789 -44.860844 52.000000 0.035498
31.058100 -15.118860 50.500000 0.007940 29.206076 -18.458588 52.000000 0.016982
-51.702442 -45.950787 50.500000 0.005038 -49.625530 -45.846203 52.000000 0.043465
-7.901028 -15.458063 50.000000 0.004428 -9.227265 -11.584312 52.000000 0.048507
