-32.038246 -53.066147 50.500000 0.035983 -38.015526 -30.849464 52.000000 0.014338
-36.647766 -55.224918 50.000000 0.006292 -35.879814 -53.574867 52.000000 0.044568
39.523037 -43.055077 50.000000 0.006249 48.218658 -30.641548 52.000000 0.039495
-24.485771 -69.703102 50.000000 0.002244 -23.870214 -70.139763 52.000000 0.049186
50.050869 18.566977 50.000000 0.002480 50.625717 16.349266 52.000000 0.048313
-33.421841 41.849079 50.000000 0.004709 -33.902611 42.576508 52.000000 0.039553
-6.565659 -54.206856 50.500000 0.003550 -10.703389 -54.303684 52.000000 0.050410
54.502892 -16.350216 50.500000 0.007620 49.009781 -18.027044 52.000000 0.041837
-23.046839 27.516121 50.500000 0.003380 -23.187160 26.952919 52.000000 0.050185
-46.804962 -14.362839 50.500000 0.002159 -47.324966 -13.552216 52.000000 0.049254
-27.300484 -32.669876 50.500000 0.031147 -31.008686 -30.557289 52.000000 0.022291
37.079651 39.959999 50.500000 0.002021 38.176861 39.224960 52.000000 0.051388
-3.987230 -11.990255 50.500000 0.006984 -11.538382 -9.919571 52.000000 0.041013
20.117392 -58.161682 50.000000 0.005014 16.496918 -54.616100 52.000000 0.044618
56.921452 -40.957474 50.500000 0.005357 56.581295 -41.809509 52.000000 0.045046
17.433189 8.762340 50.500000 0.003715 12.731836 8.285017 52.000000 0.042873
34.731728 3.708721 50.500000 0.028516 34.422173 4.923446 52.000000 0.021051
8.777915 -15.929013 50.000000 0.002654 7.491683 -19.082733 52.000000 0.050654
68.885048 -2.775074 50.500000 0.003011 68.641792 -4.444020 52.000000 0.018957
-63.437019 42.084156 50.500000 0.002592 -63.922607 41.190945 52.000000 0.044314
-40.884876 29.376234 50.500000 0.003070 -40.826195 28.633366 52.000000 0.048678
-41.583374 9.031258 50.000000 0.005185 -26.703779 20.899397 52.000000 0.043186
25.551558 9.880866 50.000000 0.010334 26.035868 8.789412 52.000000 0.040637
-5.511918 -67.083672 50.000000 0.026190 -6.148958 -69.326172 52.000000 0.035584
-44.760010 33.795727 50.500000 0.024576 -44.742832 37.145657 52.000000 0.021672
61.393562 14.808630 50.000000 0.002064 62.472382 16.528791 52.000000 0.044582
27.674364 -53.910053 50.500000 0.002595 27.047419 -53.585491 52.000000 0.048472
37.377415 64.037796 50.500000 0.003962 35.971787 63.024719 52.000000 0.047189
-2.712408 -4.440301 50.500000 0.002786 -8.416947 -6.293286 52.000000 0.045621
-6.783921 12.142936 50.000000 0.003645 -6.373349 22.289480 52.000000 0.043252
-64.022362 20.961845 50.000000 0.004868 -64.861519 28.002489 52.000000 0.047724
26.206169 -49.061882 50.000000 0.002498 26.010029 -48.871655 52.000000 0.050554
-21.095881 -39.248852 50.500000 0.003518 -20.477652 -39.270405 52.000000 0.047589
-34.382664 63.061031 50.000000 0.005092 -37.734200 57.572346 52.000000 0.041880
-30.540333 35.883759 50.500000 0.007713 -30.117859 32.881878 52.000000 0.051375
-29.587887 -56.940563 50.500000 0.002815 -31.427387 -55.409370 52.000000 0.049948
-1.897769 35.204353 50.500000 0.005107 15.092355 18.095997 52.000000 0.045573
41.294128 61.488682 50.500000 0.031964 41.966167 60.931164 52.000000 0.021485
-33.450359 -0.150849 50.000000 0.003427 -42.259312 2.415566 52.000000 0.046352
-9.018090 65.226616 50.000000 0.004462 -10.606706 65.117058 52.000000 0.042818
-4.364192 23.507742 50.000000 0.006129 -9.624024 26.601057 52.000000 0.039485
-39.399170 -7.669184 50.000000 0.024246 -42.037903 -6.340500 52.000000 0.023792
-4.765706 -42.737938 50.500000 0.004376 -7.062189 -45.039783 52.000000 0.045642
3.759177 45.482426 50.000000 0.003301 0.751929 46.016270 52.000000 0.050323
-25.071571 55.549503 50.000000 0.003892 -22.597506 56.295357 52.000000 0.045947
34.900990 27.967466 50.500000 0.012963 30.807903 28.080299 52.000000 0.032250
-20.993101 15.469993 50.500000 0.026825 -22.268129 16.499613 52.000000 0.022527
-4.454635 31.726997 50.500000 0.023726 -7.908407 34.465679 52.000000 0.031907
-31.318127 -2.014539 50.500000 0.011072 -30.469080 -3.410419 52.000000 0.042370
-68.501122 5.727886 50.000000 0.002477 -69.175934 4.838928 52.500000 0.052298
-38.031361 59.591835 50.500000 0.004684 -37.106041 57.274551 52.000000 0.043958
38.160366 42.397060 50.000000 0.004998 38.721970 40.122849 52.000000 0.044076
-0.847675 28.956070 50.000000 0.003526 -3.500597 26.993462 52.000000 0.043989
67.102890 -23.368816 50.500000 0.015752 67.397423 -22.769129 52.000000 0.038561
23.353876 -28.329967 50.500000 0.027961 24.368557 -31.649832 52.000000 0.022810
-63.119499 10.750867 50.000000 0.004214 -60.533905 10.269192 52.000000 0.043794
-20.209749 -12.915373 50.500000 0.002905 -19.277088 -13.958673 52.500000 0.052216
-24.316671 -8.435924 50.500000 0.028808 -21.577831 -8.620615 52.000000 0.022340
-55.611755 -49.047615 50.000000 0.005135 -54.224205 -50.434719 52.000000 0.049601
59.419704 12.084030 50.500000 0.003336 61.303452 8.892350 52.000000 0.046697
58.649818 -17.694258 50.500000 0.002940 58.009769 -19.089960 52.000000 0.051232
22.762503 -26.753372 50.000000 0.004715 21.729620 -25.147032 52.000000 0.050490
-65.332130 7.150522 50.000000 0.002207 -65.787987 8.561353 52.000000 0.051260
-36.623920 -49.556118 50.000000 0.012709 -34.881500 -48.491165 52.000000 0.037719
-9.019717 -20.730331 50.500000 0.002494 -19.180704 -23.217703 52.000000 0.028893
-45.473675 44.106239 50.000000 0.006596 -43.967873 46.019985 52.000000 0.045375
69.445419 -28.262436 50.000000 0.003936 66.111366 -28.855192 52.000000 0.047174
-13.642760 -33.959904 50.500000 0.002947 -13.717792 -34.142181 52.000000 0.047096
7.765545 -26.856068 50.000000 0.005570 2.341054 -27.914440 52.000000 0.012373
-51.867977 -29.497837 50.500000 0.004234 -51.323360 -29.626984 52.000000 0.051998
57.896076 -51.579048 50.000000 0.006107 56.245045 -53.069229 52.000000 0.043202
-38.545074 -18.245594 50.500000 0.002909 -37.785580 -18.134670 52.000000 0.044162
-1.605915 22.450104 50.500000 0.002145 0.967288 20.506580 52.000000 0.044805
-29.335386 -69.902504 50.000000 0.007381 -15.418476 -58.242855 52.000000 0.014241
59.595486 1.073644 50.000000 0.007323 58.382076 3.854099 52.000000 0.049178
28.448275 45.429848 50.000000 0.002727 29.328224 46.393890 52.000000 0.051293
31.608709 -26.914663 50.500000 0.002754 32.446709 -28.124834 52.000000 0.052393
-58.921486 -46.515324 50.000000 0.024960 -56.146500 -50.276791 52.000000 0.023815
32.446049 -15.612097 50.500000 0.004764 1.423585 -27.031895 52.000000 0.040381
24.282740 -18.247744 50.500000 0.031419 24.409399 -21.093376 52.000000 0.024081
-49.723331 -17.506090 50.500000 0.026424 -49.546391 -17.204702 52.000000 0.022995
14.247122 -8.143279 50.000000 0.005607 14.235323 -13.257835 52.000000 0.015569
30.494621 18.571407 50.000000 0.005174 19.039659 10.278449 52.000000 0.021105
-55.029263 23.728251 50.000000 0.005797 -49.963314 22.413286 52.000000 0.043241
-37.359398 -21.241299 50.000000 0.007247 -36.012146 -20.804327 52.000000 0.047543
36.959450 -66.185768 50.500000 0.003224 38.359730 -66.280647 52.000000 0.051548
-59.114162 -34.499638 50.500000 0.005314 -58.452358 -34.421154 52.000000 0.044938
50.079220 56.037960 50.500000 0.002787 48.576233 56.278336 52.000000 0.053069
-30.290869 -30.903467 50.000000 0.002970 -25.379288 -38.190586 52.000000 0.040814
-60.989891 -15.615974 50.500000 0.003353 -60.213634 -8.621659 52.000000 0.049871
-40.124580 27.422792 50.500000 0.003403 -40.274860 25.337284 52.000000 0.039433
-35.405235 0.330199 50.000000 0.005848 -33.342941 -0.459631 52.000000 0.043420
-46.403511 -41.795887 50.500000 0.004950 -38.154465 -54.842686 52.000000 0.045327
45.350857 -12.072144 50.000000 0.007976 38.313324 -19.993490 52.000000 0.046035
-46.955235 12.643860 50.500000 0.003576 -45.398293 13.486366 52.000000 0.046444
-47.845299 -12.446672 50.500000 0.002268 -67.486961 -8.564999 52.000000 0.052940
44.106857 -63.557747 50.500000 0.006506 38.425987 -58.578819 52.000000 0.046196
1.719282 -0.054659 50.000000 0.032295 5.611775 0.784852 52.000000 0.019440
-59.648716 58.586349 50.000000 0.004999 -59.531872 57.857227 52.000000 0.024767
37.983860 15.113019 50.000000 0.003693 38.119434 16.958675 52.000000 0.041208
-46.388569 19.474470 50.500000 0.003604 -44.724510 19.491016 52.000000 0.048762
4.769969 -13.938982 50.500000 0.023256 7.665224 -11.718163 52.000000 0.024296
13.244346 4.705645 50.000000 0.002185 14.753796 2.816676 52.000000 0.051838
40.063435 -51.721779 50.500000 0.003446 39.430878 -50.543198 52.000000 0.041305
-63.818199 23.721033 50.000000 0.028606 -63.663448 20.637390 52.000000 0.024263
16.449881 -52.176369 50.500000 0.007547 14.087978 -49.343983 52.000000 0.043689
25.854479 46.906097 50.500000 0.002309 24.894875 46.763702 52.000000 0.050702
40.589176 -53.584766 50.500000 0.004095 51.690853 -54.293720 52.000000 0.050636
-65.904747 51.049828 50.500000 0.023770 -66.725998 51.902119 52.000000 0.027853
53.600182 67.278923 50.000000 0.002816 52.339222 68.985985 52.000000 0.041891
-28.642590 10.189589 50.000000 0.009442 -21.144411 10.324388 52.000000 0.042151
53.473171 19.648697 50.000000 0.003631 52.816307 22.266144 52.000000 0.046361
52.738178 42.578854 50.500000 0.028295 54.649483 40.311096 52.000000 0.024121
-46.153198 -4.945750 50.500000 0.003062 -44.986488 -6.049317 52.000000 0.047181
-47.182186 -12.138621 50.500000 0.004504 -45.721832 -11.703031 52.000000 0.041204
44.287308 3.002402 50.500000 0.002592 45.981266 1.271203 52.000000 0.049023
-61.999645 15.269637 50.000000 0.004408 -63.772099 22.673862 52.000000 0.020267
45.331253 -41.670071 50.500000 0.005939 43.666477 -46.445145 52.000000 0.048799
34.668171 53.487743 50.500000 0.002081 35.758778 68.045990 52.000000 0.018865
17.020504 61.033817 50.500000 0.030515 15.712090 59.838768 52.000000 0.021930
1.319903 -70.400002 50.500000 0.027039 2.667178 -68.701660 52.000000 0.020154
30.815573 -31.270594 50.000000 0.030131 33.786617 -27.664532 52.000000 0.021956
-35.560707 50.804153 50.000000 0.002810 -35.322052 50.873840 52.000000 0.048771
28.151554 -22.320494 50.500000 0.003271 27.182089 -22.542192 52.000000 0.046420
1.888069 -6.299572 50.500000 0.002459 2.047633 -6.398021 52.000000 0.047166
24.497734 -13.828236 50.500000 0.024814 21.130894 -16.490845 52.000000 0.024377
6.960044 17.533928 50.500000 0.028691 1.337891 14.628428 52.000000 0.019186
32.150593 5.105801 50.500000 0.002648 30.749460 3.820463 52.000000 0.047253
-25.054880 9.194036 50.500000 0.007338 -19.293299 5.748963 52.000000 0.045405
8.925391 50.336170 50.000000 0.025801 7.789478 49.132507 52.000000 0.025686
4.014228 29.878170 50.000000 0.002451 4.181106 32.488342 52.000000 0.043880
2.504491 49.880131 50.500000 0.025948 -0.768937 49.535793 52.000000 0.021974
-21.083084 -25.990444 50.500000 0.027576 -20.617754 -22.983433 52.000000 0.023603
17.688461 44.017532 50.000000 0.004494 36.984245 43.167515 52.000000 0.049476
25.954550 12.637178 50.000000 0.002436 29.804579 14.014612 52.000000 0.047315
9.196745 23.997335 50.500000 0.002365 8.738113 26.562441 52.000000 0.046857
49.535973 14.068210 50.000000 0.004109 47.326580 13.600631 52.000000 0.046565
41.962902 0.471552 50.500000 0.008863 23.025738 -7.142073 52.000000 0.041212
-45.080662 -17.171925 50.000000 0.005602 -41.927937 -24.609446 52.000000 0.043705
-62.406933 -27.113846 50.000000 0.003037 -61.887688 -28.642220 52.000000 0.046846
23.449703 48.756302 50.000000 0.010225 21.978470 46.259090 52.000000 0.041374
-13.339275 22.879919 50.000000 0.007322 -10.868991 16.295856 52.000000 0.041907
13.936650 24.870571 50.500000 0.014801 13.972600 26.421286 52.000000 0.039704
-27.489006 67.470917 50.000000 0.005266 -26.230846 67.090485 52.500000 0.050049
-33.024071 -1.615148 50.500000 0.002954 -33.397926 -3.766582 52.000000 0.050132
3.446225 -0.010250 50.500000 0.002204 0.971383 -3.148556 52.000000 0.048976
-23.565208 -11.084070 50.000000 0.022995 -22.578674 -11.920916 52.000000 0.023535
-57.617146 11.982996 50.500000 0.003449 -57.510235 12.277152 52.000000 0.048198
-25.561398 8.915081 50.000000 0.008526 -24.104689 6.019601 52.000000 0.038053
-1.148695 22.912001 50.000000 0.005315 -1.370980 23.327822 52.000000 0.044135
-47.294804 23.542318 50.500000 0.003771 -46.477325 22.067966 52.000000 0.052558
38.546448 12.189328 50.500000 0.002129 41.223122 18.904881 52.000000 0.048065
-12.933274 57.620884 50.500000 0.003791 -12.517805 57.013855 52.000000 0.048930
41.460068 -24.999067 50.000000 0.030933 43.631252 -24.714558 52.000000 0.024518
-22.200775 -65.881058 50.500000 0.007103 -23.068199 -63.447681 52.000000 0.050490
9.677500 -20.083532 50.000000 0.033723 2.980175 -21.131847 52.000000 0.015144
20.610554 4.103308 50.500000 0.006614 22.808165 5.813398 52.000000 0.052733
14.840976 -44.661716 50.000000 0.007695 22.517883 -32.227612 52.000000 0.048505
8.882254 9.013486 50.000000 0.002098 8.088219 8.563925 52.000000 0.047114
-8.524881 4.321354 50.000000 0.002981 -9.418501 8.767802 52.000000 0.045729
25.414032 -4.033437 50.000000 0.007496 30.557390 -8.091315 52.000000 0.038433
-4.496494 5.261577 50.000000 0.002469 -4.099416 3.999235 52.000000 0.045614
-24.565031 -16.554604 50.500000 0.002958 -24.252455 -16.616608 52.000000 0.049664
34.873123 -60.355564 50.500000 0.006279 20.104488 -62.091179 52.000000 0.051542
12.283578 -16.960838 50.000000 0.034252 13.886846 -17.614769 52.000000 0.017873
-5.368074 -11.025729 50.500000 0.004859 2.581355 -9.765014 52.000000 0.044139
26.189035 34.954491 50.500000 0.005281 24.524961 29.454515 52.000000 0.043543
-13.167437 -36.072323 50.500000 0.003605 -9.847011 -32.721169 52.000000 0.020889
35.252594 -7.861794 50.500000 0.023149 35.715256 -6.946843 52.000000 0.028577
-21.422363 46.392056 50.500000 0.007293 -19.649429 45.049995 52.000000 0.045342
-48.125359 6.373590 50.500000 0.006595 -46.776859 6.528603 52.000000 0.049343
-63.783260 -33.165936 50.500000 0.031288 -63.038315 -32.101643 52.000000 0.022784
44.713463 1.633972 50.500000 0.003454 41.997105 1.448372 52.000000 0.047261
7.707042 5.036245 50.000000 0.002453 12.119437 12.069768 52.000000 0.046460
20.142473 37.391247 50.500000 0.002374 21.682781 37.066528 52.000000 0.048883
-5.005181 -17.150074 50.000000 0.031378 -6.632991 -18.456408 52.000000 0.020224
26.935251 32.359093 50.500000 0.002199 24.042625 33.026295 52.000000 0.046737
14.888092 -4.429058 50.500000 0.004862 16.212759 1.348902 52.000000 0.050113
20.619709 18.596384 50.000000 0.002340 18.399057 16.667383 52.000000 0.047199
16.479841 60.795158 50.000000 0.002754 15.981599 61.218506 52.000000 0.020286
44.474247 -37.785614 50.500000 0.030008 47.820335 -27.417145 52.000000 0.016638
-33.674091 -19.497944 50.500000 0.002272 -29.897522 -21.033615 52.000000 0.045628
35.058212 -41.571735 50.500000 0.004672 22.284660 -47.604591 52.000000 0.048330
40.114159 18.106821 50.500000 0.027360 38.698288 18.566904 52.000000 0.021604
-37.896248 6.960680 50.500000 0.032978 -37.699711 5.762226 52.000000 0.019799
9.218103 -34.767452 50.500000 0.030136 10.838172 -35.540234 52.000000 0.019119
51.746506 -55.745026 50.500000 0.006928 51.221714 -54.940407 52.000000 0.050092
53.230000 -7.710673 50.500000 0.006804 49.623775 -11.433002 52.000000 0.040065
-1.918294 -17.273537 50.500000 0.003096 -11.844365 -10.283196 52.000000 0.045530
-58.965000 59.875458 50.000000 0.006606 -57.535408 60.625942 52.000000 0.052859
-5.584530 19.640430 50.500000 0.032981 -7.463081 13.000725 52.000000 0.012721
52.027508 -8.069148 50.000000 0.004952 50.166153 -9.448907 52.000000 0.053377
-36.590202 -44.743866 50.000000 0.007365 -36.519539 -45.215817 52.000000 0.040140
-9.800834 -13.408861 50.000000 0.004763 -7.591686 -13.645839 52.000000 0.042167
3.742007 -63.459995 50.000000 0.003131 -4.185571 -55.874847 52.000000 0.023418
2.945915 -24.999008 50.000000 0.002558 5.627342 -25.105585 52.000000 0.045497
11.213384 16.139307 50.500000 0.003055 9.337760 16.277630 52.000000 0.046301
-17.389332 -44.848362 50.500000 0.008596 -14.464347 -40.113510 52.000000 0.039404
8.812937 2.654284 50.500000 0.002572 -10.027423 13.727823 52.000000 0.043489
15.997094 -13.343391 50.500000 0.028312 14.845015 -13.295921 52.000000 0.023249
48.543594 -48.693588 50.500000 0.003027 29.988470 -37.775963 52.000000 0.044933
-3.013789 9.650454 50.000000 0.030522 -3.751671 9.386788 52.000000 0.018027
-5.138178 58.054729 50.500000 0.002644 -5.699369 57.321980 52.000000 0.043142
-46.293018 -54.005306 50.500000 0.004610 -39.338020 -50.172523 52.000000 0.036539
21.470058 -22.368925 50.000000 0.005123 19.901735 -20.456991 52.000000 0.015082
60.665642 18.780054 50.000000 0.005225 60.720608 16.443026 52.000000 0.047023
23.236994 49.467892 50.000000 0.034164 22.024296 50.940971 52.000000 0.020625
-33.357033 -14.595302 50.500000 0.025596 -31.977674 -13.711414 52.000000 0.025839
55.960327 33.488750 50.000000 0.008757 53.183125 36.752140 52.000000 0.042602
29.768375 6.160466 50.500000 0.027500 31.062702 6.792011 52.000000 0.021848
-18.283409 -24.133335 50.500000 0.008349 -17.666014 -22.143597 52.000000 0.036944
1.800296 -69.128616 50.000000 0.025604 4.483416 -68.917328 52.000000 0.030550
1.852726 3.028579 50.500000 0.003344 4.635803 3.706301 52.000000 0.045702
-24.376280 -61.561047 50.500000 0.006923 -25.166054 -54.462154 52.000000 0.045822
-42.204697 21.615471 50.500000 0.003419 -44.554039 20.830593 52.000000 0.049128
-60.247261 -54.318714 50.000000 0.005878 -56.569695 -55.715374 52.000000 0.049935
1.546073 -23.452219 50.500000 0.003318 1.695243 -23.667873 52.000000 0.046359
32.067421 15.196724 50.500000 0.005732 33.304459 14.811771 52.000000 0.050279
14.949965 60.448898 50.000000 0.002797 13.516639 62.538582 52.000000 0.051393
-69.531944 -28.311209 50.500000 0.004432 -68.671059 -26.728706 52.000000 0.042630
-9.517782 -51.541241 50.000000 0.005029 -11.098892 -50.938183 52.000000 0.045806
65.147659 -50.827057 50.000000 0.006974 65.434555 -48.720806 52.000000 0.040749
37.919426 -64.861893 50.000000 0.008026 38.452484 -61.883339 52.000000 0.050395
-1.790042 -55.083313 50.500000 0.003522 -1.008403 -61.762226 52.000000 0.047741
60.788986 -15.012963 50.500000 0.003946 60.468018 -14.792587 52.000000 0.044499
-33.102005 23.543550 50.000000 0.002037 -31.640577 24.958561 52.000000 0.043654
54.954720 19.291025 50.000000 0.007231 51.569221 20.426470 52.000000 0.040533
18.835350 -37.462910 50.500000 0.003764 17.352139 -36.507378 52.000000 0.016958
-3.703961 -28.572813 50.500000 0.026239 -4.056928 -32.230232 52.000000 0.022557
-55.559879 -9.500759 50.500000 0.024761 -52.015575 -7.547299 52.000000 0.025308
24.223345 -67.979439 50.000000 0.006073 23.967081 -66.402092 52.000000 0.039206
-11.405589 15.069393 50.500000 0.026070 -15.427588 20.635073 52.000000 0.019688
33.359695 16.821758 50.500000 0.024819 35.248802 16.448935 52.000000 0.023152
-53.871517 8.286068 50.000000 0.002947 -52.976337 6.423921 52.000000 0.048564
24.698002 -39.469643 50.000000 0.004792 25.102549 -38.158241 52.000000 0.021127
21.265347 53.745045 50.000000 0.030831 22.561409 51.016197 52.000000 0.018507
12.481573 22.277216 50.000000 0.002868 11.289318 22.613071 52.000000 0.047205
-56.900627 -7.398982 50.500000 0.002804 -57.058384 -7.958644 52.000000 0.050117
-58.274227 47.591942 50.000000 0.003746 -59.673809 44.602177 52.000000 0.045923
60.797707 25.778843 50.500000 0.004217 61.584427 23.103001 52.000000 0.043652
46.434689 -33.808525 50.500000 0.034887 47.973675 -35.197906 52.000000 0.020344
38.953266 -52.862694 50.500000 0.020780 51.953255 -56.414310 52.000000 0.022883
51.329628 -45.007446 50.000000 0.003334 48.989223 -42.557430 52.000000 0.044562
13.225927 9.887979 50.000000 0.002344 9.288421 8.839934 52.000000 0.043808
-32.458229 -35.457806 50.500000 0.003705 -31.934395 -39.468388 52.000000 0.049148
-27.511946 -12.531733 50.500000 0.023184 -23.258461 -9.540036 52.000000 0.031784
-61.420528 69.024780 50.500000 0.006728 -60.872448 64.179817 52.000000 0.043072
-68.176399 -6.418495 50.000000 0.002766 -67.594757 -7.312642 52.000000 0.053120
17.098925 -9.756805 50.500000 0.029415 15.827524 -10.496491 52.000000 0.017268
35.967304 -57.409649 50.500000 0.011972 30.253870 -54.867313 52.000000 0.043495
-13.595698 -13.503216 50.000000 0.003529 -15.387126 -14.346960 52.000000 0.047304
36.989193 37.124275 50.500000 0.004639 37.847477 35.845707 52.000000 0.050842
13.510255 15.883870 50.500000 0.002546 15.185472 22.377310 52.000000 0.047569
-41.155010 21.429646 50.000000 0.008194 -39.800522 19.566967 52.000000 0.039083
7.812465 40.097439 50.500000 0.027672 9.308454 41.107708 52.000000 0.024089
-34.841614 1.020129 50.500000 0.027344 -36.453003 2.614371 52.000000 0.021731
25.110674 -4.176605 50.500000 0.010288 24.555506 -2.945039 52.000000 0.032789
37.548279 -7.404368 50.000000 0.003131 40.941830 -13.726502 52.000000 0.053558
-59.529892 20.047613 50.500000 0.032534 -60.997639 19.502178 52.000000 0.015616
25.757004 38.857510 50.500000 0.015821 24.747875 34.337803 52.000000 0.037859
-24.979143 -53.039005 50.500000 0.003250 -21.387239 -59.703697 52.000000 0.041354
-59.738022 22.685839 50.500000 0.020543 -61.981129 21.871168 52.000000 0.025082
-6.401592 -3.072029 50.000000 0.022322 -5.383145 -1.632304 52.000000 0.031745
-23.687117 -54.138687 50.500000 0.004713 -22.374704 -52.579864 52.000000 0.044522
60.243778 -55.367199 50.000000 0.022778 62.802814 -56.821869 52.000000 0.027642
2.649775 35.314507 50.500000 0.004687 11.602923 43.795387 52.000000 0.024888
14.169158 -38.804726 50.000000 0.006130 13.768703 -34.508236 52.000000 0.043063
-30.396458 14.894084 50.500000 0.025380 -31.917875 16.155910 52.000000 0.022346
-21.498058 -53.557087 50.500000 0.025665 -19.656099 -53.345539 52.000000 0.021988
50.122761 32.622723 50.500000 0.005944 41.773884 48.654819 52.000000 0.049590
-54.102730 38.708454 50.000000 0.003837 -55.163845 38.165661 52.000000 0.042233
-33.109909 47.180416 50.500000 0.005568 -30.124517 47.655174 52.000000 0.046555
-42.290607 -42.519867 50.500000 0.002832 -43.646030 -45.451900 52.000000 0.047041
-9.832399 -54.580261 50.500000 0.002012 -11.574833 -55.124569 52.000000 0.048414
-49.314770 -37.823944 50.500000 0.003896 -54.610905 -35.639038 52.000000 0.047488
53.144585 21.717213 50.000000 0.031119 51.665714 20.236393 52.000000 0.014854
-8.667679 33.267227 50.000000 0.023784 -10.938956 33.161819 52.000000 0.021579
58.155956 17.716227 50.500000 0.002125 59.620171 16.184832 52.000000 0.042628
-28.133253 -13.214679 50.000000 0.002681 -29.044533 -10.056437 52.000000 0.045090
-15.923335 -29.332479 50.000000 0.002240 -17.358017 -26.111053 52.000000 0.045011
38.806221 -38.105247 50.000000 0.029132 40.837685 -38.183285 52.000000 0.022266
-51.475876 -64.190659 50.500000 0.021381 -51.926861 -63.611500 52.000000 0.025500
-23.583719 -53.441433 50.000000 0.003829 -26.857338 -52.451336 52.000000 0.042081
-5.951317 50.897968 50.500000 0.026508 -4.910993 54.232018 52.000000 0.024191
-18.200121 8.227251 50.500000 0.023096 -20.117542 8.630119 52.000000 0.022115
4.515037 -39.424149 50.000000 0.024198 4.041746 -38.396210 52.000000 0.020968
55.662132 -31.144617 50.500000 0.005534 51.917980 -30.752136 52.000000 0.050513
23.109983 -54.232262 50.500000 0.002373 24.099821 -57.726292 52.000000 0.025320
-28.059227 -3.974633 50.500000 0.020860 -35.584400 -6.695473 52.000000 0.030152
50.224686 43.349628 50.500000 0.029491 48.871944 45.458748 52.000000 0.017422
-10.908942 -61.598656 50.000000 0.004149 -14.335681 -60.246914 52.000000 0.052099
-25.274820 -65.956978 50.000000 0.002071 -29.116825 -65.248604 52.000000 0.053327
48.113583 -5.909519 50.000000 0.004727 43.414600 -7.891096 52.000000 0.050155
-28.181767 -53.923111 50.000000 0.004369 -32.688129 -51.848038 52.000000 0.044306
45.005276 22.191080 50.000000 0.004486 36.239647 20.769108 52.000000 0.043819
10.223053 -41.414993 50.500000 0.023867 8.237872 -42.641048 52.000000 0.028356
-5.939965 -26.743999 50.500000 0.023840 -9.067513 -29.202080 52.000000 0.023012
-39.288933 -37.656952 50.000000 0.005386 -41.027493 -36.109093 52.000000 0.048414
5.212106 -51.856140 50.500000 0.004166 9.235094 -52.518757 52.000000 0.054210
24.125666 5.843821 50.500000 0.003385 23.686712 5.734647 52.000000 0.043523
-15.973697 -36.616386 50.500000 0.026275 -15.277264 -38.425446 52.000000 0.023352
0.855439 15.626011 50.500000 0.003832 1.916582 8.759839 52.000000 0.043956
-9.787497 40.828289 50.500000 0.026546 -17.162554 44.266342 52.000000 0.027746
57.694302 -12.731577 50.500000 0.025218 54.691856 -14.146088 52.000000 0.021145
58.241871 -21.866074 50.000000 0.004136 54.437382 -23.499388 52.000000 0.046964
-21.784319 -43.223751 50.500000 0.016398 -19.922270 -43.321098 52.000000 0.039774
54.937637 13.676908 50.500000 0.003622 52.719494 12.778924 52.000000 0.044053
-20.875906 -37.150791 50.000000 0.003244 -22.859808 -37.919613 52.000000 0.046572
-37.493809 18.692360 50.500000 0.010428 -35.945408 16.967966 52.000000 0.041760
25.691044 -64.712807 50.000000 0.005574 23.521698 -63.287518 52.000000 0.044610
35.437061 45.011127 50.500000 0.002325 34.867165 48.603882 52.000000 0.049259
-2.996929 13.480547 50.500000 0.021171 -2.825330 13.757648 52.000000 0.025442
2.859542 -9.156583 50.500000 0.003072 4.404200 -12.162816 52.000000 0.020691
-10.264835 -6.785761 50.500000 0.002593 -8.726750 -8.102362 52.000000 0.047547
48.713375 -22.707659 50.000000 0.002724 50.139057 -23.867334 52.000000 0.046891
35.613106 -67.241196 50.500000 0.002234 35.044964 -66.578087 52.000000 0.049043
27.171396 2.022625 50.000000 0.007723 18.590950 -4.348338 52.000000 0.041196
28.437733 44.460056 50.000000 0.002029 29.923183 42.554108 52.000000 0.047504
-20.114628 14.906436 50.500000 0.042013 -19.539202 14.063015 52.000000 0.010807
-39.292240 -11.926304 50.000000 0.024539 -38.599216 -12.309224 52.000000 0.025546
-7.295889 -1.321263 50.000000 0.002522 -8.135141 -1.095453 52.000000 0.046232
9.165517 -60.172985 50.500000 0.002038 9.947747 -60.290543 52.000000 0.045155
46.918373 -13.309808 50.000000 0.002229 56.970901 -19.644079 52.000000 0.046620
63.415031 10.129340 50.500000 0.002595 70.106529 9.372539 52.000000 0.024013
12.209827 -19.989283 50.500000 0.024298 11.984202 -20.280825 52.000000 0.021843
-40.422604 15.394335 50.000000 0.002722 -39.850311 16.853928 52.000000 0.046989
39.719017 39.774891 50.500000 0.003633 39.860325 38.960529 52.000000 0.055542
-59.723751 0.429474 50.000000 0.002500 -60.120693 1.737185 52.000000 0.047047
4.225517 50.640137 50.000000 0.005149 1.207939 47.308998 52.000000 0.041268
66.728859 26.992252 50.500000 0.027051 66.520485 28.526524 52.000000 0.021636
2.740957 68.268745 50.000000 0.005514 16.848293 48.297684 52.000000 0.049049
-19.965960 -3.184582 50.500000 0.031095 -23.739292 1.815085 52.000000 0.024305
32.790607 69.698883 50.000000 0.003085 32.101803 70.214539 52.000000 0.050386
-17.595720 -2.834287 50.500000 0.003743 -16.617920 -3.295605 52.000000 0.046566
-40.153255 -40.824364 50.500000 0.002532 -34.436531 -49.301407 52.000000 0.050159
62.077934 35.859997 50.000000 0.002080 62.808289 37.700058 52.000000 0.049794
-8.913996 62.987915 50.500000 0.028273 -11.048306 64.774742 52.000000 0.021312
15.973832 34.607693 50.500000 0.022383 16.171471 34.832726 52.000000 0.025782
2.009611 10.478604 50.500000 0.023707 5.609975 8.598721 52.000000 0.024630
53.382221 10.168920 50.500000 0.003689 55.279091 10.150070 52.000000 0.049602
0.156752 69.938400 50.000000 0.003550 -0.226427 65.664810 52.000000 0.016377
-28.201283 0.294142 50.500000 0.022654 -27.522243 2.495353 52.000000 0.028068
59.207596 -37.290981 50.000000 0.012675 50.625366 -36.781643 52.000000 0.047747
-65.984810 9.603415 50.500000 0.004260 -66.516685 7.734057 52.000000 0.048969
-9.940067 30.424643 50.500000 0.004033 -6.981349 35.294872 52.000000 0.048519
29.219841 -60.014938 50.500000 0.002476 27.753500 -60.155304 52.000000 0.043308
-28.052616 22.664055 50.500000 0.004174 -26.745485 23.726664 52.000000 0.046389
19.688524 -10.482642 50.000000 0.002328 20.742870 -10.279766 52.000000 0.042444
8.211145 19.822012 50.500000 0.029186 8.454793 15.180610 52.000000 0.024093
-39.292442 -6.079158 50.000000 0.013217 -37.724789 -3.106448 52.000000 0.015036
61.073463 -59.596058 50.000000 0.005685 58.277802 -60.978638 52.000000 0.045538
5.896008 0.111555 50.000000 0.004672 8.972641 -0.486587 52.000000 0.044423
1.015679 -5.468451 50.000000 0.002976 0.406107 -3.451956 52.000000 0.046882
-2.079647 -11.267280 50.500000 0.004725 -0.779047 -11.823615 52.000000 0.048583
-23.428926 -25.641808 50.500000 0.005760 -23.775845 -27.671833 52.000000 0.039867
21.071980 -52.488037 50.000000 0.003892 23.031233 -51.820080 52.000000 0.049483
15.325547 -29.575529 50.000000 0.002381 13.949247 -30.039431 52.000000 0.051242
-1.905725 -46.686131 50.500000 0.027955 -1.295783 -40.609684 52.000000 0.020378
4.931196 57.445236 50.500000 0.003233 2.686890 57.446457 52.000000 0.052530
-31.919430 -47.317909 50.000000 0.002170 -36.700027 -46.413006 52.000000 0.050114
-33.021572 45.375458 50.500000 0.022343 -32.463123 45.042202 52.000000 0.022469
-44.945370 51.505493 50.000000 0.002642 -44.176834 52.599308 52.000000 0.052007
24.866005 15.546093 50.000000 0.002919 22.670023 18.163736 52.000000 0.019099
66.068893 -53.662033 50.500000 0.009749 64.299896 -53.114120 52.000000 0.034809
55.166634 59.005608 50.500000 0.006257 54.915802 51.968689 52.000000 0.044521
36.014637 -4.333728 50.000000 0.032949 32.927765 -2.841656 52.000000 0.019215
-69.904503 -26.897493 50.000000 0.005724 -68.708534 -26.617016 52.000000 0.023880
14.941624 24.470512 50.500000 0.002177 15.882870 24.381397 52.000000 0.044090
-60.456287 31.906658 50.500000 0.003919 -60.799820 31.234774 52.000000 0.056087
33.931877 22.068604 50.500000 0.003033 33.341305 22.458792 52.000000 0.048140
-57.588142 -57.079845 50.000000 0.022138 -56.816700 -57.552673 52.000000 0.027334
58.431091 -48.734390 50.000000 0.004037 57.534225 -49.120396 52.000000 0.052793
22.363894 -7.322227 50.000000 0.002742 20.227159 -10.606032 52.000000 0.045366
-19.735193 42.844528 50.000000 0.030739 -25.447252 48.182835 52.000000 0.017893
29.304308 8.355787 50.500000 0.003702 32.698956 -4.031901 52.000000 0.042591
-21.954498 -10.978769 50.000000 0.002623 -17.739851 -5.470058 52.000000 0.045359
62.597439 34.822273 50.000000 0.021008 61.037556 30.915873 52.000000 0.024585
54.468197 65.442635 50.500000 0.003334 57.113293 65.039238 52.000000 0.045286
-62.456188 -38.740318 50.000000 0.002911 -61.604336 -37.848431 52.000000 0.043077
61.287727 -0.086482 50.500000 0.003672 59.739983 0.632969 52.000000 0.046886
53.327904 42.387524 50.500000 0.003457 51.517925 41.813583 52.000000 0.051567
27.077198 -30.639067 50.000000 0.002869 26.326040 -29.533922 52.000000 0.046756
-55.956593 -0.766504 50.500000 0.003921 -55.243546 -5.880112 52.000000 0.050641
48.568546 56.348179 50.500000 0.002403 48.395847 57.579075 52.000000 0.047407
23.473337 -57.852127 50.500000 0.007429 21.378071 -40.046757 52.000000 0.042858
-23.640661 -9.398701 50.000000 0.004826 -23.122498 -9.155801 52.000000 0.050109
-36.987984 -46.141289 50.000000 0.004363 -46.444839 -40.343822 52.000000 0.024161
-27.311728 46.823513 50.000000 0.003481 -27.342173 48.714344 52.500000 0.048692
11.351686 -60.845318 50.000000 0.026306 7.395499 -64.962799 52.000000 0.014422
37.428196 -65.487900 50.500000 0.003317 39.018284 -64.510864 52.000000 0.051173
43.615704 40.402054 50.000000 0.028050 43.838345 40.318623 52.000000 0.028719
17.644165 -20.821520 50.000000 0.002970 15.298367 -19.602976 52.000000 0.046724
47.854984 -41.308849 50.000000 0.024148 45.665672 -43.277447 52.000000 0.032738
53.347733 -43.751999 50.500000 0.003339 51.504509 -43.516293 52.000000 0.042691
-60.479370 -29.045399 50.500000 0.029448 -62.019451 -29.755402 52.000000 0.021282
-37.879204 -8.054154 50.000000 0.004896 -36.223042 -7.438273 52.000000 0.047387
-30.012909 -42.041088 50.500000 0.002453 -28.604790 -44.549473 52.000000 0.044776
-35.841778 32.575581 50.500000 0.027337 -35.517082 32.427834 52.000000 0.020118
7.457784 56.069168 50.500000 0.028696 8.810752 55.773521 52.000000 0.020419
6.090403 -41.603741 50.500000 0.002082 8.311470 -46.815403 52.000000 0.051235
36.624207 -47.875519 50.500000 0.006023 36.235245 -47.332870 52.000000 0.042774
32.727978 1.607225 50.500000 0.003009 32.554321 -2.563513 52.000000 0.045921
-65.753540 -41.087997 50.500000 0.004928 -64.817459 -41.473736 52.000000 0.048546
-36.032780 -69.241501 50.000000 0.011524 -26.090843 -63.262451 52.000000 0.039546
26.455730 -25.344837 50.000000 0.005763 25.638859 -22.230942 52.000000 0.049133
-65.870888 -15.554543 50.500000 0.003931 -66.583893 -11.574821 52.000000 0.051612
-7.340707 7.698267 50.500000 0.024871 -6.914680 8.127043 52.000000 0.020152
7.382636 -44.707947 50.500000 0.004400 8.258771 -44.935249 52.000000 0.042715
-39.547974 45.536968 50.000000 0.004265 -39.395576 40.015450 52.000000 0.042174
40.091515 -5.485468 50.500000 0.002872 41.033253 -5.429894 52.000000 0.047311
11.903942 64.832947 50.500000 0.023107 15.583756 62.382996 52.000000 0.025701
-50.370586 33.033020 50.000000 0.020729 -54.469852 32.867466 52.000000 0.026759
19.627237 15.740408 50.000000 0.003862 22.530714 16.127148 52.000000 0.045272
-1.828244 -52.159386 50.500000 0.002574 -0.177960 -51.964546 52.000000 0.046215
51.061993 17.455748 50.000000 0.007230 47.580639 16.121502 52.000000 0.040404
38.407845 19.681885 50.000000 0.002965 35.347469 19.125950 52.000000 0.050134
-30.607937 68.701942 50.500000 0.006512 -23.370607 68.525093 52.000000 0.048411
60.883144 37.346542 50.000000 0.005552 58.641132 36.161594 52.000000 0.049055
25.400610 56.722687 50.000000 0.002920 24.190346 56.323727 52.000000 0.047520
-42.055317 3.608972 50.000000 0.003499 -40.611439 3.477476 52.000000 0.044644
5.185306 -27.225426 50.500000 0.003424 1.785865 -28.723984 52.000000 0.046525
66.221275 -56.743324 50.000000 0.007150 66.467827 -54.408936 52.000000 0.050632
-5.445625 9.890417 50.500000 0.003148 -4.568863 10.050896 52.000000 0.018463
33.763443 -38.266415 50.000000 0.004700 29.448591 -40.420620 52.000000 0.045193
-35.813358 -62.911755 50.000000 0.022507 -35.927635 -63.075245 52.000000 0.025427
25.696140 -14.130062 50.500000 0.002523 24.776602 -13.161472 52.000000 0.043248
-19.447792 20.262930 50.000000 0.004701 -13.608982 28.627663 52.000000 0.044851
26.659988 43.415985 50.000000 0.002894 25.328661 40.702957 52.000000 0.045210
18.062140 -6.429832 50.000000 0.003630 17.183538 -5.358759 52.000000 0.046036
-14.732465 -21.133595 50.000000 0.003058 -12.625829 -22.003868 52.000000 0.021059
10.462490 22.373890 50.500000 0.019677 10.655467 21.486019 52.000000 0.024336
-46.554874 -27.322121 50.500000 0.036394 -45.176998 -27.173370 52.000000 0.012501
-36.930630 40.103317 50.000000 0.004651 -35.877590 37.067173 52.000000 0.056436
18.973793 -7.904132 50.500000 0.003428 20.089725 -7.052195 52.000000 0.046120
-44.114513 10.395922 50.500000 0.010123 -42.042355 7.717781 52.000000 0.042095
2.193597 34.884800 50.500000 0.002299 -1.132810 38.936935 52.000000 0.042062
35.791756 -64.390945 50.500000 0.002015 38.840355 -65.913185 52.000000 0.054972
49.559910 -50.092945 50.500000 0.003180 49.126183 -49.722477 52.000000 0.054712
33.407158 0.123567 50.500000 0.022567 17.240784 18.324430 52.000000 0.026867
-18.703262 -40.418015 50.500000 0.029124 -18.826649 -40.869957 52.000000 0.022413
-16.467649 -48.257389 50.000000 0.026130 -12.492553 -50.627228 52.000000 0.022092
19.048388 -24.867517 50.000000 0.003611 21.019350 -24.395895 52.000000 0.047203
35.988735 66.828766 50.500000 0.002224 35.899342 67.980789 52.000000 0.046476
-48.959095 44.781670 50.000000 0.006825 -47.654781 43.159737 52.000000 0.048521
37.845432 54.491013 50.500000 0.004428 37.016628 53.450890 52.000000 0.048845
25.323866 -12.692720 50.500000 0.023719 26.126043 -12.811490 52.000000 0.029482
66.320786 69.884033 50.000000 0.003251 66.153236 68.627632 52.000000 0.046793
14.218619 40.775845 50.000000 0.002297 17.013264 36.239647 52.000000 0.020555
-20.204201 44.504765 50.500000 0.029526 -20.751850 44.521267 52.000000 0.021128
-32.166382 39.524075 50.500000 0.002230 -32.450336 39.285465 52.000000 0.044855
-16.023020 -14.665737 50.500000 0.002091 -16.046375 -11.353243 52.000000 0.046985
39.943714 30.574291 50.500000 0.032133 43.682560 33.229015 52.000000 0.017084
-57.036797 -1.055830 50.500000 0.002842 -57.631042 -1.741830 52.000000 0.054764
-62.186310 -14.024202 50.000000 0.004117 -59.362331 -14.904211 52.000000 0.047342
64.929634 45.496681 50.000000 0.002205 67.905327 43.653954 52.000000 0.048708
33.622093 -29.020687 50.500000 0.028714 36.819035 -20.021189 52.000000 0.018507
24.459229 36.268185 50.500000 0.031492 24.364441 32.293449 52.000000 0.016988
-34.590488 -5.316258 50.500000 0.002019 -34.077457 -5.881161 52.000000 0.046052
-46.973526 -61.642647 50.000000 0.007741 -30.992132 -50.165565 52.000000 0.050224
49.689510 -12.409539 50.000000 0.006096 49.574230 -12.691317 52.000000 0.044437
42.237049 53.434322 50.000000 0.025583 42.702778 54.436199 52.000000 0.023083
-56.918526 -55.015301 50.500000 0.003924 -57.763294 -53.100895 52.000000 0.047137
3.952695 55.353603 50.000000 0.004715 2.617927 53.525826 52.000000 0.044105
-20.561460 13.549780 50.500000 0.002485 -19.932560 13.591214 52.000000 0.047961
-14.094131 16.619188 50.000000 0.002142 -15.504580 21.655519 52.000000 0.051324
0.014445 -12.046675 50.000000 0.004253 8.665256 -15.153139 52.000000 0.020466
22.400249 -45.828888 50.500000 0.005761 18.437181 -46.991943 52.000000 0.018725
-9.975616 61.190575 50.000000 0.029313 -8.908796 58.984924 52.000000 0.019153
30.985485 66.874229 50.500000 0.003008 31.978071 67.034225 52.000000 0.045715
19.637915 -15.608790 50.500000 0.004170 19.548199 -11.686910 52.000000 0.042379
55.137527 43.701015 50.000000 0.022513 54.957745 49.145992 52.000000 0.028998
-10.995297 52.244995 50.500000 0.002211 -11.745521 51.870155 52.000000 0.056355
50.899960 9.224379 50.500000 0.008034 47.113235 9.535612 52.000000 0.034748
5.770137 10.356675 50.500000 0.003001 3.922899 14.105988 52.000000 0.042178
49.972767 -21.619671 50.500000 0.003012 48.566566 -28.805384 52.000000 0.050601
36.045959 3.941494 50.500000 0.024205 52.387562 3.039721 52.000000 0.020372
26.136442 41.637547 50.000000 0.026308 26.120289 37.185810 52.000000 0.032237
30.591080 -3.815100 50.500000 0.002043 31.147112 -2.403718 52.000000 0.048067
38.315701 -46.692867 50.000000 0.005392 38.899139 -43.544109 52.000000 0.047158
-16.786480 45.687801 50.000000 0.006040 -15.783535 44.060295 52.000000 0.051660
29.159557 -65.769112 50.500000 0.004928 25.465172 -64.016335 52.000000 0.051984
4.680032 51.715534 50.500000 0.027109 5.743492 51.750603 52.000000 0.022426
-48.473309 47.350994 50.000000 0.003731 -46.452110 50.445271 52.000000 0.045092
-31.316551 -11.432920 50.000000 0.005129 -24.649096 -4.511047 52.000000 0.037209
-23.277803 31.324802 50.000000 0.002971 -18.996687 33.572338 52.000000 0.043068
65.430374 -66.994720 50.500000 0.004273 67.732056 -64.690544 52.000000 0.049283
-52.830616 40.291725 50.500000 0.021391 -52.446579 41.090595 52.000000 0.024006
-30.238796 0.586183 50.000000 0.009350 -32.019444 -0.478608 52.000000 0.039912
-67.431129 50.982693 50.500000 0.007018 -68.920250 51.879738 52.000000 0.047876
-21.599794 27.207249 50.500000 0.002268 -21.061113 29.575537 52.000000 0.048178
-20.562101 -39.501030 50.500000 0.037743 -20.318132 -38.973003 52.000000 0.016353
12.240670 -4.779609 50.000000 0.003297 9.631653 -5.736630 52.000000 0.049444
-61.714157 -30.062025 50.500000 0.032279 -58.944927 -30.204494 52.000000 0.016899
-50.417091 16.380533 50.000000 0.003128 -49.779411 19.175068 52.000000 0.050284
21.649549 -22.882778 50.500000 0.032014 22.460655 -28.391293 52.000000 0.020321
26.518200 -36.257046 50.000000 0.002299 28.659719 -35.348404 52.000000 0.051116
-50.948555 -54.766697 50.500000 0.004500 -58.364510 -53.982414 52.000000 0.043520
-16.663311 -4.448694 50.500000 0.024903 -8.049158 -3.084725 52.000000 0.025065
-54.519009 52.129932 50.500000 0.028745 -55.043396 52.066055 52.000000 0.021530
-35.939285 45.484364 50.000000 0.002966 -39.416641 42.453342 52.000000 0.047024
16.554983 -36.556454 50.000000 0.004921 15.342613 -35.912830 52.000000 0.044906
-36.217674 -8.584842 50.500000 0.004536 -33.444107 -7.308583 52.000000 0.045827
4.027147 54.648167 50.500000 0.024608 1.822285 56.406548 52.000000 0.027218
0.522206 -16.948221 50.000000 0.002521 -0.355930 -17.167740 52.000000 0.054480
50.807507 38.936924 50.000000 0.002165 49.102074 43.583942 52.000000 0.048462
-51.331715 31.710958 50.000000 0.003947 -50.524384 31.218317 52.000000 0.047873
-61.816074 -12.403255 50.500000 0.004842 -57.238655 -15.040832 52.000000 0.037903
-64.158485 -59.091335 50.000000 0.004721 -60.726387 -59.975769 52.000000 0.045069
-9.373624 23.892591 50.500000 0.010686 -8.559255 23.973644 52.000000 0.038984
49.533878 42.069237 50.500000 0.024678 54.979733 42.395630 52.000000 0.028464
-16.230711 -64.753532 50.500000 0.004362 -20.525709 -60.988297 52.000000 0.045677
-6.487205 -47.285179 50.500000 0.002510 -7.894616 -46.936432 52.000000 0.042939
-49.424885 -50.664711 50.500000 0.004744 -48.334084 -48.848652 52.000000 0.043083
-24.348450 -59.597759 50.000000 0.011199 -23.283117 -59.526020 52.000000 0.047669
23.969736 1.288571 50.500000 0.002017 21.375183 -0.394309 52.000000 0.050076
36.618801 33.962048 50.500000 0.004058 36.440254 32.637733 52.000000 0.045620
1.514077 -24.336494 50.000000 0.002719 2.828728 -23.500019 52.000000 0.044480
-56.061062 6.452183 50.500000 0.003122 -56.260643 6.949276 52.000000 0.046838
-49.551342 54.100880 50.000000 0.004294 -44.851891 55.871803 52.000000 0.041795
-50.564732 -59.617031 50.500000 0.002471 -53.176857 -63.013123 52.000000 0.054613
-37.596371 -24.839703 50.500000 0.027829 -37.243073 -23.271231 52.000000 0.023136
-9.663182 61.509872 50.500000 0.003804 -11.238586 60.298820 52.000000 0.041775
26.222187 -9.405862 50.000000 0.005095 25.305296 -34.381367 52.000000 0.041778
66.145752 31.706018 50.000000 0.020841 67.024155 33.572086 52.000000 0.029364
49.573635 50.928104 50.500000 0.027524 50.753193 51.308071 52.000000 0.019604
-47.009087 -37.985863 50.000000 0.024741 -47.962738 -36.840096 52.000000 0.025231
59.374153 61.940319 50.500000 0.028946 57.858952 57.660900 52.000000 0.022434
37.631054 50.821213 50.000000 0.027805 38.120544 51.319298 52.000000 0.024695
44.287514 13.459921 50.000000 0.002239 43.481953 14.753825 52.000000 0.041307
-2.092740 -51.062641 50.500000 0.002714 -3.145715 -51.861683 52.000000 0.045269
59.475471 -7.517676 50.500000 0.004097 58.274139 -7.237169 52.000000 0.046348
52.858551 31.344717 50.500000 0.029211 50.280342 35.933525 52.000000 0.017243
62.686962 27.654079 50.500000 0.004707 62.974998 25.845137 52.000000 0.049680
-54.691532 -0.266597 50.000000 0.005380 -53.082912 4.103690 52.000000 0.013764
-65.858940 -38.399712 50.500000 0.002561 -66.110733 -38.170807 52.000000 0.050082
13.157492 52.418049 50.000000 0.006706 13.993118 49.834114 52.000000 0.040279
37.366188 -6.226104 50.000000 0.003080 36.930813 -8.857617 52.000000 0.048572
-65.518494 69.272903 50.500000 0.004990 -64.381844 69.381294 52.000000 0.051038
9.679187 20.885303 50.000000 0.002120 13.081840 18.813173 52.000000 0.042003
-54.632023 -38.388981 50.500000 0.004258 -53.213341 -39.343575 52.000000 0.046354
-1.144965 -29.353273 50.500000 0.002048 -1.104076 -29.140495 52.000000 0.049830
13.039373 59.983990 50.000000 0.005529 9.449241 60.972080 52.000000 0.041990
42.551575 -31.742327 50.000000 0.002443 40.779591 -30.235487 52.000000 0.048606
2.614793 -59.441597 50.000000 0.003368 -0.524255 -59.157814 52.000000 0.017081
-64.626648 57.181152 50.000000 0.006200 -60.905281 54.929001 52.000000 0.050637
55.847088 -28.686619 50.500000 0.027376 56.628433 -28.282068 52.000000 0.021977
24.432838 27.047117 50.500000 0.003825 23.670937 24.801954 52.000000 0.045828
-43.787754 8.155192 50.000000 0.003264 -42.610527 9.192190 52.000000 0.043021
59.218128 23.031143 50.000000 0.008071 59.940674 22.307222 52.000000 0.040945
64.000404 -25.116348 50.500000 0.007331 62.664223 -26.093342 52.000000 0.050359
68.303818 16.952684 50.000000 0.007973 70.358368 15.218244 52.000000 0.044105
-62.255424 -47.663914 50.500000 0.031061 -58.529411 -47.690861 52.000000 0.018672
-50.798927 -14.948422 50.000000 0.023799 -49.956715 -14.220423 52.000000 0.034340
61.783089 -37.503464 50.500000 0.005645 64.240486 -34.615971 52.000000 0.023945
-35.062481 0.052327 50.500000 0.003776 -36.497257 0.519522 52.000000 0.044682
-20.476704 54.781601 50.000000 0.002193 -21.776722 56.245255 52.000000 0.047532
14.031014 11.505566 50.500000 0.025641 13.130188 11.139668 52.000000 0.025642
61.332951 -58.874310 50.500000 0.002424 63.832336 -60.396580 52.000000 0.049117
-17.528990 -6.498433 50.500000 0.002274 -18.718479 -4.478897 52.000000 0.047372
6.827385 35.776974 50.500000 0.003147 8.676703 39.845963 52.000000 0.047638
5.372539 -40.909149 50.500000 0.003224 6.672468 -36.107182 52.000000 0.047003
-25.235872 -61.534279 50.000000 0.006750 -20.650791 -62.005310 52.000000 0.050736
-9.874702 64.357719 50.500000 0.008404 -7.939493 65.357956 52.000000 0.042612
11.564005 -9.595057 50.000000 0.022597 11.219398 -10.484743 52.000000 0.025326
56.200962 31.248970 50.000000 0.032073 54.864090 22.690573 52.000000 0.021511
15.105429 -7.959640 50.000000 0.002864 14.888206 -7.452493 52.000000 0.046264
-3.986304 62.831162 50.000000 0.002326 1.335274 64.782082 52.000000 0.046857
-36.682190 -25.096474 50.500000 0.006721 -33.697144 -26.620155 52.000000 0.041330
51.098812 51.242870 50.500000 0.003067 49.349846 38.292065 52.000000 0.019229
-67.199669 31.680120 50.500000 0.027710 -67.539658 31.750143 52.000000 0.024901
-32.752842 -3.087326 50.500000 0.004264 -31.941452 -5.668697 52.000000 0.046779
-5.269994 3.423005 50.500000 0.006866 -5.536417 2.068194 52.000000 0.043492
-28.289457 -17.377235 50.500000 0.006816 -27.011711 -17.052187 52.000000 0.016910
-28.428402 -36.412090 50.500000 0.005952 -35.951221 -37.858368 52.000000 0.048405
-10.174896 51.929981 50.000000 0.022244 -7.791289 53.558094 52.000000 0.024855
-63.460598 6.394402 50.500000 0.004491 -65.398750 10.042580 52.000000 0.051485
-22.476763 -2.206717 50.500000 0.007035 -21.616127 2.626206 52.000000 0.043279
52.012241 35.317856 50.500000 0.024377 54.197292 37.755005 52.000000 0.027847
-6.642423 5.527609 50.500000 0.002665 -2.769322 5.503748 52.000000 0.046894
-31.190971 20.152628 50.000000 0.003488 -32.151382 19.702185 52.000000 0.044903
9.911248 56.462242 50.000000 0.003147 13.741174 50.617821 52.000000 0.039958
-54.062386 -63.535954 50.000000 0.025078 -50.285114 -62.690079 52.000000 0.021617
-20.104189 48.655575 50.500000 0.005141 -18.843096 49.888779 52.000000 0.016689
41.470871 17.321671 50.500000 0.005931 41.178898 20.235725 52.000000 0.046282
-8.164389 2.398180 50.500000 0.026313 -6.435132 1.603058 52.000000 0.022933
15.447256 43.480831 50.000000 0.002133 9.362186 46.196751 52.000000 0.048499
-34.238197 -60.939957 50.500000 0.005239 -32.090458 -59.758644 52.000000 0.051699
18.158333 -30.664087 50.500000 0.026274 20.459309 -34.672749 52.000000 0.030277
20.084015 -61.372768 50.500000 0.033228 21.306717 -61.507008 52.000000 0.013591
34.787388 -7.606300 50.500000 0.003050 33.988796 -8.756661 52.000000 0.049316
34.278263 27.638058 50.500000 0.003030 33.011971 26.986240 52.000000 0.041299
27.635178 66.997490 50.500000 0.024084 29.661009 69.226273 52.000000 0.026159
-17.184258 -53.155220 50.000000 0.002714 -16.785389 -53.162796 52.000000 0.052327
33.748699 29.943089 50.500000 0.002144 33.077126 29.835335 52.500000 0.050827
17.143585 -41.160740 50.500000 0.002672 13.840160 -41.393391 52.000000 0.044154
6.149242 24.670506 50.500000 0.002418 7.577305 24.146090 52.000000 0.045999
61.678390 -32.236149 50.500000 0.024354 59.195534 -32.501141 52.000000 0.027672
0.273328 -48.650700 50.000000 0.034825 -1.867140 -49.937553 52.000000 0.012004
-17.156639 -40.450237 50.500000 0.004540 -18.585184 -44.947865 52.000000 0.042866
28.315504 -6.589848 50.500000 0.029707 27.873310 -6.617470 52.000000 0.019457
-40.429222 24.394697 50.500000 0.004007 -37.817680 24.910440 52.000000 0.052385
11.197042 4.212822 50.500000 0.026543 9.339052 6.127895 52.000000 0.023199
-66.324509 32.313644 50.000000 0.004737 -68.770645 35.939175 52.000000 0.048707
68.748337 -14.931567 50.500000 0.004605 66.602501 10.256772 52.000000 0.041494
29.702795 -46.827259 50.500000 0.008417 27.928125 -43.612202 52.000000 0.042047
-45.327106 -30.053198 50.000000 0.002639 -48.440857 -28.662161 52.000000 0.051713
50.112907 -21.688883 50.500000 0.003565 51.836597 -18.806690 52.000000 0.047436
17.598146 17.709166 50.500000 0.003306 16.300785 19.817350 52.000000 0.049800
66.377541 -57.429798 50.000000 0.005957 64.930176 -56.140503 52.000000 0.053210
10.530617 -18.922144 50.500000 0.005040 13.669872 -23.899363 52.000000 0.042517
23.793442 36.069080 50.500000 0.009325 23.512285 36.572262 52.000000 0.041054
58.726608 1.727785 50.500000 0.002488 57.825962 3.454218 52.000000 0.045479
-18.118671 19.277750 50.000000 0.024556 -17.186743 23.021524 52.000000 0.023828
-16.610811 1.768217 50.500000 0.006914 -12.418361 0.640534 52.000000 0.043306
60.186527 31.143778 50.500000 0.005844 56.136768 29.564789 52.000000 0.042879
3.744398 9.634950 50.000000 0.003717 2.481640 10.501821 52.000000 0.045873
-1.506998 51.026466 50.000000 0.004661 -0.514054 50.745087 52.000000 0.027612
36.056385 16.128086 50.000000 0.002315 32.736164 17.429623 52.000000 0.047712
51.317959 -52.815517 50.500000 0.003741 50.341789 -53.396767 52.000000 0.023366
68.494598 11.378567 50.000000 0.004833 66.332848 12.292279 52.000000 0.047157
4.198254 -20.203495 50.500000 0.004167 10.334713 -22.385406 52.000000 0.042116
-18.366119 -51.021801 50.000000 0.003144 -16.193670 -46.886726 52.000000 0.047254
47.091259 31.883360 50.500000 0.029360 49.235352 31.613838 52.000000 0.022655
64.587166 -3.710939 50.000000 0.002723 63.576099 -3.577561 52.000000 0.022691
34.828625 10.758516 50.000000 0.002209 34.331829 11.651383 52.000000 0.024428
-13.079330 51.561783 50.000000 0.027500 -18.743288 50.123577 52.000000 0.018481
-2.962490 -28.878675 50.500000 0.002987 -9.661702 -26.825201 52.000000 0.024554
-42.238228 -11.715948 50.500000 0.026955 -40.714691 -10.495651 52.000000 0.024554
32.089874 -40.803612 50.500000 0.004511 30.552921 -43.707722 52.000000 0.019132
1.247344 24.287102 50.500000 0.004598 -0.995631 25.110624 52.000000 0.048071
26.301163 48.233067 50.500000 0.002067 26.254042 47.833469 52.000000 0.048458
-47.070221 40.690506 50.000000 0.002881 -47.272099 37.867924 52.000000 0.044104
-2.781326 -9.780647 50.500000 0.006898 -1.366573 -10.806290 52.000000 0.044601
-17.358543 14.157694 50.500000 0.005474 0.850410 11.144002 52.000000 0.043858
56.321095 -3.153751 50.500000 0.004618 65.451042 7.335173 52.000000 0.041455
-64.148056 -31.966082 50.500000 0.003322 -63.318123 -33.001598 52.000000 0.038792
7.526427 -60.371429 50.500000 0.003695 6.640090 -60.058048 52.000000 0.048111
-43.754490 65.918205 50.000000 0.030449 -41.842541 64.744843 52.000000 0.017462
-61.896152 56.404259 50.000000 0.005809 -53.842297 53.021679 52.000000 0.041416
53.528130 -54.390690 50.000000 0.003158 55.261127 -54.324978 52.000000 0.051160
54.123425 -4.394452 50.500000 0.007281 56.429916 -0.626303 52.000000 0.042639
46.672287 -63.072594 50.500000 0.026120 47.003117 -63.728115 52.000000 0.026530
52.066257 61.355865 50.000000 0.002939 53.100716 61.374355 52.000000 0.048956
-34.041370 -11.726459 50.500000 0.003540 -31.229584 -10.807423 52.000000 0.043869
47.634308 -22.780014 50.500000 0.002916 50.830879 -22.427641 52.000000 0.012747
66.734673 -36.086521 50.500000 0.022264 67.205490 -37.545418 52.000000 0.025707
56.510681 -40.413586 50.000000 0.005724 56.138775 -38.771297 52.000000 0.053607
-37.438854 46.030998 50.500000 0.002013 -37.505760 46.529610 52.000000 0.051742
46.089252 55.813690 50.000000 0.007166 40.305096 43.817932 52.000000 0.037915
10.552481 30.865868 50.000000 0.003316 14.355762 34.062561 52.000000 0.040887
49.459454 69.124146 50.000000 0.002369 48.979485 69.502655 52.000000 0.021701
51.162914 48.696495 50.000000 0.009895 49.309002 50.358150 52.000000 0.043878
-49.912346 20.851299 50.500000 0.007970 -50.391945 20.571009 52.000000 0.041082
-6.808342 -23.222555 50.500000 0.021820 -1.847181 -27.352749 52.000000 0.023019
-65.046722 1.603379 50.000000 0.007526 -59.517300 1.894237 52.000000 0.047784
-35.404652 -1.780734 50.000000 0.009870 -29.760336 -4.885374 52.000000 0.042850
33.714554 -54.703045 50.500000 0.026798 33.260471 -54.550758 52.000000 0.022423
51.452278 17.565569 50.000000 0.002362 63.456383 29.230602 52.000000 0.049125
27.538422 -44.523293 50.000000 0.005792 23.360765 -43.639385 52.000000 0.047615
10.822133 -18.115442 50.000000 0.025111 11.818910 -13.669860 52.000000 0.022433
-38.765842 -22.600433 50.500000 0.006679 -39.200092 -17.973764 52.000000 0.042152
43.471703 61.153629 50.000000 0.004515 43.387508 60.527397 52.000000 0.044636
-19.664236 -4.166628 50.500000 0.028816 -19.794388 -5.548812 52.000000 0.020025
-25.940098 -12.723743 50.000000 0.004320 -21.863609 -7.483004 52.000000 0.045840
37.382061 18.934172 50.500000 0.003487 37.105957 22.892237 52.000000 0.044732
56.525948 34.589127 50.500000 0.002670 56.661957 33.441257 52.000000 0.042247
-16.548283 -22.552759 50.500000 0.004307 -13.194854 -28.535107 52.000000 0.018068
33.458134 20.022507 50.500000 0.022303 33.745975 17.735207 52.000000 0.029976
-54.641624 -11.881367 50.000000 0.002867 -53.821136 -12.047516 52.000000 0.051195
46.291023 -59.506908 50.500000 0.006287 44.554863 -59.219868 52.000000 0.043436
37.114967 32.677528 50.000000 0.004033 33.467625 29.628977 52.000000 0.047070
-8.949709 -24.955479 50.500000 0.003452 -7.726447 -26.522137 52.000000 0.047367
-52.571247 -30.302582 50.000000 0.006183 -50.743633 -24.577621 52.000000 0.049994
-13.506314 2.083314 50.500000 0.002215 -12.756724 3.878739 52.000000 0.048685
-6.930299 0.889641 50.500000 0.003510 -7.632450 3.994482 52.000000 0.042238
-59.426453 -59.511860 50.000000 0.005210 -65.537369 -46.133572 52.000000 0.050892
6.207534 -6.531130 50.500000 0.030691 6.942538 -8.123856 52.000000 0.022026
-5.384426 65.018890 50.000000 0.002224 -1.454010 68.626884 52.000000 0.046008
-69.775429 -39.757046 50.000000 0.003438 -65.238220 -37.581196 52.000000 0.018514
44.428871 11.196128 50.500000 0.029694 45.516735 13.582793 52.000000 0.027629
63.282700 -31.470720 50.500000 0.002830 62.011585 -30.809395 52.000000 0.051622
3.672333 -2.835618 50.500000 0.003331 11.113274 -2.492006 52.000000 0.047439
42.540039 -31.572428 50.000000 0.002126 42.687897 -30.840944 52.000000 0.047777
50.973412 51.693504 50.500000 0.027105 40.883251 62.842907 52.000000 0.021194
-37.157326 -37.795902 50.500000 0.026194 -38.815300 -35.547806 52.000000 0.027064
26.446510 61.234936 50.500000 0.007440 17.065277 53.221676 52.000000 0.043696
-53.537243 -43.383450 50.500000 0.033677 -56.970470 -44.527477 52.000000 0.019131
-44.148697 15.894267 50.500000 0.002797 -38.938431 12.772742 52.000000 0.046943
52.919029 -21.290726 50.500000 0.002349 51.381615 -20.720865 52.000000 0.043351
14.776402 -16.931942 50.000000 0.005107 12.311363 -17.140305 52.000000 0.050513
-38.993999 33.563263 50.500000 0.005285 -33.774055 35.689365 52.000000 0.042666
45.710938 -36.144917 50.500000 0.007808 45.110622 -37.523422 52.000000 0.040555
-22.089357 25.200872 50.500000 0.002126 -22.710608 25.503622 52.000000 0.045805
56.980274 48.845547 50.000000 0.007582 53.621426 42.009048 52.000000 0.044548
68.848991 -52.115936 50.500000 0.004655 47.537552 -51.732727 52.000000 0.018738
-61.608429 -8.741705 50.000000 0.006276 -59.281097 -9.279989 52.000000 0.051486
16.291868 35.974831 50.000000 0.005347 17.701332 32.581058 52.000000 0.047452
-27.697626 29.519787 50.500000 0.003746 -28.058199 27.264128 52.000000 0.046630
-34.725361 15.015800 50.000000 0.002409 -34.410221 12.225685 52.000000 0.045012
-62.126671 45.952316 50.000000 0.004250 -61.785595 47.993614 52.000000 0.021791
53.053062 -47.683109 50.500000 0.005777 50.380333 -49.640186 52.000000 0.047544
-65.076653 3.929135 50.500000 0.005581 -64.772469 2.649624 52.000000 0.050451
-22.302864 42.206875 50.000000 0.002980 -22.942049 41.186672 52.000000 0.049814
29.223171 -47.417484 50.000000 0.002781 28.030310 -47.403599 52.000000 0.016342
-34.519619 -44.278721 50.000000 0.007881 -29.215883 -27.487684 52.000000 0.049011
-0.377872 22.190367 50.500000 0.032174 -1.044189 21.893587 52.000000 0.020548
-6.114536 22.516554 50.500000 0.029358 -5.643129 25.221682 52.000000 0.018680
-51.806568 62.219170 50.500000 0.007243 -50.548019 61.778645 52.000000 0.051533
-55.369061 -15.112381 50.000000 0.002118 -61.260635 -14.494130 52.000000 0.053070
51.018574 -53.440540 50.000000 0.002756 42.736324 -54.852329 52.000000 0.049317
-6.793347 -54.404701 50.000000 0.024063 0.087201 -53.814327 52.000000 0.029445
-7.735635 43.164005 50.000000 0.007021 -4.919328 38.660374 52.000000 0.044481
-1.038947 42.837860 50.500000 0.003685 -0.812642 42.919975 52.000000 0.048972
11.868951 50.624542 50.000000 0.002981 12.390151 49.463642 52.000000 0.044926
-18.426966 12.731379 50.000000 0.028303 -18.920376 15.568897 52.000000 0.021165
21.190104 31.080038 50.500000 0.024762 23.827179 35.257271 52.000000 0.020282
-40.609760 -42.885216 50.500000 0.023810 -40.488609 -43.330524 52.000000 0.028414
3.491758 -31.081976 50.000000 0.003558 -0.568448 -32.706665 52.000000 0.046244
-17.211952 -23.846668 50.000000 0.004328 -10.007778 -20.349821 52.000000 0.045527
43.832100 47.715122 50.500000 0.002246 45.073788 46.783035 52.000000 0.046031
